#  TARGET                RA         DEC       MJD  FILTER  APER       FLUX  FLUXERR         MAG   MAGERR  MAGSYS       ZP      SKY SKYERR  IMAGE
spockSE            64.03900   -24.07024  56144.86   F105W   inf    -0.1122   0.1825     26.9229  -9.0000     AB   26.2688  -0.0007 0.0086  spock_f105w_e03-e00_sub_masked.fits
spockSE            64.03900   -24.07024  56184.90   F105W   inf     0.1061   0.1498     28.7040   1.5324     AB   26.2688  -0.0005 0.0112  spock_f105w_e08-e00_sub_masked.fits
spockSE            64.03900   -24.07024  56689.43   F105W   inf    -0.0887   0.1506     27.1316  -9.0000     AB   26.2688   0.0003 0.0061  spock_f105w_e37-e00_sub_masked.fits
spockSE            64.03900   -24.07024  56869.98   F105W   inf     0.0360   0.0475     29.8774   1.4321     AB   26.2688   0.0001 0.0037  spock_f105w_e41-e00_sub_masked.fits
spockSE            64.03900   -24.07024  56870.98   F105W   inf     0.0076   0.0524     31.5616   7.4434     AB   26.2688  -0.0000 0.0038  spock_f105w_e42-e00_sub_masked.fits
spockSE            64.03900   -24.07024  56877.68   F105W   inf    -0.0271   0.0770     27.8599  -9.0000     AB   26.2688   0.0003 0.0034  spock_f105w_e47-e00_sub_masked.fits
spockSE            64.03900   -24.07024  56877.94   F105W   inf     0.0856   0.0329     28.9373   0.4172     AB   26.2688   0.0001 0.0035  spock_f105w_e48-e00_sub_masked.fits
spockSE            64.03900   -24.07024  56879.67   F105W   inf    -0.0693   0.0895     27.6968  -9.0000     AB   26.2688  -0.0002 0.0033  spock_f105w_e49-e00_sub_masked.fits
spockSE            64.03900   -24.07024  56880.60   F105W   inf    -0.0195   0.0589     28.1501  -9.0000     AB   26.2688   0.0001 0.0033  spock_f105w_e50-e00_sub_masked.fits
spockSE            64.03900   -24.07024  56880.86   F105W   inf     0.0654   0.0362     29.2299   0.6014     AB   26.2688  -0.0001 0.0039  spock_f105w_e51-e00_sub_masked.fits
spockSE            64.03900   -24.07024  56881.92   F105W   inf     0.0303   0.0516     30.0642   1.8486     AB   26.2688   0.0002 0.0038  spock_f105w_e52-e00_sub_masked.fits
spockSE            64.03900   -24.07024  56890.02   F105W   inf     0.0411   0.0511     29.7339   1.3484     AB   26.2688   0.0003 0.0039  spock_f105w_e54-e00_sub_masked.fits
spockSE            64.03900   -24.07024  56898.99   F105W   inf     0.1208   0.0375     28.5637   0.3371     AB   26.2688   0.0005 0.0041  spock_f105w_e57-e00_sub_masked.fits
spockSE            64.03900   -24.07024  56899.25   F105W   inf     0.1661   0.0495     28.2177   0.3236     AB   26.2688   0.0005 0.0042  spock_f105w_e58-e00_sub_masked.fits
spockSE            64.03900   -24.07024  56900.31   F105W   inf     0.1058   0.0468     28.7081   0.4806     AB   26.2688   0.0006 0.0040  spock_f105w_e60-e00_sub_masked.fits
spockSE            64.03900   -24.07024  56984.58   F105W   inf    -0.1341   0.3712     26.1519  -9.0000     AB   26.2688  -0.0024 0.0212  spock_f105w_e67-e00_sub_masked.fits
spockSE            64.03900   -24.07024  56991.68   F105W   inf    -0.3578   0.4416     25.9635  -9.0000     AB   26.2688  -0.0025 0.0171  spock_f105w_e68-e00_sub_masked.fits
spockSE            64.03900   -24.07024  57035.72   F105W   inf    -0.2347   0.3740     26.1438  -9.0000     AB   26.2688  -0.0019 0.0169  spock_f105w_e69-e00_sub_masked.fits
spockSE            64.03900   -24.07024  57040.57   F105W   inf     0.4423   0.2202     27.1546   0.5404     AB   26.2688  -0.0021 0.0217  spock_f105w_e70-e00_sub_masked.fits
spockSE            64.03900   -24.07024  56132.22   F110W   inf     0.0744   0.0658     29.6434   0.9607     AB   26.8221  -0.0001 0.0073  spock_f110w_e02-e00_sub_masked.fits
spockSE            64.03900   -24.07024  56170.80   F110W   inf    -0.3397   0.4526     26.4901  -9.0000     AB   26.8221   0.0006 0.0122  spock_f110w_e06-e00_sub_masked.fits
spockSE            64.03900   -24.07024  56159.62   F125W   inf    -0.2811   0.3308     26.2386  -9.0000     AB   26.2302   0.0000 0.0082  spock_f125w_e05-e00_sub_masked.fits
spockSE            64.03900   -24.07024  56197.80   F125W   inf    -0.1934   0.2651     26.4789  -9.0000     AB   26.2302  -0.0002 0.0098  spock_f125w_e09-e00_sub_masked.fits
spockSE            64.03900   -24.07024  56689.36   F125W   inf    -0.0652   0.1628     27.0083  -9.0000     AB   26.2302   0.0004 0.0079  spock_f125w_e37-e00_sub_masked.fits
spockSE            64.03900   -24.07024  56871.26   F125W   inf     0.0417   0.0342     29.6797   0.8898     AB   26.2302  -0.0001 0.0031  spock_f125w_e43-e00_sub_masked.fits
spockSE            64.03900   -24.07024  56877.09   F125W   inf     0.0077   0.0410     31.5111   5.7676     AB   26.2302   0.0001 0.0029  spock_f125w_e46-e00_sub_masked.fits
spockSE            64.03900   -24.07024  56897.94   F125W   inf     0.2002   0.0520     27.9768   0.2820     AB   26.2302   0.0005 0.0044  spock_f125w_e56-e00_sub_masked.fits
spockSE            64.03900   -24.07024  56900.07   F125W   inf     0.2599   0.0401     27.6932   0.1675     AB   26.2302   0.0001 0.0044  spock_f125w_e59-e00_sub_masked.fits
spockSE            64.03900   -24.07024  56900.80   F125W   inf     0.2641   0.0493     27.6757   0.2028     AB   26.2302   0.0005 0.0045  spock_f125w_e61-e00_sub_masked.fits
spockSE            64.03900   -24.07024  56901.92   F125W   inf     0.2838   0.0492     27.5975   0.1884     AB   26.2302  -0.0001 0.0045  spock_f125w_e62-e00_sub_masked.fits
spockSE            64.03900   -24.07024  56915.79   F125W   inf     0.1246   0.0821     28.4915   0.7158     AB   26.2302   0.0007 0.0064  spock_f125w_e63-e00_sub_masked.fits
spockSE            64.03900   -24.07024  56922.36   F125W   inf    -0.2354   0.2745     26.4410  -9.0000     AB   26.2302  -0.0002 0.0096  spock_f125w_e65-e00_sub_masked.fits
spockSE            64.03900   -24.07024  56928.07   F125W   inf     0.3439   0.3189     27.3891   1.0067     AB   26.2302   0.0005 0.0098  spock_f125w_e66-e00_sub_masked.fits
spockSE            64.03900   -24.07024  56159.63   F140W   inf    -0.0066   0.1666     27.2055  -9.0000     AB   26.4523  -0.0007 0.0107  spock_f140w_e05-e00_sub_masked.fits
spockSE            64.03900   -24.07024  56184.88   F140W   inf    -0.0810   0.1766     27.1422  -9.0000     AB   26.4523  -0.0006 0.0087  spock_f140w_e08-e00_sub_masked.fits
spockSE            64.03900   -24.07024  56875.10   F140W   inf     0.0453   0.0394     29.8115   0.9443     AB   26.4523   0.0002 0.0033  spock_f140w_e44-e00_sub_masked.fits
spockSE            64.03900   -24.07024  56875.97   F140W   inf    -0.0468   0.0731     28.0998  -9.0000     AB   26.4523   0.0001 0.0032  spock_f140w_e45-e00_sub_masked.fits
spockSE            64.03900   -24.07024  56889.05   F140W   inf     0.0439   0.0712     29.8461   1.7609     AB   26.4523   0.0001 0.0051  spock_f140w_e53-e00_sub_masked.fits
spockSE            64.03900   -24.07024  56890.77   F140W   inf     0.0578   0.0630     29.5483   1.1835     AB   26.4523   0.0001 0.0050  spock_f140w_e55-e00_sub_masked.fits
spockSE            64.03900   -24.07024  56899.93   F140W   inf     0.4142   0.0491     27.4093   0.1287     AB   26.4523   0.0003 0.0049  spock_f140w_e59-e00_sub_masked.fits
spockSE            64.03900   -24.07024  56984.72   F140W   inf    -0.2374   0.3360     26.4437  -9.0000     AB   26.4523  -0.0016 0.0150  spock_f140w_e67-e00_sub_masked.fits
spockSE            64.03900   -24.07024  56991.55   F140W   inf     0.0036   0.1931     32.5619  58.2372     AB   26.4523  -0.0028 0.0165  spock_f140w_e68-e00_sub_masked.fits
spockSE            64.03900   -24.07024  57035.52   F140W   inf    -0.0709   0.2678     26.6900  -9.0000     AB   26.4523  -0.0027 0.0173  spock_f140w_e69-e00_sub_masked.fits
spockSE            64.03900   -24.07024  57040.83   F140W   inf     0.1495   0.1826     28.5160   1.3261     AB   26.4523  -0.0024 0.0165  spock_f140w_e70-e00_sub_masked.fits
spockSE            64.03900   -24.07024  56132.24   F160W   inf    -0.1289   0.2340     26.3305  -9.0000     AB   25.9462  -0.0005 0.0096  spock_f160w_e02-e00_sub_masked.fits
spockSE            64.03900   -24.07024  56144.87   F160W   inf    -0.3898   0.4717     25.5692  -9.0000     AB   25.9462   0.0003 0.0096  spock_f160w_e03-e00_sub_masked.fits
spockSE            64.03900   -24.07024  56170.79   F160W   inf    -0.2467   0.3037     26.0474  -9.0000     AB   25.9462  -0.0001 0.0076  spock_f160w_e06-e00_sub_masked.fits
spockSE            64.03900   -24.07024  56197.79   F160W   inf    -0.5040   0.4774     25.5561  -9.0000     AB   25.9462  -0.0011 0.0084  spock_f160w_e09-e00_sub_masked.fits
spockSE            64.03900   -24.07024  56689.36   F160W   inf    -0.1856   0.2668     26.1878  -9.0000     AB   25.9462   0.0000 0.0082  spock_f160w_e37-e00_sub_masked.fits
spockSE            64.03900   -24.07024  56870.00   F160W   inf     0.0182   0.0455     30.2976   2.7164     AB   25.9462  -0.0000 0.0033  spock_f160w_e41-e00_sub_masked.fits
spockSE            64.03900   -24.07024  56870.99   F160W   inf     0.1065   0.0387     28.3782   0.3943     AB   25.9462   0.0001 0.0032  spock_f160w_e42-e00_sub_masked.fits
spockSE            64.03900   -24.07024  56877.70   F160W   inf    -0.0310   0.0860     27.4177  -9.0000     AB   25.9462   0.0003 0.0032  spock_f160w_e47-e00_sub_masked.fits
spockSE            64.03900   -24.07024  56877.96   F160W   inf    -0.0013   0.0627     27.7604  -9.0000     AB   25.9462  -0.0000 0.0033  spock_f160w_e48-e00_sub_masked.fits
spockSE            64.03900   -24.07024  56879.69   F160W   inf     0.0028   0.0564     32.3370  22.0498     AB   25.9462  -0.0000 0.0033  spock_f160w_e49-e00_sub_masked.fits
spockSE            64.03900   -24.07024  56880.61   F160W   inf    -0.0283   0.0747     27.5705  -9.0000     AB   25.9462   0.0000 0.0032  spock_f160w_e50-e00_sub_masked.fits
spockSE            64.03900   -24.07024  56880.88   F160W   inf     0.0829   0.0430     28.6504   0.5633     AB   25.9462   0.0002 0.0038  spock_f160w_e51-e00_sub_masked.fits
spockSE            64.03900   -24.07024  56881.94   F160W   inf    -0.0168   0.0826     27.4609  -9.0000     AB   25.9462   0.0002 0.0038  spock_f160w_e52-e00_sub_masked.fits
spockSE            64.03900   -24.07024  56890.04   F160W   inf     0.0228   0.0513     30.0537   2.4456     AB   25.9462   0.0001 0.0037  spock_f160w_e54-e00_sub_masked.fits
spockSE            64.03900   -24.07024  56899.00   F160W   inf     0.3132   0.0461     27.2066   0.1599     AB   25.9462   0.0004 0.0038  spock_f160w_e57-e00_sub_masked.fits
spockSE            64.03900   -24.07024  56899.27   F160W   inf     0.3338   0.0415     27.1374   0.1349     AB   25.9462   0.0001 0.0038  spock_f160w_e58-e00_sub_masked.fits
spockSE            64.03900   -24.07024  56900.33   F160W   inf     0.4216   0.0486     26.8839   0.1250     AB   25.9462   0.0001 0.0038  spock_f160w_e60-e00_sub_masked.fits
spockSE            64.03900   -24.07024  56915.73   F160W   inf     0.0349   0.0781     29.5880   2.4285     AB   25.9462   0.0004 0.0063  spock_f160w_e63-e00_sub_masked.fits
spockSE            64.03900   -24.07024  56922.41   F160W   inf     0.0242   0.1547     29.9872   6.9461     AB   25.9462   0.0001 0.0091  spock_f160w_e65-e00_sub_masked.fits
spockSE            64.03900   -24.07024  56928.13   F160W   inf    -0.1849   0.3070     26.0354  -9.0000     AB   25.9462   0.0007 0.0091  spock_f160w_e66-e00_sub_masked.fits
spockSE            64.03900   -24.07024  56159.54   F435W   inf     0.0011   0.0037     33.0607   3.6508     AB   25.6650  -0.0001 0.0041  spock_f435w_e05-e00_sub_masked.fits
spockSE            64.03900   -24.07024  56184.77   F435W   inf    -0.0048   0.0065     29.9339  -9.0000     AB   25.6650  -0.0000 0.0046  spock_f435w_e08-e00_sub_masked.fits
spockSE            64.03900   -24.07024  56664.04   F435W   inf     0.0166   0.0172     30.1138   1.1237     AB   25.6650   0.0000 0.0017  spock_f435w_e12-e00_sub_masked.fits
spockSE            64.03900   -24.07024  56665.77   F435W   inf    -0.0096   0.0198     28.7282  -9.0000     AB   25.6650  -0.0000 0.0017  spock_f435w_e15-e00_sub_masked.fits
spockSE            64.03900   -24.07024  56668.64   F435W   inf     0.0223   0.0180     29.7934   0.8765     AB   25.6650   0.0000 0.0021  spock_f435w_e17-e00_sub_masked.fits
spockSE            64.03900   -24.07024  56670.55   F435W   inf     0.0241   0.0220     29.7097   0.9903     AB   25.6650   0.0000 0.0022  spock_f435w_e19-e00_sub_masked.fits
spockSE            64.03900   -24.07024  56672.03   F435W   inf     0.0260   0.0198     29.6280   0.8270     AB   25.6650   0.0000 0.0022  spock_f435w_e23-e00_sub_masked.fits
spockSE            64.03900   -24.07024  56672.56   F435W   inf    -0.0235   0.0329     28.1784  -9.0000     AB   25.6650  -0.0000 0.0021  spock_f435w_e25-e00_sub_masked.fits
spockSE            64.03900   -24.07024  56672.83   F435W   inf    -0.0325   0.0383     28.0137  -9.0000     AB   25.6650  -0.0000 0.0021  spock_f435w_e26-e00_sub_masked.fits
spockSE            64.03900   -24.07024  56679.45   F435W   inf     0.0093   0.0179     30.7431   2.0875     AB   25.6650   0.0000 0.0017  spock_f435w_e30-e00_sub_masked.fits
spockSE            64.03900   -24.07024  56686.51   F435W   inf    -0.0131   0.0265     28.4125  -9.0000     AB   25.6650   0.0000 0.0017  spock_f435w_e35-e00_sub_masked.fits
spockSE            64.03900   -24.07024  56696.27   F435W   inf     0.0047   0.0247     31.4778   5.6651     AB   25.6650   0.0000 0.0021  spock_f435w_e39-e00_sub_masked.fits
spockSE            64.03900   -24.07024  56144.78   F606W   inf     0.2550   0.1913     27.9765   0.8144     AB   26.4930  -0.0004 0.0066  spock_f606w_e03-e00_sub_masked.fits
spockSE            64.03900   -24.07024  56170.73   F606W   inf     0.0473   0.0667     29.8062   1.5313     AB   26.4930  -0.0002 0.0072  spock_f606w_e06-e00_sub_masked.fits
spockSE            64.03900   -24.07024  56663.53   F606W   inf     0.0049   0.0292     32.2671   6.4604     AB   26.4930   0.0001 0.0024  spock_f606w_e11-e00_sub_masked.fits
spockSE            64.03900   -24.07024  56665.45   F606W   inf     0.0171   0.0278     30.9122   1.7651     AB   26.4930   0.0001 0.0024  spock_f606w_e14-e00_sub_masked.fits
spockSE            64.03900   -24.07024  56671.56   F606W   inf    -0.0234   0.0473     28.6121  -9.0000     AB   26.4930   0.0001 0.0028  spock_f606w_e22-e00_sub_masked.fits
spockSE            64.03900   -24.07024  56678.46   F606W   inf    -0.0132   0.0316     29.0517  -9.0000     AB   26.4930  -0.0000 0.0023  spock_f606w_e28-e00_sub_masked.fits
spockSE            64.03900   -24.07024  56682.31   F606W   inf    -0.0174   0.0386     28.8325  -9.0000     AB   26.4930   0.0001 0.0024  spock_f606w_e33-e00_sub_masked.fits
spockSE            64.03900   -24.07024  56688.42   F606W   inf     0.0360   0.0258     30.1022   0.7785     AB   26.4930  -0.0000 0.0027  spock_f606w_e36-e00_sub_masked.fits
spockSE            64.03900   -24.07024  56916.92   F606W   inf    -0.1315   0.1151     27.6477  -9.0000     AB   26.4930  -0.0004 0.0056  spock_f606w_e64-e00_sub_masked.fits
spockSE            64.03900   -24.07024  56144.80   F814W   inf    -0.1940   0.1803     26.6142  -9.0000     AB   25.9470   0.0000 0.0065  spock_f814w_e03-e00_sub_masked.fits
spockSE            64.03900   -24.07024  56157.83   F814W   inf    -0.0164   0.0965     27.2924  -9.0000     AB   25.9470   0.0003 0.0067  spock_f814w_e04-e00_sub_masked.fits
spockSE            64.03900   -24.07024  56170.72   F814W   inf    -0.0181   0.0837     27.4471  -9.0000     AB   25.9470   0.0000 0.0061  spock_f814w_e06-e00_sub_masked.fits
spockSE            64.03900   -24.07024  56184.75   F814W   inf     0.0245   0.0065     29.9724   0.2896     AB   25.9470  -0.0000 0.0048  spock_f814w_e08-e00_sub_masked.fits
spockSE            64.03900   -24.07024  56662.85   F814W   inf     0.0170   0.0235     30.3723   1.5009     AB   25.9470   0.0001 0.0022  spock_f814w_e10-e00_sub_masked.fits
spockSE            64.03900   -24.07024  56663.71   F814W   inf    -0.0123   0.0340     28.4242  -9.0000     AB   25.9470  -0.0001 0.0023  spock_f814w_e11-e00_sub_masked.fits
spockSE            64.03900   -24.07024  56664.71   F814W   inf     0.0033   0.0173     32.1542   5.7074     AB   25.9470  -0.0000 0.0016  spock_f814w_e13-e00_sub_masked.fits
spockSE            64.03900   -24.07024  56665.58   F814W   inf    -0.0371   0.0473     28.0681  -9.0000     AB   25.9470   0.0000 0.0023  spock_f814w_e14-e00_sub_masked.fits
spockSE            64.03900   -24.07024  56666.58   F814W   inf    -0.0043   0.0252     28.7515  -9.0000     AB   25.9470   0.0000 0.0019  spock_f814w_e16-e00_sub_masked.fits
spockSE            64.03900   -24.07024  56669.37   F814W   inf     0.0063   0.0275     31.4447   4.7171     AB   25.9470   0.0000 0.0025  spock_f814w_e18-e00_sub_masked.fits
spockSE            64.03900   -24.07024  56670.70   F814W   inf     0.0034   0.0274     32.1229   8.7788     AB   25.9470  -0.0000 0.0024  spock_f814w_e20-e00_sub_masked.fits
spockSE            64.03900   -24.07024  56671.35   F814W   inf     0.0493   0.0188     29.2149   0.4146     AB   25.9470   0.0001 0.0025  spock_f814w_e21-e00_sub_masked.fits
spockSE            64.03900   -24.07024  56671.70   F814W   inf     0.1375   0.1031     28.1015   0.8140     AB   25.9470  -0.0000 0.0024  spock_f814w_e22-e00_sub_masked.fits
spockSE            64.03900   -24.07024  56672.21   F814W   inf    -0.0094   0.0356     28.3751  -9.0000     AB   25.9470   0.0001 0.0025  spock_f814w_e23-e00_sub_masked.fits
spockSE            64.03900   -24.07024  56672.43   F814W   inf     0.0033   0.0271     32.1356   8.7882     AB   25.9470  -0.0000 0.0025  spock_f814w_e24-e00_sub_masked.fits
spockSE            64.03900   -24.07024  56672.69   F814W   inf    -0.0018   0.0239     28.8098  -9.0000     AB   25.9470  -0.0000 0.0024  spock_f814w_e25-e00_sub_masked.fits
spockSE            64.03900   -24.07024  56672.96   F814W   inf    -0.0131   0.0346     28.4052  -9.0000     AB   25.9470  -0.0000 0.0025  spock_f814w_e26-e00_sub_masked.fits
spockSE            64.03900   -24.07024  56676.68   F814W   inf    -0.0031   0.0280     28.6374  -9.0000     AB   25.9470   0.0000 0.0024  spock_f814w_e27-e00_sub_masked.fits
spockSE            64.03900   -24.07024  56679.01   F814W   inf     0.0106   0.0263     30.8875   2.7019     AB   25.9470  -0.0000 0.0022  spock_f814w_e29-e00_sub_masked.fits
spockSE            64.03900   -24.07024  56680.53   F814W   inf    -0.0062   0.0297     28.5736  -9.0000     AB   25.9470   0.0001 0.0022  spock_f814w_e31-e00_sub_masked.fits
spockSE            64.03900   -24.07024  56681.60   F814W   inf     0.0078   0.0246     31.2222   3.4350     AB   25.9470  -0.0001 0.0022  spock_f814w_e32-e00_sub_masked.fits
spockSE            64.03900   -24.07024  56686.36   F814W   inf    -0.0202   0.0365     28.3487  -9.0000     AB   25.9470   0.0000 0.0023  spock_f814w_e34-e00_sub_masked.fits
spockSE            64.03900   -24.07024  56686.64   F814W   inf    -0.0204   0.0332     28.4529  -9.0000     AB   25.9470  -0.0000 0.0022  spock_f814w_e35-e00_sub_masked.fits
spockSE            64.03900   -24.07024  56691.36   F814W   inf     0.0278   0.0240     29.8359   0.9349     AB   25.9470  -0.0000 0.0027  spock_f814w_e38-e00_sub_masked.fits
spockSE            64.03900   -24.07024  56697.73   F814W   inf     0.0420   0.0122     29.3889   0.3142     AB   25.9470   0.0000 0.0019  spock_f814w_e40-e00_sub_masked.fits
spockSE            64.03900   -24.07024  56916.98   F814W   inf    -0.0186   0.0589     27.8284  -9.0000     AB   25.9470  -0.0001 0.0054  spock_f814w_e64-e00_sub_masked.fits
