# event band deltatpk   mpk  fnupk  trise  t2   t3
nw  f435w  -6.00  33.31   0.0002  0.000  -4.827  -7.240
nw  f435w  -5.90  33.20   0.0002  0.100  -4.933  -7.400
nw  f435w  -5.80  33.09   0.0002  0.200  -5.047  -7.571
nw  f435w  -5.70  32.98   0.0002  0.300  -5.170  -7.755
nw  f435w  -5.60  32.87   0.0003  0.400  -5.302  -7.954
nw  f435w  -5.50  32.75   0.0003  0.500  -5.446  -8.169
nw  f435w  -5.40  32.64   0.0003  0.600  -5.601  -8.401
nw  f435w  -5.30  32.53   0.0004  0.700  -5.770  -8.655
nw  f435w  -5.20  32.42   0.0004  0.800  -5.955  -8.932
nw  f435w  -5.10  32.31   0.0004  0.900  -6.158  -9.236
nw  f435w  -5.00  32.19   0.0005  1.000  -6.381  -9.571
nw  f435w  -4.90  32.08   0.0005  1.100  -6.628  -9.943
nw  f435w  -4.80  31.97   0.0006  1.200  -6.904  -10.356
nw  f435w  -4.70  31.86   0.0007  1.300  -7.213  -10.820
nw  f435w  -4.60  31.75   0.0007  1.400  -7.562  -11.342
nw  f435w  -4.50  31.63   0.0008  1.500  -7.958  -11.937
nw  f435w  -4.40  31.52   0.0009  1.600  -8.413  -12.619
nw  f435w  -4.30  31.41   0.0010  1.700  -8.940  -13.410
nw  f435w  -4.20  31.30   0.0011  1.800  -9.558  -14.338
nw  f435w  -4.10  31.19   0.0012  1.900  -10.294  -15.441
nw  f435w  -4.00  31.07   0.0014  2.000  -11.183  -16.774
nw  f435w  -3.90  30.96   0.0015  2.100  -12.279  -18.418
nw  f435w  -3.80  30.85   0.0017  2.200  -13.665  -20.497
nw  f435w  -3.70  30.74   0.0018  2.300  -15.472  -23.208
nw  f435w  -3.60  30.62   0.0020  2.400  -17.928  -26.892
nw  f435w  -3.50  30.51   0.0023  2.500  -21.458  -32.187
nw  f435w  -3.40  30.40   0.0025  2.600  -26.963  -40.445
nw  f435w  -3.30  30.29   0.0028  2.700  -36.748  -55.122
nw  f435w  -3.20  30.18   0.0031  2.800  -58.971  -88.457
nw  f435w  -3.10  30.06   0.0034  2.900  -158.717  -238.075
nw  f435w  -3.00  29.95   0.0038  3.000  5.000  5.000
nw  f435w  -2.90  29.84   0.0042  3.100  4.900  4.900
nw  f435w  -2.80  29.73   0.0047  3.200  4.800  4.800
nw  f435w  -2.70  29.62   0.0052  3.300  4.700  4.700
nw  f435w  -2.60  29.50   0.0057  3.400  4.600  4.600
nw  f435w  -2.50  29.39   0.0064  3.500  4.500  4.500
nw  f435w  -2.40  29.28   0.0070  3.600  4.400  4.400
nw  f435w  -2.30  29.17   0.0078  3.700  4.300  4.300
nw  f435w  -2.20  29.06   0.0087  3.800  4.200  4.200
nw  f435w  -2.10  28.94   0.0096  3.900  4.100  4.100
nw  f435w  -2.00  28.83   0.0107  4.000  4.000  4.000
nw  f435w  -1.90  28.72   0.0118  4.100  3.900  3.900
nw  f435w  -1.80  28.61   0.0131  4.200  3.800  3.800
nw  f435w  -1.70  28.49   0.0145  4.300  3.700  3.700
nw  f435w  -1.60  28.38   0.0161  4.400  3.600  3.600
nw  f435w  -1.50  28.27   0.0179  4.500  3.500  3.500
nw  f435w  -1.40  28.16   0.0198  4.600  3.400  3.400
nw  f435w  -1.30  28.05   0.0219  4.700  3.300  3.300
nw  f435w  -1.20  27.93   0.0243  4.800  3.099  3.200
nw  f435w  -1.10  27.82   0.0270  4.900  2.847  3.100
nw  f435w  -1.00  27.71   0.0299  5.000  2.620  3.000
nw  f435w  -0.90  27.60   0.0332  5.100  2.415  2.900
nw  f435w  -0.80  27.49   0.0368  5.200  2.228  2.800
nw  f435w  -0.70  27.37   0.0408  5.300  2.056  2.700
nw  f435w  -0.60  27.26   0.0452  5.400  1.899  2.600
nw  f435w  -0.50  27.15   0.0501  5.500  1.754  2.500
nw  f435w  -0.40  27.04   0.0556  5.600  1.620  2.400
nw  f435w  -0.30  26.93   0.0616  5.700  1.496  2.244
nw  f435w  -0.20  26.81   0.0683  5.800  1.381  2.071
nw  f435w  -0.10  26.70   0.0758  5.900  1.273  1.910
nw  f435w   0.00  26.59   0.0840  6.000  1.173  1.759
nw  f435w   0.10  26.48   0.0931  6.100  1.079  1.618
nw  f435w   0.20  26.37   0.1033  6.200  0.990  1.486
nw  f435w   0.30  26.25   0.1145  6.300  0.907  1.361
nw  f435w   0.40  26.14   0.1269  6.400  0.829  1.244
nw  f435w   0.50  26.03   0.1407  6.500  0.755  1.133
nw  f435w   0.60  25.92   0.1560  6.600  0.686  1.029
nw  f435w   0.70  25.80   0.1730  6.700  0.620  0.930
nw  f435w   0.80  25.69   0.1918  6.800  0.557  0.836
nw  f435w   0.90  25.58   0.2127  6.900  0.498  0.747
nw  f435w   1.00  25.47   0.2358  7.000  0.441  0.662
nw  f435w   1.10  25.36   0.2615  7.100  0.388  0.581
nw  f435w   1.20  25.24   0.2899  7.200  0.336  0.505
nw  f435w   1.30  25.13   0.3215  7.300  0.288  0.431
nw  f435w   1.40  25.02   0.3564  7.400  0.241  0.361
nw  f435w   1.50  24.91   0.3952  7.500  0.196  0.295
nw  f435w   1.60  24.80   0.4382  7.600  0.154  0.231
nw  f435w   1.70  24.68   0.4858  7.700  0.113  0.169
nw  f435w   1.80  24.57   0.5386  7.800  0.074  0.111
nw  f435w   1.90  24.46   0.5972  7.900  0.036  0.054
nw  f814w  -6.00  32.34   0.0004  0.000  -6.832  -10.248
nw  f814w  -5.90  32.25   0.0005  0.100  -7.030  -10.545
nw  f814w  -5.80  32.15   0.0005  0.200  -7.245  -10.868
nw  f814w  -5.70  32.06   0.0005  0.300  -7.481  -11.221
nw  f814w  -5.60  31.96   0.0006  0.400  -7.738  -11.608
nw  f814w  -5.50  31.87   0.0006  0.500  -8.022  -12.033
nw  f814w  -5.40  31.78   0.0007  0.600  -8.336  -12.504
nw  f814w  -5.30  31.68   0.0008  0.700  -8.685  -13.028
nw  f814w  -5.20  31.59   0.0008  0.800  -9.076  -13.614
nw  f814w  -5.10  31.49   0.0009  0.900  -9.516  -14.274
nw  f814w  -5.00  31.40   0.0010  1.000  -10.016  -15.024
nw  f814w  -4.90  31.30   0.0011  1.100  -10.588  -15.882
nw  f814w  -4.80  31.21   0.0012  1.200  -11.249  -16.874
nw  f814w  -4.70  31.11   0.0013  1.300  -12.023  -18.034
nw  f814w  -4.60  31.02   0.0014  1.400  -12.939  -19.409
nw  f814w  -4.50  30.93   0.0015  1.500  -14.043  -21.064
nw  f814w  -4.40  30.83   0.0017  1.600  -15.397  -23.096
nw  f814w  -4.30  30.74   0.0018  1.700  -17.098  -25.647
nw  f814w  -4.20  30.64   0.0020  1.800  -19.299  -28.949
nw  f814w  -4.10  30.55   0.0022  1.900  -22.259  -33.388
nw  f814w  -4.00  30.45   0.0024  2.000  -26.450  -39.675
nw  f814w  -3.90  30.36   0.0026  2.100  -32.844  -49.266
nw  f814w  -3.80  30.26   0.0028  2.200  -43.795  -65.693
nw  f814w  -3.70  30.17   0.0031  2.300  -66.879  -100.318
nw  f814w  -3.60  30.08   0.0034  2.400  -147.275  -220.912
nw  f814w  -3.50  29.98   0.0037  2.500  5.500  5.500
nw  f814w  -3.40  29.89   0.0040  2.600  5.400  5.400
nw  f814w  -3.30  29.79   0.0044  2.700  5.300  5.300
nw  f814w  -3.20  29.70   0.0048  2.800  5.200  5.200
nw  f814w  -3.10  29.60   0.0052  2.900  5.100  5.100
nw  f814w  -3.00  29.51   0.0057  3.000  5.000  5.000
nw  f814w  -2.90  29.42   0.0062  3.100  4.900  4.900
nw  f814w  -2.80  29.32   0.0068  3.200  4.800  4.800
nw  f814w  -2.70  29.23   0.0074  3.300  4.700  4.700
nw  f814w  -2.60  29.13   0.0081  3.400  4.600  4.600
nw  f814w  -2.50  29.04   0.0088  3.500  4.500  4.500
nw  f814w  -2.40  28.94   0.0096  3.600  4.400  4.400
nw  f814w  -2.30  28.85   0.0105  3.700  4.300  4.300
nw  f814w  -2.20  28.75   0.0114  3.800  4.200  4.200
nw  f814w  -2.10  28.66   0.0125  3.900  4.100  4.100
nw  f814w  -2.00  28.57   0.0136  4.000  4.000  4.000
nw  f814w  -1.90  28.47   0.0148  4.100  3.900  3.900
nw  f814w  -1.80  28.38   0.0162  4.200  3.800  3.800
nw  f814w  -1.70  28.28   0.0177  4.300  3.700  3.700
nw  f814w  -1.60  28.19   0.0193  4.400  3.600  3.600
nw  f814w  -1.50  28.09   0.0210  4.500  3.500  3.500
nw  f814w  -1.40  28.00   0.0229  4.600  3.398  3.400
nw  f814w  -1.30  27.90   0.0250  4.700  3.150  3.300
nw  f814w  -1.20  27.81   0.0273  4.800  2.923  3.200
nw  f814w  -1.10  27.72   0.0298  4.900  2.714  3.100
nw  f814w  -1.00  27.62   0.0325  5.000  2.522  3.000
nw  f814w  -0.90  27.53   0.0354  5.100  2.345  2.900
nw  f814w  -0.80  27.43   0.0386  5.200  2.181  2.800
nw  f814w  -0.70  27.34   0.0421  5.300  2.029  2.700
nw  f814w  -0.60  27.24   0.0460  5.400  1.887  2.600
nw  f814w  -0.50  27.15   0.0501  5.500  1.754  2.500
nw  f814w  -0.40  27.05   0.0547  5.600  1.630  2.400
nw  f814w  -0.30  26.96   0.0597  5.700  1.513  2.270
nw  f814w  -0.20  26.87   0.0651  5.800  1.404  2.106
nw  f814w  -0.10  26.77   0.0710  5.900  1.301  1.951
nw  f814w   0.00  26.68   0.0775  6.000  1.204  1.806
nw  f814w   0.10  26.58   0.0845  6.100  1.112  1.668
nw  f814w   0.20  26.49   0.0922  6.200  1.025  1.538
nw  f814w   0.30  26.39   0.1005  6.300  0.943  1.414
nw  f814w   0.40  26.30   0.1097  6.400  0.865  1.297
nw  f814w   0.50  26.21   0.1196  6.500  0.791  1.186
nw  f814w   0.60  26.11   0.1305  6.600  0.720  1.080
nw  f814w   0.70  26.02   0.1424  6.700  0.653  0.979
nw  f814w   0.80  25.92   0.1553  6.800  0.589  0.883
nw  f814w   0.90  25.83   0.1694  6.900  0.527  0.791
nw  f814w   1.00  25.73   0.1848  7.000  0.469  0.703
nw  f814w   1.10  25.64   0.2016  7.100  0.413  0.619
nw  f814w   1.20  25.54   0.2199  7.200  0.359  0.539
nw  f814w   1.30  25.45   0.2399  7.300  0.308  0.462
nw  f814w   1.40  25.36   0.2617  7.400  0.258  0.388
nw  f814w   1.50  25.26   0.2855  7.500  0.211  0.317
nw  f814w   1.60  25.17   0.3114  7.600  0.166  0.248
nw  f814w   1.70  25.07   0.3397  7.700  0.122  0.183
nw  f814w   1.80  24.98   0.3705  7.800  0.080  0.119
nw  f814w   1.90  24.88   0.4042  7.900  0.039  0.059
se  f125w  -6.00  28.67   0.0123  0.000  13.200  13.200
se  f125w  -5.90  28.66   0.0125  0.100  13.100  13.100
se  f125w  -5.80  28.64   0.0127  0.200  13.000  13.000
se  f125w  -5.70  28.62   0.0129  0.300  12.900  12.900
se  f125w  -5.60  28.60   0.0132  0.400  12.800  12.800
se  f125w  -5.50  28.58   0.0134  0.500  12.700  12.700
se  f125w  -5.40  28.57   0.0136  0.600  12.600  12.600
se  f125w  -5.30  28.55   0.0138  0.700  12.500  12.500
se  f125w  -5.20  28.53   0.0140  0.800  12.400  12.400
se  f125w  -5.10  28.51   0.0143  0.900  12.300  12.300
se  f125w  -5.00  28.50   0.0145  1.000  12.200  12.200
se  f125w  -4.90  28.48   0.0148  1.100  12.100  12.100
se  f125w  -4.80  28.46   0.0150  1.200  12.000  12.000
se  f125w  -4.70  28.44   0.0152  1.300  11.900  11.900
se  f125w  -4.60  28.42   0.0155  1.400  11.800  11.800
se  f125w  -4.50  28.41   0.0157  1.500  11.700  11.700
se  f125w  -4.40  28.39   0.0160  1.600  11.600  11.600
se  f125w  -4.30  28.37   0.0163  1.700  11.500  11.500
se  f125w  -4.20  28.35   0.0165  1.800  11.400  11.400
se  f125w  -4.10  28.34   0.0168  1.900  11.300  11.300
se  f125w  -4.00  28.32   0.0171  2.000  11.200  11.200
se  f125w  -3.90  28.30   0.0174  2.100  11.100  11.100
se  f125w  -3.80  28.28   0.0177  2.200  11.000  11.000
se  f125w  -3.70  28.27   0.0179  2.300  10.900  10.900
se  f125w  -3.60  28.25   0.0182  2.400  10.800  10.800
se  f125w  -3.50  28.23   0.0185  2.500  10.700  10.700
se  f125w  -3.40  28.21   0.0188  2.600  10.600  10.600
se  f125w  -3.30  28.19   0.0192  2.700  10.500  10.500
se  f125w  -3.20  28.18   0.0195  2.800  10.400  10.400
se  f125w  -3.10  28.16   0.0198  2.900  10.300  10.300
se  f125w  -3.00  28.14   0.0201  3.000  10.200  10.200
se  f125w  -2.90  28.12   0.0205  3.100  10.100  10.100
se  f125w  -2.80  28.11   0.0208  3.200  10.000  10.000
se  f125w  -2.70  28.09   0.0211  3.300  9.900  9.900
se  f125w  -2.60  28.07   0.0215  3.400  9.800  9.800
se  f125w  -2.50  28.05   0.0218  3.500  9.700  9.700
se  f125w  -2.40  28.03   0.0222  3.600  9.600  9.600
se  f125w  -2.30  28.02   0.0226  3.700  9.500  9.500
se  f125w  -2.20  28.00   0.0229  3.800  9.396  9.400
se  f125w  -2.10  27.98   0.0233  3.900  9.214  9.300
se  f125w  -2.00  27.96   0.0237  4.000  9.036  9.200
se  f125w  -1.90  27.95   0.0241  4.100  8.860  9.100
se  f125w  -1.80  27.93   0.0245  4.200  8.688  9.000
se  f125w  -1.70  27.91   0.0249  4.300  8.518  8.900
se  f125w  -1.60  27.89   0.0253  4.400  8.352  8.800
se  f125w  -1.50  27.87   0.0257  4.500  8.188  8.700
se  f125w  -1.40  27.86   0.0261  4.600  8.027  8.600
se  f125w  -1.30  27.84   0.0266  4.700  7.869  8.500
se  f125w  -1.20  27.82   0.0270  4.800  7.713  8.400
se  f125w  -1.10  27.80   0.0274  4.900  7.559  8.300
se  f125w  -1.00  27.79   0.0279  5.000  7.408  8.200
se  f125w  -0.90  27.77   0.0284  5.100  7.260  8.100
se  f125w  -0.80  27.75   0.0288  5.200  7.114  8.000
se  f125w  -0.70  27.73   0.0293  5.300  6.970  7.900
se  f125w  -0.60  27.72   0.0298  5.400  6.828  7.800
se  f125w  -0.50  27.70   0.0303  5.500  6.689  7.700
se  f125w  -0.40  27.68   0.0308  5.600  6.552  7.600
se  f125w  -0.30  27.66   0.0313  5.700  6.416  7.500
se  f125w  -0.20  27.64   0.0318  5.800  6.283  7.400
se  f125w  -0.10  27.63   0.0323  5.900  6.152  7.300
se  f125w   0.00  27.61   0.0328  6.000  6.023  7.200
se  f125w   0.10  27.59   0.0334  6.100  5.895  7.100
se  f125w   0.20  27.57   0.0339  6.200  5.770  7.000
se  f125w   0.30  27.56   0.0345  6.300  5.646  6.900
se  f125w   0.40  27.54   0.0351  6.400  5.524  6.800
se  f125w   0.50  27.52   0.0356  6.500  5.404  6.700
se  f125w   0.60  27.50   0.0362  6.600  5.286  6.600
se  f125w   0.70  27.48   0.0368  6.700  5.169  6.500
se  f125w   0.80  27.47   0.0374  6.800  5.054  6.400
se  f125w   0.90  27.45   0.0380  6.900  4.940  6.300
se  f125w   1.00  27.43   0.0387  7.000  4.828  6.200
se  f125w   1.10  27.41   0.0393  7.100  4.718  6.100
se  f125w   1.20  27.40   0.0399  7.200  4.609  6.000
se  f125w   1.30  27.38   0.0406  7.300  4.501  5.900
se  f125w   1.40  27.36   0.0413  7.400  4.395  5.800
se  f125w   1.50  27.34   0.0420  7.500  4.291  5.700
se  f125w   1.60  27.33   0.0426  7.600  4.187  5.600
se  f125w   1.70  27.31   0.0433  7.700  4.086  5.500
se  f125w   1.80  27.29   0.0441  7.800  3.985  5.400
se  f125w   1.90  27.27   0.0448  7.900  3.886  5.300
se  f125w   2.00  27.25   0.0455  8.000  3.788  5.200
se  f125w   2.10  27.24   0.0463  8.100  3.691  5.100
se  f125w   2.20  27.22   0.0470  8.200  3.596  5.000
se  f125w   2.30  27.20   0.0478  8.300  3.502  4.900
se  f125w   2.40  27.18   0.0486  8.400  3.408  4.800
se  f125w   2.50  27.17   0.0494  8.500  3.317  4.700
se  f125w   2.60  27.15   0.0502  8.600  3.226  4.600
se  f125w   2.70  27.13   0.0510  8.700  3.136  4.500
se  f125w   2.80  27.11   0.0519  8.800  3.048  4.400
se  f125w   2.90  27.09   0.0527  8.900  2.960  4.300
se  f125w   3.00  27.08   0.0536  9.000  2.874  4.200
se  f125w   3.10  27.06   0.0545  9.100  2.789  4.100
se  f125w   3.20  27.04   0.0554  9.200  2.704  4.000
se  f125w   3.30  27.02   0.0563  9.300  2.621  3.900
se  f125w   3.40  27.01   0.0572  9.400  2.539  3.800
se  f125w   3.50  26.99   0.0582  9.500  2.457  3.686
se  f125w   3.60  26.97   0.0591  9.600  2.377  3.565
se  f125w   3.70  26.95   0.0601  9.700  2.297  3.446
se  f125w   3.80  26.94   0.0611  9.800  2.219  3.328
se  f125w   3.90  26.92   0.0621  9.900  2.141  3.212
se  f125w   4.00  26.90   0.0631  10.000  2.064  3.097
se  f125w   4.10  26.88   0.0641  10.100  1.988  2.983
se  f125w   4.20  26.86   0.0652  10.200  1.913  2.870
se  f125w   4.30  26.85   0.0663  10.300  1.839  2.759
se  f125w   4.40  26.83   0.0674  10.400  1.766  2.649
se  f125w   4.50  26.81   0.0685  10.500  1.693  2.540
se  f125w   4.60  26.79   0.0696  10.600  1.622  2.432
se  f125w   4.70  26.78   0.0707  10.700  1.551  2.326
se  f125w   4.80  26.76   0.0719  10.800  1.481  2.221
se  f125w   4.90  26.74   0.0731  10.900  1.411  2.117
se  f125w   5.00  26.72   0.0743  11.000  1.342  2.014
se  f125w   5.10  26.70   0.0755  11.100  1.275  1.912
se  f125w   5.20  26.69   0.0768  11.200  1.207  1.811
se  f125w   5.30  26.67   0.0780  11.300  1.141  1.711
se  f125w   5.40  26.65   0.0793  11.400  1.075  1.613
se  f125w   5.50  26.63   0.0806  11.500  1.010  1.515
se  f125w   5.60  26.62   0.0820  11.600  0.946  1.418
se  f125w   5.70  26.60   0.0833  11.700  0.882  1.323
se  f125w   5.80  26.58   0.0847  11.800  0.819  1.228
se  f125w   5.90  26.56   0.0861  11.900  0.756  1.135
se  f125w   6.00  26.55   0.0875  12.000  0.695  1.042
se  f125w   6.10  26.53   0.0889  12.100  0.634  0.950
se  f125w   6.20  26.51   0.0904  12.200  0.573  0.860
se  f125w   6.30  26.49   0.0919  12.300  0.513  0.770
se  f125w   6.40  26.47   0.0934  12.400  0.454  0.681
se  f125w   6.50  26.46   0.0949  12.500  0.395  0.593
se  f125w   6.60  26.44   0.0965  12.600  0.337  0.505
se  f125w   6.70  26.42   0.0981  12.700  0.279  0.419
se  f125w   6.80  26.40   0.0997  12.800  0.222  0.334
se  f125w   6.90  26.39   0.1013  12.900  0.166  0.249
se  f125w   7.00  26.37   0.1030  13.000  0.110  0.165
se  f125w   7.10  26.35   0.1047  13.100  0.055  0.082
se  f160w  -6.00  29.50   0.0057  0.000  13.200  13.200
se  f160w  -5.90  29.46   0.0060  0.100  13.100  13.100
se  f160w  -5.80  29.41   0.0063  0.200  13.000  13.000
se  f160w  -5.70  29.36   0.0066  0.300  12.900  12.900
se  f160w  -5.60  29.31   0.0068  0.400  12.800  12.800
se  f160w  -5.50  29.26   0.0072  0.500  12.700  12.700
se  f160w  -5.40  29.21   0.0075  0.600  12.600  12.600
se  f160w  -5.30  29.17   0.0078  0.700  12.500  12.500
se  f160w  -5.20  29.12   0.0082  0.800  12.400  12.400
se  f160w  -5.10  29.07   0.0086  0.900  12.300  12.300
se  f160w  -5.00  29.02   0.0089  1.000  12.200  12.200
se  f160w  -4.90  28.97   0.0094  1.100  12.100  12.100
se  f160w  -4.80  28.92   0.0098  1.200  12.000  12.000
se  f160w  -4.70  28.88   0.0102  1.300  11.900  11.900
se  f160w  -4.60  28.83   0.0107  1.400  11.800  11.800
se  f160w  -4.50  28.78   0.0112  1.500  11.700  11.700
se  f160w  -4.40  28.73   0.0117  1.600  11.600  11.600
se  f160w  -4.30  28.68   0.0122  1.700  11.500  11.500
se  f160w  -4.20  28.63   0.0128  1.800  11.400  11.400
se  f160w  -4.10  28.59   0.0134  1.900  11.300  11.300
se  f160w  -4.00  28.54   0.0140  2.000  11.200  11.200
se  f160w  -3.90  28.49   0.0146  2.100  11.100  11.100
se  f160w  -3.80  28.44   0.0153  2.200  11.000  11.000
se  f160w  -3.70  28.39   0.0160  2.300  10.900  10.900
se  f160w  -3.60  28.34   0.0167  2.400  10.800  10.800
se  f160w  -3.50  28.29   0.0175  2.500  10.700  10.700
se  f160w  -3.40  28.25   0.0183  2.600  10.600  10.600
se  f160w  -3.30  28.20   0.0191  2.700  10.500  10.500
se  f160w  -3.20  28.15   0.0200  2.800  10.400  10.400
se  f160w  -3.10  28.10   0.0209  2.900  10.300  10.300
se  f160w  -3.00  28.05   0.0218  3.000  10.200  10.200
se  f160w  -2.90  28.00   0.0228  3.100  10.100  10.100
se  f160w  -2.80  27.96   0.0239  3.200  9.785  10.000
se  f160w  -2.70  27.91   0.0249  3.300  9.463  9.900
se  f160w  -2.60  27.86   0.0261  3.400  9.156  9.800
se  f160w  -2.50  27.81   0.0273  3.500  8.862  9.700
se  f160w  -2.40  27.76   0.0285  3.600  8.581  9.600
se  f160w  -2.30  27.71   0.0298  3.700  8.312  9.500
se  f160w  -2.20  27.67   0.0312  3.800  8.054  9.400
se  f160w  -2.10  27.62   0.0326  3.900  7.806  9.300
se  f160w  -2.00  27.57   0.0341  4.000  7.569  9.200
se  f160w  -1.90  27.52   0.0356  4.100  7.340  9.100
se  f160w  -1.80  27.47   0.0372  4.200  7.121  9.000
se  f160w  -1.70  27.42   0.0389  4.300  6.909  8.900
se  f160w  -1.60  27.38   0.0407  4.400  6.706  8.800
se  f160w  -1.50  27.33   0.0426  4.500  6.510  8.700
se  f160w  -1.40  27.28   0.0445  4.600  6.320  8.600
se  f160w  -1.30  27.23   0.0465  4.700  6.138  8.500
se  f160w  -1.20  27.18   0.0487  4.800  5.961  8.400
se  f160w  -1.10  27.13   0.0509  4.900  5.791  8.300
se  f160w  -1.00  27.09   0.0532  5.000  5.626  8.200
se  f160w  -0.90  27.04   0.0556  5.100  5.467  8.100
se  f160w  -0.80  26.99   0.0582  5.200  5.313  7.969
se  f160w  -0.70  26.94   0.0608  5.300  5.163  7.745
se  f160w  -0.60  26.89   0.0636  5.400  5.019  7.528
se  f160w  -0.50  26.84   0.0665  5.500  4.878  7.318
se  f160w  -0.40  26.79   0.0695  5.600  4.742  7.113
se  f160w  -0.30  26.75   0.0727  5.700  4.610  6.915
se  f160w  -0.20  26.70   0.0760  5.800  4.482  6.723
se  f160w  -0.10  26.65   0.0795  5.900  4.358  6.537
se  f160w   0.00  26.60   0.0831  6.000  4.237  6.355
se  f160w   0.10  26.55   0.0869  6.100  4.119  6.179
se  f160w   0.20  26.50   0.0908  6.200  4.005  6.008
se  f160w   0.30  26.46   0.0950  6.300  3.894  5.841
se  f160w   0.40  26.41   0.0993  6.400  3.786  5.679
se  f160w   0.50  26.36   0.1038  6.500  3.681  5.521
se  f160w   0.60  26.31   0.1085  6.600  3.578  5.367
se  f160w   0.70  26.26   0.1135  6.700  3.478  5.218
se  f160w   0.80  26.21   0.1187  6.800  3.381  5.072
se  f160w   0.90  26.17   0.1241  6.900  3.286  4.929
se  f160w   1.00  26.12   0.1297  7.000  3.194  4.791
se  f160w   1.10  26.07   0.1356  7.100  3.104  4.655
se  f160w   1.20  26.02   0.1418  7.200  3.016  4.523
se  f160w   1.30  25.97   0.1483  7.300  2.930  4.395
se  f160w   1.40  25.92   0.1550  7.400  2.846  4.269
se  f160w   1.50  25.88   0.1621  7.500  2.764  4.146
se  f160w   1.60  25.83   0.1695  7.600  2.684  4.026
se  f160w   1.70  25.78   0.1772  7.700  2.606  3.909
se  f160w   1.80  25.73   0.1853  7.800  2.529  3.794
se  f160w   1.90  25.68   0.1937  7.900  2.455  3.682
se  f160w   2.00  25.63   0.2026  8.000  2.382  3.573
se  f160w   2.10  25.59   0.2118  8.100  2.310  3.466
se  f160w   2.20  25.54   0.2214  8.200  2.241  3.361
se  f160w   2.30  25.49   0.2315  8.300  2.172  3.258
se  f160w   2.40  25.44   0.2421  8.400  2.105  3.158
se  f160w   2.50  25.39   0.2531  8.500  2.040  3.060
se  f160w   2.60  25.34   0.2647  8.600  1.976  2.963
se  f160w   2.70  25.29   0.2767  8.700  1.913  2.869
se  f160w   2.80  25.25   0.2893  8.800  1.851  2.777
se  f160w   2.90  25.20   0.3025  8.900  1.791  2.686
se  f160w   3.00  25.15   0.3163  9.000  1.732  2.598
se  f160w   3.10  25.10   0.3307  9.100  1.674  2.511
se  f160w   3.20  25.05   0.3458  9.200  1.617  2.426
se  f160w   3.30  25.00   0.3615  9.300  1.561  2.342
se  f160w   3.40  24.96   0.3780  9.400  1.507  2.260
se  f160w   3.50  24.91   0.3952  9.500  1.453  2.180
se  f160w   3.60  24.86   0.4133  9.600  1.401  2.101
se  f160w   3.70  24.81   0.4321  9.700  1.349  2.024
se  f160w   3.80  24.76   0.4518  9.800  1.298  1.948
se  f160w   3.90  24.71   0.4724  9.900  1.249  1.873
se  f160w   4.00  24.67   0.4939  10.000  1.200  1.800
se  f160w   4.10  24.62   0.5164  10.100  1.152  1.728
se  f160w   4.20  24.57   0.5399  10.200  1.105  1.657
se  f160w   4.30  24.52   0.5645  10.300  1.059  1.588
se  f160w   4.40  24.47   0.5903  10.400  1.013  1.520
se  f160w   4.50  24.42   0.6172  10.500  0.968  1.453
se  f160w   4.60  24.38   0.6453  10.600  0.925  1.387
se  f160w   4.70  24.33   0.6747  10.700  0.881  1.322
se  f160w   4.80  24.28   0.7055  10.800  0.839  1.258
se  f160w   4.90  24.23   0.7376  10.900  0.797  1.196
se  f160w   5.00  24.18   0.7712  11.000  0.756  1.134
se  f160w   5.10  24.13   0.8064  11.100  0.716  1.074
se  f160w   5.20  24.09   0.8431  11.200  0.676  1.014
se  f160w   5.30  24.04   0.8815  11.300  0.637  0.956
se  f160w   5.40  23.99   0.9217  11.400  0.599  0.898
se  f160w   5.50  23.94   0.9637  11.500  0.561  0.842
se  f160w   5.60  23.89   1.0076  11.600  0.524  0.786
se  f160w   5.70  23.84   1.0535  11.700  0.487  0.731
se  f160w   5.80  23.79   1.1016  11.800  0.451  0.677
se  f160w   5.90  23.75   1.1518  11.900  0.416  0.624
se  f160w   6.00  23.70   1.2042  12.000  0.381  0.571
se  f160w   6.10  23.65   1.2591  12.100  0.346  0.520
se  f160w   6.20  23.60   1.3165  12.200  0.313  0.469
se  f160w   6.30  23.55   1.3765  12.300  0.279  0.419
se  f160w   6.40  23.50   1.4392  12.400  0.246  0.369
se  f160w   6.50  23.46   1.5048  12.500  0.214  0.321
se  f160w   6.60  23.41   1.5734  12.600  0.182  0.273
se  f160w   6.70  23.36   1.6451  12.700  0.151  0.226
se  f160w   6.80  23.31   1.7201  12.800  0.120  0.179
se  f160w   6.90  23.26   1.7985  12.900  0.089  0.134
se  f160w   7.00  23.21   1.8804  13.000  0.059  0.088
se  f160w   7.10  23.17   1.9661  13.100  0.029  0.044
