# A  Zitrin 1/2016
# what you asked for: a file where each line contains the TD of the
# three images (wrt image 1), these are the first two columns, the
# magnification of the three images, respectively (these are the three
# next columns) and the chi2, this is the seventh column. There are 1000
# lines corresponding to 1000 MCMC steps (including repetition, so this
# means in total the results correspond to a few hundred different
# models or so).
#       dt12           dt13              mu1           mu2              mu3           chi2
    3.2314598e+01  -1.5560004e+03   5.5484172e+01   2.6292492e+01   3.3010203e+00   9.4646706e+01
    3.2143306e+01  -1.5334845e+03   5.8501966e+01   2.5584335e+01   3.2809893e+00   1.0061727e+02
    3.3191174e+01  -1.4938635e+03   6.6431968e+01   2.3823141e+01   3.2098695e+00   1.0045632e+02
    3.2477717e+01  -1.5008657e+03   6.9347360e+01   2.3163594e+01   3.2051539e+00   9.3989484e+01
    3.2477717e+01  -1.5008657e+03   6.9347360e+01   2.3163594e+01   3.2051539e+00   9.3989484e+01
    3.0684126e+01  -1.5072765e+03   6.6646981e+01   2.3101409e+01   3.1799852e+00   9.8898532e+01
    3.1265846e+01  -1.4829864e+03   8.3652724e+01   2.1593438e+01   3.1798725e+00   9.7633906e+01
    3.1265846e+01  -1.4829864e+03   8.3652724e+01   2.1593438e+01   3.1798725e+00   9.7633906e+01
    3.1265846e+01  -1.4829864e+03   8.3652724e+01   2.1593438e+01   3.1798725e+00   9.7633906e+01
    3.1265846e+01  -1.4829864e+03   8.3652724e+01   2.1593438e+01   3.1798725e+00   9.7633906e+01
    3.1265846e+01  -1.4829864e+03   8.3652724e+01   2.1593438e+01   3.1798725e+00   9.7633906e+01
    3.1265846e+01  -1.4829864e+03   8.3652724e+01   2.1593438e+01   3.1798725e+00   9.7633906e+01
    3.1265846e+01  -1.4829864e+03   8.3652724e+01   2.1593438e+01   3.1798725e+00   9.7633906e+01
    3.0226437e+01  -1.5018028e+03   8.0181676e+01   2.1839779e+01   3.1717367e+00   9.6219824e+01
    3.0226437e+01  -1.5018028e+03   8.0181676e+01   2.1839779e+01   3.1717367e+00   9.6219824e+01
    3.0226437e+01  -1.5018028e+03   8.0181676e+01   2.1839779e+01   3.1717367e+00   9.6219824e+01
    3.0226437e+01  -1.5018028e+03   8.0181676e+01   2.1839779e+01   3.1717367e+00   9.6219824e+01
    3.0226437e+01  -1.5018028e+03   8.0181676e+01   2.1839779e+01   3.1717367e+00   9.6219824e+01
    3.0226437e+01  -1.5018028e+03   8.0181676e+01   2.1839779e+01   3.1717367e+00   9.6219824e+01
    2.7206099e+01  -1.5377299e+03   6.4277718e+01   2.3363713e+01   3.1919496e+00   9.8392681e+01
    2.6807346e+01  -1.5150188e+03   7.0850731e+01   2.2868199e+01   3.2029692e+00   9.4874722e+01
    2.6807346e+01  -1.5150188e+03   7.0850731e+01   2.2868199e+01   3.2029692e+00   9.4874722e+01
    2.6807346e+01  -1.5150188e+03   7.0850731e+01   2.2868199e+01   3.2029692e+00   9.4874722e+01
    2.6807346e+01  -1.5150188e+03   7.0850731e+01   2.2868199e+01   3.2029692e+00   9.4874722e+01
    2.9753249e+01  -1.5440834e+03   8.1509487e+01   2.1677972e+01   3.1850386e+00   1.0537687e+02
    2.8248898e+01  -1.4795863e+03   1.0673669e+02   2.0788855e+01   3.1851045e+00   1.0203135e+02
    2.9110504e+01  -1.4944405e+03   1.0325173e+02   2.0550390e+01   3.1509804e+00   9.8961763e+01
    2.9110504e+01  -1.4944405e+03   1.0325173e+02   2.0550390e+01   3.1509804e+00   9.8961763e+01
    2.9110504e+01  -1.4944405e+03   1.0325173e+02   2.0550390e+01   3.1509804e+00   9.8961763e+01
    2.9891274e+01  -1.5319536e+03   8.8553377e+01   2.1304890e+01   3.1645636e+00   9.8254722e+01
    2.9891274e+01  -1.5319536e+03   8.8553377e+01   2.1304890e+01   3.1645636e+00   9.8254722e+01
    2.8058979e+01  -1.5306800e+03   8.9481513e+01   2.1207824e+01   3.1719618e+00   9.7030334e+01
    2.8058979e+01  -1.5306800e+03   8.9481513e+01   2.1207824e+01   3.1719618e+00   9.7030334e+01
    2.8058979e+01  -1.5306800e+03   8.9481513e+01   2.1207824e+01   3.1719618e+00   9.7030334e+01
    2.6019414e+01  -1.5390553e+03   7.1922961e+01   2.2186851e+01   3.1576525e+00   9.8582375e+01
    2.6019414e+01  -1.5390553e+03   7.1922961e+01   2.2186851e+01   3.1576525e+00   9.8582375e+01
    2.6019414e+01  -1.5390553e+03   7.1922961e+01   2.2186851e+01   3.1576525e+00   9.8582375e+01
    2.6197408e+01  -1.5775572e+03   6.9567982e+01   2.2313109e+01   3.1617835e+00   9.5461049e+01
    2.6197408e+01  -1.5775572e+03   6.9567982e+01   2.2313109e+01   3.1617835e+00   9.5461049e+01
    2.4663922e+01  -1.5527197e+03   7.4328707e+01   2.2078663e+01   3.1893482e+00   9.3364836e+01
    2.6845856e+01  -1.5567142e+03   7.5884890e+01   2.1938713e+01   3.1801080e+00   9.5133396e+01
    2.4272566e+01  -1.5536888e+03   7.1749366e+01   2.2273926e+01   3.1845060e+00   9.4409110e+01
    2.2113005e+01  -1.5550283e+03   6.6273161e+01   2.3013217e+01   3.2109285e+00   9.2960539e+01
    2.2017904e+01  -1.5497323e+03   6.4285633e+01   2.3284429e+01   3.2051413e+00   9.5150641e+01
    2.2017904e+01  -1.5497323e+03   6.4285633e+01   2.3284429e+01   3.2051413e+00   9.5150641e+01
    2.2017904e+01  -1.5497323e+03   6.4285633e+01   2.3284429e+01   3.2051413e+00   9.5150641e+01
    2.4963725e+01  -1.5640239e+03   6.6354304e+01   2.3067111e+01   3.1900077e+00   9.5961151e+01
    2.4963725e+01  -1.5640239e+03   6.6354304e+01   2.3067111e+01   3.1900077e+00   9.5961151e+01
    2.4393097e+01  -1.5527424e+03   6.8067317e+01   2.2914556e+01   3.1989584e+00   9.2770845e+01
    2.4393097e+01  -1.5527424e+03   6.8067317e+01   2.2914556e+01   3.1989584e+00   9.2770845e+01
    2.6640959e+01  -1.5508258e+03   7.7209060e+01   2.2061092e+01   3.1916226e+00   9.3857273e+01
    2.7482624e+01  -1.5496757e+03   7.3500094e+01   2.2274801e+01   3.1732249e+00   9.3064008e+01
    2.7482624e+01  -1.5496757e+03   7.3500094e+01   2.2274801e+01   3.1732249e+00   9.3064008e+01
    2.3696627e+01  -1.5248712e+03   7.0686027e+01   2.2591215e+01   3.1683256e+00   9.4202171e+01
    2.5576111e+01  -1.5317855e+03   7.3624967e+01   2.2398961e+01   3.1706006e+00   9.9013498e+01
    2.5576111e+01  -1.5317855e+03   7.3624967e+01   2.2398961e+01   3.1706006e+00   9.9013498e+01
    2.5946413e+01  -1.5138224e+03   8.1986645e+01   2.1785264e+01   3.1618045e+00   9.7099314e+01
    2.5946413e+01  -1.5138224e+03   8.1986645e+01   2.1785264e+01   3.1618045e+00   9.7099314e+01
    2.8742458e+01  -1.5588327e+03   7.5970241e+01   2.2147374e+01   3.1698744e+00   9.1649926e+01
    2.8742458e+01  -1.5588327e+03   7.5970241e+01   2.2147374e+01   3.1698744e+00   9.1649926e+01
    2.8742458e+01  -1.5588327e+03   7.5970241e+01   2.2147374e+01   3.1698744e+00   9.1649926e+01
    2.8742458e+01  -1.5588327e+03   7.5970241e+01   2.2147374e+01   3.1698744e+00   9.1649926e+01
    2.8742458e+01  -1.5588327e+03   7.5970241e+01   2.2147374e+01   3.1698744e+00   9.1649926e+01
    2.8944172e+01  -1.5387953e+03   7.8705275e+01   2.2263939e+01   3.1860742e+00   9.0253090e+01
    2.8944172e+01  -1.5387953e+03   7.8705275e+01   2.2263939e+01   3.1860742e+00   9.0253090e+01
    2.7083280e+01  -1.5308239e+03   7.6863452e+01   2.2304410e+01   3.1788685e+00   8.7976763e+01
    2.8438131e+01  -1.5199697e+03   7.9185331e+01   2.2475541e+01   3.1856309e+00   9.2167273e+01
    2.9997539e+01  -1.5201338e+03   8.1381939e+01   2.2458159e+01   3.1836123e+00   9.1494722e+01
    2.9997539e+01  -1.5201338e+03   8.1381939e+01   2.2458159e+01   3.1836123e+00   9.1494722e+01
    3.0153247e+01  -1.4872690e+03   1.0453609e+02   2.0834964e+01   3.1416810e+00   9.0258838e+01
    3.0153247e+01  -1.4872690e+03   1.0453609e+02   2.0834964e+01   3.1416810e+00   9.0258838e+01
    3.0153247e+01  -1.4872690e+03   1.0453609e+02   2.0834964e+01   3.1416810e+00   9.0258838e+01
    3.0153247e+01  -1.4872690e+03   1.0453609e+02   2.0834964e+01   3.1416810e+00   9.0258838e+01
    3.0153247e+01  -1.4872690e+03   1.0453609e+02   2.0834964e+01   3.1416810e+00   9.0258838e+01
    3.6385302e+01  -1.5104238e+03   1.1240527e+02   2.0776287e+01   3.1281867e+00   9.4322885e+01
    3.6385302e+01  -1.5104238e+03   1.1240527e+02   2.0776287e+01   3.1281867e+00   9.4322885e+01
    3.3235515e+01  -1.4779468e+03   1.1030751e+02   2.0557627e+01   3.1058439e+00   9.2046559e+01
    3.3235515e+01  -1.4779468e+03   1.1030751e+02   2.0557627e+01   3.1058439e+00   9.2046559e+01
    3.3235515e+01  -1.4779468e+03   1.1030751e+02   2.0557627e+01   3.1058439e+00   9.2046559e+01
    3.3235515e+01  -1.4779468e+03   1.1030751e+02   2.0557627e+01   3.1058439e+00   9.2046559e+01
    3.3235515e+01  -1.4779468e+03   1.1030751e+02   2.0557627e+01   3.1058439e+00   9.2046559e+01
    3.3235515e+01  -1.4779468e+03   1.1030751e+02   2.0557627e+01   3.1058439e+00   9.2046559e+01
    3.3235515e+01  -1.4779468e+03   1.1030751e+02   2.0557627e+01   3.1058439e+00   9.2046559e+01
    3.3235515e+01  -1.4779468e+03   1.1030751e+02   2.0557627e+01   3.1058439e+00   9.2046559e+01
    3.1895324e+01  -1.4524296e+03   1.1230196e+02   2.0683973e+01   3.1308742e+00   9.1201559e+01
    3.1895324e+01  -1.4524296e+03   1.1230196e+02   2.0683973e+01   3.1308742e+00   9.1201559e+01
    3.1895324e+01  -1.4524296e+03   1.1230196e+02   2.0683973e+01   3.1308742e+00   9.1201559e+01
    3.1895324e+01  -1.4524296e+03   1.1230196e+02   2.0683973e+01   3.1308742e+00   9.1201559e+01
    3.2275810e+01  -1.4955299e+03   9.2948840e+01   2.1361668e+01   3.1379553e+00   9.0810675e+01
    3.2275810e+01  -1.4955299e+03   9.2948840e+01   2.1361668e+01   3.1379553e+00   9.0810675e+01
    3.5662686e+01  -1.5108393e+03   1.0617073e+02   2.0896779e+01   3.1365757e+00   9.6840641e+01
    3.5662686e+01  -1.5108393e+03   1.0617073e+02   2.0896779e+01   3.1365757e+00   9.6840641e+01
    3.6584246e+01  -1.4823830e+03   1.4289961e+02   1.9932628e+01   3.1203284e+00   9.4150437e+01
    3.6584246e+01  -1.4823830e+03   1.4289961e+02   1.9932628e+01   3.1203284e+00   9.4150437e+01
    3.6584246e+01  -1.4823830e+03   1.4289961e+02   1.9932628e+01   3.1203284e+00   9.4150437e+01
    3.6584246e+01  -1.4823830e+03   1.4289961e+02   1.9932628e+01   3.1203284e+00   9.4150437e+01
    3.6584246e+01  -1.4823830e+03   1.4289961e+02   1.9932628e+01   3.1203284e+00   9.4150437e+01
    3.6584246e+01  -1.4823830e+03   1.4289961e+02   1.9932628e+01   3.1203284e+00   9.4150437e+01
    3.6584246e+01  -1.4823830e+03   1.4289961e+02   1.9932628e+01   3.1203284e+00   9.4150437e+01
    3.6584246e+01  -1.4823830e+03   1.4289961e+02   1.9932628e+01   3.1203284e+00   9.4150437e+01
    3.6584246e+01  -1.4823830e+03   1.4289961e+02   1.9932628e+01   3.1203284e+00   9.4150437e+01
    3.6584246e+01  -1.4823830e+03   1.4289961e+02   1.9932628e+01   3.1203284e+00   9.4150437e+01
    3.6584246e+01  -1.4823830e+03   1.4289961e+02   1.9932628e+01   3.1203284e+00   9.4150437e+01
    3.6584246e+01  -1.4823830e+03   1.4289961e+02   1.9932628e+01   3.1203284e+00   9.4150437e+01
    3.6584246e+01  -1.4823830e+03   1.4289961e+02   1.9932628e+01   3.1203284e+00   9.4150437e+01
    3.4694045e+01  -1.4942440e+03   1.1066387e+02   2.0536237e+01   3.1157213e+00   8.9684008e+01
    3.4694045e+01  -1.4942440e+03   1.1066387e+02   2.0536237e+01   3.1157213e+00   8.9684008e+01
    3.4694045e+01  -1.4942440e+03   1.1066387e+02   2.0536237e+01   3.1157213e+00   8.9684008e+01
    3.4694045e+01  -1.4942440e+03   1.1066387e+02   2.0536237e+01   3.1157213e+00   8.9684008e+01
    3.4694045e+01  -1.4942440e+03   1.1066387e+02   2.0536237e+01   3.1157213e+00   8.9684008e+01
    3.4694045e+01  -1.4942440e+03   1.1066387e+02   2.0536237e+01   3.1157213e+00   8.9684008e+01
    3.4694045e+01  -1.4942440e+03   1.1066387e+02   2.0536237e+01   3.1157213e+00   8.9684008e+01
    3.1365317e+01  -1.4706494e+03   1.1403489e+02   2.0340187e+01   3.1210355e+00   9.2086797e+01
    3.1365317e+01  -1.4706494e+03   1.1403489e+02   2.0340187e+01   3.1210355e+00   9.2086797e+01
    3.1365317e+01  -1.4706494e+03   1.1403489e+02   2.0340187e+01   3.1210355e+00   9.2086797e+01
    3.1365317e+01  -1.4706494e+03   1.1403489e+02   2.0340187e+01   3.1210355e+00   9.2086797e+01
    3.1365317e+01  -1.4706494e+03   1.1403489e+02   2.0340187e+01   3.1210355e+00   9.2086797e+01
    3.1365317e+01  -1.4706494e+03   1.1403489e+02   2.0340187e+01   3.1210355e+00   9.2086797e+01
    3.1365317e+01  -1.4706494e+03   1.1403489e+02   2.0340187e+01   3.1210355e+00   9.2086797e+01
    3.1365317e+01  -1.4706494e+03   1.1403489e+02   2.0340187e+01   3.1210355e+00   9.2086797e+01
    3.1365317e+01  -1.4706494e+03   1.1403489e+02   2.0340187e+01   3.1210355e+00   9.2086797e+01
    3.1365317e+01  -1.4706494e+03   1.1403489e+02   2.0340187e+01   3.1210355e+00   9.2086797e+01
    3.1365317e+01  -1.4706494e+03   1.1403489e+02   2.0340187e+01   3.1210355e+00   9.2086797e+01
    3.1365317e+01  -1.4706494e+03   1.1403489e+02   2.0340187e+01   3.1210355e+00   9.2086797e+01
    3.1365317e+01  -1.4706494e+03   1.1403489e+02   2.0340187e+01   3.1210355e+00   9.2086797e+01
    3.1365317e+01  -1.4706494e+03   1.1403489e+02   2.0340187e+01   3.1210355e+00   9.2086797e+01
    3.0353729e+01  -1.4914959e+03   1.0014210e+02   2.1011016e+01   3.1464787e+00   9.2517920e+01
    3.3103421e+01  -1.5126987e+03   9.7360330e+01   2.1199890e+01   3.1301172e+00   9.2150028e+01
    3.0560553e+01  -1.4956561e+03   8.4048969e+01   2.1970407e+01   3.1273051e+00   9.0356559e+01
    3.0560553e+01  -1.4956561e+03   8.4048969e+01   2.1970407e+01   3.1273051e+00   9.0356559e+01
    3.2856918e+01  -1.4809892e+03   8.3333256e+01   2.2292975e+01   3.1284878e+00   8.9632273e+01
    3.2856918e+01  -1.4809892e+03   8.3333256e+01   2.2292975e+01   3.1284878e+00   8.9632273e+01
    3.2856918e+01  -1.4809892e+03   8.3333256e+01   2.2292975e+01   3.1284878e+00   8.9632273e+01
    3.2856918e+01  -1.4809892e+03   8.3333256e+01   2.2292975e+01   3.1284878e+00   8.9632273e+01
    3.2856918e+01  -1.4809892e+03   8.3333256e+01   2.2292975e+01   3.1284878e+00   8.9632273e+01
    3.2856918e+01  -1.4809892e+03   8.3333256e+01   2.2292975e+01   3.1284878e+00   8.9632273e+01
    3.2856918e+01  -1.4809892e+03   8.3333256e+01   2.2292975e+01   3.1284878e+00   8.9632273e+01
    3.2856918e+01  -1.4809892e+03   8.3333256e+01   2.2292975e+01   3.1284878e+00   8.9632273e+01
    3.2856918e+01  -1.4809892e+03   8.3333256e+01   2.2292975e+01   3.1284878e+00   8.9632273e+01
    3.2856918e+01  -1.4809892e+03   8.3333256e+01   2.2292975e+01   3.1284878e+00   8.9632273e+01
    3.7070581e+01  -1.4719579e+03   1.0388320e+02   2.1384585e+01   3.1078074e+00   1.0194513e+02
    3.9970975e+01  -1.4458027e+03   1.5456976e+02   2.0114944e+01   3.0958779e+00   9.7927069e+01
    3.9970975e+01  -1.4458027e+03   1.5456976e+02   2.0114944e+01   3.0958779e+00   9.7927069e+01
    3.9970975e+01  -1.4458027e+03   1.5456976e+02   2.0114944e+01   3.0958779e+00   9.7927069e+01
    3.9970975e+01  -1.4458027e+03   1.5456976e+02   2.0114944e+01   3.0958779e+00   9.7927069e+01
    3.9970975e+01  -1.4458027e+03   1.5456976e+02   2.0114944e+01   3.0958779e+00   9.7927069e+01
    3.6021324e+01  -1.4497317e+03   1.1698265e+02   2.0656877e+01   3.0922612e+00   9.4581559e+01
    3.6021324e+01  -1.4497317e+03   1.1698265e+02   2.0656877e+01   3.0922612e+00   9.4581559e+01
    3.8081921e+01  -1.4537846e+03   1.2725932e+02   2.0359482e+01   3.0837454e+00   9.6599212e+01
    3.8081921e+01  -1.4537846e+03   1.2725932e+02   2.0359482e+01   3.0837454e+00   9.6599212e+01
    3.5378875e+01  -1.4912792e+03   8.1948413e+01   2.2161598e+01   3.0905782e+00   9.6685437e+01
    3.5378875e+01  -1.4912792e+03   8.1948413e+01   2.2161598e+01   3.0905782e+00   9.6685437e+01
    4.0547278e+01  -1.4595681e+03   1.0514340e+02   2.1795999e+01   3.1162754e+00   9.6681604e+01
    4.0547278e+01  -1.4595681e+03   1.0514340e+02   2.1795999e+01   3.1162754e+00   9.6681604e+01
    3.9761529e+01  -1.4642052e+03   1.0591364e+02   2.1854761e+01   3.1401569e+00   9.1149824e+01
    3.9761529e+01  -1.4642052e+03   1.0591364e+02   2.1854761e+01   3.1401569e+00   9.1149824e+01
    3.9761529e+01  -1.4642052e+03   1.0591364e+02   2.1854761e+01   3.1401569e+00   9.1149824e+01
    3.5828135e+01  -1.4354926e+03   9.2201407e+01   2.2381838e+01   3.1441165e+00   9.6444008e+01
    4.0902579e+01  -1.4552599e+03   1.3340559e+02   2.0488557e+01   3.1016474e+00   9.2736355e+01
    3.7942659e+01  -1.4180124e+03   1.3840366e+02   2.0357089e+01   3.0995556e+00   9.0597988e+01
    4.1928078e+01  -1.4373429e+03   1.4742677e+02   2.0485853e+01   3.1076818e+00   8.8804518e+01
    4.1928078e+01  -1.4373429e+03   1.4742677e+02   2.0485853e+01   3.1076818e+00   8.8804518e+01
    4.1928078e+01  -1.4373429e+03   1.4742677e+02   2.0485853e+01   3.1076818e+00   8.8804518e+01
    4.1928078e+01  -1.4373429e+03   1.4742677e+02   2.0485853e+01   3.1076818e+00   8.8804518e+01
    3.9052514e+01  -1.4232406e+03   1.0804089e+02   2.1957204e+01   3.1346682e+00   9.7214280e+01
    3.9052514e+01  -1.4232406e+03   1.0804089e+02   2.1957204e+01   3.1346682e+00   9.7214280e+01
    3.7361820e+01  -1.4093085e+03   9.8769324e+01   2.2673989e+01   3.1534413e+00   9.7388645e+01
    4.1666401e+01  -1.4732723e+03   1.1318991e+02   2.1413424e+01   3.1226638e+00   8.9132171e+01
    4.1666401e+01  -1.4732723e+03   1.1318991e+02   2.1413424e+01   3.1226638e+00   8.9132171e+01
    4.1666401e+01  -1.4732723e+03   1.1318991e+02   2.1413424e+01   3.1226638e+00   8.9132171e+01
    4.3779732e+01  -1.4555592e+03   1.2372098e+02   2.1566788e+01   3.1319002e+00   9.1577115e+01
    3.9464810e+01  -1.4036748e+03   1.1646884e+02   2.2308465e+01   3.1723252e+00   8.7145176e+01
    3.9464810e+01  -1.4036748e+03   1.1646884e+02   2.2308465e+01   3.1723252e+00   8.7145176e+01
    4.2466636e+01  -1.3974994e+03   1.3288269e+02   2.1929964e+01   3.1551211e+00   8.5915040e+01
    4.2466636e+01  -1.3974994e+03   1.3288269e+02   2.1929964e+01   3.1551211e+00   8.5915040e+01
    4.2466636e+01  -1.3974994e+03   1.3288269e+02   2.1929964e+01   3.1551211e+00   8.5915040e+01
    4.4404651e+01  -1.4359329e+03   1.0973810e+02   2.2543741e+01   3.1464027e+00   8.3816910e+01
    4.5833013e+01  -1.4063638e+03   1.2901752e+02   2.2002050e+01   3.1313000e+00   9.1122999e+01
    4.5833013e+01  -1.4063638e+03   1.2901752e+02   2.2002050e+01   3.1313000e+00   9.1122999e+01
    4.5833013e+01  -1.4063638e+03   1.2901752e+02   2.2002050e+01   3.1313000e+00   9.1122999e+01
    4.5833013e+01  -1.4063638e+03   1.2901752e+02   2.2002050e+01   3.1313000e+00   9.1122999e+01
    4.5833013e+01  -1.4063638e+03   1.2901752e+02   2.2002050e+01   3.1313000e+00   9.1122999e+01
    4.5833013e+01  -1.4063638e+03   1.2901752e+02   2.2002050e+01   3.1313000e+00   9.1122999e+01
    4.5833013e+01  -1.4063638e+03   1.2901752e+02   2.2002050e+01   3.1313000e+00   9.1122999e+01
    4.6267000e+01  -1.3776687e+03   1.3372454e+02   2.1983603e+01   3.1150634e+00   9.9170618e+01
    4.7683078e+01  -1.3683685e+03   1.6420934e+02   2.1586803e+01   3.1099939e+00   9.6376944e+01
    4.7683078e+01  -1.3683685e+03   1.6420934e+02   2.1586803e+01   3.1099939e+00   9.6376944e+01
    4.7683078e+01  -1.3683685e+03   1.6420934e+02   2.1586803e+01   3.1099939e+00   9.6376944e+01
    4.3999346e+01  -1.3844177e+03   1.4350382e+02   2.1944890e+01   3.1295789e+00   9.3157897e+01
    4.2064441e+01  -1.3961582e+03   1.5223776e+02   2.1404957e+01   3.1122367e+00   9.1718906e+01
    4.2064441e+01  -1.3961582e+03   1.5223776e+02   2.1404957e+01   3.1122367e+00   9.1718906e+01
    4.1990015e+01  -1.4120849e+03   1.3853363e+02   2.1898027e+01   3.1223604e+00   9.2333974e+01
    4.1990015e+01  -1.4120849e+03   1.3853363e+02   2.1898027e+01   3.1223604e+00   9.2333974e+01
    4.1990015e+01  -1.4120849e+03   1.3853363e+02   2.1898027e+01   3.1223604e+00   9.2333974e+01
    4.1990015e+01  -1.4120849e+03   1.3853363e+02   2.1898027e+01   3.1223604e+00   9.2333974e+01
    4.1275056e+01  -1.3804798e+03   1.7371901e+02   2.1390276e+01   3.1355378e+00   8.6604836e+01
    4.1275056e+01  -1.3804798e+03   1.7371901e+02   2.1390276e+01   3.1355378e+00   8.6604836e+01
    4.1275056e+01  -1.3804798e+03   1.7371901e+02   2.1390276e+01   3.1355378e+00   8.6604836e+01
    4.1275056e+01  -1.3804798e+03   1.7371901e+02   2.1390276e+01   3.1355378e+00   8.6604836e+01
    4.1275056e+01  -1.3804798e+03   1.7371901e+02   2.1390276e+01   3.1355378e+00   8.6604836e+01
    4.1275056e+01  -1.3804798e+03   1.7371901e+02   2.1390276e+01   3.1355378e+00   8.6604836e+01
    4.1275056e+01  -1.3804798e+03   1.7371901e+02   2.1390276e+01   3.1355378e+00   8.6604836e+01
    4.1275056e+01  -1.3804798e+03   1.7371901e+02   2.1390276e+01   3.1355378e+00   8.6604836e+01
    4.1275056e+01  -1.3804798e+03   1.7371901e+02   2.1390276e+01   3.1355378e+00   8.6604836e+01
    3.9039599e+01  -1.4103928e+03   1.2697960e+02   2.1760663e+01   3.1182282e+00   9.9461865e+01
    3.8911907e+01  -1.4653694e+03   1.0403860e+02   2.2633841e+01   3.1464412e+00   9.1488974e+01
    3.4390530e+01  -1.4478872e+03   8.9045002e+01   2.3150076e+01   3.1413928e+00   9.0925641e+01
    3.5808701e+01  -1.4418876e+03   9.3558564e+01   2.3536283e+01   3.1642932e+00   8.6246525e+01
    3.4947692e+01  -1.4483400e+03   8.1484189e+01   2.4170018e+01   3.1502117e+00   8.9793226e+01
    3.4947692e+01  -1.4483400e+03   8.1484189e+01   2.4170018e+01   3.1502117e+00   8.9793226e+01
    3.8795205e+01  -1.4589137e+03   8.8768501e+01   2.3689142e+01   3.1355495e+00   8.7106854e+01
    3.6098444e+01  -1.4692596e+03   6.8065239e+01   2.5467470e+01   3.1237583e+00   8.6813690e+01
    3.6098444e+01  -1.4692596e+03   6.8065239e+01   2.5467470e+01   3.1237583e+00   8.6813690e+01
    3.5725303e+01  -1.4798040e+03   6.4050548e+01   2.6087522e+01   3.1297987e+00   8.1933384e+01
    3.5725303e+01  -1.4798040e+03   6.4050548e+01   2.6087522e+01   3.1297987e+00   8.1933384e+01
    3.6215210e+01  -1.4587150e+03   7.2591744e+01   2.5289662e+01   3.1375731e+00   8.1209099e+01
    3.4963087e+01  -1.4637766e+03   8.1561032e+01   2.4249386e+01   3.1525257e+00   8.8281423e+01
    3.4963087e+01  -1.4637766e+03   8.1561032e+01   2.4249386e+01   3.1525257e+00   8.8281423e+01
    3.5671612e+01  -1.4490972e+03   8.8846075e+01   2.3746115e+01   3.1539823e+00   9.2673124e+01
    3.5759307e+01  -1.4035334e+03   1.1295362e+02   2.2141649e+01   3.1107266e+00   9.1646094e+01
    4.0754298e+01  -1.4362342e+03   1.2648055e+02   2.1899829e+01   3.1174734e+00   1.0200261e+02
    4.0687414e+01  -1.3999131e+03   1.9357456e+02   2.0713589e+01   3.1078099e+00   9.4836400e+01
    4.4292532e+01  -1.3902880e+03   2.2008636e+02   2.0845729e+01   3.1216539e+00   9.2830244e+01
    4.4292532e+01  -1.3902880e+03   2.2008636e+02   2.0845729e+01   3.1216539e+00   9.2830244e+01
    4.3352673e+01  -1.4068968e+03   1.5177364e+02   2.1565235e+01   3.1117858e+00   8.7777489e+01
    4.2818043e+01  -1.3921956e+03   1.6063991e+02   2.1587534e+01   3.1187515e+00   8.7967183e+01
    4.2818043e+01  -1.3921956e+03   1.6063991e+02   2.1587534e+01   3.1187515e+00   8.7967183e+01
    4.4380082e+01  -1.4244833e+03   1.3540516e+02   2.2168543e+01   3.1285036e+00   8.6489870e+01
    4.4380082e+01  -1.4244833e+03   1.3540516e+02   2.2168543e+01   3.1285036e+00   8.6489870e+01
    3.9596601e+01  -1.3903903e+03   1.2498990e+02   2.2259465e+01   3.1193678e+00   8.5104529e+01
    3.9596601e+01  -1.3903903e+03   1.2498990e+02   2.2259465e+01   3.1193678e+00   8.5104529e+01
    4.2476746e+01  -1.4087109e+03   1.4516903e+02   2.1837768e+01   3.1108458e+00   8.5280811e+01
    4.4145398e+01  -1.4067230e+03   1.8093355e+02   2.0929985e+01   3.0808119e+00   8.6838600e+01
    4.4145398e+01  -1.4067230e+03   1.8093355e+02   2.0929985e+01   3.0808119e+00   8.6838600e+01
    4.4145398e+01  -1.4067230e+03   1.8093355e+02   2.0929985e+01   3.0808119e+00   8.6838600e+01
    4.2186129e+01  -1.3748588e+03   1.8222078e+02   2.1223785e+01   3.0887440e+00   8.6411310e+01
    4.2421353e+01  -1.3857087e+03   1.4285412e+02   2.2150726e+01   3.0992714e+00   8.4466468e+01
    4.2421353e+01  -1.3857087e+03   1.4285412e+02   2.2150726e+01   3.0992714e+00   8.4466468e+01
    4.2421353e+01  -1.3857087e+03   1.4285412e+02   2.2150726e+01   3.0992714e+00   8.4466468e+01
    4.2421353e+01  -1.3857087e+03   1.4285412e+02   2.2150726e+01   3.0992714e+00   8.4466468e+01
    4.2421353e+01  -1.3857087e+03   1.4285412e+02   2.2150726e+01   3.0992714e+00   8.4466468e+01
    4.2421353e+01  -1.3857087e+03   1.4285412e+02   2.2150726e+01   3.0992714e+00   8.4466468e+01
    4.2135138e+01  -1.3980918e+03   1.3408461e+02   2.2039639e+01   3.0863863e+00   8.5610380e+01
    4.2372196e+01  -1.3991797e+03   1.1202834e+02   2.3152883e+01   3.1005932e+00   8.6915244e+01
    4.1631363e+01  -1.4062676e+03   9.9372013e+01   2.3940292e+01   3.1135825e+00   8.9881366e+01
    3.9275355e+01  -1.4023203e+03   8.5169254e+01   2.4963692e+01   3.1198807e+00   8.7315709e+01
    4.0835639e+01  -1.4450756e+03   7.7206514e+01   2.5411342e+01   3.1056299e+00   8.4171389e+01
    4.0835639e+01  -1.4450756e+03   7.7206514e+01   2.5411342e+01   3.1056299e+00   8.4171389e+01
    3.9135126e+01  -1.4094791e+03   8.5269282e+01   2.4710669e+01   3.1014920e+00   8.1693872e+01
    3.7635178e+01  -1.4117465e+03   7.6156522e+01   2.5919903e+01   3.1312203e+00   7.9141627e+01
    3.7635178e+01  -1.4117465e+03   7.6156522e+01   2.5919903e+01   3.1312203e+00   7.9141627e+01
    3.7635178e+01  -1.4117465e+03   7.6156522e+01   2.5919903e+01   3.1312203e+00   7.9141627e+01
    3.7635178e+01  -1.4117465e+03   7.6156522e+01   2.5919903e+01   3.1312203e+00   7.9141627e+01
    3.7635178e+01  -1.4117465e+03   7.6156522e+01   2.5919903e+01   3.1312203e+00   7.9141627e+01
    3.7635178e+01  -1.4117465e+03   7.6156522e+01   2.5919903e+01   3.1312203e+00   7.9141627e+01
    3.7635178e+01  -1.4117465e+03   7.6156522e+01   2.5919903e+01   3.1312203e+00   7.9141627e+01
    3.7635178e+01  -1.4117465e+03   7.6156522e+01   2.5919903e+01   3.1312203e+00   7.9141627e+01
    3.7635178e+01  -1.4117465e+03   7.6156522e+01   2.5919903e+01   3.1312203e+00   7.9141627e+01
    3.7635178e+01  -1.4117465e+03   7.6156522e+01   2.5919903e+01   3.1312203e+00   7.9141627e+01
    3.7635178e+01  -1.4117465e+03   7.6156522e+01   2.5919903e+01   3.1312203e+00   7.9141627e+01
    3.7635178e+01  -1.4117465e+03   7.6156522e+01   2.5919903e+01   3.1312203e+00   7.9141627e+01
    3.5957089e+01  -1.4103622e+03   7.2467330e+01   2.6480510e+01   3.1652033e+00   8.0139915e+01
    3.9661852e+01  -1.4364202e+03   9.0535389e+01   2.4682870e+01   3.1657143e+00   8.5037466e+01
    3.8423476e+01  -1.4356014e+03   8.1233272e+01   2.5596182e+01   3.1753783e+00   9.1178566e+01
    3.8474996e+01  -1.3918233e+03   8.6352454e+01   2.5269087e+01   3.1604789e+00   8.0072851e+01
    3.7751532e+01  -1.4188928e+03   7.4692670e+01   2.6391283e+01   3.1789826e+00   8.5625709e+01
    4.0510514e+01  -1.4169715e+03   8.3206205e+01   2.5866590e+01   3.1876017e+00   8.6627829e+01
    3.4451669e+01  -1.3899481e+03   7.6946788e+01   2.6316569e+01   3.2051833e+00   8.5959110e+01
    3.7955375e+01  -1.3947958e+03   9.6380334e+01   2.4431605e+01   3.1736525e+00   8.8114722e+01
    3.7955375e+01  -1.3947958e+03   9.6380334e+01   2.4431605e+01   3.1736525e+00   8.8114722e+01
    3.9277373e+01  -1.3982761e+03   8.8849115e+01   2.4997413e+01   3.1688329e+00   8.6763872e+01
    3.9189979e+01  -1.3886844e+03   9.4776969e+01   2.4714332e+01   3.1757792e+00   8.5303804e+01
    3.9189979e+01  -1.3886844e+03   9.4776969e+01   2.4714332e+01   3.1757792e+00   8.5303804e+01
    3.9189979e+01  -1.3886844e+03   9.4776969e+01   2.4714332e+01   3.1757792e+00   8.5303804e+01
    3.9724714e+01  -1.3589350e+03   9.7799662e+01   2.4994218e+01   3.1763573e+00   8.9662931e+01
    3.9724714e+01  -1.3589350e+03   9.7799662e+01   2.4994218e+01   3.1763573e+00   8.9662931e+01
    3.9801045e+01  -1.3938791e+03   7.7320433e+01   2.7110449e+01   3.2094620e+00   8.7959518e+01
    3.9801045e+01  -1.3938791e+03   7.7320433e+01   2.7110449e+01   3.2094620e+00   8.7959518e+01
    3.7349994e+01  -1.3495776e+03   9.3209899e+01   2.5730139e+01   3.2120898e+00   8.9925437e+01
    4.1712013e+01  -1.3995640e+03   8.0377665e+01   2.6928920e+01   3.2097550e+00   8.6484121e+01
    4.1712013e+01  -1.3995640e+03   8.0377665e+01   2.6928920e+01   3.2097550e+00   8.6484121e+01
    4.1712013e+01  -1.3995640e+03   8.0377665e+01   2.6928920e+01   3.2097550e+00   8.6484121e+01
    4.0063219e+01  -1.4055637e+03   7.3044493e+01   2.7740376e+01   3.2241449e+00   8.8018917e+01
    4.6327757e+01  -1.3749262e+03   1.0258431e+02   2.5826019e+01   3.2227393e+00   9.3617761e+01
    4.1411256e+01  -1.3634796e+03   9.1636614e+01   2.6693247e+01   3.2479506e+00   8.3521831e+01
    4.1411256e+01  -1.3634796e+03   9.1636614e+01   2.6693247e+01   3.2479506e+00   8.3521831e+01
    4.5457411e+01  -1.3589972e+03   1.0331603e+02   2.6467381e+01   3.2569877e+00   8.4780709e+01
    4.5457411e+01  -1.3589972e+03   1.0331603e+02   2.6467381e+01   3.2569877e+00   8.4780709e+01
    4.5457411e+01  -1.3589972e+03   1.0331603e+02   2.6467381e+01   3.2569877e+00   8.4780709e+01
    4.5457411e+01  -1.3589972e+03   1.0331603e+02   2.6467381e+01   3.2569877e+00   8.4780709e+01
    4.5457411e+01  -1.3589972e+03   1.0331603e+02   2.6467381e+01   3.2569877e+00   8.4780709e+01
    4.5457411e+01  -1.3589972e+03   1.0331603e+02   2.6467381e+01   3.2569877e+00   8.4780709e+01
    4.5046786e+01  -1.3643470e+03   1.1404729e+02   2.5839252e+01   3.2875145e+00   8.6328917e+01
    4.3879625e+01  -1.3930584e+03   1.0057416e+02   2.6463416e+01   3.3024183e+00   8.6524359e+01
    4.2050772e+01  -1.3566488e+03   9.6196965e+01   2.7372113e+01   3.3042537e+00   8.5259734e+01
    4.3193783e+01  -1.3658457e+03   8.1802719e+01   2.9315007e+01   3.3070079e+00   8.5397693e+01
    4.3193783e+01  -1.3658457e+03   8.1802719e+01   2.9315007e+01   3.3070079e+00   8.5397693e+01
    4.2430637e+01  -1.3951358e+03   6.4614415e+01   3.2473934e+01   3.3241380e+00   8.2021525e+01
    4.2430637e+01  -1.3951358e+03   6.4614415e+01   3.2473934e+01   3.3241380e+00   8.2021525e+01
    4.4253330e+01  -1.3843848e+03   7.3685329e+01   3.1231006e+01   3.3262695e+00   8.1935300e+01
    4.0593218e+01  -1.3477526e+03   7.6167081e+01   3.0118332e+01   3.2995887e+00   8.2297443e+01
    4.0593218e+01  -1.3477526e+03   7.6167081e+01   3.0118332e+01   3.2995887e+00   8.2297443e+01
    4.0593218e+01  -1.3477526e+03   7.6167081e+01   3.0118332e+01   3.2995887e+00   8.2297443e+01
    3.9598580e+01  -1.4266914e+03   6.0822852e+01   3.3549421e+01   3.3386957e+00   8.6382568e+01
    3.8768977e+01  -1.4111066e+03   6.1352104e+01   3.3419594e+01   3.3373330e+00   8.3192262e+01
    3.8768977e+01  -1.4111066e+03   6.1352104e+01   3.3419594e+01   3.3373330e+00   8.3192262e+01
    3.6608876e+01  -1.4076010e+03   5.7788713e+01   3.4721449e+01   3.3570960e+00   8.9452160e+01
    4.0463882e+01  -1.4024100e+03   6.5362798e+01   3.2827915e+01   3.3541611e+00   8.8003588e+01
    3.5779360e+01  -1.4050293e+03   6.0481884e+01   3.3951593e+01   3.3855749e+00   8.2743895e+01
    3.5779360e+01  -1.4050293e+03   6.0481884e+01   3.3951593e+01   3.3855749e+00   8.2743895e+01
    3.5779360e+01  -1.4050293e+03   6.0481884e+01   3.3951593e+01   3.3855749e+00   8.2743895e+01
    3.5779360e+01  -1.4050293e+03   6.0481884e+01   3.3951593e+01   3.3855749e+00   8.2743895e+01
    3.5779360e+01  -1.4050293e+03   6.0481884e+01   3.3951593e+01   3.3855749e+00   8.2743895e+01
    3.5779360e+01  -1.4050293e+03   6.0481884e+01   3.3951593e+01   3.3855749e+00   8.2743895e+01
    3.7385611e+01  -1.4149552e+03   6.1347293e+01   3.3562368e+01   3.3837896e+00   8.5416854e+01
    3.7852873e+01  -1.4402980e+03   5.7126366e+01   3.5059369e+01   3.3978646e+00   8.6468793e+01
    3.3092541e+01  -1.4359186e+03   5.1077480e+01   3.7315299e+01   3.4167724e+00   8.6520527e+01
    3.3092541e+01  -1.4359186e+03   5.1077480e+01   3.7315299e+01   3.4167724e+00   8.6520527e+01
    3.3092541e+01  -1.4359186e+03   5.1077480e+01   3.7315299e+01   3.4167724e+00   8.6520527e+01
    3.3092541e+01  -1.4359186e+03   5.1077480e+01   3.7315299e+01   3.4167724e+00   8.6520527e+01
    3.3092541e+01  -1.4359186e+03   5.1077480e+01   3.7315299e+01   3.4167724e+00   8.6520527e+01
    3.4237942e+01  -1.4617232e+03   5.3962382e+01   3.5691593e+01   3.4123279e+00   8.4157976e+01
    3.1265930e+01  -1.4522663e+03   5.4081241e+01   3.5333116e+01   3.4294954e+00   7.8036037e+01
    3.1265930e+01  -1.4522663e+03   5.4081241e+01   3.5333116e+01   3.4294954e+00   7.8036037e+01
    2.9961732e+01  -1.4468978e+03   5.1422908e+01   3.6883689e+01   3.4360994e+00   8.5181173e+01
    2.9961732e+01  -1.4468978e+03   5.1422908e+01   3.6883689e+01   3.4360994e+00   8.5181173e+01
    3.1682124e+01  -1.4314340e+03   5.0759733e+01   3.7185658e+01   3.4194241e+00   8.2830119e+01
    3.1682124e+01  -1.4314340e+03   5.0759733e+01   3.7185658e+01   3.4194241e+00   8.2830119e+01
    3.1682124e+01  -1.4314340e+03   5.0759733e+01   3.7185658e+01   3.4194241e+00   8.2830119e+01
    3.1454394e+01  -1.4466923e+03   4.7474135e+01   3.9932722e+01   3.4404812e+00   8.7589711e+01
    3.1454394e+01  -1.4466923e+03   4.7474135e+01   3.9932722e+01   3.4404812e+00   8.7589711e+01
    2.9891171e+01  -1.4502672e+03   4.7829115e+01   3.8856628e+01   3.4464993e+00   9.7610913e+01
    3.1898246e+01  -1.4564907e+03   4.5435436e+01   4.0782862e+01   3.4429056e+00   9.2418282e+01
    3.1898246e+01  -1.4564907e+03   4.5435436e+01   4.0782862e+01   3.4429056e+00   9.2418282e+01
    3.3542345e+01  -1.4642043e+03   4.5345302e+01   4.1240743e+01   3.4434297e+00   9.3401241e+01
    3.3542345e+01  -1.4642043e+03   4.5345302e+01   4.1240743e+01   3.4434297e+00   9.3401241e+01
    3.3542345e+01  -1.4642043e+03   4.5345302e+01   4.1240743e+01   3.4434297e+00   9.3401241e+01
    3.3542345e+01  -1.4642043e+03   4.5345302e+01   4.1240743e+01   3.4434297e+00   9.3401241e+01
    3.3542345e+01  -1.4642043e+03   4.5345302e+01   4.1240743e+01   3.4434297e+00   9.3401241e+01
    3.2343799e+01  -1.4636355e+03   4.2821210e+01   4.4132658e+01   3.4524600e+00   9.6194915e+01
    2.8451330e+01  -1.4288553e+03   4.1570274e+01   4.5293901e+01   3.4466156e+00   9.4319053e+01
    2.8451330e+01  -1.4288553e+03   4.1570274e+01   4.5293901e+01   3.4466156e+00   9.4319053e+01
    2.8451330e+01  -1.4288553e+03   4.1570274e+01   4.5293901e+01   3.4466156e+00   9.4319053e+01
    2.8451330e+01  -1.4288553e+03   4.1570274e+01   4.5293901e+01   3.4466156e+00   9.4319053e+01
    2.8451330e+01  -1.4288553e+03   4.1570274e+01   4.5293901e+01   3.4466156e+00   9.4319053e+01
    2.8451330e+01  -1.4288553e+03   4.1570274e+01   4.5293901e+01   3.4466156e+00   9.4319053e+01
    2.8451330e+01  -1.4288553e+03   4.1570274e+01   4.5293901e+01   3.4466156e+00   9.4319053e+01
    3.0464047e+01  -1.4496579e+03   4.3781487e+01   4.2557346e+01   3.4466881e+00   9.8946434e+01
    3.0464047e+01  -1.4496579e+03   4.3781487e+01   4.2557346e+01   3.4466881e+00   9.8946434e+01
    3.1018464e+01  -1.4538988e+03   4.4128514e+01   4.1890464e+01   3.4494770e+00   1.0241266e+02
    3.3034988e+01  -1.4543102e+03   4.5268257e+01   4.1133051e+01   3.4218924e+00   1.0811306e+02
    3.3021440e+01  -1.4718479e+03   4.4363360e+01   4.2023290e+01   3.4409575e+00   1.0498215e+02
    3.1902480e+01  -1.4377318e+03   4.7646141e+01   3.9778300e+01   3.4366973e+00   9.7635822e+01
    3.3039982e+01  -1.4273039e+03   4.6415828e+01   4.1348731e+01   3.4345469e+00   1.0307946e+02
    3.3039982e+01  -1.4273039e+03   4.6415828e+01   4.1348731e+01   3.4345469e+00   1.0307946e+02
    3.3039982e+01  -1.4273039e+03   4.6415828e+01   4.1348731e+01   3.4345469e+00   1.0307946e+02
    3.3039982e+01  -1.4273039e+03   4.6415828e+01   4.1348731e+01   3.4345469e+00   1.0307946e+02
    3.3039982e+01  -1.4273039e+03   4.6415828e+01   4.1348731e+01   3.4345469e+00   1.0307946e+02
    3.0392778e+01  -1.4471707e+03   3.9493469e+01   4.9442680e+01   3.4604355e+00   1.0255062e+02
    3.0392778e+01  -1.4471707e+03   3.9493469e+01   4.9442680e+01   3.4604355e+00   1.0255062e+02
    2.9585137e+01  -1.4334926e+03   4.1508750e+01   4.6686609e+01   3.4657883e+00   1.0228620e+02
    3.3422496e+01  -1.4107180e+03   5.2242222e+01   3.8572741e+01   3.4675151e+00   9.6359700e+01
    3.3422496e+01  -1.4107180e+03   5.2242222e+01   3.8572741e+01   3.4675151e+00   9.6359700e+01
    3.4862140e+01  -1.4266154e+03   6.0364904e+01   3.4033369e+01   3.4459712e+00   8.8702965e+01
    3.4862140e+01  -1.4266154e+03   6.0364904e+01   3.4033369e+01   3.4459712e+00   8.8702965e+01
    3.4862140e+01  -1.4266154e+03   6.0364904e+01   3.4033369e+01   3.4459712e+00   8.8702965e+01
    3.4862140e+01  -1.4266154e+03   6.0364904e+01   3.4033369e+01   3.4459712e+00   8.8702965e+01
    3.2854605e+01  -1.4368130e+03   5.3776014e+01   3.7041645e+01   3.4872298e+00   9.0117046e+01
    3.3732546e+01  -1.4108469e+03   5.7731299e+01   3.6461901e+01   3.5012823e+00   9.6409518e+01
    3.1888290e+01  -1.4052609e+03   5.7704561e+01   3.6148013e+01   3.5027104e+00   9.5359495e+01
    3.6054128e+01  -1.4213662e+03   6.4038990e+01   3.4145825e+01   3.4756382e+00   8.6909495e+01
    3.5736501e+01  -1.4358580e+03   6.5944654e+01   3.3109800e+01   3.4635624e+00   8.7244813e+01
    3.5550894e+01  -1.3914665e+03   7.9215879e+01   3.0477696e+01   3.4457617e+00   8.7890539e+01
    3.2014362e+01  -1.4175859e+03   5.7676215e+01   3.5809159e+01   3.4889546e+00   8.9547965e+01
    3.2014362e+01  -1.4175859e+03   5.7676215e+01   3.5809159e+01   3.4889546e+00   8.9547965e+01
    3.2014362e+01  -1.4175859e+03   5.7676215e+01   3.5809159e+01   3.4889546e+00   8.9547965e+01
    3.2014362e+01  -1.4175859e+03   5.7676215e+01   3.5809159e+01   3.4889546e+00   8.9547965e+01
    3.3330536e+01  -1.4215049e+03   5.4729623e+01   3.6830756e+01   3.4743591e+00   8.9697421e+01
    3.2767529e+01  -1.3837467e+03   5.7484053e+01   3.6614433e+01   3.5002051e+00   9.0688044e+01
    3.5116776e+01  -1.3796269e+03   6.5253016e+01   3.4573215e+01   3.5168314e+00   8.7007217e+01
    3.7943733e+01  -1.3785950e+03   6.7944005e+01   3.4683758e+01   3.5281716e+00   9.6852137e+01
    3.7212508e+01  -1.3851482e+03   6.7725748e+01   3.5376126e+01   3.5658606e+00   9.8375437e+01
    3.5479170e+01  -1.3582006e+03   8.0585898e+01   3.2533528e+01   3.5721403e+00   9.7064824e+01
    3.6918085e+01  -1.3706685e+03   9.6869697e+01   3.0209441e+01   3.5711605e+00   8.5924620e+01
    3.6032624e+01  -1.3549070e+03   8.4398061e+01   3.2234669e+01   3.6016493e+00   8.4217375e+01
    3.6032624e+01  -1.3549070e+03   8.4398061e+01   3.2234669e+01   3.6016493e+00   8.4217375e+01
    3.6032624e+01  -1.3549070e+03   8.4398061e+01   3.2234669e+01   3.6016493e+00   8.4217375e+01
    3.6032624e+01  -1.3549070e+03   8.4398061e+01   3.2234669e+01   3.6016493e+00   8.4217375e+01
    3.6032624e+01  -1.3549070e+03   8.4398061e+01   3.2234669e+01   3.6016493e+00   8.4217375e+01
    3.6032624e+01  -1.3549070e+03   8.4398061e+01   3.2234669e+01   3.6016493e+00   8.4217375e+01
    3.6032624e+01  -1.3549070e+03   8.4398061e+01   3.2234669e+01   3.6016493e+00   8.4217375e+01
    4.0008172e+01  -1.3459204e+03   1.0489121e+02   3.0187956e+01   3.5790012e+00   8.6045334e+01
    4.0008172e+01  -1.3459204e+03   1.0489121e+02   3.0187956e+01   3.5790012e+00   8.6045334e+01
    4.0008172e+01  -1.3459204e+03   1.0489121e+02   3.0187956e+01   3.5790012e+00   8.6045334e+01
    3.9890011e+01  -1.3763306e+03   9.4215946e+01   3.1240066e+01   3.6038133e+00   8.4861185e+01
    3.9890011e+01  -1.3763306e+03   9.4215946e+01   3.1240066e+01   3.6038133e+00   8.4861185e+01
    3.9890011e+01  -1.3763306e+03   9.4215946e+01   3.1240066e+01   3.6038133e+00   8.4861185e+01
    3.9890011e+01  -1.3763306e+03   9.4215946e+01   3.1240066e+01   3.6038133e+00   8.4861185e+01
    3.5484977e+01  -1.3191906e+03   8.3920198e+01   3.3087779e+01   3.6219910e+00   8.8417466e+01
    3.5484977e+01  -1.3191906e+03   8.3920198e+01   3.3087779e+01   3.6219910e+00   8.8417466e+01
    3.7309412e+01  -1.3245419e+03   1.0081531e+02   3.1061676e+01   3.6295026e+00   8.6666151e+01
    3.7309412e+01  -1.3245419e+03   1.0081531e+02   3.1061676e+01   3.6295026e+00   8.6666151e+01
    3.9920927e+01  -1.3498969e+03   8.7763857e+01   3.2894556e+01   3.6174952e+00   8.3916548e+01
    3.9920927e+01  -1.3498969e+03   8.7763857e+01   3.2894556e+01   3.6174952e+00   8.3916548e+01
    3.9920927e+01  -1.3498969e+03   8.7763857e+01   3.2894556e+01   3.6174952e+00   8.3916548e+01
    3.9920927e+01  -1.3498969e+03   8.7763857e+01   3.2894556e+01   3.6174952e+00   8.3916548e+01
    3.9920927e+01  -1.3498969e+03   8.7763857e+01   3.2894556e+01   3.6174952e+00   8.3916548e+01
    3.9920927e+01  -1.3498969e+03   8.7763857e+01   3.2894556e+01   3.6174952e+00   8.3916548e+01
    3.9920927e+01  -1.3498969e+03   8.7763857e+01   3.2894556e+01   3.6174952e+00   8.3916548e+01
    3.9920927e+01  -1.3498969e+03   8.7763857e+01   3.2894556e+01   3.6174952e+00   8.3916548e+01
    3.9920927e+01  -1.3498969e+03   8.7763857e+01   3.2894556e+01   3.6174952e+00   8.3916548e+01
    3.9920927e+01  -1.3498969e+03   8.7763857e+01   3.2894556e+01   3.6174952e+00   8.3916548e+01
    3.9920927e+01  -1.3498969e+03   8.7763857e+01   3.2894556e+01   3.6174952e+00   8.3916548e+01
    3.8784322e+01  -1.3403144e+03   9.3804991e+01   3.1970606e+01   3.6296897e+00   8.9883282e+01
    3.8784322e+01  -1.3403144e+03   9.3804991e+01   3.1970606e+01   3.6296897e+00   8.9883282e+01
    3.6204949e+01  -1.3181182e+03   8.8221346e+01   3.2323954e+01   3.6208694e+00   8.6054915e+01
    3.6204949e+01  -1.3181182e+03   8.8221346e+01   3.2323954e+01   3.6208694e+00   8.6054915e+01
    3.9799978e+01  -1.3345332e+03   9.4660596e+01   3.2194814e+01   3.6227618e+00   9.2995028e+01
    3.9799978e+01  -1.3345332e+03   9.4660596e+01   3.2194814e+01   3.6227618e+00   9.2995028e+01
    3.9799978e+01  -1.3345332e+03   9.4660596e+01   3.2194814e+01   3.6227618e+00   9.2995028e+01
    4.0046190e+01  -1.3421632e+03   8.7987773e+01   3.3283391e+01   3.6391376e+00   9.1770641e+01
    4.0649965e+01  -1.3302050e+03   7.9583617e+01   3.5146243e+01   3.6315321e+00   9.1264790e+01
    4.0564677e+01  -1.3376858e+03   7.4565905e+01   3.7117246e+01   3.6619135e+00   9.2835992e+01
    4.0564677e+01  -1.3376858e+03   7.4565905e+01   3.7117246e+01   3.6619135e+00   9.2835992e+01
    4.1089625e+01  -1.3180999e+03   7.6359806e+01   3.6817011e+01   3.6555451e+00   9.0864325e+01
    4.4042036e+01  -1.3250872e+03   8.4563563e+01   3.4630866e+01   3.6225839e+00   8.9643770e+01
    4.1038571e+01  -1.3158641e+03   8.2409369e+01   3.4472608e+01   3.6053082e+00   8.4039178e+01
    4.2233467e+01  -1.3014522e+03   9.4433733e+01   3.2857108e+01   3.6034073e+00   8.1090300e+01
    4.2233467e+01  -1.3014522e+03   9.4433733e+01   3.2857108e+01   3.6034073e+00   8.1090300e+01
    4.2233467e+01  -1.3014522e+03   9.4433733e+01   3.2857108e+01   3.6034073e+00   8.1090300e+01
    4.2233467e+01  -1.3014522e+03   9.4433733e+01   3.2857108e+01   3.6034073e+00   8.1090300e+01
    4.2233467e+01  -1.3014522e+03   9.4433733e+01   3.2857108e+01   3.6034073e+00   8.1090300e+01
    4.2233467e+01  -1.3014522e+03   9.4433733e+01   3.2857108e+01   3.6034073e+00   8.1090300e+01
    4.2868486e+01  -1.3248363e+03   9.2619470e+01   3.3158890e+01   3.6173906e+00   8.0779892e+01
    4.2868486e+01  -1.3248363e+03   9.2619470e+01   3.3158890e+01   3.6173906e+00   8.0779892e+01
    4.2868486e+01  -1.3248363e+03   9.2619470e+01   3.3158890e+01   3.6173906e+00   8.0779892e+01
    4.2868486e+01  -1.3248363e+03   9.2619470e+01   3.3158890e+01   3.6173906e+00   8.0779892e+01
    4.2868486e+01  -1.3248363e+03   9.2619470e+01   3.3158890e+01   3.6173906e+00   8.0779892e+01
    4.2868486e+01  -1.3248363e+03   9.2619470e+01   3.3158890e+01   3.6173906e+00   8.0779892e+01
    4.2868486e+01  -1.3248363e+03   9.2619470e+01   3.3158890e+01   3.6173906e+00   8.0779892e+01
    4.2868486e+01  -1.3248363e+03   9.2619470e+01   3.3158890e+01   3.6173906e+00   8.0779892e+01
    4.2868486e+01  -1.3248363e+03   9.2619470e+01   3.3158890e+01   3.6173906e+00   8.0779892e+01
    4.2868486e+01  -1.3248363e+03   9.2619470e+01   3.3158890e+01   3.6173906e+00   8.0779892e+01
    4.2868486e+01  -1.3248363e+03   9.2619470e+01   3.3158890e+01   3.6173906e+00   8.0779892e+01
    4.5219307e+01  -1.3173601e+03   1.1722054e+02   3.0757349e+01   3.5831882e+00   8.7311876e+01
    4.6576181e+01  -1.3535351e+03   1.0707923e+02   3.1164166e+01   3.5720729e+00   9.2985448e+01
    4.6576181e+01  -1.3535351e+03   1.0707923e+02   3.1164166e+01   3.5720729e+00   9.2985448e+01
    4.5950604e+01  -1.3599131e+03   9.9240956e+01   3.1679975e+01   3.5685153e+00   9.4422523e+01
    4.3455038e+01  -1.3199475e+03   1.0665805e+02   3.1653495e+01   3.6022337e+00   9.1939257e+01
    4.3609016e+01  -1.3155297e+03   1.0355189e+02   3.1913668e+01   3.6095263e+00   9.4071876e+01
    4.1867174e+01  -1.3111591e+03   1.0460929e+02   3.1651609e+01   3.6134084e+00   9.1266706e+01
    4.2821418e+01  -1.3190262e+03   1.0658768e+02   3.1015129e+01   3.5833240e+00   9.3640754e+01
    4.0157932e+01  -1.3001282e+03   1.0282996e+02   3.1197202e+01   3.5810805e+00   9.4347795e+01
    4.5382678e+01  -1.3581427e+03   9.3548031e+01   3.2649805e+01   3.5992035e+00   9.5968815e+01
    4.7783958e+01  -1.3359812e+03   1.0779801e+02   3.1576067e+01   3.5828266e+00   8.7764076e+01
    4.5440622e+01  -1.2988560e+03   9.9290682e+01   3.2627131e+01   3.5838109e+00   8.7074280e+01
    4.5440622e+01  -1.2988560e+03   9.9290682e+01   3.2627131e+01   3.5838109e+00   8.7074280e+01
    4.5440622e+01  -1.2988560e+03   9.9290682e+01   3.2627131e+01   3.5838109e+00   8.7074280e+01
    4.5440622e+01  -1.2988560e+03   9.9290682e+01   3.2627131e+01   3.5838109e+00   8.7074280e+01
    4.2941495e+01  -1.2641100e+03   1.0570133e+02   3.2068131e+01   3.5872362e+00   9.1713158e+01
    4.2941495e+01  -1.2641100e+03   1.0570133e+02   3.2068131e+01   3.5872362e+00   9.1713158e+01
    4.3435572e+01  -1.3022683e+03   9.2740859e+01   3.3267138e+01   3.6182933e+00   9.3696321e+01
    4.6484819e+01  -1.2832190e+03   1.0992851e+02   3.1608362e+01   3.5926830e+00   9.0609484e+01
    4.6484819e+01  -1.2832190e+03   1.0992851e+02   3.1608362e+01   3.5926830e+00   9.0609484e+01
    4.7264694e+01  -1.2829645e+03   1.2187610e+02   3.0630112e+01   3.5906167e+00   1.0406817e+02
    4.7264694e+01  -1.2829645e+03   1.2187610e+02   3.0630112e+01   3.5906167e+00   1.0406817e+02
    4.6847588e+01  -1.3119542e+03   1.0075329e+02   3.2388897e+01   3.6168041e+00   9.5554938e+01
    4.6847588e+01  -1.3119542e+03   1.0075329e+02   3.2388897e+01   3.6168041e+00   9.5554938e+01
    4.7074480e+01  -1.3068422e+03   1.0827007e+02   3.1148085e+01   3.5931665e+00   8.9731910e+01
    4.7074480e+01  -1.3068422e+03   1.0827007e+02   3.1148085e+01   3.5931665e+00   8.9731910e+01
    4.7074480e+01  -1.3068422e+03   1.0827007e+02   3.1148085e+01   3.5931665e+00   8.9731910e+01
    4.7074480e+01  -1.3068422e+03   1.0827007e+02   3.1148085e+01   3.5931665e+00   8.9731910e+01
    4.2979825e+01  -1.2637214e+03   1.0259173e+02   3.1830240e+01   3.6084600e+00   9.2433611e+01
    4.2979825e+01  -1.2637214e+03   1.0259173e+02   3.1830240e+01   3.6084600e+00   9.2433611e+01
    4.2979825e+01  -1.2637214e+03   1.0259173e+02   3.1830240e+01   3.6084600e+00   9.2433611e+01
    4.2979825e+01  -1.2637214e+03   1.0259173e+02   3.1830240e+01   3.6084600e+00   9.2433611e+01
    4.2979825e+01  -1.2637214e+03   1.0259173e+02   3.1830240e+01   3.6084600e+00   9.2433611e+01
    4.6298890e+01  -1.3169202e+03   9.8924767e+01   3.2233802e+01   3.6182475e+00   9.4865142e+01
    4.6298890e+01  -1.3169202e+03   9.8924767e+01   3.2233802e+01   3.6182475e+00   9.4865142e+01
    4.6298890e+01  -1.3169202e+03   9.8924767e+01   3.2233802e+01   3.6182475e+00   9.4865142e+01
    4.5354814e+01  -1.3144912e+03   8.7943222e+01   3.3254399e+01   3.6015555e+00   8.4539280e+01
    4.5354814e+01  -1.3144912e+03   8.7943222e+01   3.3254399e+01   3.6015555e+00   8.4539280e+01
    4.5354814e+01  -1.3144912e+03   8.7943222e+01   3.3254399e+01   3.6015555e+00   8.4539280e+01
    4.5354814e+01  -1.3144912e+03   8.7943222e+01   3.3254399e+01   3.6015555e+00   8.4539280e+01
    4.5354814e+01  -1.3144912e+03   8.7943222e+01   3.3254399e+01   3.6015555e+00   8.4539280e+01
    4.5354814e+01  -1.3144912e+03   8.7943222e+01   3.3254399e+01   3.6015555e+00   8.4539280e+01
    4.5354814e+01  -1.3144912e+03   8.7943222e+01   3.3254399e+01   3.6015555e+00   8.4539280e+01
    4.3435528e+01  -1.3155760e+03   7.8346279e+01   3.4789790e+01   3.6071503e+00   8.7143260e+01
    4.4382911e+01  -1.3241585e+03   7.2193968e+01   3.6422093e+01   3.6110487e+00   8.9971423e+01
    4.4382911e+01  -1.3241585e+03   7.2193968e+01   3.6422093e+01   3.6110487e+00   8.9971423e+01
    4.4199831e+01  -1.3235140e+03   7.0550929e+01   3.6959502e+01   3.6233406e+00   9.3127239e+01
    4.4199831e+01  -1.3235140e+03   7.0550929e+01   3.6959502e+01   3.6233406e+00   9.3127239e+01
    4.4199831e+01  -1.3235140e+03   7.0550929e+01   3.6959502e+01   3.6233406e+00   9.3127239e+01
    4.4199831e+01  -1.3235140e+03   7.0550929e+01   3.6959502e+01   3.6233406e+00   9.3127239e+01
    4.4199831e+01  -1.3235140e+03   7.0550929e+01   3.6959502e+01   3.6233406e+00   9.3127239e+01
    4.4448569e+01  -1.3138027e+03   6.9540317e+01   3.7137069e+01   3.6065350e+00   1.0060769e+02
    4.7624290e+01  -1.3475777e+03   6.9515317e+01   3.7362401e+01   3.6132083e+00   1.0190106e+02
    4.4948213e+01  -1.3210836e+03   7.0277031e+01   3.6564796e+01   3.5891275e+00   1.0062494e+02
    4.6085048e+01  -1.3163865e+03   7.3271308e+01   3.5931755e+01   3.5907891e+00   9.3351423e+01
    4.6085048e+01  -1.3163865e+03   7.3271308e+01   3.5931755e+01   3.5907891e+00   9.3351423e+01
    4.6085048e+01  -1.3163865e+03   7.3271308e+01   3.5931755e+01   3.5907891e+00   9.3351423e+01
    4.7362827e+01  -1.2766691e+03   8.1450223e+01   3.4945491e+01   3.5850641e+00   9.4351627e+01
    4.5966053e+01  -1.2981531e+03   7.0238163e+01   3.8117880e+01   3.6318453e+00   9.5213872e+01
    4.8876721e+01  -1.3122369e+03   7.8123736e+01   3.5367668e+01   3.5855133e+00   8.9212647e+01
    4.6381732e+01  -1.3161851e+03   7.0947038e+01   3.6525882e+01   3.6004872e+00   9.0023158e+01
    4.4449300e+01  -1.3083648e+03   7.0684080e+01   3.6248894e+01   3.5991733e+00   9.1920096e+01
    4.5923202e+01  -1.3063295e+03   6.3816134e+01   4.0086498e+01   3.6392498e+00   9.1092341e+01
    4.5923202e+01  -1.3063295e+03   6.3816134e+01   4.0086498e+01   3.6392498e+00   9.1092341e+01
    4.5923202e+01  -1.3063295e+03   6.3816134e+01   4.0086498e+01   3.6392498e+00   9.1092341e+01
    4.5923202e+01  -1.3063295e+03   6.3816134e+01   4.0086498e+01   3.6392498e+00   9.1092341e+01
    4.5923202e+01  -1.3063295e+03   6.3816134e+01   4.0086498e+01   3.6392498e+00   9.1092341e+01
    4.9309131e+01  -1.3265174e+03   6.6724297e+01   3.9207449e+01   3.6374351e+00   9.3282443e+01
    4.4969367e+01  -1.3220034e+03   6.1674784e+01   4.0580973e+01   3.6433359e+00   9.2351219e+01
    4.5037392e+01  -1.3173086e+03   6.9437290e+01   3.7157926e+01   3.6215332e+00   1.0261385e+02
    4.5770183e+01  -1.3130324e+03   7.0121592e+01   3.7283746e+01   3.6145608e+00   9.4420607e+01
    4.7282260e+01  -1.3109471e+03   6.8526179e+01   3.8220452e+01   3.6121399e+00   9.8365856e+01
    4.9966323e+01  -1.2950377e+03   6.8116726e+01   3.9388752e+01   3.6011630e+00   1.0041608e+02
    4.9966323e+01  -1.2950377e+03   6.8116726e+01   3.9388752e+01   3.6011630e+00   1.0041608e+02
    4.9966323e+01  -1.2950377e+03   6.8116726e+01   3.9388752e+01   3.6011630e+00   1.0041608e+02
    4.9966323e+01  -1.2950377e+03   6.8116726e+01   3.9388752e+01   3.6011630e+00   1.0041608e+02
    4.9966323e+01  -1.2950377e+03   6.8116726e+01   3.9388752e+01   3.6011630e+00   1.0041608e+02
    4.6128825e+01  -1.2757376e+03   6.4061871e+01   4.1153512e+01   3.6206640e+00   1.1511832e+02
    4.6405987e+01  -1.2854794e+03   5.9634307e+01   4.4345105e+01   3.6561921e+00   1.0705728e+02
    4.8082144e+01  -1.3067813e+03   6.2004519e+01   4.1977662e+01   3.6286695e+00   1.0119785e+02
    4.7175454e+01  -1.3229642e+03   5.0193233e+01   5.1143336e+01   3.6586253e+00   1.1041812e+02
    4.7385181e+01  -1.3009897e+03   5.1781386e+01   5.0130992e+01   3.6580096e+00   1.1326928e+02
    4.7385181e+01  -1.3009897e+03   5.1781386e+01   5.0130992e+01   3.6580096e+00   1.1326928e+02
    4.7385181e+01  -1.3009897e+03   5.1781386e+01   5.0130992e+01   3.6580096e+00   1.1326928e+02
    4.8281360e+01  -1.2570864e+03   5.9305598e+01   4.4823273e+01   3.6217273e+00   1.0945816e+02
    5.0699471e+01  -1.2867480e+03   6.1154718e+01   4.2681599e+01   3.5931853e+00   1.0668173e+02
    4.8221330e+01  -1.2797208e+03   6.0349769e+01   4.2442893e+01   3.5848753e+00   1.0523316e+02
    4.8211460e+01  -1.2921224e+03   5.5254254e+01   4.5040738e+01   3.5796591e+00   1.0923397e+02
    4.8211460e+01  -1.2921224e+03   5.5254254e+01   4.5040738e+01   3.5796591e+00   1.0923397e+02
    5.0111267e+01  -1.3068556e+03   6.1532311e+01   4.1795673e+01   3.5835957e+00   1.0737152e+02
    4.8192819e+01  -1.2452011e+03   6.8954846e+01   3.9602599e+01   3.5794518e+00   1.0485377e+02
    4.8192819e+01  -1.2452011e+03   6.8954846e+01   3.9602599e+01   3.5794518e+00   1.0485377e+02
    4.8167549e+01  -1.2729813e+03   6.6993696e+01   3.9987659e+01   3.6046746e+00   9.8593872e+01
    4.8167549e+01  -1.2729813e+03   6.6993696e+01   3.9987659e+01   3.6046746e+00   9.8593872e+01
    4.8167549e+01  -1.2729813e+03   6.6993696e+01   3.9987659e+01   3.6046746e+00   9.8593872e+01
    4.7926635e+01  -1.2541311e+03   7.6655183e+01   3.7145667e+01   3.5875822e+00   9.7472954e+01
    4.8724932e+01  -1.3032845e+03   7.2966615e+01   3.8043211e+01   3.6162123e+00   9.5403566e+01
    4.8724932e+01  -1.3032845e+03   7.2966615e+01   3.8043211e+01   3.6162123e+00   9.5403566e+01
    4.9397859e+01  -1.3020222e+03   7.9465460e+01   3.5992248e+01   3.6101766e+00   9.3109994e+01
    4.7933629e+01  -1.2614821e+03   8.0685118e+01   3.6097630e+01   3.5989313e+00   9.4991604e+01
    5.1073454e+01  -1.2749412e+03   8.9866995e+01   3.4471685e+01   3.5903686e+00   9.3525788e+01
    5.2385258e+01  -1.2445747e+03   1.1475308e+02   3.1928901e+01   3.5720269e+00   9.3491298e+01
    4.9310850e+01  -1.2296313e+03   1.1014644e+02   3.2102820e+01   3.5760892e+00   9.1111502e+01
    5.1241402e+01  -1.2525498e+03   9.4388495e+01   3.4458337e+01   3.5941240e+00   9.3111910e+01
    5.1241402e+01  -1.2525498e+03   9.4388495e+01   3.4458337e+01   3.5941240e+00   9.3111910e+01
    5.1241402e+01  -1.2525498e+03   9.4388495e+01   3.4458337e+01   3.5941240e+00   9.3111910e+01
    5.1241402e+01  -1.2525498e+03   9.4388495e+01   3.4458337e+01   3.5941240e+00   9.3111910e+01
    5.1241402e+01  -1.2525498e+03   9.4388495e+01   3.4458337e+01   3.5941240e+00   9.3111910e+01
    5.1241402e+01  -1.2525498e+03   9.4388495e+01   3.4458337e+01   3.5941240e+00   9.3111910e+01
    5.1241402e+01  -1.2525498e+03   9.4388495e+01   3.4458337e+01   3.5941240e+00   9.3111910e+01
    5.1241402e+01  -1.2525498e+03   9.4388495e+01   3.4458337e+01   3.5941240e+00   9.3111910e+01
    5.1241402e+01  -1.2525498e+03   9.4388495e+01   3.4458337e+01   3.5941240e+00   9.3111910e+01
    5.1241402e+01  -1.2525498e+03   9.4388495e+01   3.4458337e+01   3.5941240e+00   9.3111910e+01
    5.1241402e+01  -1.2525498e+03   9.4388495e+01   3.4458337e+01   3.5941240e+00   9.3111910e+01
    5.1241402e+01  -1.2525498e+03   9.4388495e+01   3.4458337e+01   3.5941240e+00   9.3111910e+01
    5.1241402e+01  -1.2525498e+03   9.4388495e+01   3.4458337e+01   3.5941240e+00   9.3111910e+01
    5.1241402e+01  -1.2525498e+03   9.4388495e+01   3.4458337e+01   3.5941240e+00   9.3111910e+01
    5.1241402e+01  -1.2525498e+03   9.4388495e+01   3.4458337e+01   3.5941240e+00   9.3111910e+01
    5.1241402e+01  -1.2525498e+03   9.4388495e+01   3.4458337e+01   3.5941240e+00   9.3111910e+01
    4.9460009e+01  -1.2363102e+03   8.9141230e+01   3.5563716e+01   3.6236724e+00   9.7835096e+01
    5.2212857e+01  -1.2185564e+03   1.1355742e+02   3.3069571e+01   3.6065637e+00   9.8844881e+01
    5.0288868e+01  -1.2267300e+03   9.0096001e+01   3.5283619e+01   3.5853625e+00   1.0060386e+02
    5.1831076e+01  -1.2348959e+03   9.5475607e+01   3.4397226e+01   3.5644600e+00   9.9914065e+01
    5.1831076e+01  -1.2348959e+03   9.5475607e+01   3.4397226e+01   3.5644600e+00   9.9914065e+01
    5.1831076e+01  -1.2348959e+03   9.5475607e+01   3.4397226e+01   3.5644600e+00   9.9914065e+01
    5.4698753e+01  -1.2676975e+03   8.6240335e+01   3.6092640e+01   3.5740322e+00   9.4033554e+01
    5.4698753e+01  -1.2676975e+03   8.6240335e+01   3.6092640e+01   3.5740322e+00   9.4033554e+01
    5.4698753e+01  -1.2676975e+03   8.6240335e+01   3.6092640e+01   3.5740322e+00   9.4033554e+01
    5.4281644e+01  -1.2523662e+03   1.0427374e+02   3.3413835e+01   3.5543484e+00   9.8670516e+01
    5.5720156e+01  -1.2600085e+03   9.1452599e+01   3.6062808e+01   3.5893389e+00   1.0287061e+02
    5.7949362e+01  -1.2334253e+03   1.1223609e+02   3.4243654e+01   3.5829961e+00   9.9938974e+01
    5.7949362e+01  -1.2334253e+03   1.1223609e+02   3.4243654e+01   3.5829961e+00   9.9938974e+01
    5.7949362e+01  -1.2334253e+03   1.1223609e+02   3.4243654e+01   3.5829961e+00   9.9938974e+01
    5.7546327e+01  -1.2073700e+03   1.2912616e+02   3.3226154e+01   3.5751367e+00   1.0071499e+02
    5.7546327e+01  -1.2073700e+03   1.2912616e+02   3.3226154e+01   3.5751367e+00   1.0071499e+02
    5.5839110e+01  -1.2591605e+03   9.3057228e+01   3.6298660e+01   3.5841754e+00   1.0041417e+02
    5.9441956e+01  -1.2160407e+03   1.5583486e+02   3.1344972e+01   3.5327219e+00   9.7748872e+01
    5.9441956e+01  -1.2160407e+03   1.5583486e+02   3.1344972e+01   3.5327219e+00   9.7748872e+01
    5.9441956e+01  -1.2160407e+03   1.5583486e+02   3.1344972e+01   3.5327219e+00   9.7748872e+01
    5.9441956e+01  -1.2160407e+03   1.5583486e+02   3.1344972e+01   3.5327219e+00   9.7748872e+01
    5.9441956e+01  -1.2160407e+03   1.5583486e+02   3.1344972e+01   3.5327219e+00   9.7748872e+01
    5.9441956e+01  -1.2160407e+03   1.5583486e+02   3.1344972e+01   3.5327219e+00   9.7748872e+01
    5.9441956e+01  -1.2160407e+03   1.5583486e+02   3.1344972e+01   3.5327219e+00   9.7748872e+01
    5.9441956e+01  -1.2160407e+03   1.5583486e+02   3.1344972e+01   3.5327219e+00   9.7748872e+01
    5.9441956e+01  -1.2160407e+03   1.5583486e+02   3.1344972e+01   3.5327219e+00   9.7748872e+01
    5.9441956e+01  -1.2160407e+03   1.5583486e+02   3.1344972e+01   3.5327219e+00   9.7748872e+01
    5.9441956e+01  -1.2160407e+03   1.5583486e+02   3.1344972e+01   3.5327219e+00   9.7748872e+01
    5.4457170e+01  -1.2051331e+03   1.2233679e+02   3.2835702e+01   3.5637049e+00   1.0285336e+02
    5.7669404e+01  -1.2294366e+03   1.1966789e+02   3.2749007e+01   3.5322471e+00   9.6878963e+01
    5.7669404e+01  -1.2294366e+03   1.1966789e+02   3.2749007e+01   3.5322471e+00   9.6878963e+01
    5.6540611e+01  -1.1880087e+03   1.3421839e+02   3.2478047e+01   3.5472396e+00   9.8335198e+01
    5.7407545e+01  -1.2214185e+03   1.2932178e+02   3.2319090e+01   3.5566936e+00   9.9810595e+01
    5.7407545e+01  -1.2214185e+03   1.2932178e+02   3.2319090e+01   3.5566936e+00   9.9810595e+01
    5.7407545e+01  -1.2214185e+03   1.2932178e+02   3.2319090e+01   3.5566936e+00   9.9810595e+01
    5.7407545e+01  -1.2214185e+03   1.2932178e+02   3.2319090e+01   3.5566936e+00   9.9810595e+01
    5.7319245e+01  -1.2441147e+03   1.1338194e+02   3.3170162e+01   3.5517646e+00   1.0010376e+02
    5.2333331e+01  -1.2051509e+03   1.1808919e+02   3.2411614e+01   3.5501231e+00   1.0166346e+02
    5.2333331e+01  -1.2051509e+03   1.1808919e+02   3.2411614e+01   3.5501231e+00   1.0166346e+02
    5.2333331e+01  -1.2051509e+03   1.1808919e+02   3.2411614e+01   3.5501231e+00   1.0166346e+02
    5.6877369e+01  -1.2476445e+03   1.1246737e+02   3.2930452e+01   3.5472015e+00   1.0277672e+02
    5.6877369e+01  -1.2476445e+03   1.1246737e+02   3.2930452e+01   3.5472015e+00   1.0277672e+02
    5.4522511e+01  -1.2284937e+03   1.1545419e+02   3.2285859e+01   3.5336224e+00   1.0061152e+02
    5.2292433e+01  -1.2393933e+03   9.8076355e+01   3.3916811e+01   3.5606388e+00   1.0344927e+02
    5.2292433e+01  -1.2393933e+03   9.8076355e+01   3.3916811e+01   3.5606388e+00   1.0344927e+02
    5.4206821e+01  -1.2178359e+03   1.3342675e+02   3.0865048e+01   3.5226636e+00   9.9586412e+01
    5.4206821e+01  -1.2178359e+03   1.3342675e+02   3.0865048e+01   3.5226636e+00   9.9586412e+01
    5.3515285e+01  -1.2183182e+03   1.1774400e+02   3.1635387e+01   3.5051962e+00   1.0165580e+02
    5.5869978e+01  -1.2412591e+03   1.1601939e+02   3.1754648e+01   3.5045959e+00   1.1350304e+02
    5.6380691e+01  -1.2517630e+03   1.2217324e+02   3.1423587e+01   3.5099026e+00   1.0762253e+02
    5.6380691e+01  -1.2517630e+03   1.2217324e+02   3.1423587e+01   3.5099026e+00   1.0762253e+02
    5.2025094e+01  -1.2161514e+03   1.2057154e+02   3.1605851e+01   3.5189189e+00   1.0412565e+02
    5.4878022e+01  -1.2261307e+03   1.5023943e+02   3.0078183e+01   3.4998134e+00   9.5233033e+01
    5.4878022e+01  -1.2261307e+03   1.5023943e+02   3.0078183e+01   3.4998134e+00   9.5233033e+01
    5.4878022e+01  -1.2261307e+03   1.5023943e+02   3.0078183e+01   3.4998134e+00   9.5233033e+01
    5.4878022e+01  -1.2261307e+03   1.5023943e+02   3.0078183e+01   3.4998134e+00   9.5233033e+01
    5.4878022e+01  -1.2261307e+03   1.5023943e+02   3.0078183e+01   3.4998134e+00   9.5233033e+01
    5.4878022e+01  -1.2261307e+03   1.5023943e+02   3.0078183e+01   3.4998134e+00   9.5233033e+01
    5.4878022e+01  -1.2261307e+03   1.5023943e+02   3.0078183e+01   3.4998134e+00   9.5233033e+01
    5.4878022e+01  -1.2261307e+03   1.5023943e+02   3.0078183e+01   3.4998134e+00   9.5233033e+01
    5.4878022e+01  -1.2261307e+03   1.5023943e+02   3.0078183e+01   3.4998134e+00   9.5233033e+01
    5.4878022e+01  -1.2261307e+03   1.5023943e+02   3.0078183e+01   3.4998134e+00   9.5233033e+01
    5.4878022e+01  -1.2261307e+03   1.5023943e+02   3.0078183e+01   3.4998134e+00   9.5233033e+01
    5.5519618e+01  -1.2141076e+03   1.7976588e+02   2.9395752e+01   3.5072692e+00   9.6279223e+01
    5.2943495e+01  -1.2260085e+03   1.5086482e+02   3.0049075e+01   3.5230956e+00   9.6882795e+01
    5.4203860e+01  -1.2155122e+03   1.7730587e+02   2.9474545e+01   3.5231433e+00   9.6537897e+01
    5.4203860e+01  -1.2155122e+03   1.7730587e+02   2.9474545e+01   3.5231433e+00   9.6537897e+01
    5.4203860e+01  -1.2155122e+03   1.7730587e+02   2.9474545e+01   3.5231433e+00   9.6537897e+01
    5.4203860e+01  -1.2155122e+03   1.7730587e+02   2.9474545e+01   3.5231433e+00   9.6537897e+01
    5.4203860e+01  -1.2155122e+03   1.7730587e+02   2.9474545e+01   3.5231433e+00   9.6537897e+01
    5.4203860e+01  -1.2155122e+03   1.7730587e+02   2.9474545e+01   3.5231433e+00   9.6537897e+01
    5.8279403e+01  -1.2372219e+03   1.9799707e+02   2.8986730e+01   3.5037716e+00   1.0052147e+02
    5.8895964e+01  -1.2275728e+03   2.3274389e+02   2.8601923e+01   3.4962413e+00   1.1708807e+02
    5.5186336e+01  -1.2372403e+03   1.3873507e+02   3.2145163e+01   3.5762210e+00   1.0338412e+02
    5.5388512e+01  -1.2437745e+03   1.4102731e+02   3.2098609e+01   3.5990234e+00   1.0093535e+02
    5.5388512e+01  -1.2437745e+03   1.4102731e+02   3.2098609e+01   3.5990234e+00   1.0093535e+02
    5.5388512e+01  -1.2437745e+03   1.4102731e+02   3.2098609e+01   3.5990234e+00   1.0093535e+02
    5.8883239e+01  -1.2249708e+03   2.5905527e+02   2.9326562e+01   3.5908347e+00   1.0000412e+02
    5.8502012e+01  -1.2259919e+03   2.3462092e+02   2.9619642e+01   3.5857708e+00   1.0541902e+02
    5.7393464e+01  -1.2002854e+03   3.3439454e+02   2.8376615e+01   3.5714128e+00   9.8306457e+01
    5.4527288e+01  -1.1884755e+03   2.1472915e+02   2.9898309e+01   3.5876196e+00   1.0610498e+02
    5.4081692e+01  -1.2072605e+03   1.5091889e+02   3.1724733e+01   3.5996136e+00   9.0860493e+01
    5.4081692e+01  -1.2072605e+03   1.5091889e+02   3.1724733e+01   3.5996136e+00   9.0860493e+01
    5.4081692e+01  -1.2072605e+03   1.5091889e+02   3.1724733e+01   3.5996136e+00   9.0860493e+01
    5.5409042e+01  -1.1856239e+03   1.5162653e+02   3.2280220e+01   3.6077445e+00   9.0437035e+01
    5.5409042e+01  -1.1856239e+03   1.5162653e+02   3.2280220e+01   3.6077445e+00   9.0437035e+01
    5.5409042e+01  -1.1856239e+03   1.5162653e+02   3.2280220e+01   3.6077445e+00   9.0437035e+01
    5.5409042e+01  -1.1856239e+03   1.5162653e+02   3.2280220e+01   3.6077445e+00   9.0437035e+01
    5.4713887e+01  -1.2308809e+03   1.2349862e+02   3.3716341e+01   3.6464032e+00   1.0647096e+02
    5.6950379e+01  -1.2093592e+03   1.5274113e+02   3.2225853e+01   3.6236002e+00   8.9722330e+01
    5.6950379e+01  -1.2093592e+03   1.5274113e+02   3.2225853e+01   3.6236002e+00   8.9722330e+01
    5.6950379e+01  -1.2093592e+03   1.5274113e+02   3.2225853e+01   3.6236002e+00   8.9722330e+01
    5.6950379e+01  -1.2093592e+03   1.5274113e+02   3.2225853e+01   3.6236002e+00   8.9722330e+01
    5.6950379e+01  -1.2093592e+03   1.5274113e+02   3.2225853e+01   3.6236002e+00   8.9722330e+01
    5.6950379e+01  -1.2093592e+03   1.5274113e+02   3.2225853e+01   3.6236002e+00   8.9722330e+01
    5.6950379e+01  -1.2093592e+03   1.5274113e+02   3.2225853e+01   3.6236002e+00   8.9722330e+01
    5.6950379e+01  -1.2093592e+03   1.5274113e+02   3.2225853e+01   3.6236002e+00   8.9722330e+01
    5.6950379e+01  -1.2093592e+03   1.5274113e+02   3.2225853e+01   3.6236002e+00   8.9722330e+01
    5.6950379e+01  -1.2093592e+03   1.5274113e+02   3.2225853e+01   3.6236002e+00   8.9722330e+01
    5.7757010e+01  -1.1688759e+03   1.7450416e+02   3.2427977e+01   3.6377871e+00   9.5351831e+01
    5.7757010e+01  -1.1688759e+03   1.7450416e+02   3.2427977e+01   3.6377871e+00   9.5351831e+01
    5.7757010e+01  -1.1688759e+03   1.7450416e+02   3.2427977e+01   3.6377871e+00   9.5351831e+01
    5.7757010e+01  -1.1688759e+03   1.7450416e+02   3.2427977e+01   3.6377871e+00   9.5351831e+01
    5.7757010e+01  -1.1688759e+03   1.7450416e+02   3.2427977e+01   3.6377871e+00   9.5351831e+01
    5.7757010e+01  -1.1688759e+03   1.7450416e+02   3.2427977e+01   3.6377871e+00   9.5351831e+01
    5.7757010e+01  -1.1688759e+03   1.7450416e+02   3.2427977e+01   3.6377871e+00   9.5351831e+01
    5.7757010e+01  -1.1688759e+03   1.7450416e+02   3.2427977e+01   3.6377871e+00   9.5351831e+01
    5.7757010e+01  -1.1688759e+03   1.7450416e+02   3.2427977e+01   3.6377871e+00   9.5351831e+01
    5.7757010e+01  -1.1688759e+03   1.7450416e+02   3.2427977e+01   3.6377871e+00   9.5351831e+01
    5.7757010e+01  -1.1688759e+03   1.7450416e+02   3.2427977e+01   3.6377871e+00   9.5351831e+01
    5.7757010e+01  -1.1688759e+03   1.7450416e+02   3.2427977e+01   3.6377871e+00   9.5351831e+01
    5.7757010e+01  -1.1688759e+03   1.7450416e+02   3.2427977e+01   3.6377871e+00   9.5351831e+01
    5.7757010e+01  -1.1688759e+03   1.7450416e+02   3.2427977e+01   3.6377871e+00   9.5351831e+01
    5.7757010e+01  -1.1688759e+03   1.7450416e+02   3.2427977e+01   3.6377871e+00   9.5351831e+01
    5.7757010e+01  -1.1688759e+03   1.7450416e+02   3.2427977e+01   3.6377871e+00   9.5351831e+01
    5.9305250e+01  -1.1584669e+03   1.9092722e+02   3.2661625e+01   3.6551421e+00   9.5696729e+01
    5.7916884e+01  -1.1788757e+03   1.3633297e+02   3.4775740e+01   3.6697121e+00   1.0042183e+02
    5.7916884e+01  -1.1788757e+03   1.3633297e+02   3.4775740e+01   3.6697121e+00   1.0042183e+02
    5.7916884e+01  -1.1788757e+03   1.3633297e+02   3.4775740e+01   3.6697121e+00   1.0042183e+02
    5.7916884e+01  -1.1788757e+03   1.3633297e+02   3.4775740e+01   3.6697121e+00   1.0042183e+02
    5.7916884e+01  -1.1788757e+03   1.3633297e+02   3.4775740e+01   3.6697121e+00   1.0042183e+02
    5.7916884e+01  -1.1788757e+03   1.3633297e+02   3.4775740e+01   3.6697121e+00   1.0042183e+02
    5.7916884e+01  -1.1788757e+03   1.3633297e+02   3.4775740e+01   3.6697121e+00   1.0042183e+02
    5.7916884e+01  -1.1788757e+03   1.3633297e+02   3.4775740e+01   3.6697121e+00   1.0042183e+02
    5.7916884e+01  -1.1788757e+03   1.3633297e+02   3.4775740e+01   3.6697121e+00   1.0042183e+02
    5.7916884e+01  -1.1788757e+03   1.3633297e+02   3.4775740e+01   3.6697121e+00   1.0042183e+02
    5.7916884e+01  -1.1788757e+03   1.3633297e+02   3.4775740e+01   3.6697121e+00   1.0042183e+02
    5.7916884e+01  -1.1788757e+03   1.3633297e+02   3.4775740e+01   3.6697121e+00   1.0042183e+02
    5.7916884e+01  -1.1788757e+03   1.3633297e+02   3.4775740e+01   3.6697121e+00   1.0042183e+02
    5.7916884e+01  -1.1788757e+03   1.3633297e+02   3.4775740e+01   3.6697121e+00   1.0042183e+02
    5.7916884e+01  -1.1788757e+03   1.3633297e+02   3.4775740e+01   3.6697121e+00   1.0042183e+02
    5.7916884e+01  -1.1788757e+03   1.3633297e+02   3.4775740e+01   3.6697121e+00   1.0042183e+02
    5.7916884e+01  -1.1788757e+03   1.3633297e+02   3.4775740e+01   3.6697121e+00   1.0042183e+02
    5.7916884e+01  -1.1788757e+03   1.3633297e+02   3.4775740e+01   3.6697121e+00   1.0042183e+02
    5.9512959e+01  -1.1634230e+03   1.9019114e+02   3.2466069e+01   3.6635426e+00   9.9766525e+01
    5.9512959e+01  -1.1634230e+03   1.9019114e+02   3.2466069e+01   3.6635426e+00   9.9766525e+01
    5.9512959e+01  -1.1634230e+03   1.9019114e+02   3.2466069e+01   3.6635426e+00   9.9766525e+01
    5.9512959e+01  -1.1634230e+03   1.9019114e+02   3.2466069e+01   3.6635426e+00   9.9766525e+01
    5.9512959e+01  -1.1634230e+03   1.9019114e+02   3.2466069e+01   3.6635426e+00   9.9766525e+01
    5.9512959e+01  -1.1634230e+03   1.9019114e+02   3.2466069e+01   3.6635426e+00   9.9766525e+01
    5.9512959e+01  -1.1634230e+03   1.9019114e+02   3.2466069e+01   3.6635426e+00   9.9766525e+01
    5.9512959e+01  -1.1634230e+03   1.9019114e+02   3.2466069e+01   3.6635426e+00   9.9766525e+01
    5.5885853e+01  -1.2055948e+03   1.1034102e+02   3.6435152e+01   3.7114020e+00   9.8128260e+01
    5.4348680e+01  -1.2097350e+03   1.0704931e+02   3.6636192e+01   3.7106174e+00   9.2627137e+01
    5.1622242e+01  -1.1852202e+03   1.1015965e+02   3.6582547e+01   3.7353032e+00   1.0043908e+02
    5.3658272e+01  -1.2496544e+03   9.3856275e+01   3.8418687e+01   3.7529398e+00   9.5300096e+01
    5.3658272e+01  -1.2496544e+03   9.3856275e+01   3.8418687e+01   3.7529398e+00   9.5300096e+01
    5.3658272e+01  -1.2496544e+03   9.3856275e+01   3.8418687e+01   3.7529398e+00   9.5300096e+01
    5.3658272e+01  -1.2496544e+03   9.3856275e+01   3.8418687e+01   3.7529398e+00   9.5300096e+01
    5.4642004e+01  -1.1786580e+03   1.7321871e+02   3.2473136e+01   3.7123894e+00   9.5809779e+01
    5.6883736e+01  -1.1852670e+03   1.8666671e+02   3.2206255e+01   3.7094263e+00   9.6369280e+01
    5.6883736e+01  -1.1852670e+03   1.8666671e+02   3.2206255e+01   3.7094263e+00   9.6369280e+01
    5.6883736e+01  -1.1852670e+03   1.8666671e+02   3.2206255e+01   3.7094263e+00   9.6369280e+01
    5.6883736e+01  -1.1852670e+03   1.8666671e+02   3.2206255e+01   3.7094263e+00   9.6369280e+01
    5.8085884e+01  -1.1522720e+03   2.4167543e+02   3.1302457e+01   3.6675762e+00   9.5162137e+01
    5.5957183e+01  -1.1893505e+03   1.2674722e+02   3.5305412e+01   3.7039290e+00   9.0860493e+01
    5.4710934e+01  -1.1657290e+03   1.3439112e+02   3.4997522e+01   3.7104928e+00   9.3523872e+01
    5.4710934e+01  -1.1657290e+03   1.3439112e+02   3.4997522e+01   3.7104928e+00   9.3523872e+01
    5.4710934e+01  -1.1657290e+03   1.3439112e+02   3.4997522e+01   3.7104928e+00   9.3523872e+01
    5.4144155e+01  -1.1813845e+03   1.0968266e+02   3.7124370e+01   3.7361608e+00   9.8620697e+01
    5.8114213e+01  -1.1615283e+03   1.5086193e+02   3.3645160e+01   3.6616998e+00   9.6844473e+01
    5.8114213e+01  -1.1615283e+03   1.5086193e+02   3.3645160e+01   3.6616998e+00   9.6844473e+01
    5.8114213e+01  -1.1615283e+03   1.5086193e+02   3.3645160e+01   3.6616998e+00   9.6844473e+01
    5.7752855e+01  -1.1717461e+03   1.2087138e+02   3.5794885e+01   3.6779190e+00   1.0114612e+02
    5.7752855e+01  -1.1717461e+03   1.2087138e+02   3.5794885e+01   3.6779190e+00   1.0114612e+02
    5.7697836e+01  -1.1898918e+03   1.0624524e+02   3.6832448e+01   3.6610456e+00   1.0374243e+02
    5.7697836e+01  -1.1898918e+03   1.0624524e+02   3.6832448e+01   3.6610456e+00   1.0374243e+02
    5.8405535e+01  -1.1587749e+03   1.3530188e+02   3.3917054e+01   3.6302550e+00   9.4489586e+01
    5.8405535e+01  -1.1587749e+03   1.3530188e+02   3.3917054e+01   3.6302550e+00   9.4489586e+01
    5.8405535e+01  -1.1587749e+03   1.3530188e+02   3.3917054e+01   3.6302550e+00   9.4489586e+01
    5.8405535e+01  -1.1587749e+03   1.3530188e+02   3.3917054e+01   3.6302550e+00   9.4489586e+01
    5.8848492e+01  -1.1364664e+03   2.5771186e+02   2.9584847e+01   3.5865471e+00   1.0065751e+02
    5.8848492e+01  -1.1364664e+03   2.5771186e+02   2.9584847e+01   3.5865471e+00   1.0065751e+02
    5.8848492e+01  -1.1364664e+03   2.5771186e+02   2.9584847e+01   3.5865471e+00   1.0065751e+02
    5.8848492e+01  -1.1364664e+03   2.5771186e+02   2.9584847e+01   3.5865471e+00   1.0065751e+02
    5.8889896e+01  -1.1958056e+03   1.8177246e+02   3.0725217e+01   3.6091738e+00   9.3774881e+01
    5.8889896e+01  -1.1958056e+03   1.8177246e+02   3.0725217e+01   3.6091738e+00   9.3774881e+01
    5.8889896e+01  -1.1958056e+03   1.8177246e+02   3.0725217e+01   3.6091738e+00   9.3774881e+01
    5.9793544e+01  -1.1731617e+03   2.5520726e+02   2.8992706e+01   3.5718687e+00   9.1540709e+01
    5.9793544e+01  -1.1731617e+03   2.5520726e+02   2.8992706e+01   3.5718687e+00   9.1540709e+01
    5.9793544e+01  -1.1731617e+03   2.5520726e+02   2.8992706e+01   3.5718687e+00   9.1540709e+01
    5.9793544e+01  -1.1731617e+03   2.5520726e+02   2.8992706e+01   3.5718687e+00   9.1540709e+01
    5.9793544e+01  -1.1731617e+03   2.5520726e+02   2.8992706e+01   3.5718687e+00   9.1540709e+01
    5.9793544e+01  -1.1731617e+03   2.5520726e+02   2.8992706e+01   3.5718687e+00   9.1540709e+01
    5.7282523e+01  -1.1732499e+03   1.9773113e+02   3.0012523e+01   3.5988470e+00   9.5558770e+01
    5.7282523e+01  -1.1732499e+03   1.9773113e+02   3.0012523e+01   3.5988470e+00   9.5558770e+01
    5.7282523e+01  -1.1732499e+03   1.9773113e+02   3.0012523e+01   3.5988470e+00   9.5558770e+01
    5.7282523e+01  -1.1732499e+03   1.9773113e+02   3.0012523e+01   3.5988470e+00   9.5558770e+01
    5.7282523e+01  -1.1732499e+03   1.9773113e+02   3.0012523e+01   3.5988470e+00   9.5558770e+01
    5.7168852e+01  -1.1810693e+03   2.0197180e+02   3.0294965e+01   3.6255869e+00   9.6300300e+01
    5.7168852e+01  -1.1810693e+03   2.0197180e+02   3.0294965e+01   3.6255869e+00   9.6300300e+01
    5.7168852e+01  -1.1810693e+03   2.0197180e+02   3.0294965e+01   3.6255869e+00   9.6300300e+01
    5.6014496e+01  -1.1901764e+03   1.7600123e+02   3.0873764e+01   3.6480036e+00   9.2816831e+01
    5.6014496e+01  -1.1901764e+03   1.7600123e+02   3.0873764e+01   3.6480036e+00   9.2816831e+01
    5.6014496e+01  -1.1901764e+03   1.7600123e+02   3.0873764e+01   3.6480036e+00   9.2816831e+01
    5.5977831e+01  -1.2001139e+03   1.7098596e+02   3.0805872e+01   3.6460705e+00   9.1230300e+01
    5.5977831e+01  -1.2001139e+03   1.7098596e+02   3.0805872e+01   3.6460705e+00   9.1230300e+01
    5.5977831e+01  -1.2001139e+03   1.7098596e+02   3.0805872e+01   3.6460705e+00   9.1230300e+01
    5.5977831e+01  -1.2001139e+03   1.7098596e+02   3.0805872e+01   3.6460705e+00   9.1230300e+01
    5.5977831e+01  -1.2001139e+03   1.7098596e+02   3.0805872e+01   3.6460705e+00   9.1230300e+01
    5.5977831e+01  -1.2001139e+03   1.7098596e+02   3.0805872e+01   3.6460705e+00   9.1230300e+01
    5.5570625e+01  -1.2034484e+03   1.6282484e+02   3.1255536e+01   3.6635442e+00   9.7490198e+01
    5.4975372e+01  -1.1934601e+03   1.7308828e+02   3.1145974e+01   3.6884606e+00   9.3799790e+01
    5.4975372e+01  -1.1934601e+03   1.7308828e+02   3.1145974e+01   3.6884606e+00   9.3799790e+01
    5.2445676e+01  -1.2058677e+03   1.4269689e+02   3.2263477e+01   3.7171243e+00   9.5679484e+01
    5.2445676e+01  -1.2058677e+03   1.4269689e+02   3.2263477e+01   3.7171243e+00   9.5679484e+01
    5.5309872e+01  -1.2146040e+03   1.8130777e+02   3.0968379e+01   3.7183695e+00   9.7541933e+01
    5.5251261e+01  -1.2040559e+03   2.1502560e+02   2.9873718e+01   3.7133840e+00   9.5869178e+01
    5.5251261e+01  -1.2040559e+03   2.1502560e+02   2.9873718e+01   3.7133840e+00   9.5869178e+01
    5.1643125e+01  -1.1745254e+03   1.8813142e+02   3.0697262e+01   3.7297581e+00   9.7327330e+01
    5.0433503e+01  -1.2020077e+03   1.5472479e+02   3.1543318e+01   3.7401340e+00   9.4612217e+01
    5.0433503e+01  -1.2020077e+03   1.5472479e+02   3.1543318e+01   3.7401340e+00   9.4612217e+01
    5.0433503e+01  -1.2020077e+03   1.5472479e+02   3.1543318e+01   3.7401340e+00   9.4612217e+01
    5.0433503e+01  -1.2020077e+03   1.5472479e+02   3.1543318e+01   3.7401340e+00   9.4612217e+01
    5.0433503e+01  -1.2020077e+03   1.5472479e+02   3.1543318e+01   3.7401340e+00   9.4612217e+01
    5.0097275e+01  -1.2285251e+03   1.5775110e+02   3.1415632e+01   3.7647256e+00   9.4137024e+01
    5.0097275e+01  -1.2285251e+03   1.5775110e+02   3.1415632e+01   3.7647256e+00   9.4137024e+01
    5.0097275e+01  -1.2285251e+03   1.5775110e+02   3.1415632e+01   3.7647256e+00   9.4137024e+01
    5.0097275e+01  -1.2285251e+03   1.5775110e+02   3.1415632e+01   3.7647256e+00   9.4137024e+01
    5.0097275e+01  -1.2285251e+03   1.5775110e+02   3.1415632e+01   3.7647256e+00   9.4137024e+01
    5.0097275e+01  -1.2285251e+03   1.5775110e+02   3.1415632e+01   3.7647256e+00   9.4137024e+01
    5.0097275e+01  -1.2285251e+03   1.5775110e+02   3.1415632e+01   3.7647256e+00   9.4137024e+01
    5.0097275e+01  -1.2285251e+03   1.5775110e+02   3.1415632e+01   3.7647256e+00   9.4137024e+01
    4.9524259e+01  -1.2671764e+03   1.2246627e+02   3.2597104e+01   3.7400167e+00   9.7120391e+01
    4.9524259e+01  -1.2671764e+03   1.2246627e+02   3.2597104e+01   3.7400167e+00   9.7120391e+01
    4.7763229e+01  -1.2489727e+03   1.2719102e+02   3.2433229e+01   3.7427818e+00   9.6767829e+01
    4.6022835e+01  -1.2522407e+03   1.2045331e+02   3.1981956e+01   3.7177208e+00   9.9645811e+01
    5.2409405e+01  -1.2744758e+03   1.4231536e+02   3.0977255e+01   3.7001800e+00   9.6603044e+01
    4.6965774e+01  -1.2259855e+03   1.4937547e+02   3.0308828e+01   3.6825664e+00   9.4301808e+01
    4.6965774e+01  -1.2259855e+03   1.4937547e+02   3.0308828e+01   3.6825664e+00   9.4301808e+01
    5.1971786e+01  -1.2778943e+03   1.7559633e+02   2.9861354e+01   3.7238560e+00   9.3619677e+01
    5.1971786e+01  -1.2778943e+03   1.7559633e+02   2.9861354e+01   3.7238560e+00   9.3619677e+01
    4.7933523e+01  -1.2575755e+03   1.9378220e+02   2.8870114e+01   3.7048295e+00   1.0628893e+02
    4.7933523e+01  -1.2575755e+03   1.9378220e+02   2.8870114e+01   3.7048295e+00   1.0628893e+02
    4.7933523e+01  -1.2575755e+03   1.9378220e+02   2.8870114e+01   3.7048295e+00   1.0628893e+02
    4.7933523e+01  -1.2575755e+03   1.9378220e+02   2.8870114e+01   3.7048295e+00   1.0628893e+02
    4.7765179e+01  -1.2516190e+03   2.3607217e+02   2.8028845e+01   3.6980955e+00   1.0596511e+02
    4.6464845e+01  -1.2827446e+03   1.5737840e+02   2.9957031e+01   3.7318427e+00   1.0389572e+02
    4.1731147e+01  -1.2623421e+03   1.1158420e+02   3.2705942e+01   3.7588831e+00   1.0575434e+02
    4.1515383e+01  -1.2989912e+03   9.4210110e+01   3.4378760e+01   3.7715915e+00   9.5225368e+01
    4.2760016e+01  -1.3131409e+03   8.7870242e+01   3.5546868e+01   3.7717733e+00   9.1693997e+01
    3.6961065e+01  -1.3135773e+03   7.1275959e+01   3.8342486e+01   3.7733031e+00   9.2625221e+01
    3.8727115e+01  -1.3347319e+03   7.0093846e+01   3.8623450e+01   3.7752580e+00   9.1038690e+01
    3.6496644e+01  -1.3139637e+03   6.8331151e+01   3.8093409e+01   3.7461922e+00   8.7227568e+01
    4.0497526e+01  -1.3390845e+03   6.2044814e+01   4.1938476e+01   3.7717492e+00   8.6016593e+01
    4.0497526e+01  -1.3390845e+03   6.2044814e+01   4.1938476e+01   3.7717492e+00   8.6016593e+01
    4.1531383e+01  -1.3206515e+03   6.4443935e+01   4.1230786e+01   3.7547799e+00   1.0122851e+02
    3.8098400e+01  -1.3277284e+03   5.3550113e+01   4.6918980e+01   3.7683772e+00   9.3951162e+01
    4.4942567e+01  -1.3157930e+03   6.8321038e+01   3.9954270e+01   3.7330249e+00   9.1193895e+01
    4.4942567e+01  -1.3157930e+03   6.8321038e+01   3.9954270e+01   3.7330249e+00   9.1193895e+01
    4.4942567e+01  -1.3157930e+03   6.8321038e+01   3.9954270e+01   3.7330249e+00   9.1193895e+01
    4.4942567e+01  -1.3157930e+03   6.8321038e+01   3.9954270e+01   3.7330249e+00   9.1193895e+01
    4.4942567e+01  -1.3157930e+03   6.8321038e+01   3.9954270e+01   3.7330249e+00   9.1193895e+01
    4.4942567e+01  -1.3157930e+03   6.8321038e+01   3.9954270e+01   3.7330249e+00   9.1193895e+01
    3.8761892e+01  -1.2814181e+03   6.0525408e+01   4.2897814e+01   3.7607730e+00   1.0974749e+02
    4.0295140e+01  -1.3156021e+03   6.1771679e+01   4.2835134e+01   3.7833453e+00   9.9795266e+01
    4.1350515e+01  -1.3236044e+03   6.5569354e+01   4.1601855e+01   3.7968353e+00   9.6608793e+01
    3.9618874e+01  -1.3038270e+03   6.4286737e+01   4.1714862e+01   3.7889940e+00   1.0426170e+02
    3.9618874e+01  -1.3038270e+03   6.4286737e+01   4.1714862e+01   3.7889940e+00   1.0426170e+02
    4.1397051e+01  -1.3323367e+03   5.9203627e+01   4.5756502e+01   3.8306596e+00   1.0395512e+02
    4.1397051e+01  -1.3323367e+03   5.9203627e+01   4.5756502e+01   3.8306596e+00   1.0395512e+02
    4.1397051e+01  -1.3323367e+03   5.9203627e+01   4.5756502e+01   3.8306596e+00   1.0395512e+02
    3.5853521e+01  -1.3527624e+03   4.9891548e+01   5.0924907e+01   3.8525582e+00   9.9661139e+01
    3.5853521e+01  -1.3527624e+03   4.9891548e+01   5.0924907e+01   3.8525582e+00   9.9661139e+01
    3.2093415e+01  -1.3193990e+03   4.8383628e+01   5.2931497e+01   3.8637722e+00   1.0404134e+02
    3.2093415e+01  -1.3193990e+03   4.8383628e+01   5.2931497e+01   3.8637722e+00   1.0404134e+02
    3.2093415e+01  -1.3193990e+03   4.8383628e+01   5.2931497e+01   3.8637722e+00   1.0404134e+02
    3.4384730e+01  -1.3428740e+03   5.1053282e+01   4.9384797e+01   3.8398646e+00   1.0136838e+02
    3.4384730e+01  -1.3428740e+03   5.1053282e+01   4.9384797e+01   3.8398646e+00   1.0136838e+02
    3.5486309e+01  -1.3567031e+03   4.9806077e+01   5.2272721e+01   3.8764978e+00   1.0038543e+02
    3.5486309e+01  -1.3567031e+03   4.9806077e+01   5.2272721e+01   3.8764978e+00   1.0038543e+02
    3.5486309e+01  -1.3567031e+03   4.9806077e+01   5.2272721e+01   3.8764978e+00   1.0038543e+02
    3.5486309e+01  -1.3567031e+03   4.9806077e+01   5.2272721e+01   3.8764978e+00   1.0038543e+02
    3.5486309e+01  -1.3567031e+03   4.9806077e+01   5.2272721e+01   3.8764978e+00   1.0038543e+02
    3.2360494e+01  -1.3365853e+03   4.8135196e+01   5.4557771e+01   3.8939943e+00   1.0426170e+02
    3.2360494e+01  -1.3365853e+03   4.8135196e+01   5.4557771e+01   3.8939943e+00   1.0426170e+02
    3.6537048e+01  -1.3557307e+03   5.2235994e+01   5.1645987e+01   3.9119912e+00   1.0774900e+02
    3.6537048e+01  -1.3557307e+03   5.2235994e+01   5.1645987e+01   3.9119912e+00   1.0774900e+02
    3.6537048e+01  -1.3557307e+03   5.2235994e+01   5.1645987e+01   3.9119912e+00   1.0774900e+02
    3.4765385e+01  -1.3065311e+03   5.4186625e+01   4.9527983e+01   3.8850488e+00   1.0214057e+02
    3.5190540e+01  -1.3042792e+03   5.3853326e+01   5.0206957e+01   3.8949919e+00   9.8225981e+01
    3.8501015e+01  -1.2992379e+03   6.1100960e+01   4.5411790e+01   3.8933531e+00   1.0122659e+02
    3.8501015e+01  -1.2992379e+03   6.1100960e+01   4.5411790e+01   3.8933531e+00   1.0122659e+02
    3.5278001e+01  -1.2794743e+03   5.7812543e+01   4.8894227e+01   3.9525965e+00   1.0464491e+02
    3.7916716e+01  -1.3158804e+03   5.6362949e+01   4.7869458e+01   3.9125909e+00   1.0199878e+02
    3.8610259e+01  -1.3029474e+03   5.2069732e+01   5.3023080e+01   3.9154336e+00   1.0929337e+02
    3.8317349e+01  -1.2696560e+03   5.5025774e+01   5.0955962e+01   3.9146732e+00   1.0754781e+02
    3.8317349e+01  -1.2696560e+03   5.5025774e+01   5.0955962e+01   3.9146732e+00   1.0754781e+02
    4.1063165e+01  -1.2927238e+03   5.3771226e+01   5.3833247e+01   3.9277106e+00   1.1233422e+02
    4.1275535e+01  -1.2987157e+03   5.6479541e+01   5.0950780e+01   3.9114720e+00   1.0649587e+02
    4.0977464e+01  -1.3073708e+03   5.2846096e+01   5.3935986e+01   3.9109426e+00   1.0924739e+02
    4.0977464e+01  -1.3073708e+03   5.2846096e+01   5.3935986e+01   3.9109426e+00   1.0924739e+02
    3.6287758e+01  -1.2962074e+03   4.6848273e+01   6.1929226e+01   3.9308372e+00   1.0684077e+02
    4.0742013e+01  -1.3304333e+03   5.0734816e+01   5.5486229e+01   3.9210382e+00   1.0377117e+02
    3.9681833e+01  -1.2881547e+03   5.5182926e+01   5.2106619e+01   3.9374896e+00   9.7587920e+01
    3.9681833e+01  -1.2881547e+03   5.5182926e+01   5.2106619e+01   3.9374896e+00   9.7587920e+01
    4.0475850e+01  -1.2997104e+03   5.5181246e+01   5.2569977e+01   3.9623046e+00   9.6953690e+01
    4.0475850e+01  -1.2997104e+03   5.5181246e+01   5.2569977e+01   3.9623046e+00   9.6953690e+01
    4.0475850e+01  -1.2997104e+03   5.5181246e+01   5.2569977e+01   3.9623046e+00   9.6953690e+01
    4.0475850e+01  -1.2997104e+03   5.5181246e+01   5.2569977e+01   3.9623046e+00   9.6953690e+01
    4.0475850e+01  -1.2997104e+03   5.5181246e+01   5.2569977e+01   3.9623046e+00   9.6953690e+01
    4.3867359e+01  -1.2578295e+03   6.5100339e+01   4.6975691e+01   3.9260085e+00   9.9469529e+01
    4.3867359e+01  -1.2578295e+03   6.5100339e+01   4.6975691e+01   3.9260085e+00   9.9469529e+01
    4.3867359e+01  -1.2578295e+03   6.5100339e+01   4.6975691e+01   3.9260085e+00   9.9469529e+01
    4.4424216e+01  -1.2821650e+03   6.2033011e+01   4.7886220e+01   3.9280489e+00   9.9187863e+01
    4.6554725e+01  -1.2572331e+03   6.4961488e+01   4.8117523e+01   3.9326241e+00   1.0404326e+02
    4.6554725e+01  -1.2572331e+03   6.4961488e+01   4.8117523e+01   3.9326241e+00   1.0404326e+02
    4.5345276e+01  -1.2369713e+03   6.1986971e+01   5.0211403e+01   3.9309230e+00   1.0656101e+02
    4.5400765e+01  -1.2510066e+03   6.5518406e+01   4.6658099e+01   3.9104538e+00   1.0178418e+02
    4.6869287e+01  -1.2202564e+03   8.1048382e+01   4.1633103e+01   3.8931780e+00   1.0307755e+02
    4.7717827e+01  -1.2319104e+03   8.7025502e+01   4.0943714e+01   3.9408802e+00   1.1473701e+02
    5.0077682e+01  -1.2674056e+03   8.8313793e+01   3.9622369e+01   3.9022627e+00   1.0526956e+02
    4.9306277e+01  -1.2345567e+03   9.5998845e+01   3.8012733e+01   3.8780973e+00   1.1351071e+02
    4.9306277e+01  -1.2345567e+03   9.5998845e+01   3.8012733e+01   3.8780973e+00   1.1351071e+02
    4.8557936e+01  -1.2514660e+03   9.0681522e+01   3.8196785e+01   3.8486405e+00   1.0573518e+02
    4.2169983e+01  -1.2531193e+03   6.8231563e+01   4.3947217e+01   3.8694507e+00   1.0245865e+02
    4.2169983e+01  -1.2531193e+03   6.8231563e+01   4.3947217e+01   3.8694507e+00   1.0245865e+02
    4.1010580e+01  -1.2894470e+03   6.7373219e+01   4.3696736e+01   3.8992110e+00   1.0295300e+02
    4.2773489e+01  -1.2857444e+03   6.9967634e+01   4.3263261e+01   3.8984354e+00   1.0947349e+02
    4.1853695e+01  -1.2564376e+03   8.1519187e+01   3.8687761e+01   3.8425162e+00   1.1142599e+02
    4.3107607e+01  -1.2721645e+03   7.5295366e+01   4.0127079e+01   3.8572324e+00   1.1104660e+02
    4.3053592e+01  -1.2986574e+03   7.4819614e+01   3.9688748e+01   3.8506837e+00   9.4587307e+01
    4.0576367e+01  -1.3133086e+03   7.0444128e+01   4.0752492e+01   3.8724007e+00   9.7126139e+01
    3.8059038e+01  -1.3327473e+03   6.1380444e+01   4.3287897e+01   3.8748192e+00   9.9971548e+01
    3.8059038e+01  -1.3327473e+03   6.1380444e+01   4.3287897e+01   3.8748192e+00   9.9971548e+01
    3.9457256e+01  -1.3258303e+03   6.9973407e+01   3.9458660e+01   3.8366386e+00   1.0668173e+02
    4.0546338e+01  -1.3199488e+03   7.6161241e+01   3.7713618e+01   3.8092939e+00   9.1316525e+01
    4.0546338e+01  -1.3199488e+03   7.6161241e+01   3.7713618e+01   3.8092939e+00   9.1316525e+01
    3.8225410e+01  -1.3198373e+03   6.7820306e+01   3.9750159e+01   3.7888518e+00   9.1590527e+01
    3.8225410e+01  -1.3198373e+03   6.7820306e+01   3.9750159e+01   3.7888518e+00   9.1590527e+01
    3.8225410e+01  -1.3198373e+03   6.7820306e+01   3.9750159e+01   3.7888518e+00   9.1590527e+01
    3.8225410e+01  -1.3198373e+03   6.7820306e+01   3.9750159e+01   3.7888518e+00   9.1590527e+01
    3.8225410e+01  -1.3198373e+03   6.7820306e+01   3.9750159e+01   3.7888518e+00   9.1590527e+01
    3.8225410e+01  -1.3198373e+03   6.7820306e+01   3.9750159e+01   3.7888518e+00   9.1590527e+01
    3.7272850e+01  -1.3209609e+03   6.6672093e+01   3.9605182e+01   3.7842754e+00   1.0041991e+02
    3.7272850e+01  -1.3209609e+03   6.6672093e+01   3.9605182e+01   3.7842754e+00   1.0041991e+02
    4.2714300e+01  -1.3398436e+03   6.4327425e+01   4.1445315e+01   3.7910254e+00   1.0293384e+02
    4.0857567e+01  -1.3198816e+03   7.1344059e+01   3.8322372e+01   3.7755239e+00   1.0068050e+02
    4.1779620e+01  -1.2687930e+03   8.8260244e+01   3.5428035e+01   3.7731397e+00   9.8042035e+01
    4.1779620e+01  -1.2687930e+03   8.8260244e+01   3.5428035e+01   3.7731397e+00   9.8042035e+01
    4.1779620e+01  -1.2687930e+03   8.8260244e+01   3.5428035e+01   3.7731397e+00   9.8042035e+01
    4.1779620e+01  -1.2687930e+03   8.8260244e+01   3.5428035e+01   3.7731397e+00   9.8042035e+01
    4.3190548e+01  -1.2997986e+03   8.1679618e+01   3.6442062e+01   3.7760207e+00   9.8438668e+01
    4.3190548e+01  -1.2997986e+03   8.1679618e+01   3.6442062e+01   3.7760207e+00   9.8438668e+01
    4.3190548e+01  -1.2997986e+03   8.1679618e+01   3.6442062e+01   3.7760207e+00   9.8438668e+01
    4.3190548e+01  -1.2997986e+03   8.1679618e+01   3.6442062e+01   3.7760207e+00   9.8438668e+01
    4.3190548e+01  -1.2997986e+03   8.1679618e+01   3.6442062e+01   3.7760207e+00   9.8438668e+01
    4.3190548e+01  -1.2997986e+03   8.1679618e+01   3.6442062e+01   3.7760207e+00   9.8438668e+01
    4.3190548e+01  -1.2997986e+03   8.1679618e+01   3.6442062e+01   3.7760207e+00   9.8438668e+01
    4.1580721e+01  -1.2706165e+03   8.0810195e+01   3.6698435e+01   3.7764578e+00   1.0092193e+02
    4.4583034e+01  -1.2949311e+03   8.2590091e+01   3.6940902e+01   3.8083380e+00   1.0638857e+02
    4.2571110e+01  -1.2729281e+03   8.6740285e+01   3.6077592e+01   3.8055283e+00   1.0783714e+02
    4.2571110e+01  -1.2729281e+03   8.6740285e+01   3.6077592e+01   3.8055283e+00   1.0783714e+02
    4.2571110e+01  -1.2729281e+03   8.6740285e+01   3.6077592e+01   3.8055283e+00   1.0783714e+02
    4.2763639e+01  -1.2808332e+03   8.5983628e+01   3.5612958e+01   3.7620647e+00   1.0709561e+02
    4.2763639e+01  -1.2808332e+03   8.5983628e+01   3.5612958e+01   3.7620647e+00   1.0709561e+02
    4.2763639e+01  -1.2808332e+03   8.5983628e+01   3.5612958e+01   3.7620647e+00   1.0709561e+02
    4.2763639e+01  -1.2808332e+03   8.5983628e+01   3.5612958e+01   3.7620647e+00   1.0709561e+02
    4.2763639e+01  -1.2808332e+03   8.5983628e+01   3.5612958e+01   3.7620647e+00   1.0709561e+02
    4.2763639e+01  -1.2808332e+03   8.5983628e+01   3.5612958e+01   3.7620647e+00   1.0709561e+02
    4.2603422e+01  -1.3194432e+03   7.2116763e+01   3.7938159e+01   3.7490839e+00   1.0221530e+02
    3.7831646e+01  -1.3192516e+03   6.5108938e+01   3.9661355e+01   3.7592339e+00   9.6438260e+01
    3.9228570e+01  -1.3254556e+03   6.9356376e+01   3.8176492e+01   3.7664083e+00   1.0212908e+02
    4.0905519e+01  -1.3226257e+03   7.2919570e+01   3.7634831e+01   3.7703231e+00   9.7312001e+01
    4.0905519e+01  -1.3226257e+03   7.2919570e+01   3.7634831e+01   3.7703231e+00   9.7312001e+01
    4.0905519e+01  -1.3226257e+03   7.2919570e+01   3.7634831e+01   3.7703231e+00   9.7312001e+01
    4.0905519e+01  -1.3226257e+03   7.2919570e+01   3.7634831e+01   3.7703231e+00   9.7312001e+01
    4.0905519e+01  -1.3226257e+03   7.2919570e+01   3.7634831e+01   3.7703231e+00   9.7312001e+01
    4.0905519e+01  -1.3226257e+03   7.2919570e+01   3.7634831e+01   3.7703231e+00   9.7312001e+01
    4.0905519e+01  -1.3226257e+03   7.2919570e+01   3.7634831e+01   3.7703231e+00   9.7312001e+01
    4.0905519e+01  -1.3226257e+03   7.2919570e+01   3.7634831e+01   3.7703231e+00   9.7312001e+01
    4.0905519e+01  -1.3226257e+03   7.2919570e+01   3.7634831e+01   3.7703231e+00   9.7312001e+01
    4.0905519e+01  -1.3226257e+03   7.2919570e+01   3.7634831e+01   3.7703231e+00   9.7312001e+01
    4.3994803e+01  -1.3340217e+03   8.0631213e+01   3.5783151e+01   3.7433381e+00   9.9647727e+01
    4.3684396e+01  -1.3494927e+03   7.6760220e+01   3.6918549e+01   3.7506822e+00   9.4284563e+01
    4.3684396e+01  -1.3494927e+03   7.6760220e+01   3.6918549e+01   3.7506822e+00   9.4284563e+01
    4.3684396e+01  -1.3494927e+03   7.6760220e+01   3.6918549e+01   3.7506822e+00   9.4284563e+01
    4.2474620e+01  -1.3424747e+03   7.8678247e+01   3.6175473e+01   3.7391166e+00   1.0763211e+02
    4.3938094e+01  -1.3432487e+03   7.5049644e+01   3.8578932e+01   3.7845762e+00   1.0549950e+02
    4.3938094e+01  -1.3432487e+03   7.5049644e+01   3.8578932e+01   3.7845762e+00   1.0549950e+02
    4.4730066e+01  -1.3191927e+03   8.0683029e+01   3.7335326e+01   3.7624546e+00   1.0252762e+02
    4.4730066e+01  -1.3191927e+03   8.0683029e+01   3.7335326e+01   3.7624546e+00   1.0252762e+02
    4.1398682e+01  -1.2646994e+03   9.3117847e+01   3.5459423e+01   3.7683284e+00   9.7507443e+01
    4.0556528e+01  -1.3299587e+03   7.9272802e+01   3.7321126e+01   3.8138624e+00   9.4815323e+01
    4.1534245e+01  -1.3514373e+03   6.9661439e+01   3.9486622e+01   3.8003076e+00   1.0281887e+02
    3.8913073e+01  -1.3665761e+03   6.6002636e+01   4.0435353e+01   3.8153264e+00   9.7582171e+01
    3.6325998e+01  -1.3619999e+03   5.8822105e+01   4.3590270e+01   3.8191711e+00   1.0021298e+02
    3.6325998e+01  -1.3619999e+03   5.8822105e+01   4.3590270e+01   3.8191711e+00   1.0021298e+02
    3.4514568e+01  -1.3676063e+03   5.5880460e+01   4.5527907e+01   3.8345247e+00   1.0045440e+02
    3.6094099e+01  -1.3454989e+03   6.2144791e+01   4.2081816e+01   3.7996514e+00   9.5298180e+01
    3.6094099e+01  -1.3454989e+03   6.2144791e+01   4.2081816e+01   3.7996514e+00   9.5298180e+01
    3.6094099e+01  -1.3454989e+03   6.2144791e+01   4.2081816e+01   3.7996514e+00   9.5298180e+01
    3.4000791e+01  -1.3868102e+03   5.4632492e+01   4.5649008e+01   3.8338715e+00   1.0021298e+02
    3.9824379e+01  -1.3817706e+03   6.5487127e+01   4.0536706e+01   3.8109237e+00   1.0563554e+02
    3.5595707e+01  -1.3146574e+03   6.9402377e+01   3.9957025e+01   3.8303670e+00   1.0089319e+02
    3.5595707e+01  -1.3146574e+03   6.9402377e+01   3.9957025e+01   3.8303670e+00   1.0089319e+02
    3.9319183e+01  -1.3345566e+03   7.5166757e+01   3.8512514e+01   3.8238222e+00   1.0144503e+02
    3.9319183e+01  -1.3345566e+03   7.5166757e+01   3.8512514e+01   3.8238222e+00   1.0144503e+02
    3.6232278e+01  -1.3255521e+03   7.2301016e+01   3.8888885e+01   3.8291607e+00   9.9306661e+01
    3.6232278e+01  -1.3255521e+03   7.2301016e+01   3.8888885e+01   3.8291607e+00   9.9306661e+01
    3.6268927e+01  -1.3138427e+03   7.4963981e+01   3.8160816e+01   3.8077324e+00   9.8237477e+01
    4.1462619e+01  -1.3632441e+03   7.7262058e+01   3.7506268e+01   3.8119604e+00   1.0634258e+02
    3.9487989e+01  -1.3409479e+03   7.7882082e+01   3.7126605e+01   3.7994433e+00   1.0150826e+02
    3.7097237e+01  -1.3351313e+03   7.7270471e+01   3.7364175e+01   3.8202271e+00   1.0315227e+02
    3.8135540e+01  -1.3479402e+03   7.2271819e+01   3.8775188e+01   3.8138074e+00   9.2479598e+01
    3.8135540e+01  -1.3479402e+03   7.2271819e+01   3.8775188e+01   3.8138074e+00   9.2479598e+01
    3.8135540e+01  -1.3479402e+03   7.2271819e+01   3.8775188e+01   3.8138074e+00   9.2479598e+01
    3.8135540e+01  -1.3479402e+03   7.2271819e+01   3.8775188e+01   3.8138074e+00   9.2479598e+01
    3.8135540e+01  -1.3479402e+03   7.2271819e+01   3.8775188e+01   3.8138074e+00   9.2479598e+01
    3.7003960e+01  -1.3582902e+03   7.1148899e+01   3.9063230e+01   3.8234729e+00   9.9220437e+01
    3.7619209e+01  -1.3570934e+03   7.1873218e+01   3.9021623e+01   3.8211246e+00   9.9850833e+01
    3.5941659e+01  -1.3649726e+03   6.4283401e+01   4.1136904e+01   3.8116934e+00   1.0352400e+02
    3.4648844e+01  -1.3533326e+03   6.4589401e+01   4.0419838e+01   3.8015278e+00   1.0367537e+02
    3.0949340e+01  -1.3788985e+03   5.8067869e+01   4.2553923e+01   3.8243945e+00   1.0093343e+02
    3.0949340e+01  -1.3788985e+03   5.8067869e+01   4.2553923e+01   3.8243945e+00   1.0093343e+02
    3.0949340e+01  -1.3788985e+03   5.8067869e+01   4.2553923e+01   3.8243945e+00   1.0093343e+02
    3.0949340e+01  -1.3788985e+03   5.8067869e+01   4.2553923e+01   3.8243945e+00   1.0093343e+02
    3.0949340e+01  -1.3788985e+03   5.8067869e+01   4.2553923e+01   3.8243945e+00   1.0093343e+02
    3.0949340e+01  -1.3788985e+03   5.8067869e+01   4.2553923e+01   3.8243945e+00   1.0093343e+02
    3.4587662e+01  -1.3753795e+03   6.9015109e+01   3.7834458e+01   3.8073261e+00   9.9984960e+01
    3.4587662e+01  -1.3753795e+03   6.9015109e+01   3.7834458e+01   3.8073261e+00   9.9984960e+01
    2.9772472e+01  -1.3873116e+03   5.7554547e+01   4.3000951e+01   3.8567370e+00   1.1336700e+02
    3.0672868e+01  -1.3611193e+03   6.3192416e+01   4.1540124e+01   3.8630908e+00   1.0574476e+02
    3.0672868e+01  -1.3611193e+03   6.3192416e+01   4.1540124e+01   3.8630908e+00   1.0574476e+02
    3.0672868e+01  -1.3611193e+03   6.3192416e+01   4.1540124e+01   3.8630908e+00   1.0574476e+02
    3.0672868e+01  -1.3611193e+03   6.3192416e+01   4.1540124e+01   3.8630908e+00   1.0574476e+02
    3.0672868e+01  -1.3611193e+03   6.3192416e+01   4.1540124e+01   3.8630908e+00   1.0574476e+02
    3.2908545e+01  -1.4045435e+03   6.4844309e+01   4.0345135e+01   3.8730861e+00   1.0791953e+02
    3.2908545e+01  -1.4045435e+03   6.4844309e+01   4.0345135e+01   3.8730861e+00   1.0791953e+02
    3.2908545e+01  -1.4045435e+03   6.4844309e+01   4.0345135e+01   3.8730861e+00   1.0791953e+02
    2.8704513e+01  -1.3889275e+03   6.1767358e+01   4.0768704e+01   3.8734797e+00   1.0929912e+02
    2.8704513e+01  -1.3889275e+03   6.1767358e+01   4.0768704e+01   3.8734797e+00   1.0929912e+02
    3.0553957e+01  -1.3821377e+03   6.4443854e+01   3.9628758e+01   3.8556028e+00   1.0916116e+02
    3.0553957e+01  -1.3821377e+03   6.4443854e+01   3.9628758e+01   3.8556028e+00   1.0916116e+02
    2.8910989e+01  -1.3698357e+03   6.1836143e+01   4.1896785e+01   3.9021833e+00   1.1464504e+02
    2.8486467e+01  -1.3581028e+03   6.0050772e+01   4.3570496e+01   3.9062415e+00   1.1761691e+02
    3.1685295e+01  -1.3727424e+03   5.8393029e+01   4.5096015e+01   3.8878972e+00   1.1155820e+02
    3.1265930e+01  -1.4522663e+03   5.4081241e+01   3.5333116e+01   3.4294954e+00   7.8036037e+01
