# R. Kawamata 1/2016
# magnification_NW, time-delay_NW, 
# magnification_SE, time-delay_SE, magnification_11.3, and time-delay_11.3.
# The time delays are given in days with respect to 11.3
#  mu1        dt31            mu2           dt32          mu3          
-3.167390e+01  1.749841e+03  8.121770e+01  1.746343e+03  3.053200e+00  
-7.212380e+01  1.433924e+03  1.462402e+02  1.433321e+03  3.521800e+00  
-8.110980e+01  1.565873e+03  1.247135e+02  1.565096e+03  3.259200e+00  
-3.921160e+01  1.498731e+03  8.531310e+01  1.496150e+03  3.311900e+00  
-3.802960e+01  1.407702e+03  9.330900e+01  1.405565e+03  3.442200e+00  
-2.795170e+01  1.321636e+03  1.353171e+02  1.316672e+03  3.451100e+00  
-1.974220e+01  1.362998e+03  4.451740e+01  1.354070e+03  3.410800e+00  
-2.387980e+01  1.395568e+03  6.271540e+01  1.388806e+03  3.447000e+00  
-2.821800e+01  1.439164e+03  5.162410e+01  1.434996e+03  3.422300e+00  
-1.995960e+01  1.305216e+03  4.085660e+01  1.296263e+03  3.592000e+00  
-1.880600e+01  1.493259e+03  4.784770e+01  1.483534e+03  3.256100e+00  
-2.149350e+01  1.538055e+03  6.171990e+01  1.530362e+03  3.241600e+00  
-4.495860e+01  1.719074e+03  8.219560e+01  1.717599e+03  3.086800e+00  
-3.616880e+01  1.649809e+03  8.847720e+01  1.647014e+03  3.129700e+00  
-2.522440e+01  1.561949e+03  6.419770e+01  1.556156e+03  3.291300e+00  
-2.405690e+01  1.637698e+03  5.606510e+01  1.631838e+03  3.189000e+00  
-2.641650e+01  1.726758e+03  7.219110e+01  1.721541e+03  3.130100e+00  
-1.338767e+02  1.939212e+03  2.223881e+02  1.939094e+03  2.883100e+00  
-2.364450e+01  1.918732e+03  7.534300e+01  1.912710e+03  2.834100e+00  
-2.206940e+01  1.819370e+03  1.030349e+02  1.812763e+03  2.946700e+00  
-2.113440e+01  1.860033e+03  9.249290e+01  1.852008e+03  2.911800e+00  
-1.749040e+01  1.760923e+03  8.751290e+01  1.749208e+03  2.937200e+00  
-3.206430e+01  1.778750e+03  1.055250e+02  1.775625e+03  2.985400e+00  
-1.893740e+01  1.788046e+03  1.408401e+02  1.778736e+03  2.951300e+00  
-1.500960e+01  1.542803e+03  8.208320e+01  1.526202e+03  3.150300e+00  
-1.334550e+01  1.502032e+03  2.990950e+01  1.483065e+03  3.147700e+00  
-1.672870e+01  1.569613e+03  5.084060e+01  1.557436e+03  3.114700e+00  
-2.073220e+01  1.670944e+03  4.704470e+01  1.663420e+03  2.978600e+00  
-2.311960e+01  1.925926e+03  6.443090e+01  1.919687e+03  2.815300e+00  
-4.247870e+01  1.784849e+03  1.878325e+02  1.782883e+03  3.009600e+00  
-2.082742e+02  1.878779e+03  2.978308e+02  1.878733e+03  2.939100e+00  
-4.819450e+01  1.795606e+03  1.396457e+02  1.793800e+03  2.993400e+00  
-2.323450e+01  1.416614e+03  8.280280e+01  1.408692e+03  3.313900e+00  
-2.512399e+02  1.739463e+03  4.087437e+02  1.739410e+03  2.979100e+00  
-1.168714e+02  1.872037e+03  3.436799e+02  1.871734e+03  2.867600e+00  
-3.667880e+01  1.829985e+03  7.957220e+01  1.827706e+03  2.901600e+00  
-2.692440e+01  1.757106e+03  9.188970e+01  1.751919e+03  2.937400e+00  
-2.930800e+01  1.640194e+03  7.708080e+01  1.635482e+03  3.074500e+00  
-7.141870e+01  1.790508e+03  2.109548e+02  1.789668e+03  2.908900e+00  
-4.507890e+01  1.725911e+03  1.249548e+02  1.723960e+03  2.939300e+00  
-1.379804e+02  1.948967e+03  2.635962e+02  1.948669e+03  2.821100e+00  
-3.759280e+01  1.622196e+03  1.257873e+02  1.619683e+03  3.102700e+00  
-3.018500e+01  1.457438e+03  1.629173e+02  1.450979e+03  3.243600e+00  
-7.721780e+01  1.664019e+03  1.459534e+02  1.663564e+03  3.082500e+00  
-2.022070e+01  1.605156e+03  8.437200e+01  1.595192e+03  3.074800e+00  
-2.659180e+01  1.560161e+03  1.028043e+02  1.553966e+03  3.119400e+00  
-3.728460e+01  1.594942e+03  1.344497e+02  1.591703e+03  3.088200e+00  
-5.716440e+01  1.738691e+03  1.688582e+02  1.737346e+03  3.026200e+00  
-2.779720e+01  1.718224e+03  7.180310e+01  1.713363e+03  3.000000e+00  
-9.831730e+01  1.752456e+03  5.119424e+02  1.751992e+03  2.954200e+00  
-7.129217e+02  2.023940e+03  3.922775e+02  2.023924e+03  2.838400e+00  
-5.131370e+01  1.692129e+03  1.588842e+02  1.690457e+03  3.079000e+00  
-3.242360e+01  1.535924e+03  1.527958e+02  1.531933e+03  3.209600e+00  
-6.195310e+01  1.687539e+03  3.736822e+02  1.686464e+03  2.990300e+00  
-1.154598e+02  1.711796e+03  1.065595e+03  1.711444e+03  3.059400e+00  
-1.929729e+02  1.820255e+03  2.821746e+02  1.820174e+03  2.996700e+00  
-2.730150e+01  1.568808e+03  1.117482e+02  1.563634e+03  3.160800e+00  
-2.890120e+01  1.396461e+03  1.033391e+02  1.392054e+03  3.380200e+00  
-3.385430e+01  1.688602e+03  2.360309e+02  1.685467e+03  3.005500e+00  
-4.130600e+01  1.632672e+03  3.156041e+02  1.630519e+03  3.078300e+00  
-1.345226e+02  2.113867e+03  4.725457e+02  2.113611e+03  2.709800e+00  
-9.144820e+01  1.667273e+03  2.269430e+02  1.666885e+03  3.121600e+00  
-2.245940e+02  2.020896e+03  3.926953e+02  2.020835e+03  2.799800e+00  
-7.472970e+01  2.021681e+03  2.920244e+02  2.020938e+03  2.820300e+00  
-3.224860e+01  1.611250e+03  1.222580e+02  1.607714e+03  3.061500e+00  
-2.438270e+01  1.567083e+03  7.297930e+01  1.560911e+03  3.152000e+00  
-3.475060e+01  1.837049e+03  6.793200e+01  1.834627e+03  2.901300e+00  
-1.247418e+02  1.963319e+03  3.554329e+02  1.963095e+03  2.846900e+00  
-3.991260e+01  1.810172e+03  1.748951e+02  1.807797e+03  2.928400e+00  
-4.179220e+01  1.762214e+03  1.052882e+02  1.760250e+03  2.974600e+00  
-2.947810e+01  1.639407e+03  1.957769e+02  1.635064e+03  3.108400e+00  
-6.336400e+01  1.957051e+03  1.539538e+02  1.956395e+03  2.892000e+00  
-2.886650e+01  1.779807e+03  1.497342e+02  1.775378e+03  2.971600e+00  
-2.934930e+01  1.736206e+03  1.420990e+02  1.732348e+03  3.002700e+00  
-5.827470e+01  2.010484e+03  3.311137e+02  2.009399e+03  2.828300e+00  
-1.845414e+02  1.994884e+03  5.871754e+02  1.994783e+03  2.847900e+00  
-4.463445e+02  2.154648e+03  6.336040e+02  2.154639e+03  2.682400e+00  
-3.225680e+01  1.767477e+03  1.623566e+02  1.764100e+03  2.982700e+00  
-6.546380e+01  1.909065e+03  1.848981e+02  1.908114e+03  2.861600e+00  
-3.316870e+01  1.549805e+03  1.307189e+02  1.546217e+03  3.127600e+00  
-1.851844e+02  1.871796e+03  1.145457e+02  1.871772e+03  2.905600e+00  
-4.142150e+01  2.034823e+03  8.205880e+01  2.033333e+03  2.726200e+00  
-2.708789e+02  1.944523e+03  1.531815e+02  1.944503e+03  2.926500e+00  
-1.139154e+03  1.916206e+03  8.903827e+02  1.916202e+03  2.895200e+00  
-7.659730e+01  1.805557e+03  1.669785e+02  1.804983e+03  2.928000e+00  
-5.156360e+01  1.723977e+03  2.942382e+02  1.722497e+03  2.972400e+00  
-6.633190e+01  1.776167e+03  2.181636e+02  1.775169e+03  2.956400e+00  
-1.100838e+02  1.954374e+03  5.189484e+02  1.954039e+03  2.833700e+00  
-2.736770e+01  1.751046e+03  8.914670e+01  1.746552e+03  2.932200e+00  
-1.200909e+02  2.187008e+03  2.093028e+02  2.186818e+03  2.705000e+00  
-3.107700e+01  2.046811e+03  8.455780e+01  2.043531e+03  2.697700e+00  
-1.136562e+02  1.974876e+03  1.333554e+03  1.974564e+03  2.817200e+00  
-4.310520e+01  1.709137e+03  9.075160e+01  1.707349e+03  2.962900e+00  
-2.250110e+01  1.763541e+03  9.570120e+01  1.756049e+03  2.854800e+00  
-2.443930e+01  1.827141e+03  9.539350e+01  1.820879e+03  2.835700e+00  
-3.999530e+01  1.833640e+03  1.572900e+02  1.831425e+03  2.819100e+00  
-2.305040e+01  1.783633e+03  1.412317e+02  1.777027e+03  2.811100e+00  
-2.110770e+01  1.868489e+03  1.072194e+02  1.860815e+03  2.732300e+00  
-4.463230e+01  2.062296e+03  1.285569e+02  2.060417e+03  2.672000e+00  
-5.612890e+01  2.127584e+03  1.480242e+02  2.126268e+03  2.618100e+00  
-1.137784e+02  2.116477e+03  5.284608e+02  2.116180e+03  2.673700e+00  
-4.619630e+01  1.848194e+03  1.050160e+02  1.846871e+03  2.807200e+00  
-2.544740e+01  1.869316e+03  1.367153e+02  1.863938e+03  2.763400e+00  
-6.395430e+01  1.648384e+03  1.641793e+02  1.647646e+03  3.057600e+00  
-3.977520e+01  1.693780e+03  9.316480e+01  1.691471e+03  3.060600e+00  
-4.261700e+01  1.977365e+03  7.911810e+01  1.975684e+03  2.928200e+00  
-2.142251e+02  2.261525e+03  3.080381e+02  2.261479e+03  2.737100e+00  
-3.224314e+02  2.103042e+03  5.419606e+02  2.103017e+03  2.832400e+00  
-2.234080e+01  1.883315e+03  6.857410e+01  1.876373e+03  2.954700e+00  
-4.823260e+01  1.911033e+03  1.039361e+02  1.909938e+03  2.915300e+00  
-3.174320e+01  2.029571e+03  6.417160e+01  2.026685e+03  2.868500e+00  
-4.141000e+01  1.971938e+03  1.261130e+02  1.967690e+03  2.900100e+00  
-2.838590e+01  1.964892e+03  8.041180e+01  1.960966e+03  2.855000e+00  
-2.775730e+01  2.011915e+03  7.580720e+01  2.007834e+03  2.793200e+00  
-1.304518e+02  2.049293e+03  3.085136e+02  2.049157e+03  2.835900e+00  
-3.742570e+01  1.941551e+03  1.661771e+02  1.939259e+03  2.944400e+00  
-4.694260e+01  1.858158e+03  1.146558e+02  1.856616e+03  2.950600e+00  
-3.716310e+01  2.056081e+03  9.704860e+01  2.053914e+03  2.778100e+00  
-3.250700e+01  1.969813e+03  7.263720e+01  1.964918e+03  2.839800e+00  
-3.330420e+01  2.149838e+03  1.057025e+02  2.146784e+03  2.732100e+00  
-8.327550e+01  2.189084e+03  4.118487e+02  2.188620e+03  2.691300e+00  
-1.299317e+02  2.020948e+03  2.416758e+02  2.020800e+03  2.879900e+00  
-3.488730e+01  1.847264e+03  9.536320e+01  1.844254e+03  2.925600e+00  
-2.132998e+02  1.808874e+03  2.569021e+02  1.808845e+03  3.060100e+00  
-7.422680e+01  1.761177e+03  1.801294e+02  1.760655e+03  3.033200e+00  
-6.567000e+01  1.677445e+03  1.195409e+02  1.676944e+03  3.181400e+00  
-4.814720e+01  1.956338e+03  1.136822e+02  1.954920e+03  2.912000e+00  
-3.761100e+01  2.064994e+03  1.040744e+02  2.062584e+03  2.797000e+00  
-5.226370e+01  1.862133e+03  1.379336e+02  1.860688e+03  2.952700e+00  
-7.417370e+01  1.892962e+03  1.329061e+02  1.892499e+03  2.988300e+00  
-3.596410e+01  1.787884e+03  1.006516e+02  1.784935e+03  2.979100e+00  
-3.530500e+01  1.644402e+03  1.161997e+02  1.641633e+03  3.103900e+00  
-8.141040e+01  2.206307e+03  1.655459e+02  2.205560e+03  2.672900e+00  
-7.119580e+01  2.054792e+03  2.558623e+02  2.054074e+03  2.828900e+00  
-3.631790e+01  2.086776e+03  1.120930e+02  2.083848e+03  2.745200e+00  
-1.449580e+01  1.581814e+03  5.930580e+01  1.564245e+03  3.107500e+00  
-4.180800e+01  1.988222e+03  1.878168e+02  1.986290e+03  2.889000e+00  
-4.794920e+01  2.062965e+03  2.289440e+02  2.061430e+03  2.803400e+00  
-2.031540e+01  1.809233e+03  6.569740e+01  1.800479e+03  2.922500e+00  
-8.296190e+01  1.832898e+03  2.144103e+02  1.832469e+03  2.974000e+00  
-2.769340e+01  1.740256e+03  7.961610e+01  1.735647e+03  2.972900e+00  
-3.051510e+01  1.880569e+03  5.997940e+01  1.877404e+03  2.847500e+00  
-8.797420e+01  1.959485e+03  2.002832e+02  1.958892e+03  2.883100e+00  
-3.588420e+01  1.749421e+03  7.840700e+01  1.746782e+03  2.998600e+00  
-2.037450e+01  1.971948e+03  5.414200e+01  1.964013e+03  2.876000e+00  
-1.823980e+01  1.769232e+03  3.444240e+01  1.759799e+03  3.025900e+00  
-1.611020e+01  1.876312e+03  3.103400e+01  1.864505e+03  2.920500e+00  
-1.748950e+01  1.708941e+03  4.069680e+01  1.697356e+03  3.132300e+00  
-2.618680e+01  1.948514e+03  7.188250e+01  1.943118e+03  2.967700e+00  
-2.595570e+01  1.953192e+03  7.029420e+01  1.947741e+03  2.970800e+00  
-3.396450e+01  2.013738e+03  7.623620e+01  2.010731e+03  2.919600e+00  
-2.703010e+01  1.969103e+03  5.268790e+01  1.964835e+03  2.945200e+00  
-1.627950e+01  1.564038e+03  4.606700e+01  1.549496e+03  3.257100e+00  
-2.008800e+01  1.528249e+03  4.296740e+01  1.519225e+03  3.315500e+00  
-1.938830e+01  1.491252e+03  6.188310e+01  1.480288e+03  3.383200e+00  
-2.030300e+01  1.688338e+03  4.841260e+01  1.679633e+03  3.134500e+00  
-2.321600e+01  1.614785e+03  6.742540e+01  1.607390e+03  3.237800e+00  
-5.508470e+01  1.924512e+03  8.250580e+01  1.923664e+03  3.011600e+00  
-2.593000e+01  1.688081e+03  7.796320e+01  1.682504e+03  3.106500e+00  
-3.296430e+01  1.716871e+03  8.650930e+01  1.713103e+03  3.116300e+00  
-2.041630e+01  1.506620e+03  5.460400e+01  1.497680e+03  3.199500e+00  
-1.421950e+02  1.845307e+03  2.780777e+02  1.845141e+03  2.995700e+00  
-2.332990e+01  1.605213e+03  6.822240e+01  1.598226e+03  3.133900e+00  
-2.178900e+01  1.674250e+03  5.067150e+01  1.666872e+03  3.061500e+00  
-6.946700e+01  1.728729e+03  1.728750e+02  1.727722e+03  3.074900e+00  
-2.913910e+01  1.511607e+03  6.579180e+01  1.506944e+03  3.335300e+00  
-2.415750e+01  1.448311e+03  5.467050e+01  1.441454e+03  3.374900e+00  
-1.863600e+01  1.298280e+03  7.469970e+01  1.285474e+03  3.533600e+00  
-1.979550e+01  1.508045e+03  6.026610e+01  1.497688e+03  3.297200e+00  
-2.229140e+01  1.512661e+03  6.716430e+01  1.504283e+03  3.329600e+00  
-1.966460e+01  1.411459e+03  9.729530e+01  1.400884e+03  3.354300e+00  
-1.557111e+02  1.704797e+03  2.485662e+02  1.704517e+03  3.096800e+00  
-6.331580e+01  1.683451e+03  1.215462e+02  1.682160e+03  3.117000e+00  
-3.745530e+01  1.569342e+03  9.563890e+01  1.566112e+03  3.235500e+00  
-3.306650e+01  1.420926e+03  8.217550e+01  1.417120e+03  3.423300e+00  
-5.819170e+01  1.608566e+03  1.164183e+02  1.607088e+03  3.219200e+00  
-3.030180e+01  1.394742e+03  1.627791e+02  1.390516e+03  3.404600e+00  
-5.455740e+01  1.521993e+03  1.451837e+02  1.520871e+03  3.338700e+00  
-4.621820e+01  1.646419e+03  1.058731e+02  1.644321e+03  3.165800e+00  
-2.061900e+02  1.596973e+03  4.694395e+02  1.596836e+03  3.222800e+00  
-1.641850e+01  1.362046e+03  3.819780e+01  1.346862e+03  3.466200e+00  
-1.634410e+01  1.421530e+03  5.193220e+01  1.405057e+03  3.381800e+00  
-3.520660e+01  1.730690e+03  5.533120e+01  1.728194e+03  3.179200e+00  
-2.397820e+01  1.700678e+03  4.905420e+01  1.694907e+03  3.054600e+00  
-2.269610e+01  1.651120e+03  3.858310e+01  1.645092e+03  3.136100e+00  
-2.114480e+01  1.652983e+03  3.582280e+01  1.646470e+03  3.071100e+00  
-1.823950e+01  1.569084e+03  3.275260e+01  1.559794e+03  3.186500e+00  
-2.319420e+01  1.663658e+03  6.354400e+01  1.656978e+03  3.154900e+00  
-2.343830e+01  1.655860e+03  4.826150e+01  1.649792e+03  3.156600e+00  
-2.008720e+01  1.599663e+03  4.575390e+01  1.591283e+03  3.151100e+00  
-2.216910e+01  1.591882e+03  3.895380e+01  1.585442e+03  3.289300e+00  
-1.639700e+01  1.501505e+03  4.367800e+01  1.488297e+03  3.268000e+00  
-2.651890e+01  1.742957e+03  5.140220e+01  1.738554e+03  3.077100e+00  
-1.974180e+01  1.727234e+03  4.185560e+01  1.718981e+03  3.116700e+00  
-1.637780e+01  1.374675e+03  6.152950e+01  1.360715e+03  3.494800e+00  
-3.076530e+01  1.883687e+03  6.393300e+01  1.880502e+03  2.971500e+00  
-2.459120e+01  1.701075e+03  5.051740e+01  1.693728e+03  3.159300e+00  
-2.080310e+01  1.633421e+03  4.714870e+01  1.626081e+03  3.207600e+00  
-2.733640e+01  1.800764e+03  5.371010e+01  1.796515e+03  3.058800e+00  
-3.069770e+01  1.929085e+03  6.205180e+01  1.925595e+03  2.995200e+00  
-2.045910e+01  1.579494e+03  6.133440e+01  1.570178e+03  3.208900e+00  
-6.600760e+01  1.934706e+03  1.382990e+02  1.933756e+03  2.973800e+00  
-1.259481e+02  2.015335e+03  1.543173e+02  2.015242e+03  2.922300e+00  
-2.974210e+01  1.707196e+03  7.917750e+01  1.702695e+03  3.128900e+00  
-1.437616e+02  1.808495e+03  1.771444e+02  1.808410e+03  3.099300e+00  
-2.194420e+01  1.846245e+03  6.331870e+01  1.838596e+03  2.984900e+00  
-1.531861e+02  1.914170e+03  1.792139e+02  1.913847e+03  2.953700e+00  
-9.166020e+01  1.808493e+03  1.523449e+02  1.807846e+03  3.020200e+00  
-3.933150e+01  1.823246e+03  8.599810e+01  1.820986e+03  3.069500e+00  
-9.352280e+01  1.761084e+03  1.847151e+02  1.760574e+03  3.133200e+00  
-2.631270e+01  1.405861e+03  1.268427e+02  1.399568e+03  3.528600e+00  
-1.708630e+01  1.359382e+03  7.715110e+01  1.345032e+03  3.537000e+00  
-1.971380e+01  1.594429e+03  8.260290e+01  1.584878e+03  3.274800e+00  
-3.255540e+01  1.806600e+03  6.290610e+01  1.801490e+03  3.069000e+00  
-1.789780e+01  1.656146e+03  4.452330e+01  1.646027e+03  3.133800e+00  
-2.117520e+01  1.664714e+03  6.338780e+01  1.656770e+03  3.143400e+00  
-1.642490e+01  1.553887e+03  6.150130e+01  1.540653e+03  3.239700e+00  
-1.548890e+01  1.598658e+03  3.670960e+01  1.584873e+03  3.194700e+00  
-1.931530e+01  1.725756e+03  5.804530e+01  1.716363e+03  3.051000e+00  
-1.953850e+01  1.594477e+03  4.299250e+01  1.586260e+03  3.123200e+00  
-1.809130e+01  1.728411e+03  4.036980e+01  1.719204e+03  2.954200e+00  
-1.783770e+01  1.844905e+03  5.038090e+01  1.835107e+03  2.874800e+00  
-3.098090e+01  1.987610e+03  6.069700e+01  1.984621e+03  2.910800e+00  
-3.547170e+01  1.989565e+03  6.298150e+01  1.987530e+03  2.891400e+00  
-1.072853e+02  2.082838e+03  1.565690e+02  2.082646e+03  2.814500e+00  
-3.097100e+01  1.821631e+03  7.264120e+01  1.818771e+03  2.993200e+00  
-1.710500e+01  1.816966e+03  8.014440e+01  1.805164e+03  2.971500e+00  
-2.076880e+01  2.044166e+03  4.004700e+01  2.037318e+03  2.817800e+00  
-1.728200e+01  1.830172e+03  4.239370e+01  1.819740e+03  2.938100e+00  
-1.898930e+01  1.523761e+03  6.700280e+01  1.513010e+03  3.282000e+00  
-1.946950e+01  1.545848e+03  9.347610e+01  1.535399e+03  3.283500e+00  
-2.389320e+01  1.660329e+03  8.356570e+01  1.653717e+03  3.117900e+00  
-1.326770e+01  1.715218e+03  4.946530e+01  1.695437e+03  3.011200e+00  
-3.489830e+01  2.215666e+03  1.107384e+02  2.212966e+03  2.701000e+00  
-2.994680e+01  2.213543e+03  1.206562e+02  2.210109e+03  2.709800e+00  
-2.857420e+01  2.217740e+03  1.099791e+02  2.214532e+03  2.705400e+00  
-2.676440e+01  2.039598e+03  1.667337e+02  2.035311e+03  2.783500e+00  
-1.667817e+02  2.221695e+03  2.809930e+02  2.221606e+03  2.761800e+00  
-3.594220e+01  2.045400e+03  1.485344e+02  2.043033e+03  2.802300e+00  
-3.483430e+01  2.394347e+03  1.079390e+02  2.391665e+03  2.600800e+00  
-3.089240e+01  2.059462e+03  9.604170e+01  2.055713e+03  2.747200e+00  
-1.588590e+01  1.567987e+03  4.618020e+01  1.553531e+03  3.085900e+00  
-1.877360e+01  1.680753e+03  5.748510e+01  1.670457e+03  2.981600e+00  
-2.631570e+01  1.702824e+03  5.340540e+01  1.697881e+03  2.952900e+00  
-4.943360e+01  1.783188e+03  7.681120e+01  1.781985e+03  2.991800e+00  
-4.863560e+01  1.701937e+03  9.347450e+01  1.700793e+03  3.078200e+00  
-3.913220e+01  1.787804e+03  1.336027e+02  1.785453e+03  2.968000e+00  
-2.916090e+01  1.793440e+03  7.242370e+01  1.789701e+03  2.950400e+00  
-2.247460e+01  1.666509e+03  7.948620e+01  1.657647e+03  3.024500e+00  
-2.672700e+01  1.808014e+03  9.835900e+01  1.803024e+03  3.027800e+00  
-4.802160e+01  1.975901e+03  2.089742e+02  1.974365e+03  2.868700e+00  
-5.119980e+01  2.014883e+03  2.122903e+02  2.013566e+03  2.838500e+00  
-4.358040e+01  2.024076e+03  2.305435e+02  2.022435e+03  2.825500e+00  
-3.946190e+01  2.023992e+03  1.465074e+02  2.022054e+03  2.738000e+00  
-1.154877e+02  2.196369e+03  6.170893e+02  2.196147e+03  2.680200e+00  
-1.188432e+02  1.903766e+03  1.231404e+03  1.903519e+03  2.832500e+00  
-3.795120e+01  2.227112e+03  9.099510e+01  2.225138e+03  2.624700e+00  
-2.036380e+01  2.395340e+03  3.917730e+01  2.389421e+03  2.542900e+00  
-1.739630e+01  2.138075e+03  4.101700e+01  2.128519e+03  2.724700e+00  
-1.660740e+01  2.075309e+03  5.908780e+01  2.064078e+03  2.706700e+00  
-4.277610e+01  2.068368e+03  2.340429e+02  2.066633e+03  2.741000e+00  
-4.657610e+01  2.014275e+03  1.378297e+02  2.012663e+03  2.825900e+00  
-4.615520e+01  1.946028e+03  1.504802e+02  1.944303e+03  2.853100e+00  
-4.008160e+01  1.942462e+03  1.176933e+02  1.940338e+03  2.865900e+00  
-5.618110e+01  2.052022e+03  2.096758e+02  2.050915e+03  2.827700e+00  
-2.564411e+02  1.809746e+03  6.564571e+02  1.809679e+03  3.004500e+00  
-1.869431e+02  1.987365e+03  4.452720e+02  1.987257e+03  2.902600e+00  
-1.104253e+02  1.673856e+03  4.191491e+02  1.673448e+03  3.147700e+00  
-2.436370e+01  1.640150e+03  7.050060e+01  1.633951e+03  3.205400e+00  
-2.154680e+01  1.552647e+03  6.101850e+01  1.544949e+03  3.144600e+00  
-1.391759e+02  2.089707e+03  4.253968e+02  2.089517e+03  2.753500e+00  
-5.809920e+01  1.659269e+03  3.270896e+02  1.658033e+03  3.080800e+00  
-4.848110e+01  1.649927e+03  1.678488e+02  1.647968e+03  3.107200e+00  
-4.733010e+01  2.048085e+03  1.025302e+02  2.046675e+03  2.784000e+00  
-1.116496e+03  2.089843e+03  1.199748e+03  2.089842e+03  2.744200e+00  
-4.685440e+01  1.995162e+03  1.142186e+02  1.993722e+03  2.745200e+00  
-2.304620e+01  1.609494e+03  8.599880e+01  1.601906e+03  3.068100e+00  
-5.745600e+01  2.051304e+03  1.211423e+02  2.050347e+03  2.748500e+00  
-1.387000e+02  2.209407e+03  2.092672e+02  2.209274e+03  2.640900e+00  
-9.935770e+01  1.984795e+03  2.317081e+02  1.984478e+03  2.783800e+00  
-5.835850e+01  2.066179e+03  1.421697e+02  2.065187e+03  2.777400e+00  
-2.265470e+01  1.759480e+03  7.553880e+01  1.752484e+03  2.888700e+00  
-2.154555e+03  1.970005e+03  3.153432e+03  1.970000e+03  2.847000e+00  
-6.086547e+02  1.918107e+03  3.736556e+02  1.918073e+03  2.901800e+00  
-9.725260e+01  1.570803e+03  5.710699e+02  1.570395e+03  3.064300e+00  
-1.635636e+02  1.836404e+03  9.368221e+02  1.836208e+03  2.934500e+00  
-4.019770e+01  1.692539e+03  1.410923e+02  1.690443e+03  3.074300e+00  
-8.990130e+01  1.666612e+03  1.636874e+02  1.666273e+03  3.096400e+00  
-2.842500e+01  1.735814e+03  7.149890e+01  1.731937e+03  3.017400e+00  
-1.437548e+02  1.928179e+03  1.016571e+03  1.927957e+03  2.867900e+00  
-9.524390e+01  2.062675e+03  2.781298e+02  2.062325e+03  2.747000e+00  
-8.299133e+02  2.088699e+03  1.082607e+03  2.088692e+03  2.779700e+00  
-1.560716e+02  2.221074e+03  2.802444e+02  2.220967e+03  2.729200e+00  
-1.374047e+02  2.132424e+03  6.172889e+02  2.132250e+03  2.736500e+00  
-6.149950e+01  2.020760e+03  2.518172e+02  2.019909e+03  2.736900e+00  
-3.663178e+02  2.016228e+03  2.436346e+02  2.016221e+03  2.816600e+00  
-5.589475e+02  2.145303e+03  7.251644e+02  2.145295e+03  2.741200e+00  
-4.844290e+01  2.199509e+03  8.356630e+01  2.198482e+03  2.760200e+00  
-2.724370e+01  1.985969e+03  7.899280e+01  1.981393e+03  2.894000e+00  
-1.476630e+01  1.708335e+03  4.592630e+01  1.691940e+03  3.073600e+00  
-2.036370e+01  1.677807e+03  9.702100e+01  1.668521e+03  3.111700e+00  
-2.794520e+01  1.741054e+03  1.088488e+02  1.735831e+03  3.172600e+00  
-6.390330e+01  1.958803e+03  3.577102e+02  1.957814e+03  2.977400e+00  
-7.040410e+01  1.941029e+03  1.934049e+02  1.940305e+03  2.982300e+00  
-1.609662e+02  2.053910e+03  5.161450e+02  2.053784e+03  2.887400e+00  
-8.044370e+01  2.142688e+03  1.162962e+03  2.142161e+03  2.782200e+00  
-5.344170e+01  2.100186e+03  2.743139e+02  2.099054e+03  2.736500e+00  
-3.434080e+01  2.109955e+03  1.413309e+02  2.107313e+03  2.729900e+00  
-2.844520e+01  2.131369e+03  8.446500e+01  2.127824e+03  2.704800e+00  
-4.508030e+01  2.092232e+03  6.968330e+01  2.090988e+03  2.788400e+00  
-1.943500e+01  2.113916e+03  4.569140e+01  2.106861e+03  2.672800e+00  
-5.817870e+01  2.328855e+03  1.037207e+02  2.328079e+03  2.620600e+00  
-2.252660e+01  2.059677e+03  4.622030e+01  2.053833e+03  2.787100e+00  
-3.158510e+01  1.919980e+03  6.638870e+01  1.916519e+03  2.927300e+00  
-1.818950e+01  1.819422e+03  4.475530e+01  1.808994e+03  2.933500e+00  
-1.659020e+01  1.721548e+03  5.327700e+01  1.707916e+03  3.023000e+00  
-2.246990e+01  1.830885e+03  5.161860e+01  1.824386e+03  2.897000e+00  
-2.111150e+01  1.741530e+03  5.284110e+01  1.733658e+03  2.954400e+00  
-2.601860e+01  1.832992e+03  7.663080e+01  1.828106e+03  2.888600e+00  
-2.374840e+01  1.861500e+03  5.214270e+01  1.856184e+03  2.864500e+00  
-1.315385e+02  1.790955e+03  1.222224e+03  1.790698e+03  3.014600e+00  
-3.782560e+01  1.660480e+03  1.080149e+02  1.657874e+03  3.122000e+00  
-7.970090e+01  1.878970e+03  1.733051e+02  1.878453e+03  2.935700e+00  
-4.042060e+01  1.845933e+03  1.127062e+02  1.843827e+03  2.960000e+00  
-3.442050e+01  1.725795e+03  7.871530e+01  1.723125e+03  3.062100e+00  
-2.539040e+01  1.680890e+03  5.068440e+01  1.675985e+03  3.065400e+00  
-1.671788e+02  1.985577e+03  2.327185e+02  1.985493e+03  2.815300e+00  
-2.534370e+01  1.839061e+03  8.850050e+01  1.833665e+03  2.892900e+00  
-2.044410e+01  1.846215e+03  5.989690e+01  1.839361e+03  2.841200e+00  
-3.011850e+01  1.818148e+03  6.408480e+01  1.814731e+03  2.865600e+00  
-2.510620e+01  1.738984e+03  5.581970e+01  1.733716e+03  2.986100e+00  
-3.812040e+01  1.909887e+03  7.026710e+01  1.907838e+03  2.872800e+00  
-2.645060e+01  1.798737e+03  5.169690e+01  1.794151e+03  2.908000e+00  
-4.833700e+01  1.848830e+03  1.503473e+02  1.847101e+03  2.880900e+00  
-2.269490e+01  1.721959e+03  5.966590e+01  1.715238e+03  2.924200e+00  
-2.874030e+01  1.840414e+03  6.457980e+01  1.836492e+03  2.910100e+00  
-2.045070e+01  1.727806e+03  4.054520e+01  1.719921e+03  3.006000e+00  
-2.525080e+01  1.657180e+03  6.203220e+01  1.651400e+03  3.078700e+00  
-3.527050e+01  1.736392e+03  5.805160e+01  1.733847e+03  3.107100e+00  
-2.748980e+01  1.687374e+03  6.765290e+01  1.682542e+03  3.080700e+00  
-2.764870e+01  1.834589e+03  5.776170e+01  1.830382e+03  2.921000e+00  
-2.298230e+01  1.799029e+03  5.049670e+01  1.792861e+03  2.934300e+00  
-5.073360e+01  1.777945e+03  9.080280e+01  1.776704e+03  3.018100e+00  
-3.441660e+01  1.717397e+03  1.045991e+02  1.714182e+03  3.037000e+00  
-5.485790e+01  1.584606e+03  1.955752e+02  1.583356e+03  3.270800e+00  
-2.090450e+01  1.413101e+03  8.438100e+01  1.403875e+03  3.369400e+00  
-3.356370e+01  1.708667e+03  7.676030e+01  1.705716e+03  3.056900e+00  
-8.629510e+01  1.909269e+03  1.451324e+02  1.908887e+03  2.921900e+00  
-2.604660e+01  1.922271e+03  5.348430e+01  1.918101e+03  2.817300e+00  
-3.103430e+01  1.953171e+03  6.019820e+01  1.950258e+03  2.830400e+00  
-2.906380e+01  1.842147e+03  6.784500e+01  1.838371e+03  2.936400e+00  
-1.978170e+01  1.709826e+03  7.075890e+01  1.701204e+03  2.970900e+00  
-3.382030e+01  1.809822e+03  1.052289e+02  1.806896e+03  2.948700e+00  
-2.519460e+01  1.887003e+03  4.386970e+01  1.882824e+03  2.872200e+00  
-3.047580e+01  1.732315e+03  5.382750e+01  1.729075e+03  3.006600e+00  
-6.083020e+01  1.874493e+03  1.226051e+02  1.873640e+03  2.882400e+00  
-2.054060e+01  1.673143e+03  5.480960e+01  1.665107e+03  3.015100e+00  
-4.186290e+01  2.003816e+03  8.775360e+01  2.002016e+03  2.862200e+00  
-2.247170e+01  1.702240e+03  5.188330e+01  1.695438e+03  3.015200e+00  
-2.333040e+01  1.867817e+03  4.380870e+01  1.862420e+03  2.883400e+00  
-1.686120e+01  1.925102e+03  3.910610e+01  1.914883e+03  2.762300e+00  
-2.236710e+01  1.953610e+03  5.900990e+01  1.947314e+03  2.796400e+00  
-3.656970e+01  2.000659e+03  1.059004e+02  1.998175e+03  2.822900e+00  
-2.475720e+01  1.986375e+03  5.769510e+01  1.981408e+03  2.802000e+00  
-2.231480e+01  1.950865e+03  8.247030e+01  1.943823e+03  2.853700e+00  
-4.806798e+02  2.364476e+03  7.258455e+02  2.364466e+03  2.589700e+00  
-2.256330e+01  1.971881e+03  5.262260e+01  1.966268e+03  2.831300e+00  
-2.445700e+01  1.908390e+03  7.455370e+01  1.902641e+03  2.862000e+00  
-3.023010e+01  1.891861e+03  2.155033e+02  1.888311e+03  2.845300e+00  
-1.649267e+02  2.122205e+03  4.577590e+02  2.122084e+03  2.717400e+00  
-2.319200e+01  1.890341e+03  9.088150e+01  1.883719e+03  2.822200e+00  
-2.826930e+01  1.810669e+03  1.404462e+02  1.806168e+03  2.864700e+00  
-2.700440e+01  1.554012e+03  1.256731e+02  1.548977e+03  3.135400e+00  
-6.225980e+01  1.864679e+03  1.244383e+02  1.863986e+03  2.944700e+00  
-2.976940e+01  1.692999e+03  1.493453e+02  1.688686e+03  3.012300e+00  
-6.115819e+02  2.234782e+03  3.846555e+02  2.234766e+03  2.676000e+00  
-4.062130e+01  1.928312e+03  8.960820e+01  1.926304e+03  2.757100e+00  
-2.108970e+01  1.940242e+03  5.533410e+01  1.932249e+03  2.788200e+00  
-2.246130e+01  1.997299e+03  3.952900e+01  1.990944e+03  2.785300e+00  
-3.027850e+01  2.012355e+03  9.884100e+01  2.008044e+03  2.773600e+00  
-2.147650e+01  2.007895e+03  5.987650e+01  2.000129e+03  2.763200e+00  
-2.234200e+01  1.932532e+03  5.530560e+01  1.925031e+03  2.830300e+00  
-1.838590e+01  1.852397e+03  4.257520e+01  1.841685e+03  2.851900e+00  
-1.824580e+01  1.843652e+03  4.817900e+01  1.832157e+03  2.865400e+00  
-1.997550e+01  1.946691e+03  4.632030e+01  1.937652e+03  2.808700e+00  
-2.359880e+01  2.009519e+03  4.893340e+01  2.003186e+03  2.832400e+00  
-2.991510e+01  2.120012e+03  6.927180e+01  2.116453e+03  2.772100e+00  
-2.367860e+01  1.927861e+03  1.011283e+02  1.921781e+03  2.915200e+00  
-4.018820e+01  1.651710e+03  7.780270e+01  1.649868e+03  3.191700e+00  
-2.348912e+02  2.215101e+03  5.235519e+02  2.215036e+03  2.733300e+00  
-2.896820e+01  1.878120e+03  8.313630e+01  1.873731e+03  2.928300e+00  
-7.476090e+01  2.023313e+03  1.549176e+02  2.022742e+03  2.848700e+00  
-4.730970e+01  1.864677e+03  9.205060e+01  1.863289e+03  2.896600e+00  
-2.469522e+02  2.268668e+03  4.306275e+02  2.268550e+03  2.700300e+00  
-2.880880e+01  1.947216e+03  8.847780e+01  1.942695e+03  2.878600e+00  
-4.676220e+01  1.908408e+03  9.327800e+01  1.907234e+03  2.892200e+00  
-1.275479e+02  2.333109e+03  7.148450e+01  2.333046e+03  2.669600e+00  
-7.045360e+01  1.965766e+03  1.320045e+02  1.965259e+03  2.867700e+00  
-3.924450e+01  1.956130e+03  8.298830e+01  1.954376e+03  2.918300e+00  
-4.940440e+01  1.712978e+03  9.922020e+01  1.711871e+03  3.107700e+00  
-2.607360e+01  1.802639e+03  8.543330e+01  1.797261e+03  2.922800e+00  
-4.439260e+01  1.827277e+03  1.146020e+02  1.825859e+03  2.964800e+00  
-3.120580e+01  1.794385e+03  1.280483e+02  1.791130e+03  3.021400e+00  
-4.706920e+01  1.863799e+03  1.868629e+02  1.862243e+03  2.988000e+00  
-4.168700e+01  1.555489e+03  9.185230e+01  1.553694e+03  3.294000e+00  
-2.205470e+01  1.431459e+03  1.580361e+02  1.422757e+03  3.512700e+00  
-2.345740e+01  1.536865e+03  8.992070e+01  1.528876e+03  3.340300e+00  
-2.927530e+01  1.731878e+03  1.013664e+02  1.727090e+03  3.117400e+00  
-1.941540e+01  1.639781e+03  5.749390e+01  1.629242e+03  3.249700e+00  
-3.134420e+01  1.797317e+03  7.980430e+01  1.793336e+03  3.113800e+00  
-1.983640e+01  1.814219e+03  7.762830e+01  1.804700e+03  3.081600e+00  
-2.612510e+01  1.927247e+03  6.175340e+01  1.922259e+03  3.051800e+00  
-2.114020e+01  1.827104e+03  1.017049e+02  1.819169e+03  3.159800e+00  
-2.320620e+01  1.678127e+03  7.885720e+01  1.670912e+03  3.122400e+00  
-2.893760e+01  1.795297e+03  9.443270e+01  1.790549e+03  3.078500e+00  
-5.403290e+01  1.944906e+03  2.469917e+02  1.943705e+03  3.012700e+00  
-1.101806e+02  1.856433e+03  2.853384e+02  1.856168e+03  3.081300e+00  
-6.567883e+02  1.747065e+03  8.313249e+02  1.747059e+03  3.256200e+00  
-1.453507e+02  1.750813e+03  2.213995e+02  1.750729e+03  3.221400e+00  
-1.366508e+02  1.535988e+03  1.834487e+02  1.535898e+03  3.520200e+00  
-5.271940e+01  1.688420e+03  1.254986e+02  1.686770e+03  3.198900e+00  
-3.171500e+01  1.639803e+03  1.394094e+02  1.635900e+03  3.220100e+00  
-2.103440e+01  1.564045e+03  1.412311e+02  1.555604e+03  3.295900e+00  
-3.687950e+01  1.921883e+03  1.106528e+02  1.919055e+03  2.975200e+00  
-2.982590e+01  1.842478e+03  1.006503e+02  1.838248e+03  3.013200e+00  
-3.295390e+01  1.902885e+03  7.775190e+01  1.899808e+03  2.937600e+00  
-5.655970e+01  1.630452e+03  9.892460e+01  1.629762e+03  3.258500e+00  
-2.741090e+01  1.688163e+03  1.439874e+02  1.683825e+03  3.134600e+00  
-2.611540e+01  1.644601e+03  1.311888e+02  1.639709e+03  3.146100e+00  
-5.211610e+01  2.092095e+03  1.462097e+02  2.090633e+03  2.690900e+00  
-2.650830e+01  1.976021e+03  7.715460e+01  1.971171e+03  2.743900e+00  
-4.779210e+01  2.140596e+03  1.040012e+02  2.139397e+03  2.745000e+00  
-1.969910e+01  1.796077e+03  6.130160e+01  1.787355e+03  2.934800e+00  
-9.917220e+01  1.852640e+03  1.494176e+02  1.852453e+03  2.916300e+00  
-4.685160e+01  1.943204e+03  2.356980e+02  1.941643e+03  2.764100e+00  
-8.061120e+01  1.876519e+03  2.306780e+01  1.875730e+03  2.928200e+00  
-2.909670e+01  2.021008e+03  7.511680e+01  2.017357e+03  2.704800e+00  
-5.064120e+01  2.114673e+03  8.785550e+01  2.113731e+03  2.679300e+00  
-1.362037e+03  1.978742e+03  1.655408e+03  1.978740e+03  2.794900e+00  
-4.554330e+02  1.825199e+03  5.380461e+02  1.825193e+03  2.954300e+00  
-5.860610e+01  1.786498e+03  1.576773e+02  1.785288e+03  2.873400e+00  
-2.115720e+01  1.773195e+03  8.992180e+01  1.765068e+03  2.913500e+00  
-3.506610e+01  2.022041e+03  1.012251e+02  2.019015e+03  2.815500e+00  
-1.055295e+02  1.998334e+03  2.560335e+02  1.997904e+03  2.815700e+00  
-2.371120e+01  1.662257e+03  5.675180e+01  1.656509e+03  3.097200e+00  
-2.578120e+01  1.732012e+03  6.487030e+01  1.727086e+03  3.050000e+00  
-1.940280e+01  1.595056e+03  7.367560e+01  1.585160e+03  3.145600e+00  
-1.930610e+01  1.554715e+03  7.055790e+01  1.544482e+03  3.225700e+00  
-2.669530e+01  1.462344e+03  1.408722e+02  1.456825e+03  3.431000e+00  
-5.761710e+01  1.643552e+03  1.794314e+02  1.642516e+03  3.260300e+00  
-1.542329e+02  1.854447e+03  2.060698e+02  1.854156e+03  2.969500e+00  
-7.354600e+01  1.642973e+03  2.023804e+02  1.642023e+03  3.173900e+00  
-1.043150e+03  1.656079e+03  4.179049e+02  1.656049e+03  3.148100e+00  
-7.251520e+01  1.624513e+03  3.081096e+02  1.623702e+03  3.149500e+00  
-4.129630e+01  1.613079e+03  1.049619e+02  1.610447e+03  3.154000e+00  
-1.821930e+01  1.532393e+03  4.022310e+01  1.521270e+03  3.267000e+00  
-1.573640e+01  1.436924e+03  3.986740e+01  1.421305e+03  3.343900e+00  
-2.978570e+01  1.726558e+03  6.452040e+01  1.722477e+03  3.163000e+00  
-3.408110e+01  1.670492e+03  9.637270e+01  1.667092e+03  3.219400e+00  
-3.041230e+01  1.815301e+03  8.258780e+01  1.811048e+03  3.127100e+00  
-2.444810e+01  1.712566e+03  1.400678e+02  1.706247e+03  3.195800e+00  
-2.537290e+01  1.829914e+03  1.195517e+02  1.824032e+03  3.096400e+00  
-2.307290e+01  1.803903e+03  7.582520e+01  1.797092e+03  3.081500e+00  
-6.256200e+01  1.965217e+03  1.894202e+02  1.964195e+03  2.968000e+00  
-3.342900e+01  1.766842e+03  1.004594e+02  1.763295e+03  3.126200e+00  
-2.523040e+01  1.694331e+03  8.321850e+01  1.688235e+03  3.192700e+00  
-3.497070e+01  2.048277e+03  1.045457e+02  2.045235e+03  2.889500e+00  
-1.857260e+01  1.737237e+03  5.140870e+01  1.727608e+03  3.113300e+00  
-3.945230e+01  2.124050e+03  1.078842e+02  2.121722e+03  2.841300e+00  
-2.160540e+01  1.858666e+03  5.472840e+01  1.851372e+03  3.055900e+00  
-2.562460e+01  2.013551e+03  7.194080e+01  2.008180e+03  2.938800e+00  
-2.276140e+01  1.855954e+03  9.711930e+01  1.848811e+03  3.049700e+00  
-2.252990e+01  1.798983e+03  1.013426e+02  1.791722e+03  3.079200e+00  
-2.127740e+01  1.712674e+03  7.110810e+01  1.703984e+03  3.102300e+00  
-2.112890e+01  1.583049e+03  9.643330e+01  1.574354e+03  3.289300e+00  
-1.670750e+01  1.595214e+03  5.749020e+01  1.582397e+03  3.143300e+00  
-7.653100e+01  2.018677e+03  2.803380e+02  2.018017e+03  2.817800e+00  
-2.056640e+01  1.732190e+03  8.656750e+01  1.723856e+03  3.000900e+00  
-2.047580e+01  1.519947e+03  7.288980e+01  1.511363e+03  3.265200e+00  
-5.973570e+01  1.893565e+03  1.744019e+02  1.892686e+03  2.993500e+00  
-3.305990e+01  1.975711e+03  1.069075e+02  1.972367e+03  2.893100e+00  
-2.131240e+01  1.560932e+03  5.813450e+01  1.553113e+03  3.225700e+00  
-3.728270e+01  1.693742e+03  1.017395e+02  1.691527e+03  3.192600e+00  
-2.921460e+01  1.378898e+03  6.298290e+01  1.375191e+03  3.583300e+00  
-2.789650e+01  1.499359e+03  9.286970e+01  1.494790e+03  3.413100e+00  
-3.825170e+01  1.424267e+03  7.948930e+01  1.422076e+03  3.544900e+00  
-2.419030e+01  1.551086e+03  6.813890e+01  1.544186e+03  3.247300e+00  
-2.485580e+01  1.609316e+03  7.180500e+01  1.602579e+03  3.178800e+00  
-2.496590e+01  1.549250e+03  5.549740e+01  1.543082e+03  3.307000e+00  
-2.654140e+01  1.616895e+03  6.506490e+01  1.611078e+03  3.209200e+00  
-4.468170e+01  1.582584e+03  1.201164e+02  1.580231e+03  3.237500e+00  
-2.523150e+01  1.752295e+03  7.569580e+01  1.746331e+03  3.055000e+00  
-3.555230e+01  1.709378e+03  8.712600e+01  1.706334e+03  3.100200e+00  
-1.862100e+01  1.633347e+03  4.493450e+01  1.622587e+03  3.210900e+00  
-3.014410e+01  1.681851e+03  8.792790e+01  1.677213e+03  3.187400e+00  
-3.510200e+01  1.719433e+03  9.754940e+01  1.716097e+03  3.126800e+00  
-1.801270e+01  1.234257e+03  5.026260e+01  1.220005e+03  3.769600e+00  
-1.598450e+01  1.314507e+03  7.723980e+01  1.296333e+03  3.565000e+00  
-1.950020e+01  1.688174e+03  4.028840e+01  1.679064e+03  3.153400e+00  
-2.059080e+01  1.938504e+03  4.708790e+01  1.930901e+03  2.988700e+00  
-3.551030e+01  2.057534e+03  7.616510e+01  2.055138e+03  2.893100e+00  
-3.082160e+01  2.030629e+03  7.407990e+01  2.027257e+03  2.860700e+00  
-1.454100e+01  1.464095e+03  3.280000e+01  1.447163e+03  3.411400e+00  
-2.442170e+01  1.904797e+03  4.637390e+01  1.899706e+03  3.023300e+00  
-2.420300e+01  1.777882e+03  4.342800e+01  1.772802e+03  3.109100e+00  
-1.652920e+01  1.750678e+03  5.951070e+01  1.738653e+03  3.128600e+00  
-1.942760e+01  1.747684e+03  4.829830e+01  1.739181e+03  3.171400e+00  
-1.614110e+01  1.776215e+03  3.528810e+01  1.764902e+03  3.068900e+00  
-1.819260e+01  1.929298e+03  3.914710e+01  1.920364e+03  2.986200e+00  
-3.893440e+01  2.053837e+03  7.901350e+01  2.051955e+03  2.862700e+00  
-2.334620e+01  1.828577e+03  9.512990e+01  1.822405e+03  3.005000e+00  
-3.518260e+01  1.877089e+03  6.753010e+01  1.874642e+03  3.020000e+00  
-2.965130e+01  1.948851e+03  7.679280e+01  1.945178e+03  2.925200e+00  
-5.062190e+01  2.168452e+03  7.912640e+01  2.167574e+03  2.816400e+00  
-9.361500e+01  2.165087e+03  1.862430e+02  2.164601e+03  2.840000e+00  
-4.355660e+01  1.720077e+03  1.137940e+02  1.717873e+03  3.124200e+00  
-2.930890e+01  1.624382e+03  1.341083e+02  1.619926e+03  3.225900e+00  
-2.650610e+01  1.631292e+03  4.997020e+01  1.627079e+03  3.175900e+00  
-2.855440e+01  1.843902e+03  9.174130e+01  1.839619e+03  2.993200e+00  
-3.680630e+01  1.955398e+03  8.596180e+01  1.952975e+03  2.873000e+00  
-2.030030e+01  1.574120e+03  8.144720e+01  1.565656e+03  3.249500e+00  
-5.929564e+02  2.159002e+03  6.392540e+02  2.158999e+03  2.775600e+00  
-4.602750e+01  1.924347e+03  9.953350e+01  1.922582e+03  2.985200e+00  
-2.652170e+01  1.838650e+03  4.881100e+01  1.834812e+03  3.067000e+00  
-1.595360e+01  1.564701e+03  6.486270e+01  1.550180e+03  3.413700e+00  
-1.654690e+01  1.808332e+03  3.025560e+01  1.794816e+03  3.098200e+00  
-2.011520e+01  1.746602e+03  3.965790e+01  1.738785e+03  3.199900e+00  
-3.212890e+01  1.983549e+03  5.111580e+01  1.981022e+03  3.037000e+00  
-2.080790e+01  1.577294e+03  3.777270e+01  1.569644e+03  3.331700e+00  
-9.836000e+00  1.317997e+03  1.936360e+01  1.284962e+03  3.428700e+00  
-1.397360e+01  1.576088e+03  2.754950e+01  1.560307e+03  3.245200e+00  
-1.456900e+01  1.543448e+03  2.643640e+01  1.529592e+03  3.282000e+00  
-2.007060e+01  1.830013e+03  4.909530e+01  1.821926e+03  3.061300e+00  
-1.703510e+01  1.749955e+03  5.255060e+01  1.736779e+03  3.112700e+00  
-1.365760e+01  1.603126e+03  3.257460e+01  1.586725e+03  3.234200e+00  
-1.589460e+01  1.587761e+03  4.919110e+01  1.574642e+03  3.287000e+00  
-5.401800e+01  1.965280e+03  1.170450e+02  1.963888e+03  2.983700e+00  
-2.939480e+01  1.860454e+03  8.574220e+01  1.856283e+03  3.039600e+00  
-2.751710e+01  1.814160e+03  8.762940e+01  1.809412e+03  3.067700e+00  
-1.962310e+01  1.742890e+03  4.925900e+01  1.734687e+03  3.098200e+00  
-2.029820e+01  1.805742e+03  5.606520e+01  1.797808e+03  3.050200e+00  
-5.655910e+01  1.921124e+03  1.126083e+02  1.920135e+03  2.954800e+00  
-3.173570e+01  1.926969e+03  6.199240e+01  1.923867e+03  2.997300e+00  
-1.624620e+01  1.679848e+03  3.452700e+01  1.667310e+03  3.162800e+00  
-2.500440e+01  1.935547e+03  4.417330e+01  1.930828e+03  3.025500e+00  
-2.453690e+01  1.988680e+03  5.110660e+01  1.983756e+03  2.913600e+00  
-1.115250e+01  1.450142e+03  2.499060e+01  1.421231e+03  3.354000e+00  
-1.260300e+01  1.465249e+03  2.430070e+01  1.443300e+03  3.350800e+00  
-1.787100e+01  1.801210e+03  3.116650e+01  1.791882e+03  3.061100e+00  
-1.637560e+01  1.625188e+03  2.738080e+01  1.613393e+03  3.189200e+00  
-1.313220e+01  1.728559e+03  2.763820e+01  1.711311e+03  3.003600e+00  
-1.540190e+01  1.697230e+03  2.878000e+01  1.684504e+03  3.085300e+00  
-2.296180e+01  1.760121e+03  4.544520e+01  1.754497e+03  3.107900e+00  
-1.485080e+01  1.652488e+03  4.519870e+01  1.637729e+03  3.188000e+00  
-1.433910e+01  1.680103e+03  3.966900e+01  1.664700e+03  3.144100e+00  
-1.888180e+01  1.817035e+03  3.698730e+01  1.809034e+03  3.052300e+00  
-2.479180e+01  1.959895e+03  6.345500e+01  1.954808e+03  2.965900e+00  
-2.058320e+01  1.705496e+03  6.923790e+01  1.697441e+03  3.125000e+00  
-5.084040e+01  2.094108e+03  9.763100e+01  2.092983e+03  2.859100e+00  
-2.477540e+01  2.092095e+03  5.411380e+01  2.087370e+03  2.830000e+00  
-1.712970e+01  2.076035e+03  3.413750e+01  2.067259e+03  2.795700e+00  
-1.964560e+01  2.055226e+03  4.372130e+01  2.048271e+03  2.823700e+00  
-1.586260e+01  1.833907e+03  4.407290e+01  1.821759e+03  2.932200e+00  
-1.386760e+01  1.973536e+03  3.560030e+01  1.959005e+03  2.779800e+00  
-2.184000e+01  2.039576e+03  4.130020e+01  2.034096e+03  2.815500e+00  
-2.418780e+01  2.007357e+03  6.274300e+01  2.002073e+03  2.857700e+00  
-3.553640e+01  1.949682e+03  8.223600e+01  1.946968e+03  2.914100e+00  
-9.221310e+01  1.555332e+03  1.975298e+02  1.554995e+03  3.408600e+00  
-7.305603e+02  1.885347e+03  4.457042e+02  1.885326e+03  3.047700e+00  
-4.034960e+01  1.791575e+03  9.010350e+01  1.786968e+03  3.090600e+00  
-4.174066e+02  1.976687e+03  7.527365e+02  1.976650e+03  2.967100e+00  
-2.608580e+01  1.568791e+03  1.193020e+02  1.563212e+03  3.294100e+00  
-3.104850e+01  1.825527e+03  7.035600e+01  1.819785e+03  3.034400e+00  
-2.173620e+01  1.962338e+03  3.683040e+01  1.956527e+03  2.945300e+00  
-1.963770e+01  1.580710e+03  5.657210e+01  1.571424e+03  3.254100e+00  
-1.491530e+01  1.607415e+03  6.014890e+01  1.591686e+03  3.129700e+00  
-1.900260e+01  1.680930e+03  7.330490e+01  1.671425e+03  3.103300e+00  
-2.972250e+01  1.675428e+03  7.398440e+01  1.671279e+03  3.167800e+00  
-2.006140e+01  1.704329e+03  9.869080e+01  1.695406e+03  3.208000e+00  
-1.809400e+01  1.688627e+03  7.326780e+01  1.677714e+03  3.185300e+00  
-1.604290e+01  1.679094e+03  5.198370e+01  1.665914e+03  3.149100e+00  
-1.637060e+01  1.692849e+03  5.830720e+01  1.679928e+03  3.143700e+00  
-2.598160e+01  1.760928e+03  6.308240e+01  1.755954e+03  3.132200e+00  
-1.534740e+01  1.816600e+03  4.099370e+01  1.802630e+03  2.985600e+00  
-1.678260e+01  1.838837e+03  1.242764e+02  1.826990e+03  2.972200e+00  
-1.674970e+01  1.840351e+03  8.956950e+01  1.828171e+03  2.946800e+00  
-1.524850e+01  1.635942e+03  8.464540e+01  1.620733e+03  3.136600e+00  
-2.625140e+01  1.743717e+03  8.924480e+01  1.739211e+03  3.096700e+00  
-4.331690e+01  1.798044e+03  9.341940e+01  1.796680e+03  3.041800e+00  
-7.490230e+01  1.940180e+03  1.337190e+02  1.939805e+03  2.892900e+00  
-6.356310e+01  1.975660e+03  1.419846e+02  1.975064e+03  2.867900e+00  
-8.396380e+01  1.915005e+03  1.288463e+02  1.914760e+03  2.915100e+00  
-7.825720e+01  2.031287e+03  1.371592e+02  2.030546e+03  2.806400e+00  
-2.553750e+01  1.970493e+03  6.053960e+01  1.965787e+03  2.865400e+00  
-2.029940e+01  1.630058e+03  4.145670e+01  1.621833e+03  3.117500e+00  
-2.548550e+01  1.474735e+03  8.948890e+01  1.467987e+03  3.368700e+00  
-1.750210e+01  1.517787e+03  5.491680e+01  1.505143e+03  3.287600e+00  
-2.684860e+01  1.571179e+03  7.874480e+01  1.565451e+03  3.269200e+00  
-2.483430e+01  1.623330e+03  7.327170e+01  1.617127e+03  3.201900e+00  
-2.737190e+01  1.634988e+03  6.424240e+01  1.630158e+03  3.170700e+00  
-2.088890e+01  1.487753e+03  4.807780e+01  1.479397e+03  3.323200e+00  
-1.529110e+01  1.578959e+03  4.237980e+01  1.563395e+03  3.147500e+00  
-1.524230e+01  1.534920e+03  4.075360e+01  1.519351e+03  3.155100e+00  
-2.038460e+01  1.734975e+03  4.409250e+01  1.727010e+03  3.037200e+00  
-2.284090e+01  1.806744e+03  4.352150e+01  1.800296e+03  3.041100e+00  
-3.078390e+01  1.797724e+03  5.395090e+01  1.794686e+03  2.997600e+00  
-1.743300e+01  1.794539e+03  3.228480e+01  1.784074e+03  2.953700e+00  
-1.453400e+01  1.615846e+03  4.737320e+01  1.597622e+03  3.159900e+00  
-1.984150e+01  1.938668e+03  5.980320e+01  1.930431e+03  2.938000e+00  
-1.868940e+01  1.755922e+03  4.391190e+01  1.746465e+03  3.157000e+00  
-1.873920e+01  1.673369e+03  3.679110e+01  1.664207e+03  3.165100e+00  
-1.963700e+01  1.788670e+03  3.588590e+01  1.780771e+03  3.058900e+00  
-1.735740e+01  1.802220e+03  3.384850e+01  1.792231e+03  3.090400e+00  
-1.714340e+01  1.806217e+03  2.819730e+01  1.796500e+03  3.037700e+00  
-1.341840e+01  1.633694e+03  2.442030e+01  1.616865e+03  3.106200e+00  
-1.861550e+01  1.808279e+03  3.539350e+01  1.799835e+03  3.073400e+00  
-1.845280e+01  1.582707e+03  3.322280e+01  1.571751e+03  3.292600e+00  
-1.463120e+01  1.485829e+03  2.667510e+01  1.470333e+03  3.403700e+00  
-2.279320e+01  1.714802e+03  4.310610e+01  1.709083e+03  3.124500e+00  
-4.155990e+01  1.900141e+03  6.487000e+01  1.898739e+03  2.995300e+00  
-4.870980e+01  1.819998e+03  7.160690e+01  1.818992e+03  3.099300e+00  
-3.107420e+01  1.766789e+03  5.131840e+01  1.764056e+03  3.111300e+00  
-1.824220e+01  1.622931e+03  3.132260e+01  1.614489e+03  3.206100e+00  
-1.709590e+01  1.656222e+03  2.868140e+01  1.646278e+03  3.180400e+00  
-1.702670e+01  1.762584e+03  2.706540e+01  1.753270e+03  3.082300e+00  
-2.381130e+01  1.847844e+03  3.471810e+01  1.843694e+03  3.022800e+00  
-1.972610e+01  1.770438e+03  3.973930e+01  1.763156e+03  3.085000e+00  
-3.514230e+01  2.004804e+03  8.310980e+01  2.002230e+03  2.926900e+00  
-2.487030e+01  1.861141e+03  7.252850e+01  1.855874e+03  2.996300e+00  
-2.476270e+01  1.637102e+03  1.047655e+02  1.631477e+03  3.218200e+00  
-2.245580e+01  1.809727e+03  7.683340e+01  1.803291e+03  3.049700e+00  
-2.910990e+01  2.043423e+03  8.248170e+01  2.039689e+03  2.849600e+00  
-1.460190e+01  1.656761e+03  4.145060e+01  1.640997e+03  3.171400e+00  
-1.712580e+01  1.733993e+03  4.454050e+01  1.723068e+03  3.084100e+00  
-2.834110e+01  2.065771e+03  4.838650e+01  2.062715e+03  2.854200e+00  
-2.773890e+01  1.917775e+03  4.376940e+01  1.914743e+03  2.912900e+00  
-2.032630e+01  1.814126e+03  4.323440e+01  1.806836e+03  2.991600e+00  
-4.166100e+01  2.059726e+03  7.253540e+01  2.058291e+03  2.780500e+00  
-1.648840e+01  1.772529e+03  3.021430e+01  1.759781e+03  2.964900e+00  
-1.939390e+01  1.742220e+03  6.165410e+01  1.733564e+03  3.061900e+00  
-2.963420e+01  2.042697e+03  4.923730e+01  2.039966e+03  2.842400e+00  
-2.663280e+01  1.880983e+03  5.512670e+01  1.876996e+03  2.989800e+00  
-1.985090e+01  1.774376e+03  6.022550e+01  1.766283e+03  3.061900e+00  
-2.335450e+01  1.810656e+03  7.304760e+01  1.804617e+03  3.026500e+00  
-1.698690e+01  1.822047e+03  3.910190e+01  1.812222e+03  3.024800e+00  
-1.825540e+01  1.744418e+03  7.001240e+01  1.733809e+03  3.107800e+00  
-2.195260e+01  1.985660e+03  5.421600e+01  1.977576e+03  2.869100e+00  
-1.658840e+01  1.931409e+03  4.030460e+01  1.920490e+03  2.913800e+00  
-1.281320e+01  1.774933e+03  3.616170e+01  1.756569e+03  2.998300e+00  
-2.051490e+01  2.050110e+03  6.967540e+01  2.042565e+03  2.856600e+00  
-1.408160e+01  1.970809e+03  4.337220e+01  1.956297e+03  2.824500e+00  
-2.158320e+01  1.999150e+03  3.773820e+01  1.993829e+03  2.796300e+00  
-1.951500e+01  2.056338e+03  3.532170e+01  2.048339e+03  2.705600e+00  
-1.308820e+01  1.817542e+03  3.112910e+01  1.798251e+03  2.912200e+00  
-1.156860e+01  1.639233e+03  2.772650e+01  1.615074e+03  2.998900e+00  
-1.125570e+01  1.534631e+03  3.186480e+01  1.506222e+03  3.167100e+00  
-1.273710e+01  1.595769e+03  2.593560e+01  1.576227e+03  3.118200e+00  
-1.136380e+01  1.649865e+03  2.291410e+01  1.626967e+03  3.028400e+00  
-1.215620e+01  1.792055e+03  2.807290e+01  1.771932e+03  2.940800e+00  
-1.341140e+01  1.671298e+03  2.652130e+01  1.655048e+03  3.071900e+00  
-1.790340e+01  1.776230e+03  4.904580e+01  1.764649e+03  3.034000e+00  
-1.838540e+01  1.751209e+03  5.612930e+01  1.741309e+03  3.022000e+00  
-1.773300e+01  1.706384e+03  4.588210e+01  1.692986e+03  3.128800e+00  
-2.313650e+01  1.646443e+03  7.643050e+01  1.639504e+03  3.150800e+00  
-8.383240e+01  1.919724e+03  1.618382e+02  1.919315e+03  2.871900e+00  
-3.648090e+01  1.766507e+03  8.089810e+01  1.764011e+03  3.054100e+00  
-4.704070e+01  1.792676e+03  1.176169e+02  1.790884e+03  3.003400e+00  
-4.824100e+01  1.787970e+03  1.133959e+02  1.786208e+03  3.044300e+00  
-5.730740e+01  2.167437e+03  8.826950e+01  2.166773e+03  2.748000e+00  
-9.507150e+01  1.688102e+03  1.460770e+02  1.687863e+03  3.183000e+00  
-2.907640e+01  1.607339e+03  9.222290e+01  1.603675e+03  3.179900e+00  
-3.825550e+01  1.611743e+03  7.786320e+01  1.610020e+03  3.153100e+00  
-3.810890e+01  1.548596e+03  7.107450e+01  1.546774e+03  3.237200e+00  
-2.844790e+01  1.636357e+03  1.372203e+02  1.632184e+03  3.122100e+00  
-4.060730e+01  1.661350e+03  8.871480e+01  1.659737e+03  3.114600e+00  
-2.739130e+01  1.738555e+03  9.646270e+01  1.733732e+03  3.005700e+00  
-3.420640e+01  1.842212e+03  1.040698e+02  1.839015e+03  2.937900e+00  
-3.007850e+01  2.180607e+03  7.245570e+01  2.177336e+03  2.674200e+00  
-3.563670e+01  1.784229e+03  1.085859e+02  1.781211e+03  2.997300e+00  
-1.870930e+01  1.662428e+03  8.112410e+01  1.652479e+03  3.040100e+00  
-4.584000e+01  1.665466e+03  8.514440e+01  1.664303e+03  3.137500e+00  
-2.182840e+01  1.961348e+03  6.519120e+01  1.954709e+03  2.838900e+00  
-1.431740e+01  1.719254e+03  2.583230e+01  1.704755e+03  3.011200e+00  
-1.441740e+01  1.833399e+03  2.806600e+01  1.819084e+03  2.948800e+00  
-1.561110e+01  1.969424e+03  2.896980e+01  1.957479e+03  2.890300e+00  
-1.398300e+01  1.872425e+03  2.631250e+01  1.857653e+03  2.961900e+00  
-1.987930e+01  2.010433e+03  3.573150e+01  2.003439e+03  2.903200e+00  
-1.733080e+01  1.986843e+03  3.361210e+01  1.977785e+03  2.840300e+00  
-1.534240e+01  1.763454e+03  4.331640e+01  1.749739e+03  3.027800e+00  
-2.162760e+01  1.881227e+03  8.710680e+01  1.874770e+03  2.983100e+00  
-2.075930e+01  1.723477e+03  1.304153e+02  1.715148e+03  3.133600e+00  
-2.004470e+01  1.841143e+03  6.683400e+01  1.832647e+03  2.995500e+00  
-1.372160e+01  1.516730e+03  9.092220e+01  1.497620e+03  3.288700e+00  
-4.256010e+01  1.725146e+03  7.519280e+01  1.723817e+03  3.204400e+00  
-2.960420e+01  1.819939e+03  1.405795e+02  1.816515e+03  3.014400e+00  
-1.709412e+02  1.909740e+03  4.098465e+02  1.909623e+03  3.001500e+00  
-1.108142e+02  1.765139e+03  1.684053e+02  1.764975e+03  3.128800e+00  
-5.497790e+01  1.751090e+03  9.213830e+01  1.750373e+03  3.133700e+00  
-6.264540e+01  1.812433e+03  1.327891e+02  1.811813e+03  3.050700e+00  
-6.316660e+01  1.865966e+03  1.666597e+02  1.864950e+03  2.969500e+00  
-3.144950e+01  1.671791e+03  1.376004e+02  1.668667e+03  3.101500e+00  
-3.850080e+01  1.566175e+03  1.747780e+02  1.563609e+03  3.259100e+00  
-1.492048e+02  1.562408e+03  2.201071e+02  1.562310e+03  3.335500e+00  
-5.863120e+01  2.113783e+03  1.524311e+02  2.112874e+03  2.831500e+00  
-2.645360e+01  2.090453e+03  6.300380e+01  2.086481e+03  2.822400e+00  
-4.236100e+01  2.245389e+03  7.712230e+01  2.244021e+03  2.778400e+00  
-4.395910e+01  2.122349e+03  1.871584e+02  2.120663e+03  2.831900e+00  
-1.525390e+01  1.611961e+03  3.505070e+01  1.597650e+03  3.193700e+00  
-2.242830e+01  2.041037e+03  4.421140e+01  2.035563e+03  2.897200e+00  
-3.406260e+01  2.044982e+03  1.286239e+02  2.042288e+03  2.896800e+00  
-4.626910e+01  2.205810e+03  9.357520e+01  2.204540e+03  2.823900e+00  
-3.108440e+01  1.917146e+03  1.066284e+02  1.913619e+03  2.930200e+00  
-2.655420e+01  2.071768e+03  5.540920e+01  2.067870e+03  2.832500e+00  
-3.387274e+02  1.994222e+03  2.260195e+02  1.994122e+03  2.990300e+00  
-3.066730e+01  1.979079e+03  7.406190e+01  1.975837e+03  2.891300e+00  
-5.198740e+01  1.898762e+03  1.460487e+02  1.897355e+03  2.946500e+00  
-1.661540e+01  1.676654e+03  3.390100e+01  1.664141e+03  3.120600e+00  
-1.777360e+01  1.605405e+03  7.363040e+01  1.591916e+03  3.244300e+00  
-1.916020e+01  1.718098e+03  5.491110e+01  1.707178e+03  3.114300e+00  
-1.654920e+01  1.622334e+03  4.876940e+01  1.607463e+03  3.177400e+00  
-1.189500e+01  1.393647e+03  2.833020e+01  1.365803e+03  3.363200e+00  
-1.430280e+01  1.653536e+03  3.079460e+01  1.637377e+03  3.087900e+00  
-1.540460e+01  1.751853e+03  2.952520e+01  1.738407e+03  3.045500e+00  
-1.470380e+01  1.585644e+03  3.342050e+01  1.570363e+03  3.127900e+00  
-2.252500e+01  1.758880e+03  4.013260e+01  1.752869e+03  3.008100e+00  
-2.395130e+01  1.792986e+03  4.143990e+01  1.787796e+03  3.000100e+00  
-2.082050e+01  1.787959e+03  5.604130e+01  1.779846e+03  2.941100e+00  
-1.292080e+01  1.655322e+03  4.491150e+01  1.634550e+03  3.043600e+00  
-1.740260e+01  1.772836e+03  7.495500e+01  1.760895e+03  2.983700e+00  
-1.837870e+01  1.820435e+03  8.258480e+01  1.810006e+03  2.961200e+00  
-1.731830e+01  1.730630e+03  5.328520e+01  1.718960e+03  3.009800e+00  
-2.100070e+01  1.931126e+03  4.088700e+01  1.924831e+03  2.818900e+00  
-2.783950e+01  1.715404e+03  4.860160e+01  1.711721e+03  3.122400e+00  
-1.960930e+01  1.643247e+03  4.423180e+01  1.634716e+03  3.176000e+00  
-1.824980e+01  1.690025e+03  4.111540e+01  1.680253e+03  3.152700e+00  
-3.738040e+01  2.041977e+03  7.572060e+01  2.039773e+03  2.847700e+00  
-1.475820e+01  1.875934e+03  5.051500e+01  1.860392e+03  2.918600e+00  
-2.175000e+01  1.900565e+03  7.478380e+01  1.893270e+03  2.968200e+00  
-1.951630e+01  2.004311e+03  5.403440e+01  1.996483e+03  2.794000e+00  
-1.813760e+01  2.027915e+03  5.955710e+01  2.018624e+03  2.761200e+00  
-1.669390e+01  1.806241e+03  8.723660e+01  1.795818e+03  2.885900e+00  
-1.917240e+01  1.947794e+03  7.309990e+01  1.939559e+03  2.799100e+00  
-1.741180e+01  1.953615e+03  5.020560e+01  1.943565e+03  2.880000e+00  
-3.933220e+01  2.119426e+03  1.094682e+02  2.115076e+03  2.814800e+00  
-1.483200e+01  1.917824e+03  4.744360e+01  1.904806e+03  2.834400e+00  
-2.316260e+01  1.869398e+03  1.384455e+02  1.863617e+03  3.007700e+00  
-1.788490e+01  1.775798e+03  1.114812e+02  1.765522e+03  3.074300e+00  
-1.728890e+01  1.818424e+03  6.928510e+01  1.807458e+03  3.005500e+00  
-3.137600e+01  2.018126e+03  1.279320e+02  2.014656e+03  2.880300e+00  
-4.738940e+01  1.911556e+03  1.058402e+02  1.909864e+03  3.005300e+00  
-1.534760e+01  1.316031e+03  4.580540e+01  1.300624e+03  3.548500e+00  
-8.644240e+01  2.103100e+03  2.363519e+02  2.102546e+03  2.869200e+00  
-2.538800e+01  2.096040e+03  4.606180e+01  2.092396e+03  2.786900e+00  
-2.535270e+01  2.164572e+03  6.051280e+01  2.160428e+03  2.658300e+00  
-1.826630e+01  1.991328e+03  5.637230e+01  1.981970e+03  2.893100e+00  
-2.226960e+01  1.863263e+03  6.954180e+01  1.856084e+03  3.006800e+00  
-1.615260e+01  2.082819e+03  7.232650e+01  2.071205e+03  2.843800e+00  
-1.608570e+01  2.043404e+03  5.639730e+01  2.031498e+03  2.815700e+00  
-2.257780e+01  2.054920e+03  7.569670e+01  2.048949e+03  2.795500e+00  
-2.896450e+01  2.011169e+03  7.558810e+01  2.007382e+03  2.900500e+00  
-2.273730e+01  2.012585e+03  7.810660e+01  2.006587e+03  2.861500e+00  
-3.648750e+01  2.019890e+03  8.309140e+01  2.017683e+03  2.876300e+00  
-4.350690e+01  2.124397e+03  9.915140e+01  2.122857e+03  2.809700e+00  
-4.002810e+01  1.998401e+03  6.574650e+01  1.996940e+03  2.946500e+00  
-2.131820e+01  1.931298e+03  8.146100e+01  1.923995e+03  2.897300e+00  
-2.863570e+01  1.811826e+03  8.254810e+01  1.807258e+03  3.071800e+00  
-5.527670e+01  2.120572e+03  1.244099e+02  2.119343e+03  2.853700e+00  
-4.721370e+01  1.964219e+03  1.533597e+02  1.962572e+03  2.926000e+00  
-3.654910e+01  2.025479e+03  9.337560e+01  2.022845e+03  2.850900e+00  
-3.858060e+01  1.908939e+03  7.914650e+01  1.907386e+03  3.032000e+00  
-1.876310e+01  1.983868e+03  1.154179e+02  1.975257e+03  2.901500e+00  
-2.671320e+01  2.010299e+03  9.505440e+01  2.006491e+03  2.851700e+00  
-2.283980e+01  2.121403e+03  6.367100e+01  2.115809e+03  2.758100e+00  
-3.941930e+01  2.173114e+03  1.134439e+02  2.170993e+03  2.710800e+00  
-4.201790e+01  2.008326e+03  1.055569e+02  2.006332e+03  2.869400e+00  
-2.639150e+01  1.894255e+03  8.070750e+01  1.887226e+03  2.985500e+00  
-3.091580e+01  2.103409e+03  1.327571e+02  2.100487e+03  2.766400e+00  
-4.872570e+01  2.092899e+03  9.206200e+01  2.091806e+03  2.779600e+00  
-7.090450e+01  1.901675e+03  1.506921e+02  1.901171e+03  2.967700e+00  
-3.995840e+01  1.858314e+03  1.298305e+02  1.856473e+03  3.030700e+00  
-4.737735e+02  2.041662e+03  5.340832e+02  2.041659e+03  2.981600e+00  
-2.848610e+01  1.895190e+03  8.203360e+01  1.890832e+03  3.000000e+00  
-3.123590e+01  1.795625e+03  9.076250e+01  1.791983e+03  3.067700e+00  
-5.176540e+01  1.852022e+03  2.184899e+02  1.850812e+03  3.074500e+00  
-1.577134e+02  1.861933e+03  4.764284e+02  1.861789e+03  3.097200e+00  
-3.145180e+01  1.640549e+03  9.370730e+01  1.636522e+03  3.159400e+00  
-3.761420e+01  1.784511e+03  1.050254e+02  1.782059e+03  2.999800e+00  
-6.966210e+01  1.735667e+03  1.318094e+02  1.735196e+03  3.088700e+00  
-3.559250e+01  1.796520e+03  1.901453e+02  1.793704e+03  2.993700e+00  
-4.158370e+01  1.725949e+03  1.187785e+02  1.723630e+03  3.087200e+00  
-3.363130e+01  1.715450e+03  1.220408e+02  1.711883e+03  3.099100e+00  
-2.250781e+02  1.828109e+03  2.867030e+02  1.828082e+03  3.012100e+00  
-3.408320e+01  1.838892e+03  1.084095e+02  1.835985e+03  2.972700e+00  
-3.179080e+01  1.790654e+03  9.778710e+01  1.786994e+03  3.080100e+00  
-2.313650e+01  1.916529e+03  5.408440e+01  1.909317e+03  2.889900e+00  
-2.056020e+01  2.061329e+03  5.451710e+01  2.055022e+03  2.790200e+00  
-3.167780e+01  2.108552e+03  6.412790e+01  2.106006e+03  2.803000e+00  
-8.969950e+01  2.189225e+03  1.390508e+02  2.188980e+03  2.756600e+00  
-2.916090e+01  1.804835e+03  9.963720e+01  1.800857e+03  2.903800e+00  
-2.492490e+01  1.866963e+03  7.672300e+01  1.861339e+03  2.825500e+00  
-2.371150e+01  1.749136e+03  1.029489e+02  1.743641e+03  2.955600e+00  
-2.259130e+01  1.888901e+03  8.135090e+01  1.882263e+03  2.822300e+00  
-1.933110e+01  1.818399e+03  4.823710e+01  1.810164e+03  2.910300e+00  
-1.728660e+01  1.652000e+03  4.511870e+01  1.641129e+03  3.026400e+00  
-5.113530e+01  1.877532e+03  1.163819e+02  1.876004e+03  2.935900e+00  
-1.867850e+01  1.750852e+03  4.953220e+01  1.741314e+03  2.953800e+00  
-3.251420e+01  2.038885e+03  6.510090e+01  2.036177e+03  2.792900e+00  
-2.452870e+01  1.769609e+03  1.226791e+02  1.763854e+03  3.013300e+00  
-1.974150e+01  1.803638e+03  4.591850e+01  1.795805e+03  2.922000e+00  
-2.644800e+01  1.880205e+03  4.497360e+01  1.876555e+03  2.880700e+00  
-2.557830e+01  1.954275e+03  4.326900e+01  1.950497e+03  2.817700e+00  
-5.895290e+01  2.086739e+03  1.057579e+02  2.085961e+03  2.768800e+00  
-1.956460e+01  1.544312e+03  7.311930e+01  1.534721e+03  3.135700e+00  
-7.349250e+02  2.048812e+03  8.318569e+02  2.048808e+03  2.852500e+00  
-3.928780e+01  2.036004e+03  1.011410e+02  2.033919e+03  2.834900e+00  
-3.662400e+01  1.914519e+03  1.300481e+02  1.911813e+03  2.816400e+00  
-7.659580e+01  2.002135e+03  2.316619e+02  2.001398e+03  2.781800e+00  
-3.762260e+01  1.664550e+03  1.971308e+02  1.661786e+03  3.051600e+00  
-4.356330e+01  1.836976e+03  1.422133e+02  1.834866e+03  2.851000e+00  
-1.420820e+02  1.700832e+03  1.939478e+02  1.700744e+03  3.023400e+00  
-2.710910e+01  1.589452e+03  7.457910e+01  1.584615e+03  3.041700e+00  
-5.543560e+01  1.795791e+03  2.990450e+02  1.794507e+03  2.885800e+00  
-5.330590e+01  1.881792e+03  1.881482e+02  1.880381e+03  2.805000e+00  
-8.790840e+02  1.896421e+03  3.307758e+02  1.896385e+03  2.889300e+00  
-1.224991e+02  2.101685e+03  8.101049e+02  2.101407e+03  2.706300e+00  
-3.789750e+01  1.815996e+03  1.417039e+02  1.813800e+03  2.889900e+00  
-2.536085e+02  2.053359e+03  5.670777e+02  2.053318e+03  2.772100e+00  
-1.204066e+03  1.965439e+03  3.372042e+02  1.965404e+03  2.828700e+00  
-8.660390e+01  1.787891e+03  1.382482e+02  1.785733e+03  3.028400e+00  
-1.010869e+02  1.803712e+03  1.437543e+02  1.803486e+03  2.992400e+00  
-2.677738e+02  1.776460e+03  2.668506e+02  1.776390e+03  3.068500e+00  
-5.870520e+01  1.801045e+03  2.444984e+02  1.800069e+03  2.941400e+00  
-1.500609e+02  1.898806e+03  3.026842e+02  1.898669e+03  2.891700e+00  
-2.648450e+01  1.787915e+03  4.796410e+01  1.783824e+03  2.965900e+00  
-3.540320e+01  1.853413e+03  6.344340e+01  1.851134e+03  2.930900e+00  
-2.938350e+01  1.517244e+03  1.121009e+02  1.512598e+03  3.219000e+00  
-4.047490e+01  1.668376e+03  1.386044e+02  1.666060e+03  3.082800e+00  
-4.381800e+01  1.554231e+03  2.561259e+02  1.552187e+03  3.131600e+00  
-4.788650e+01  1.640727e+03  1.966096e+02  1.638947e+03  3.094300e+00  
-1.033670e+02  1.742579e+03  3.593889e+02  1.742112e+03  2.979700e+00  
-4.310150e+01  1.619393e+03  1.009547e+02  1.617492e+03  3.119700e+00  
-7.770940e+01  1.750275e+03  1.226718e+02  1.749767e+03  3.136800e+00  
-6.155450e+01  1.650141e+03  1.623695e+02  1.649256e+03  3.211000e+00  
-2.302639e+02  1.658062e+03  3.510828e+02  1.658017e+03  3.198800e+00  
-2.522685e+02  1.891338e+03  1.677940e+02  1.891324e+03  2.940800e+00  
-3.510900e+01  1.570175e+03  2.242991e+02  1.567038e+03  3.148100e+00  
-2.675600e+01  1.590861e+03  6.759980e+01  1.585862e+03  3.161800e+00  
-1.708313e+02  1.633247e+03  3.103767e+02  1.633141e+03  3.170700e+00  
-1.273192e+03  1.916192e+03  5.004391e+02  1.916166e+03  2.964600e+00  
-1.612598e+03  1.918892e+03  1.032077e+03  1.918871e+03  2.991800e+00  
-4.348324e+02  1.581801e+03  5.705152e+02  1.581783e+03  3.237300e+00  
-2.487780e+01  1.721281e+03  1.013859e+02  1.715249e+03  2.966500e+00  
-2.755710e+01  1.586583e+03  8.606160e+01  1.580909e+03  3.172400e+00  
-1.305265e+02  2.089884e+03  2.611438e+02  2.089707e+03  2.738200e+00  
-9.099830e+01  1.878082e+03  1.653719e+02  1.877750e+03  2.832300e+00  
-3.001510e+01  1.852125e+03  1.015127e+02  1.847836e+03  2.894700e+00  
-1.998416e+02  1.950512e+03  1.037610e+02  1.950478e+03  2.917900e+00  
-3.649110e+01  2.204367e+03  1.089264e+02  2.201887e+03  2.659200e+00  
-2.301470e+01  2.018483e+03  5.846300e+01  2.012698e+03  2.712900e+00  
-8.854570e+01  2.054604e+03  3.423870e+02  2.054117e+03  2.757100e+00  
-2.308300e+01  2.043027e+03  4.387250e+01  2.037505e+03  2.698100e+00  
-4.417910e+01  2.007031e+03  1.941436e+02  2.005098e+03  2.760500e+00  
-9.834920e+01  2.041014e+03  6.869546e+02  2.040618e+03  2.757200e+00  
