# m_1o t_1o t_3o x_1p chi t_2p m_1p m_2p x_2p y_1p x_sr m_3p x_3p t_3p y_3p t_2o y_sr t_1p m_3o y_2p m_2o
-95.678 0.0 -2320.3 -1.3592 2.19 -0.56153 -108.38 69.579 -2.8502 -8.9408 3.2283 3.148 13.074 -1950.1 4.6296 37.19 -10.01 0.0 2.9173 -9.8856 77.422
-70.533 0.0 -2160.9 -1.7419 36.35 -0.58639 -111.19 52.436 -3.1086 -9.2096 3.6474 3.1116 13.133 -1943.9 4.8172 40.095 -10.222 0.0 2.9836 -10.098 164.16
-588.73 0.0 -2140.1 -0.8762 103.5 -0.32724 -113.77 144.96 -2.1808 -8.5661 3.5305 3.1089 12.873 -1832.1 4.8128 35.078 -10.223 0.0 2.9503 -9.4191 51.081
-160.14 0.0 -2183.7 -1.0802 19.54 -0.54276 -105.04 94.082 -2.6313 -8.7353 3.5535 3.0882 12.978 -1941.5 4.8527 36.293 -10.089 0.0 2.9583 -9.7349 62.613
-172.61 0.0 -2253.4 -1.0985 15.98 -0.49768 -118.67 95.279 -2.6783 -8.7449 3.6536 3.0343 13.252 -1906.4 4.6196 40.01 -10.269 0.0 2.8425 -9.7634 69.354
-87.708 0.0 -2246.5 -1.4084 3.538 -0.58614 -107.2 63.092 -2.9077 -8.9895 3.5026 3.0837 12.994 -1944.3 4.7531 46.479 -10.261 0.0 2.9158 -9.9145 82.494
-104.49 0.0 -2191.6 -1.1744 8.999 -0.71626 -83.247 68.791 -2.7196 -8.8037 3.6754 3.0887 13.193 -1902.6 4.6861 38.099 -10.139 0.0 2.9404 -9.7955 56.372
-72.656 0.0 -2362.4 -1.6719 21.56 -0.48663 -115.94 61.827 -2.9994 -9.1578 3.5232 3.1352 12.878 -1948.7 4.6604 40.236 -10.288 0.0 2.9085 -10.011 116.97
-251.98 0.0 -2137.6 -0.9347 46.9 -0.52705 -103.46 110.08 -2.4935 -8.631 3.5688 3.0892 13.145 -1906.7 4.7952 36.961 -10.146 0.0 2.9624 -9.6307 58.367
-70.368 0.0 -2161.9 -1.6463 23.22 -0.63371 -104.88 51.875 -3.0675 -9.1469 3.589 3.1982 13.159 -1897.6 4.7314 42.23 -10.105 0.0 3.0302 -10.05 124.85
-211.15 0.0 -2167.9 -0.97163 39.13 -0.56043 -99.727 101.33 -2.524 -8.6585 3.5918 3.0975 13.103 -1937.8 4.8174 37.116 -10.209 0.0 2.9784 -9.6546 57.43
-187.97 0.0 -2150.9 -1.0021 41.3 -0.54702 -93.531 93.817 -2.474 -8.677 3.6343 3.1855 13.076 -1806.8 4.6659 37.257 -10.271 0.0 2.9954 -9.6218 50.758
-217.24 0.0 -2219.9 -0.95387 65.0 -0.55652 -82.729 89.47 -2.3359 -8.6347 3.3239 3.1992 12.945 -1845.5 4.6711 31.127 -10.199 0.0 3.0055 -9.5304 42.806
-327.6 0.0 -2170.4 -0.92787 81.36 -0.42163 -100.61 111.89 -2.2603 -8.6052 3.4835 3.2676 13.011 -1733.1 4.5588 31.292 -10.226 0.0 3.0141 -9.4779 47.008
-154.5 0.0 -2126.0 -1.1365 17.04 -0.50242 -111.21 97.932 -2.612 -8.7709 3.1041 3.2653 13.038 -1793.4 4.6718 30.651 -9.9939 0.0 3.0635 -9.724 64.55
-94.282 0.0 -2303.3 -1.6782 23.22 -0.42993 -149.29 66.488 -3.0201 -9.1605 3.2563 3.1634 13.114 -1901.6 4.5845 38.555 -10.298 0.0 2.9081 -10.022 147.7
-138.51 0.0 -2133.7 -1.3008 2.757 -0.50867 -148.23 74.859 -2.8979 -8.9048 3.5752 3.0868 13.231 -1892.8 4.7472 43.503 -10.253 0.0 2.9384 -9.9087 99.661
-72.75 0.0 -2186.2 -1.5907 18.56 -0.67967 -104.49 52.705 -3.0639 -9.1179 3.3665 3.0925 13.151 -2003.0 4.8337 43.754 -10.173 0.0 2.9785 -10.034 119.52
-136.64 0.0 -2174.1 -1.1846 6.242 -0.60234 -115.08 79.271 -2.7997 -8.8115 3.5498 3.0487 13.279 -1960.8 4.7649 38.233 -10.247 0.0 2.9277 -9.8503 77.869
-126.33 0.0 -2216.3 -1.2283 5.632 -0.53875 -111.58 85.3 -2.7363 -8.8295 3.6949 3.1244 13.094 -1898.4 4.7193 36.291 -10.403 0.0 2.9555 -9.8203 71.794
-64.67 0.0 -2111.8 -1.8858 65.78 -0.59298 -107.1 45.338 -3.1895 -9.3302 3.624 3.0223 13.307 -2066.2 4.9544 46.567 -10.143 0.0 2.9768 -10.149 285.91
-180.18 0.0 -2068.4 -1.1235 11.33 -0.45229 -140.55 98.907 -2.7408 -8.7915 3.1666 3.2316 12.944 -1831.8 4.8539 39.9 -9.9935 0.0 3.0835 -9.7872 81.233
-104.84 0.0 -2223.5 -1.2049 6.167 -0.66553 -91.741 68.764 -2.7767 -8.8509 3.3411 3.0663 13.095 -1964.2 4.7556 42.261 -9.9963 0.0 2.9277 -9.8144 62.685
-424.86 0.0 -2183.0 -0.90841 89.66 -0.32357 -113.2 142.03 -2.2265 -8.6131 3.5528 3.1029 12.681 -1813.5 4.8035 43.03 -10.361 0.0 2.9275 -9.4446 50.664
-367.59 0.0 -2315.1 -0.92986 69.54 -0.3477 -119.57 144.15 -2.3308 -8.6211 3.1349 3.0837 13.038 -1868.4 4.5652 36.954 -10.218 0.0 2.8362 -9.5177 57.035
-450.68 0.0 -2143.6 -0.89407 81.08 -0.33987 -120.66 152.13 -2.2865 -8.5977 3.0484 3.1044 12.854 -1846.3 4.8296 35.604 -10.134 0.0 2.9511 -9.4862 57.018
-190.43 0.0 -2344.4 -1.0347 33.08 -0.47094 -104.61 104.35 -2.5217 -8.7103 3.0167 2.9814 13.006 -1970.0 4.6635 36.432 -10.078 0.0 2.7943 -9.6488 56.872
-133.92 0.0 -2305.2 -1.1511 14.8 -0.4972 -102.86 88.699 -2.6371 -8.8056 3.2739 2.9443 12.852 -1940.8 4.7432 45.396 -10.373 0.0 2.7849 -9.7249 59.253
-150.58 0.0 -2347.7 -0.93621 38.97 -0.80922 -68.588 71.58 -2.5679 -8.6683 3.6536 2.8088 13.108 -2215.7 4.9457 48.523 -10.282 0.0 2.7548 -9.6634 44.356
-99.271 0.0 -2280.2 -1.282 3.337 -0.66033 -105.36 60.267 -2.91 -8.9155 3.2583 2.9097 13.041 -2109.3 4.9122 47.427 -10.162 0.0 2.8196 -9.9012 79.268
-750.36 0.0 -2227.6 -0.83736 114.4 -0.37462 -98.488 129.87 -2.1606 -8.5515 3.0373 2.9419 13.099 -2040.7 4.8729 35.143 -10.062 0.0 2.8491 -9.3901 46.319
-168.98 0.0 -2353.9 -1.0362 25.59 -0.56286 -97.712 91.485 -2.605 -8.7064 3.3044 2.913 13.135 -2064.6 4.7399 38.205 -10.194 0.0 2.768 -9.7099 58.1
-142.51 0.0 -2243.4 -0.93247 31.95 -0.97046 -68.599 64.251 -2.6772 -8.6579 3.3039 2.7841 13.432 -2288.2 5.0033 38.749 -9.9029 0.0 2.7884 -9.741 48.755
-359.45 0.0 -2121.3 -0.91407 86.98 -0.40074 -100.16 113.83 -2.2383 -8.593 3.0015 3.2122 12.927 -1728.8 4.6445 27.388 -9.9144 0.0 2.9922 -9.4637 45.484
-170.16 0.0 -2167.3 -1.0378 34.05 -0.55282 -93.241 89.972 -2.5083 -8.6895 3.0246 3.1163 13.131 -1811.1 4.612 28.978 -9.9412 0.0 2.9208 -9.6544 50.963
-118.95 0.0 -2266.6 -1.0891 20.78 -0.65844 -79.501 75.497 -2.6031 -8.7601 3.0284 2.9699 12.814 -2021.7 4.9107 37.565 -10.08 0.0 2.8654 -9.7074 49.045
-120.98 0.0 -2364.1 -1.1664 17.75 -0.50054 -93.394 88.335 -2.5775 -8.7998 2.8624 3.0988 12.74 -1937.0 4.6965 33.401 -10.054 0.0 2.8866 -9.7007 53.36
-115.96 0.0 -2254.6 -1.164 11.37 -0.63066 -89.839 77.937 -2.6706 -8.7933 2.6006 3.0263 12.964 -2006.7 4.8336 27.54 -9.833 0.0 2.9027 -9.7683 57.751
-66.251 0.0 -2284.9 -1.5758 14.11 -0.64863 -95.882 53.176 -3.0084 -9.1013 2.7768 3.0738 12.923 -2029.7 4.8393 35.915 -9.9108 0.0 2.9353 -10.004 97.012
-268.77 0.0 -2299.0 -0.83007 69.32 -0.74104 -71.729 85.634 -2.4269 -8.5724 2.8696 2.8076 13.246 -2301.7 5.0378 33.863 -9.9101 0.0 2.7924 -9.5711 43.923
-135.24 0.0 -2308.6 -1.0777 15.74 -0.66357 -91.352 77.413 -2.7057 -8.752 2.8153 2.9299 13.06 -2139.2 4.9041 34.051 -9.8151 0.0 2.8393 -9.7722 59.975
-151.17 0.0 -2360.4 -1.0869 19.34 -0.48868 -103.58 93.831 -2.6331 -8.7704 2.939 2.9578 12.77 -2051.2 4.8533 42.165 -10.066 0.0 2.8156 -9.7139 59.491
-134.04 0.0 -2115.1 -1.1413 9.311 -0.59449 -106.12 79.972 -2.753 -8.7923 3.2099 3.0142 12.93 -1975.8 5.0036 39.077 -10.174 0.0 2.9423 -9.8126 68.779
-81.726 0.0 -2347.6 -1.4456 3.707 -0.57179 -102.88 64.285 -2.8926 -9.0016 2.6597 3.0073 12.904 -2037.2 4.784 33.556 -9.9993 0.0 2.8517 -9.9235 80.804
-199.0 0.0 -2210.5 -0.91921 50.43 -0.72233 -77.792 83.893 -2.4745 -8.6181 2.456 2.9169 13.095 -2142.1 5.0089 24.763 -9.7673 0.0 2.8776 -9.6238 47.163
-149.59 0.0 -2237.4 -1.0729 20.31 -0.58578 -95.881 87.905 -2.6281 -8.7353 2.5726 2.9768 12.963 -2027.5 4.8903 29.96 -9.8679 0.0 2.8722 -9.7299 58.787
-71.892 0.0 -2171.4 -2.1767 120.8 -0.25653 -124.56 56.395 -3.13 -9.5309 2.9991 3.1911 12.797 -1791.6 4.7097 46.074 -10.113 0.0 2.9479 -10.116 577.41
-337.04 0.0 -2299.1 -0.86312 69.45 -0.51494 -93.178 110.34 -2.3917 -8.5855 2.9526 2.8586 13.172 -2123.5 4.8569 35.987 -10.045 0.0 2.7716 -9.5509 50.471
-131.42 0.0 -2169.5 -1.1673 7.564 -0.60474 -107.64 78.124 -2.7701 -8.8059 2.9085 3.0088 13.111 -1992.3 4.8674 34.219 -9.9814 0.0 2.9084 -9.8256 70.82
-84.089 0.0 -2295.2 -1.483 7.335 -0.59875 -110.81 59.319 -2.9696 -9.0381 2.6408 3.0198 13.072 -2047.1 4.7795 35.677 -9.8822 0.0 2.8763 -9.9647 96.328
-215.1 0.0 -2161.8 -1.0364 22.95 -0.43229 -130.51 113.8 -2.6394 -8.7212 2.9074 2.9869 12.854 -1972.0 4.9721 37.615 -10.063 0.0 2.891 -9.7241 73.005
-446.59 0.0 -2282.3 -0.90219 104.8 -0.38913 -95.439 110.12 -2.1579 -8.5737 2.5706 3.1273 12.993 -1859.2 4.5723 20.687 -9.7026 0.0 2.8956 -9.4087 42.054
-270.17 0.0 -2112.0 -0.95195 59.88 -0.43827 -104.43 115.11 -2.3721 -8.63 2.5939 3.1543 12.939 -1795.0 4.7428 26.19 -9.8073 0.0 2.9746 -9.5561 52.033
-193.79 0.0 -2157.9 -1.1333 25.57 -0.33467 -135.05 125.57 -2.5145 -8.7586 2.9009 3.2561 12.861 -1697.9 4.5859 30.876 -10.06 0.0 2.9704 -9.6612 64.699
-180.28 0.0 -2276.7 -1.0331 38.51 -0.53319 -93.636 95.819 -2.4694 -8.6746 2.7109 3.1148 13.106 -1916.0 4.6212 23.155 -9.8508 0.0 2.9068 -9.6355 51.662
-132.82 0.0 -2257.4 -1.2687 2.823 -0.50373 -125.11 86.323 -2.7828 -8.8414 2.5456 3.0491 13.151 -2012.2 4.7668 21.203 -9.6912 0.0 2.8982 -9.8701 81.915
-182.2 0.0 -2234.2 -0.96626 37.36 -0.7164 -84.827 84.21 -2.5538 -8.6343 2.6906 2.9791 13.383 -2104.1 4.7919 22.687 -9.6933 0.0 2.8946 -9.687 52.595
-357.29 0.0 -2291.6 -0.89906 71.38 -0.44605 -104.85 122.38 -2.3443 -8.5804 2.8323 2.9559 13.172 -2033.1 4.7471 26.83 -9.9822 0.0 2.8187 -9.5378 53.871
-1225.5 0.0 -2244.7 -0.88846 128.9 -0.20425 -137.15 197.54 -2.0618 -8.5766 2.6401 3.0042 12.795 -1942.5 4.8576 32.725 -9.9771 0.0 2.8606 -9.3259 54.796
-3224.0 0.0 -2293.6 -0.94346 166.4 -0.16159 -134.39 165.3 -1.8965 -8.582 2.9381 2.9745 13.133 -2070.9 4.8167 26.3 -9.9432 0.0 2.8594 -9.2133 43.423
-466.67 0.0 -2334.4 -0.88546 109.9 -0.43354 -88.077 99.58 -2.1478 -8.5554 2.883 3.0752 13.182 -1920.3 4.5214 22.674 -10.033 0.0 2.8601 -9.4013 39.414
-219.23 0.0 -2166.8 -1.036 41.42 -0.42447 -113.47 112.41 -2.4419 -8.6732 2.9611 3.0861 13.033 -1786.5 4.6328 25.443 -10.018 0.0 2.8828 -9.6178 56.552
-138.18 0.0 -2261.0 -1.2788 9.812 -0.36335 -129.27 105.42 -2.6248 -8.8555 2.989 3.2075 12.957 -1748.1 4.4785 29.186 -10.097 0.0 2.8997 -9.7472 69.021
-478.92 0.0 -2193.0 -0.88285 95.23 -0.39289 -105.44 125.2 -2.219 -8.5566 3.1478 3.0394 13.056 -1906.7 4.7659 26.49 -10.118 0.0 2.8908 -9.4538 49.255
-109.81 0.0 -2302.0 -1.1974 13.95 -0.56808 -87.383 78.918 -2.6046 -8.8028 3.3979 3.0956 12.978 -1872.4 4.5914 31.882 -10.191 0.0 2.8744 -9.7301 52.612
-126.84 0.0 -2086.0 -1.2287 7.516 -0.51984 -108.27 85.443 -2.684 -8.8145 3.5325 3.0934 13.093 -1759.0 4.6895 30.193 -10.244 0.0 2.9218 -9.7947 65.388
-195.19 0.0 -2204.7 -0.9771 49.44 -0.57917 -86.228 88.817 -2.4287 -8.6448 3.1007 3.0435 13.129 -1882.6 4.6604 28.395 -10.028 0.0 2.8793 -9.5982 46.78
-369.44 0.0 -2095.9 -0.87487 79.13 -0.48616 -99.456 109.94 -2.3187 -8.5565 3.3972 3.0139 13.262 -1852.5 4.7268 28.271 -10.066 0.0 2.8878 -9.5213 49.011
-754.88 0.0 -2280.0 -0.88888 127.8 -0.33145 -100.19 117.19 -2.0655 -8.5489 3.2512 3.0625 13.063 -1909.6 4.6501 24.804 -10.16 0.0 2.8777 -9.3446 41.431
-706.74 0.0 -2288.2 -0.88731 124.7 -0.33782 -102.1 115.43 -2.081 -8.538 3.5099 3.0301 13.177 -1883.7 4.5678 22.484 -10.166 0.0 2.8335 -9.3602 41.484
-240.16 0.0 -2271.5 -0.97388 45.14 -0.48949 -105.73 110.35 -2.4678 -8.6383 3.2886 2.9552 13.173 -1983.5 4.7166 30.87 -10.193 0.0 2.8091 -9.6272 57.742
-248.69 0.0 -2247.7 -0.93279 57.55 -0.53798 -93.423 100.09 -2.4095 -8.6151 3.4725 3.0093 13.229 -1938.0 4.6638 34.598 -10.37 0.0 2.8548 -9.58 50.388
-133.3 0.0 -2298.9 -1.285 10.56 -0.3666 -124.54 103.33 -2.6112 -8.8572 3.3465 3.1606 12.966 -1762.2 4.4524 31.168 -10.237 0.0 2.8571 -9.7395 66.708
-248.83 0.0 -2264.0 -1.0064 51.72 -0.39902 -112.69 120.59 -2.386 -8.6577 3.3549 3.0809 12.97 -1855.4 4.6381 30.813 -10.279 0.0 2.8717 -9.5744 55.995
-1119.0 0.0 -2113.0 -0.86116 116.1 -0.24128 -143.61 192.2 -2.1371 -8.541 3.439 3.0607 13.141 -1837.6 4.7591 34.392 -10.309 0.0 2.9124 -9.3858 59.259
-375.34 0.0 -1987.1 -1.1466 9.334 -0.21352 -328.9 140.2 -2.7641 -8.78 3.5255 3.157 12.892 -1678.7 4.7994 42.291 -10.281 0.0 2.9675 -9.8109 123.15
-281.16 0.0 -2229.7 -0.96681 57.71 -0.40803 -112.86 120.05 -2.3798 -8.6385 3.2813 3.1111 13.153 -1806.6 4.5235 32.688 -10.176 0.0 2.8718 -9.5588 55.149
-194.24 0.0 -2263.7 -1.0865 22.38 -0.45384 -122.53 108.35 -2.5904 -8.7206 3.3945 3.0227 13.209 -1928.2 4.6388 32.439 -10.263 0.0 2.8447 -9.7149 68.017
-50.396 0.0 -2210.4 -2.033 93.19 -0.49549 -89.809 49.299 -3.192 -9.416 3.5537 3.0569 13.278 -1892.3 4.6047 43.14 -10.358 0.0 2.8773 -10.182 340.57
-161.8 0.0 -2264.7 -1.2171 10.24 -0.39782 -135.62 106.31 -2.6524 -8.8106 3.1671 3.1123 13.173 -1831.1 4.5126 30.322 -10.184 0.0 2.8606 -9.7634 74.355
-99.094 0.0 -2230.4 -1.2312 4.04 -0.82127 -88.151 62.417 -2.8636 -8.839 3.6348 2.9434 13.488 -2090.5 4.7638 37.699 -10.344 0.0 2.8743 -9.903 70.914
-170.62 0.0 -2281.7 -1.2906 5.63 -0.33455 -162.71 113.99 -2.6908 -8.8496 3.2822 3.0939 13.208 -1824.5 4.4832 26.751 -10.131 0.0 2.8274 -9.8036 85.805
-320.73 0.0 -2186.1 -0.92656 62.74 -0.42357 -111.69 122.37 -2.378 -8.6071 3.2606 3.0474 13.158 -1874.1 4.6736 31.078 -10.033 0.0 2.8781 -9.5583 55.618
-381.0 0.0 -2117.8 -0.91024 75.9 -0.37897 -113.74 131.57 -2.305 -8.5962 3.6245 3.1142 13.01 -1772.9 4.709 37.665 -10.45 0.0 2.9373 -9.507 54.154
-98.944 0.0 -2142.6 -1.3945 2.436 -0.48051 -112.32 77.261 -2.7989 -8.9512 3.5988 3.2076 12.98 -1741.2 4.6139 37.679 -10.209 0.0 2.9765 -9.8634 75.473
-249.07 0.0 -2167.4 -0.90683 63.67 -0.61663 -86.375 88.616 -2.3923 -8.5812 3.6211 2.9605 13.393 -1897.6 4.6418 29.612 -10.348 0.0 2.8449 -9.5752 46.026
-139.58 0.0 -2278.2 -1.1653 18.03 -0.49741 -102.17 92.071 -2.5742 -8.7654 3.6372 3.1518 13.141 -1821.4 4.5056 29.983 -10.314 0.0 2.9012 -9.7152 57.991
-79.009 0.0 -2266.7 -1.3764 2.135 -0.75295 -84.747 59.759 -2.8831 -8.9276 3.777 3.0698 13.411 -1940.0 4.5697 35.378 -10.377 0.0 2.9036 -9.9329 71.266
-299.35 0.0 -2369.0 -0.95137 60.98 -0.44164 -108.13 119.62 -2.3685 -8.6052 2.9816 2.944 13.226 -2036.0 4.6312 24.466 -10.139 0.0 2.7742 -9.5649 56.068
-383.47 0.0 -2155.0 -0.89349 77.74 -0.42313 -109.3 122.01 -2.3106 -8.582 3.566 3.1014 13.208 -1818.1 4.6369 35.343 -10.462 0.0 2.9251 -9.509 52.872
-291.43 0.0 -2179.6 -0.98954 48.99 -0.3796 -129.98 130.6 -2.4245 -8.6413 3.4738 3.107 13.202 -1782.6 4.5658 31.459 -10.367 0.0 2.8894 -9.5992 62.398
-227.8 0.0 -2205.6 -1.1144 22.95 -0.34814 -150.95 130.03 -2.5589 -8.7365 3.2319 3.121 13.157 -1786.0 4.549 32.096 -10.383 0.0 2.8856 -9.6942 74.669
-389.79 0.0 -2041.0 -0.91826 59.8 -0.35904 -136.74 146.85 -2.4066 -8.6047 3.5843 3.057 13.091 -1777.1 4.7862 38.176 -10.481 0.0 2.9193 -9.5751 65.279
-119.49 0.0 -2110.7 -1.4484 3.58 -0.42084 -148.01 78.409 -2.8815 -8.9949 3.4491 3.0622 13.046 -1778.2 4.7005 41.162 -10.357 0.0 2.8776 -9.9138 99.308
-327.41 0.0 -2127.9 -0.88096 73.01 -0.52441 -96.253 105.85 -2.3492 -8.5715 3.1526 2.9768 13.177 -1942.8 4.8346 28.605 -10.118 0.0 2.8846 -9.5397 49.797
-291.61 0.0 -2166.7 -0.93682 63.01 -0.45921 -105.25 114.18 -2.3644 -8.6135 2.9341 3.0858 13.06 -1882.1 4.7477 27.459 -10.056 0.0 2.936 -9.5524 53.256
-421.22 0.0 -2263.8 -0.91353 83.48 -0.34877 -115.56 137.52 -2.2588 -8.5985 2.9418 3.0723 12.981 -1900.4 4.6864 30.282 -10.06 0.0 2.8809 -9.4733 53.323
-92.387 0.0 -2332.5 -1.2924 2.559 -0.66081 -91.344 66.74 -2.8114 -8.8926 3.2613 3.0262 13.087 -2068.6 4.7682 36.951 -10.067 0.0 2.8895 -9.8604 66.779
-323.94 0.0 -2314.7 -0.90051 49.49 -0.43765 -114.23 129.23 -2.5116 -8.6277 3.2258 2.8558 13.057 -2140.7 4.9123 42.758 -10.128 0.0 2.7686 -9.6244 64.521
-98.527 0.0 -2264.5 -1.5686 12.97 -0.4821 -141.47 64.321 -2.998 -9.0906 3.1808 3.0445 13.072 -1993.4 4.7612 38.994 -10.037 0.0 2.8887 -9.9941 124.96
-395.49 0.0 -2408.6 -0.92408 77.62 -0.35646 -115.83 135.47 -2.2864 -8.5996 3.1683 3.0027 13.141 -1992.7 4.5673 31.341 -10.184 0.0 2.7882 -9.4953 54.387
-259.92 0.0 -2255.0 -1.09 15.58 -0.32901 -180.19 120.46 -2.7011 -8.746 3.3715 2.9537 13.089 -1930.1 4.7122 42.1 -10.222 0.0 2.7761 -9.7676 88.601
-569.64 0.0 -2336.1 -0.87309 83.73 -0.32419 -123.52 169.09 -2.2922 -8.5776 3.4024 2.9109 13.019 -2051.4 4.7991 39.652 -10.186 0.0 2.7719 -9.4865 59.953
-244.75 0.0 -2237.9 -0.93094 57.75 -0.48478 -93.751 107.27 -2.4061 -8.6557 3.4684 3.0123 12.859 -1938.7 4.827 48.4 -10.467 0.0 2.8758 -9.5565 49.965
-98.582 0.0 -2169.8 -1.5568 15.05 -0.51713 -145.78 58.132 -3.0391 -9.1091 3.4102 2.9407 12.959 -2033.0 4.9836 54.21 -10.428 0.0 2.8653 -9.9919 133.3
-294.41 0.0 -2037.3 -1.0185 22.53 -0.35062 -173.26 126.13 -2.6839 -8.7092 3.5353 3.0441 12.998 -1809.0 4.8635 47.057 -10.348 0.0 2.9206 -9.7439 87.939
-214.62 0.0 -2271.5 -0.98571 39.33 -0.50151 -103.41 105.98 -2.5072 -8.6776 3.3395 3.0036 13.022 -1998.7 4.7921 38.675 -10.181 0.0 2.8707 -9.637 57.512
-95.586 0.0 -2304.8 -1.4601 6.657 -0.57442 -119.04 62.031 -2.9677 -9.0205 3.4605 2.9799 13.312 -1988.2 4.6106 48.183 -10.432 0.0 2.8103 -9.9558 100.71
-141.79 0.0 -2319.1 -1.398 4.146 -0.31383 -164.23 104.47 -2.7458 -8.9533 3.0538 3.1335 13.022 -1812.7 4.4807 37.229 -10.364 0.0 2.8477 -9.8177 89.656
-73.783 0.0 -2014.7 -2.0218 88.69 -0.41014 -119.09 54.793 -3.172 -9.4135 3.1666 3.1855 13.301 -1815.3 4.7358 40.384 -10.091 0.0 3.0405 -10.153 417.55
-533.37 0.0 -2048.3 -0.89473 50.16 -0.31477 -178.52 177.22 -2.5201 -8.5943 2.6336 3.0539 13.223 -1890.7 4.8391 30.082 -9.9471 0.0 2.951 -9.6426 86.416
-430.16 0.0 -2041.2 -1.0836 15.57 -0.22645 -302.71 154.32 -2.7193 -8.742 2.7474 3.1626 13.031 -1765.7 4.7723 35.369 -9.9913 0.0 2.9871 -9.7698 118.49
-190.36 0.0 -2089.0 -1.2348 6.005 -0.3759 -168.82 107.48 -2.7301 -8.83 2.7757 3.088 13.226 -1772.5 4.6228 29.415 -10.053 0.0 2.9006 -9.8105 89.829
-897.13 0.0 -2062.9 -0.88838 60.64 -0.19494 -235.49 269.34 -2.4408 -8.5802 2.7816 3.0745 13.095 -1814.0 4.7943 32.344 -10.057 0.0 2.9248 -9.5853 95.882
-288.54 0.0 -2223.7 -1.0349 35.18 -0.32254 -154.27 144.4 -2.5034 -8.6982 2.8731 3.0472 13.065 -1858.3 4.65 34.741 -10.247 0.0 2.85 -9.6389 72.691
-165.79 0.0 -2220.6 -1.2232 7.15 -0.40773 -146.3 99.577 -2.7242 -8.841 3.022 3.0845 13.184 -1851.0 4.5855 39.022 -10.332 0.0 2.8733 -9.7893 81.392
-122.31 0.0 -2319.8 -1.4334 4.581 -0.33597 -151.75 94.112 -2.7767 -8.9908 2.9688 3.1513 12.925 -1821.9 4.5215 41.063 -10.325 0.0 2.8715 -9.8278 86.951
-130.57 0.0 -2193.6 -1.5597 10.12 -0.36658 -179.54 77.63 -2.942 -9.0737 3.1043 3.0464 13.121 -1835.1 4.637 40.009 -10.301 0.0 2.8406 -9.9532 127.14
-178.3 0.0 -1998.5 -1.369 1.901 -0.33637 -198.83 99.895 -2.8246 -8.929 3.2515 3.1529 13.121 -1673.5 4.6762 36.041 -10.306 0.0 2.9608 -9.8763 108.53
-82.353 0.0 -2333.8 -1.6459 18.02 -0.44853 -124.03 65.376 -2.9743 -9.1385 3.4911 3.0825 12.972 -1903.0 4.6084 44.119 -10.431 0.0 2.8529 -9.9834 113.23
-1423.7 0.0 -2090.3 -0.88203 139.6 -0.22693 -135.62 155.96 -2.025 -8.5463 3.2111 3.066 13.203 -1775.4 4.6513 26.795 -10.077 0.0 2.905 -9.3077 47.556
-81.517 0.0 -2161.0 -1.3233 3.981 -0.8642 -84.0 53.138 -2.952 -8.9297 3.1189 2.9479 13.452 -2051.2 4.7626 40.243 -9.9515 0.0 2.8782 -9.9418 75.63
-225.88 0.0 -2294.1 -1.0487 32.34 -0.40178 -126.37 120.01 -2.5195 -8.7052 3.0773 3.1101 13.177 -1879.8 4.534 33.921 -10.174 0.0 2.8695 -9.6535 64.949
-131.44 0.0 -2139.3 -1.3386 2.073 -0.45755 -138.91 84.009 -2.8232 -8.9157 3.0678 3.0797 13.164 -1827.2 4.6615 35.132 -10.132 0.0 2.902 -9.8712 88.893
-583.68 0.0 -2174.8 -0.95579 45.86 -0.20375 -223.44 234.32 -2.4868 -8.6341 3.3312 3.0516 12.959 -1846.3 4.7617 38.711 -10.252 0.0 2.8772 -9.622 92.803
-239.48 0.0 -2334.5 -1.1386 10.96 -0.3068 -193.06 117.71 -2.7366 -8.7975 3.3173 3.0199 12.968 -1979.7 4.7183 46.518 -10.264 0.0 2.824 -9.7791 94.576
-191.47 0.0 -2154.8 -0.99312 27.84 -0.59751 -103.35 89.812 -2.6366 -8.6877 3.4193 2.8997 13.286 -1976.1 4.794 41.362 -10.198 0.0 2.8128 -9.72 61.751
-130.21 0.0 -2098.9 -1.6053 19.2 -0.43588 -190.91 60.245 -3.0583 -9.1263 3.7278 2.9797 13.211 -1888.2 4.8001 53.743 -10.469 0.0 2.8586 -10.017 171.59
-123.87 0.0 -2266.0 -1.2118 5.722 -0.58791 -107.66 75.91 -2.779 -8.8371 3.2593 3.0017 13.254 -1989.9 4.6757 38.518 -10.088 0.0 2.8498 -9.8283 70.806
-120.57 0.0 -2230.6 -1.2505 5.957 -0.50113 -111.57 84.074 -2.724 -8.8674 3.2223 3.0452 12.971 -1906.3 4.7327 40.238 -10.253 0.0 2.8802 -9.7914 68.736
-98.603 0.0 -2238.4 -1.4449 5.089 -0.57991 -117.94 64.402 -2.9479 -8.9981 3.4097 2.9756 13.316 -1971.7 4.6686 41.712 -10.292 0.0 2.8308 -9.956 97.662
-83.428 0.0 -2239.3 -1.3638 3.396 -0.75001 -90.92 57.453 -2.9308 -8.9508 3.5561 2.9896 13.365 -2005.2 4.6839 45.582 -10.346 0.0 2.8667 -9.9335 77.86
-203.97 0.0 -2250.1 -0.99291 29.18 -0.58814 -107.48 92.876 -2.6208 -8.6677 3.369 2.8594 13.41 -2066.9 4.7435 35.517 -10.202 0.0 2.7647 -9.7221 62.726
-223.17 0.0 -2173.0 -1.3507 2.167 -0.28 -253.13 115.38 -2.8066 -8.9144 3.3587 3.1396 13.14 -1793.6 4.6084 36.328 -10.256 0.0 2.9152 -9.8608 119.54
-2400.5 0.0 -2300.6 -0.91208 154.2 -0.16427 -148.13 179.72 -1.9563 -8.5683 3.5282 2.9418 13.283 -1936.9 4.5838 34.191 -10.285 0.0 2.7707 -9.253 48.232
-281.22 0.0 -2243.9 -0.95795 40.34 -0.44776 -124.98 120.44 -2.5335 -8.6452 3.3103 2.937 13.255 -2004.7 4.7343 35.786 -10.125 0.0 2.813 -9.6573 66.91
-56.601 0.0 -2288.3 -2.3653 174.6 -0.15047 -115.92 67.801 -3.1111 -9.6668 3.5113 2.9248 13.442 -2038.8 4.6268 44.587 -10.083 0.0 2.7708 -10.152 2749.4
-304.85 0.0 -2250.5 -1.0705 28.17 -0.27603 -181.91 154.6 -2.5438 -8.7173 3.0733 3.0428 13.098 -1844.6 4.5875 34.722 -10.145 0.0 2.8136 -9.669 79.92
-274.1 0.0 -2268.3 -1.0002 34.99 -0.37856 -136.29 132.66 -2.5381 -8.6832 3.3208 2.989 13.043 -1979.9 4.7683 39.965 -10.26 0.0 2.8431 -9.6575 70.964
-153.48 0.0 -2316.5 -1.2435 4.813 -0.41266 -145.09 91.792 -2.7682 -8.8569 3.2057 2.9996 13.081 -1958.4 4.6587 39.355 -10.121 0.0 2.8019 -9.8216 82.755
-388.7 0.0 -2268.9 -0.92992 69.66 -0.33165 -126.01 144.25 -2.3302 -8.6192 3.1747 3.0016 13.056 -1874.3 4.6172 36.012 -10.146 0.0 2.8003 -9.5173 57.658
-71.79 0.0 -2321.3 -1.9084 61.06 -0.42201 -119.0 53.876 -3.1123 -9.3286 3.2357 3.1125 13.151 -1881.3 4.5032 44.407 -10.177 0.0 2.8362 -10.089 214.36
-351.62 0.0 -2266.7 -0.9517 53.14 -0.33865 -135.05 151.73 -2.4253 -8.6477 2.8984 3.0165 12.997 -1953.6 4.7404 35.243 -10.03 0.0 2.8576 -9.5779 66.724
-167.09 0.0 -2332.6 -1.3854 3.19 -0.3674 -202.69 79.29 -2.9043 -8.9623 3.0375 2.9536 13.226 -1981.7 4.6067 42.419 -10.116 0.0 2.7515 -9.9052 114.95
-759.06 0.0 -2264.7 -0.95261 28.5 -0.18228 -312.75 161.25 -2.7338 -8.6501 3.2906 2.9874 12.986 -1936.6 4.7558 44.957 -10.133 0.0 2.8074 -9.7586 123.88
-133.45 0.0 -2309.9 -1.593 14.67 -0.36099 -204.78 69.524 -2.9922 -9.1114 3.1075 3.0403 13.039 -1993.4 4.7199 42.121 -10.001 0.0 2.8545 -9.9742 147.96
-188.6 0.0 -2317.2 -1.104 10.66 -0.50205 -143.32 81.903 -2.8308 -8.7749 3.1831 2.8578 13.187 -2168.7 4.8827 40.641 -9.8861 0.0 2.7712 -9.8473 88.837
-370.26 0.0 -2271.9 -1.0162 31.73 -0.26365 -189.16 175.44 -2.5564 -8.6782 2.9955 3.0162 12.955 -1969.2 4.7863 32.384 -9.9257 0.0 2.8563 -9.6782 87.4
-102.68 0.0 -2282.0 -1.7168 28.53 -0.40717 -159.77 61.816 -3.0411 -9.1924 3.0897 3.0529 13.095 -1954.7 4.6765 39.458 -9.9475 0.0 2.8542 -10.026 161.89
-223.16 0.0 -2304.2 -1.1796 8.588 -0.30052 -196.52 116.48 -2.7406 -8.8292 3.2547 3.0026 12.891 -1967.5 4.7659 46.646 -10.253 0.0 2.8304 -9.7815 95.048
-310.91 0.0 -2280.2 -0.96996 41.63 -0.38895 -139.51 131.5 -2.5086 -8.6437 3.1806 2.9261 13.267 -1984.0 4.659 32.754 -10.06 0.0 2.7762 -9.6452 68.752
-796.94 0.0 -2306.9 -0.88739 88.91 -0.22171 -166.0 223.63 -2.2548 -8.589 3.1094 2.996 13.072 -1935.4 4.6545 39.16 -10.24 0.0 2.804 -9.4549 69.607
-3612.8 0.0 -2263.0 -0.91489 132.2 -0.083724 -273.81 461.65 -2.0418 -8.5786 3.3215 2.979 13.099 -1870.2 4.6329 40.177 -10.27 0.0 2.7755 -9.3052 80.085
-128.17 0.0 -2269.4 -1.5349 7.912 -0.3367 -176.18 82.776 -2.8963 -9.0583 3.3784 3.025 13.045 -1826.1 4.5661 45.482 -10.495 0.0 2.7872 -9.9158 113.69
-489.89 0.0 -2274.9 -0.84658 86.55 -0.40393 -107.24 130.83 -2.2984 -8.5749 3.424 2.8357 13.126 -2061.0 4.8419 44.964 -10.496 0.0 2.7404 -9.4816 52.7
-196.56 0.0 -2313.8 -1.0866 21.71 -0.41842 -126.45 111.17 -2.5994 -8.7335 3.2699 3.0137 13.076 -1957.0 4.6748 36.55 -10.226 0.0 2.823 -9.7117 67.882
-182.06 0.0 -2230.3 -1.2381 4.345 -0.37957 -174.44 97.041 -2.7959 -8.851 3.0404 3.0444 13.128 -1915.7 4.691 37.219 -10.099 0.0 2.8565 -9.8406 95.425
-150.27 0.0 -2266.5 -1.1813 9.025 -0.46116 -125.05 93.281 -2.7111 -8.8149 3.1235 3.0394 12.99 -1957.5 4.7548 37.593 -10.081 0.0 2.8712 -9.783 72.669
-1373.9 0.0 -2225.3 -0.8989 126.4 -0.17027 -163.19 236.67 -2.0665 -8.5743 2.7777 3.0287 12.842 -1910.3 4.8185 30.28 -9.891 0.0 2.8689 -9.3333 61.6
-220.66 0.0 -2308.1 -0.97993 49.09 -0.48915 -97.103 105.82 -2.427 -8.6592 2.5742 3.0278 12.953 -1994.9 4.7608 28.376 -9.9254 0.0 2.8678 -9.5913 51.979
-378.72 0.0 -2214.2 -0.9058 92.25 -0.42593 -96.179 107.58 -2.217 -8.5731 2.6323 3.0814 13.019 -1859.7 4.667 20.977 -9.8518 0.0 2.8953 -9.4543 43.82
-119.21 0.0 -2172.7 -1.0708 19.96 -0.82499 -74.954 68.517 -2.6378 -8.7142 2.8168 3.0117 13.255 -2031.7 4.8349 24.717 -9.8203 0.0 2.935 -9.7499 49.836
-305.96 0.0 -2223.7 -0.89827 62.54 -0.51195 -99.555 110.44 -2.4057 -8.5865 2.8238 2.9283 13.205 -2037.1 4.8221 28.233 -10.034 0.0 2.8293 -9.5783 53.284
-174.02 0.0 -2237.9 -1.147 19.25 -0.42015 -123.95 106.99 -2.575 -8.7614 2.4822 3.1139 13.11 -1843.6 4.5631 24.258 -9.8329 0.0 2.8781 -9.7069 64.872
-95.14 0.0 -2219.2 -1.2777 2.648 -0.74509 -94.514 60.826 -2.8912 -8.8893 2.8351 2.886 13.126 -2153.8 5.002 34.676 -9.9666 0.0 2.8414 -9.9135 75.042
-137.42 0.0 -2266.3 -1.2065 6.645 -0.50058 -119.31 84.824 -2.7439 -8.83 3.0298 2.9427 13.084 -1972.9 4.7406 38.089 -10.235 0.0 2.7925 -9.808 72.297
-144.21 0.0 -2193.3 -1.1997 5.956 -0.49271 -127.53 81.853 -2.7814 -8.8296 3.2527 2.953 13.074 -1920.8 4.7777 41.939 -10.243 0.0 2.8115 -9.8288 76.073
-84.689 0.0 -2301.1 -1.386 3.582 -0.64432 -100.8 57.772 -2.9276 -8.9797 3.0002 2.9096 13.03 -2073.2 4.8357 44.093 -10.117 0.0 2.7923 -9.9224 79.879
-142.73 0.0 -2289.8 -1.1622 10.27 -0.50929 -113.3 87.899 -2.7061 -8.7999 2.8931 3.0195 13.078 -1979.8 4.7171 36.246 -10.133 0.0 2.8486 -9.7801 68.253
-158.58 0.0 -2244.6 -1.0565 20.91 -0.5894 -98.462 88.383 -2.6416 -8.7228 2.6977 2.9636 13.044 -2060.2 4.8906 30.773 -9.8745 0.0 2.8645 -9.7375 60.533
-103.46 0.0 -2291.3 -1.2936 2.371 -0.58567 -106.52 70.557 -2.8304 -8.897 2.7165 3.0183 13.01 -2029.1 4.8022 33.744 -9.9452 0.0 2.874 -9.8709 74.289
-90.728 0.0 -2135.4 -1.3717 2.396 -0.60071 -105.49 64.748 -2.8843 -8.9618 2.512 3.1028 12.868 -1926.1 4.9163 31.817 -9.6571 0.0 2.9889 -9.9037 78.627
-120.38 0.0 -2312.0 -1.1431 12.73 -0.6415 -88.992 75.42 -2.6747 -8.7747 2.4758 2.9608 13.163 -2041.3 4.7092 26.699 -9.7438 0.0 2.8132 -9.7683 56.433
-204.58 0.0 -2310.1 -0.999 42.24 -0.50266 -97.624 105.85 -2.4642 -8.6693 2.3372 3.026 12.91 -2030.3 4.8242 25.062 -9.7875 0.0 2.8839 -9.622 54.214
