# original catalogue: arc_list.txt
# original data-cube: ../muse_ne/MACSJ0416_NE_DATACUBE_FINAL_caminha_zap.fits
# source ID: 4
# number of extracted pixels: 25
# extracted position: 64.038921 -24.070163
# wavelenth[Angstrom], flux[10**(-20)*erg/s/cm**2/Angstrom]
4750.0000 2.300299e+01
4751.2500 3.545041e+00
4752.5000 -3.282874e+01
4753.7500 2.425666e+01
4755.0000 2.029403e+01
4756.2500 -1.683844e+01
4757.5000 -7.956431e+00
4758.7500 -1.328780e+01
4760.0000 3.820634e+01
4761.2500 8.549323e+00
4762.5000 8.242153e+00
4763.7500 1.434482e+00
4765.0000 -5.165538e+00
4766.2500 1.069522e+01
4767.5000 2.121946e+01
4768.7500 4.217004e+01
4770.0000 4.192885e+01
4771.2500 2.158180e+01
4772.5000 1.778143e+01
4773.7500 1.351990e+01
4775.0000 6.741652e+01
4776.2500 6.101646e+01
4777.5000 9.814095e+00
4778.7500 2.593669e+01
4780.0000 5.425943e+01
4781.2500 -1.500948e+01
4782.5000 2.429151e-01
4783.7500 1.194475e+01
4785.0000 -2.362057e+01
4786.2500 1.270162e+00
4787.5000 1.470874e+00
4788.7500 1.711525e+01
4790.0000 3.550499e+00
4791.2500 -4.893357e+00
4792.5000 -1.139908e+01
4793.7500 1.242101e+01
4795.0000 -1.075830e+01
4796.2500 6.381605e-01
4797.5000 -1.188731e+01
4798.7500 -1.534105e+01
4800.0000 2.826394e+01
4801.2500 -1.045419e+01
4802.5000 1.437217e+01
4803.7500 3.459809e+01
4805.0000 3.055144e+01
4806.2500 1.393887e+01
4807.5000 5.038876e+01
4808.7500 1.300112e+01
4810.0000 9.650244e-01
4811.2500 3.114423e+00
4812.5000 3.158607e+01
4813.7500 -9.595819e-01
4815.0000 1.653769e+00
4816.2500 3.240898e+01
4817.5000 -1.443371e+00
4818.7500 1.767306e+00
4820.0000 8.907418e+00
4821.2500 1.578393e+01
4822.5000 -1.261022e+01
4823.7500 -4.351932e+00
4825.0000 -1.027441e+01
4826.2500 4.240932e+00
4827.5000 -8.405211e+00
4828.7500 4.164159e+01
4830.0000 -2.592165e+01
4831.2500 1.562092e+01
4832.5000 2.474439e+01
4833.7500 6.745029e+01
4835.0000 -2.113274e+01
4836.2500 3.802180e+01
4837.5000 -3.116792e+00
4838.7500 -1.767408e+01
4840.0000 5.768993e+00
4841.2500 7.353984e+00
4842.5000 2.749889e+01
4843.7500 1.956824e+00
4845.0000 5.685074e+00
4846.2500 3.635021e+00
4847.5000 -7.886275e+00
4848.7500 -1.151040e+01
4850.0000 2.652600e+01
4851.2500 2.142060e+01
4852.5000 5.044743e+01
4853.7500 1.977594e+01
4855.0000 1.157598e+01
4856.2500 4.731940e+00
4857.5000 1.464173e+01
4858.7500 3.191626e+01
4860.0000 2.889445e+01
4861.2500 2.170468e+01
4862.5000 4.681335e+01
4863.7500 2.683137e+00
4865.0000 1.779896e+01
4866.2500 5.260803e+01
4867.5000 1.606137e+01
4868.7500 2.731668e+01
4870.0000 4.457341e+00
4871.2500 9.284883e-01
4872.5000 1.676016e+01
4873.7500 3.511951e+00
4875.0000 -1.249431e+01
4876.2500 -8.123347e-01
4877.5000 1.134529e+01
4878.7500 4.219650e+01
4880.0000 3.282308e+01
4881.2500 4.343540e+01
4882.5000 -7.398891e+00
4883.7500 -3.467203e+01
4885.0000 -1.426636e+00
4886.2500 1.850195e+01
4887.5000 1.771420e+01
4888.7500 -5.941293e+00
4890.0000 4.912844e+01
4891.2500 3.207033e+01
4892.5000 3.197616e+01
4893.7500 -9.080000e+00
4895.0000 4.153518e+01
4896.2500 4.340638e+01
4897.5000 3.328795e+01
4898.7500 3.930598e+01
4900.0000 4.560305e+01
4901.2500 3.327922e+01
4902.5000 2.429848e+01
4903.7500 9.783895e+00
4905.0000 1.370636e+01
4906.2500 4.776357e+01
4907.5000 2.681821e+01
4908.7500 2.396470e+01
4910.0000 1.629490e+01
4911.2500 7.786880e+00
4912.5000 8.792749e+00
4913.7500 1.550446e+01
4915.0000 4.596664e+01
4916.2500 1.963835e+01
4917.5000 3.074106e+01
4918.7500 3.399409e+01
4920.0000 -2.940678e+00
4921.2500 1.942331e+01
4922.5000 4.052541e+01
4923.7500 8.534905e+00
4925.0000 1.019173e+01
4926.2500 1.693904e+01
4927.5000 -2.104265e+01
4928.7500 -1.154817e+01
4930.0000 1.461669e+01
4931.2500 1.914400e+01
4932.5000 -1.190365e+01
4933.7500 6.842085e+00
4935.0000 1.894360e+01
4936.2500 3.782261e+00
4937.5000 3.829902e+01
4938.7500 2.051607e+01
4940.0000 -2.722634e+01
4941.2500 3.314707e+01
4942.5000 1.660797e+01
4943.7500 -1.970536e+00
4945.0000 7.364686e+00
4946.2500 1.437558e+01
4947.5000 1.751460e+01
4948.7500 -1.387259e+00
4950.0000 -1.759441e+01
4951.2500 3.002609e+01
4952.5000 1.091167e+01
4953.7500 3.028033e+01
4955.0000 4.428540e+01
4956.2500 2.030784e+01
4957.5000 4.108237e+01
4958.7500 2.245744e+01
4960.0000 4.509265e+01
4961.2500 3.500117e+01
4962.5000 2.235481e+01
4963.7500 8.573272e-01
4965.0000 2.783424e+00
4966.2500 4.066232e+01
4967.5000 3.038529e+01
4968.7500 1.391456e+01
4970.0000 1.869772e+01
4971.2500 1.705467e+01
4972.5000 -1.295277e+01
4973.7500 1.215613e+01
4975.0000 2.886859e+00
4976.2500 -3.023774e+01
4977.5000 2.980950e+01
4978.7500 3.520800e+01
4980.0000 1.675154e+01
4981.2500 2.432141e+01
4982.5000 3.937349e+01
4983.7500 1.886846e+01
4985.0000 3.906019e+01
4986.2500 2.353189e+01
4987.5000 1.330209e+01
4988.7500 3.380579e+01
4990.0000 5.978564e+01
4991.2500 1.555564e+01
4992.5000 2.330730e+01
4993.7500 1.477838e+01
4995.0000 2.218661e+01
4996.2500 3.743543e+01
4997.5000 6.895628e+00
4998.7500 -2.194185e+01
5000.0000 2.015138e+01
5001.2500 3.267563e+01
5002.5000 3.755781e+00
5003.7500 -1.610885e+01
5005.0000 7.279979e+00
5006.2500 1.994923e+01
5007.5000 5.664227e+01
5008.7500 -1.638286e+01
5010.0000 1.170440e+01
5011.2500 1.692190e+01
5012.5000 -7.893585e+00
5013.7500 1.382395e+01
5015.0000 -1.566107e+01
5016.2500 -9.218645e+00
5017.5000 2.614310e+01
5018.7500 3.368311e+01
5020.0000 8.196787e+00
5021.2500 3.668751e+00
5022.5000 8.209988e+00
5023.7500 1.984975e+01
5025.0000 -1.285761e+00
5026.2500 1.018389e+01
5027.5000 2.899277e+01
5028.7500 2.049414e+01
5030.0000 1.204422e+01
5031.2500 4.251382e+01
5032.5000 2.179715e+01
5033.7500 9.946901e+00
5035.0000 -4.767103e+00
5036.2500 -7.384131e+00
5037.5000 -4.825670e-01
5038.7500 8.610443e+00
5040.0000 2.502102e+00
5041.2500 8.047199e+00
5042.5000 1.601196e+01
5043.7500 6.669497e+00
5045.0000 1.964479e+01
5046.2500 1.730346e+01
5047.5000 1.312645e+01
5048.7500 1.638379e+01
5050.0000 7.401234e+00
5051.2500 1.508335e+00
5052.5000 2.526754e+01
5053.7500 1.601044e+00
5055.0000 1.356476e+01
5056.2500 9.612566e+00
5057.5000 3.708661e+01
5058.7500 3.519024e+01
5060.0000 2.116714e+01
5061.2500 3.427888e+01
5062.5000 2.461754e+01
5063.7500 -6.486323e+00
5065.0000 9.232746e+00
5066.2500 4.213650e+00
5067.5000 -1.335685e+01
5068.7500 -3.917174e+00
5070.0000 8.630589e+00
5071.2500 -1.010166e+01
5072.5000 3.187233e+01
5073.7500 3.477241e+01
5075.0000 7.588033e+00
5076.2500 3.330742e+01
5077.5000 -1.382486e+01
5078.7500 2.046019e+01
5080.0000 2.244290e+01
5081.2500 1.409977e+01
5082.5000 1.860937e+01
5083.7500 2.082545e+01
5085.0000 1.564971e+01
5086.2500 4.123196e+01
5087.5000 1.609790e+01
5088.7500 -2.479411e+01
5090.0000 -4.514493e+00
5091.2500 3.777658e+01
5092.5000 3.019991e+01
5093.7500 8.405219e+00
5095.0000 -1.373584e+00
5096.2500 3.427713e+00
5097.5000 2.873674e+01
5098.7500 5.872028e+00
5100.0000 8.389442e+00
5101.2500 3.658041e+01
5102.5000 1.272961e+01
5103.7500 2.257668e+01
5105.0000 6.723721e+00
5106.2500 -1.539649e+00
5107.5000 1.132851e+01
5108.7500 1.482515e+01
5110.0000 1.234357e+01
5111.2500 -1.295158e+01
5112.5000 2.247212e+01
5113.7500 3.668371e+01
5115.0000 6.801867e+00
5116.2500 4.389508e+00
5117.5000 9.159524e+00
5118.7500 1.145333e+01
5120.0000 2.597088e+01
5121.2500 1.636249e+01
5122.5000 -1.075300e+01
5123.7500 2.687790e+01
5125.0000 8.628098e+00
5126.2500 4.252542e+00
5127.5000 4.577790e+01
5128.7500 1.183929e+01
5130.0000 1.752921e+01
5131.2500 2.991005e+01
5132.5000 3.618984e+01
5133.7500 -2.226313e+00
5135.0000 -1.024473e+01
5136.2500 2.915751e+01
5137.5000 2.026023e+01
5138.7500 1.143412e+01
5140.0000 -1.635226e+01
5141.2500 5.983643e+00
5142.5000 3.458403e+01
5143.7500 2.130984e+01
5145.0000 -1.802707e-01
5146.2500 3.919587e+00
5147.5000 2.328076e+01
5148.7500 7.626470e+00
5150.0000 1.209460e+01
5151.2500 2.078274e+00
5152.5000 7.937849e-03
5153.7500 3.701177e+01
5155.0000 1.050034e+01
5156.2500 2.033851e+01
5157.5000 2.093193e+01
5158.7500 1.746947e+01
5160.0000 1.424373e+01
5161.2500 8.927635e+00
5162.5000 4.449342e+01
5163.7500 2.111005e+01
5165.0000 -9.645630e-01
5166.2500 7.952862e+00
5167.5000 4.220350e+00
5168.7500 2.576264e+01
5170.0000 4.709648e+00
5171.2500 1.504718e+01
5172.5000 3.497945e+01
5173.7500 3.884113e+01
5175.0000 4.030385e+01
5176.2500 1.064850e+01
5177.5000 1.862850e+01
5178.7500 2.828902e+01
5180.0000 5.250662e+01
5181.2500 2.858804e+01
5182.5000 2.748346e+01
5183.7500 1.734429e+01
5185.0000 -2.748971e+00
5186.2500 -5.988915e+00
5187.5000 1.906317e+01
5188.7500 9.522648e+00
5190.0000 1.590665e+01
5191.2500 1.896947e+01
5192.5000 2.731845e+01
5193.7500 1.532741e+01
5195.0000 1.275497e+01
5196.2500 2.348340e-01
5197.5000 1.111772e+01
5198.7500 2.619924e+01
5200.0000 3.251945e+01
5201.2500 -1.367409e+01
5202.5000 9.412306e+00
5203.7500 2.019485e+01
5205.0000 2.662491e+01
5206.2500 1.355375e+01
5207.5000 9.493452e+00
5208.7500 4.157455e+00
5210.0000 2.541770e+01
5211.2500 4.504060e+01
5212.5000 2.079835e+01
5213.7500 1.205484e+01
5215.0000 2.748610e+01
5216.2500 2.443763e+01
5217.5000 2.248831e+01
5218.7500 1.789286e+01
5220.0000 4.015366e+00
5221.2500 1.732011e+01
5222.5000 2.596651e+01
5223.7500 2.445064e+01
5225.0000 1.608085e+01
5226.2500 -6.102441e+00
5227.5000 2.977801e+01
5228.7500 3.507731e+01
5230.0000 2.735180e+01
5231.2500 2.879682e+01
5232.5000 2.598716e+01
5233.7500 -8.361472e-01
5235.0000 3.113301e+01
5236.2500 3.078923e+01
5237.5000 3.415686e+01
5238.7500 2.952361e+00
5240.0000 9.925880e+00
5241.2500 -1.032814e+01
5242.5000 1.646065e+01
5243.7500 4.221563e+01
5245.0000 1.824610e+01
5246.2500 5.999716e+00
5247.5000 -1.297918e+01
5248.7500 1.354894e+01
5250.0000 9.195186e+00
5251.2500 1.516023e+01
5252.5000 2.511450e+01
5253.7500 1.282284e+01
5255.0000 -1.315276e+01
5256.2500 -5.225658e-02
5257.5000 -1.376497e+01
5258.7500 4.054470e+01
5260.0000 3.754608e+01
5261.2500 3.004762e+01
5262.5000 7.218336e+00
5263.7500 1.874656e+01
5265.0000 2.599964e+01
5266.2500 1.208717e+01
5267.5000 9.886520e+00
5268.7500 1.881019e+01
5270.0000 1.247420e+01
5271.2500 1.631209e+01
5272.5000 2.281472e+01
5273.7500 3.665012e+01
5275.0000 2.866579e+01
5276.2500 2.967439e+01
5277.5000 2.247011e+01
5278.7500 7.392251e+00
5280.0000 1.061551e+01
5281.2500 2.798872e+01
5282.5000 -1.051740e+01
5283.7500 2.742745e+01
5285.0000 2.940172e+01
5286.2500 4.967776e+01
5287.5000 4.838797e+01
5288.7500 2.222731e+01
5290.0000 1.084599e+01
5291.2500 1.512183e+01
5292.5000 1.891751e+01
5293.7500 1.535033e+01
5295.0000 1.756014e+01
5296.2500 6.807662e+00
5297.5000 3.956678e+00
5298.7500 1.723531e+01
5300.0000 7.320511e-01
5301.2500 6.979174e+00
5302.5000 1.117581e+01
5303.7500 7.030168e+00
5305.0000 3.568406e+01
5306.2500 9.881998e+00
5307.5000 1.448882e+01
5308.7500 5.428317e-01
5310.0000 1.074247e+01
5311.2500 4.026261e+00
5312.5000 5.546685e+00
5313.7500 3.666435e+01
5315.0000 2.169719e+01
5316.2500 9.495127e+00
5317.5000 3.650857e+00
5318.7500 -3.609502e+00
5320.0000 1.630760e+01
5321.2500 1.275408e+01
5322.5000 2.070746e+01
5323.7500 -9.072324e+00
5325.0000 2.807009e+00
5326.2500 3.033929e+01
5327.5000 3.064433e+01
5328.7500 5.388289e+01
5330.0000 1.962217e+01
5331.2500 1.930328e+01
5332.5000 4.794043e+00
5333.7500 3.532231e+00
5335.0000 2.026220e+01
5336.2500 1.608138e+01
5337.5000 5.937878e+00
5338.7500 6.887522e+00
5340.0000 1.409610e+01
5341.2500 2.470699e+01
5342.5000 2.449853e+01
5343.7500 -1.100892e+00
5345.0000 1.825941e+01
5346.2500 2.682205e+01
5347.5000 2.330851e+01
5348.7500 2.267102e+01
5350.0000 1.889911e+01
5351.2500 1.190544e+01
5352.5000 2.608626e+01
5353.7500 2.678771e+01
5355.0000 4.300541e+01
5356.2500 -8.387745e+00
5357.5000 -1.026227e+01
5358.7500 -4.531111e+00
5360.0000 6.344043e+00
5361.2500 2.374437e+01
5362.5000 3.253692e+01
5363.7500 2.473800e+01
5365.0000 -3.699367e+00
5366.2500 8.986835e+00
5367.5000 7.632463e+00
5368.7500 3.172475e+01
5370.0000 2.279661e+01
5371.2500 1.964726e+01
5372.5000 2.616368e+01
5373.7500 -1.356573e+01
5375.0000 2.269008e+01
5376.2500 7.630955e+00
5377.5000 -5.973113e+00
5378.7500 -3.265945e+00
5380.0000 3.306143e+00
5381.2500 1.054648e+01
5382.5000 2.857528e+01
5383.7500 2.992200e+01
5385.0000 1.036275e+01
5386.2500 1.132281e+01
5387.5000 2.217075e+01
5388.7500 3.633024e+00
5390.0000 5.927480e+00
5391.2500 1.602063e+01
5392.5000 2.017402e+01
5393.7500 1.103454e+01
5395.0000 2.052292e+01
5396.2500 2.845115e+01
5397.5000 3.968039e+01
5398.7500 2.199083e+01
5400.0000 1.867461e+01
5401.2500 1.008930e+01
5402.5000 1.673511e+01
5403.7500 -1.193386e+01
5405.0000 5.596852e+01
5406.2500 2.738804e+01
5407.5000 2.528489e+01
5408.7500 3.693118e+01
5410.0000 3.750309e+01
5411.2500 2.413519e+01
5412.5000 9.376728e+00
5413.7500 -7.659179e+00
5415.0000 -1.326414e+00
5416.2500 1.893339e+01
5417.5000 1.914972e+01
5418.7500 2.939018e+00
5420.0000 1.244609e+01
5421.2500 -1.547696e+00
5422.5000 3.204811e+01
5423.7500 1.304870e+01
5425.0000 1.533449e+01
5426.2500 -3.199242e+00
5427.5000 1.712016e+01
5428.7500 2.203391e+01
5430.0000 4.183116e+01
5431.2500 1.241218e+01
5432.5000 1.565038e+01
5433.7500 2.425054e+01
5435.0000 2.974786e+01
5436.2500 -8.137116e+00
5437.5000 1.951700e+01
5438.7500 2.388492e+01
5440.0000 1.436722e+01
5441.2500 -1.078600e+00
5442.5000 1.235000e+01
5443.7500 3.068395e+01
5445.0000 1.322442e+01
5446.2500 4.495028e+01
5447.5000 4.048457e+00
5448.7500 -4.395089e+00
5450.0000 3.011080e+01
5451.2500 -1.835997e+00
5452.5000 1.312119e+01
5453.7500 1.480361e+01
5455.0000 2.290436e+00
5456.2500 1.887432e+01
5457.5000 3.388105e+01
5458.7500 3.866537e+01
5460.0000 1.252550e+01
5461.2500 5.054076e+01
5462.5000 3.646610e+01
5463.7500 2.205009e+01
5465.0000 2.310374e+01
5466.2500 5.053128e+01
5467.5000 2.443137e+01
5468.7500 1.213444e+01
5470.0000 1.576073e+01
5471.2500 3.121434e+01
5472.5000 2.704621e+01
5473.7500 6.754758e+00
5475.0000 2.198670e+01
5476.2500 7.351459e+00
5477.5000 1.922796e+01
5478.7500 2.078842e+01
5480.0000 2.871774e+01
5481.2500 2.990461e+01
5482.5000 3.820255e+00
5483.7500 2.726675e+01
5485.0000 1.168815e+01
5486.2500 7.938022e+00
5487.5000 2.117017e+01
5488.7500 1.802261e+01
5490.0000 -4.292210e+00
5491.2500 1.869484e+01
5492.5000 4.425077e+01
5493.7500 1.114140e+01
5495.0000 1.135096e+01
5496.2500 1.311732e+01
5497.5000 -3.029026e+00
5498.7500 3.465281e+00
5500.0000 1.909412e+01
5501.2500 -3.190057e+00
5502.5000 2.943147e+01
5503.7500 1.492756e+01
5505.0000 4.715075e+01
5506.2500 1.064535e+01
5507.5000 2.533290e+01
5508.7500 1.355434e+01
5510.0000 1.138253e+01
5511.2500 6.472076e+00
5512.5000 3.725974e+01
5513.7500 3.941900e+01
5515.0000 1.826790e+01
5516.2500 1.044897e+01
5517.5000 1.226754e+01
5518.7500 1.746616e+01
5520.0000 1.735452e+01
5521.2500 2.935733e+01
5522.5000 1.316704e+01
5523.7500 -7.551365e-01
5525.0000 1.453621e+01
5526.2500 2.231437e+01
5527.5000 1.817623e+00
5528.7500 -2.315862e+01
5530.0000 3.010593e+01
5531.2500 2.631141e+01
5532.5000 1.618771e+01
5533.7500 6.229154e+00
5535.0000 -6.188203e+00
5536.2500 1.051344e+01
5537.5000 2.095025e+01
5538.7500 2.199419e+01
5540.0000 1.024506e+01
5541.2500 3.704493e+01
5542.5000 1.595674e+01
5543.7500 1.858916e-01
5545.0000 3.716391e+01
5546.2500 6.787486e+00
5547.5000 2.190534e+01
5548.7500 1.597246e+01
5550.0000 1.304444e+01
5551.2500 2.061034e+01
5552.5000 3.918655e+00
5553.7500 5.670897e+00
5555.0000 -5.944963e+00
5556.2500 9.662396e+00
5557.5000 6.470753e+00
5558.7500 2.088659e+01
5560.0000 1.147923e+01
5561.2500 1.731318e+01
5562.5000 4.890467e+00
5563.7500 2.102209e+01
5565.0000 9.097013e+00
5566.2500 1.146540e+01
5567.5000 1.009262e+01
5568.7500 1.652910e+01
5570.0000 2.401571e+01
5571.2500 2.648195e+01
5572.5000 5.079707e+00
5573.7500 1.187868e+01
5575.0000 1.315832e+01
5576.2500 1.262342e+01
5577.5000 1.222655e+01
5578.7500 1.184973e+01
5580.0000 1.503938e+01
5581.2500 8.431890e+00
5582.5000 -7.304848e+00
5583.7500 4.301994e+01
5585.0000 3.582537e+00
5586.2500 2.449879e+01
5587.5000 -2.938772e+00
5588.7500 1.700241e+01
5590.0000 2.370192e+01
5591.2500 3.345262e+01
5592.5000 1.830092e+01
5593.7500 3.403282e+01
5595.0000 1.345078e+01
5596.2500 1.980353e+01
5597.5000 -3.560785e+00
5598.7500 1.910152e+01
5600.0000 1.788119e+01
5601.2500 4.122927e+00
5602.5000 2.768482e+01
5603.7500 2.797612e+01
5605.0000 -3.752298e+00
5606.2500 2.205951e+01
5607.5000 2.148785e+01
5608.7500 2.520967e+01
5610.0000 9.541545e+00
5611.2500 -2.189748e+01
5612.5000 1.668651e+01
5613.7500 2.041823e+01
5615.0000 -2.752757e+00
5616.2500 1.746209e+01
5617.5000 1.810149e+01
5618.7500 6.413011e+00
5620.0000 6.655524e+00
5621.2500 2.152455e+01
5622.5000 1.846853e+01
5623.7500 1.879911e+00
5625.0000 2.766633e+01
5626.2500 1.736966e+01
5627.5000 1.812950e+00
5628.7500 1.547843e+00
5630.0000 3.079794e+01
5631.2500 2.067187e+01
5632.5000 2.277311e+01
5633.7500 1.382665e+01
5635.0000 2.024387e+01
5636.2500 -2.832584e-01
5637.5000 2.259685e+01
5638.7500 7.142272e+00
5640.0000 7.345083e+00
5641.2500 2.238303e+01
5642.5000 3.161831e+01
5643.7500 2.814888e+01
5645.0000 2.258444e+01
5646.2500 1.781777e+01
5647.5000 1.989237e+01
5648.7500 1.492525e+01
5650.0000 1.665619e+01
5651.2500 1.300554e+01
5652.5000 2.468598e+00
5653.7500 4.066145e+01
5655.0000 4.455613e+01
5656.2500 -1.114532e+01
5657.5000 1.613075e+01
5658.7500 2.657518e+01
5660.0000 1.486083e+01
5661.2500 9.877306e+00
5662.5000 8.510597e+00
5663.7500 1.813157e+01
5665.0000 -4.332481e+00
5666.2500 1.141167e+01
5667.5000 1.963798e+01
5668.7500 3.468500e+00
5670.0000 8.014254e+00
5671.2500 1.557187e+01
5672.5000 -3.001999e+00
5673.7500 4.096460e+01
5675.0000 1.323305e+01
5676.2500 1.048129e+01
5677.5000 9.407835e+00
5678.7500 8.872879e-01
5680.0000 2.498900e+01
5681.2500 3.588942e+01
5682.5000 1.788143e+01
5683.7500 3.614243e+01
5685.0000 9.173201e+00
5686.2500 1.294817e+01
5687.5000 1.288591e+01
5688.7500 9.560332e+00
5690.0000 -1.721217e+01
5691.2500 -9.081946e+00
5692.5000 1.282653e+01
5693.7500 -2.512699e+01
5695.0000 -1.614133e+01
5696.2500 3.437519e+01
5697.5000 1.103518e+01
5698.7500 3.254188e+00
5700.0000 1.368114e+01
5701.2500 1.812786e+01
5702.5000 1.993678e+01
5703.7500 1.528237e+01
5705.0000 4.597991e+01
5706.2500 2.444419e+01
5707.5000 2.765299e+01
5708.7500 3.147601e+01
5710.0000 4.363070e+01
5711.2500 2.584776e+01
5712.5000 3.881490e+01
5713.7500 3.014031e+01
5715.0000 -6.557891e-01
5716.2500 2.193711e+01
5717.5000 2.524034e+01
5718.7500 1.749796e+01
5720.0000 3.160748e+01
5721.2500 9.848487e+00
5722.5000 3.546904e+01
5723.7500 3.935948e+01
5725.0000 5.016854e+01
5726.2500 5.866673e+00
5727.5000 1.312584e+01
5728.7500 3.069705e+01
5730.0000 2.959021e+01
5731.2500 2.914825e+01
5732.5000 3.550935e+01
5733.7500 3.112637e+01
5735.0000 2.322377e+01
5736.2500 4.570582e+01
5737.5000 4.685564e+01
5738.7500 3.377076e+01
5740.0000 3.757629e+01
5741.2500 -6.573546e+00
5742.5000 9.354289e+00
5743.7500 2.253751e+01
5745.0000 7.652967e+00
5746.2500 1.094256e+01
5747.5000 1.714288e+01
5748.7500 2.933857e+01
5750.0000 4.481564e+01
5751.2500 3.163963e+01
5752.5000 -1.653308e+01
5753.7500 1.915753e+01
5755.0000 1.551107e+01
5756.2500 4.059726e+01
5757.5000 4.145129e+01
5758.7500 3.426247e+01
5760.0000 1.522875e+01
5761.2500 3.624612e+01
5762.5000 8.827715e+00
5763.7500 1.530189e+01
5765.0000 5.887672e+00
5766.2500 2.476400e+01
5767.5000 1.152597e+01
5768.7500 -5.492389e-01
5770.0000 1.704813e+01
5771.2500 7.642314e+00
5772.5000 2.232661e+01
5773.7500 4.597701e+01
5775.0000 2.616269e+01
5776.2500 4.283677e+01
5777.5000 4.026616e+00
5778.7500 3.180835e+01
5780.0000 7.093686e+00
5781.2500 -8.150424e-01
5782.5000 2.730260e+01
5783.7500 2.110907e+01
5785.0000 -1.326461e+01
5786.2500 1.381797e+01
5787.5000 3.045044e+01
5788.7500 3.975855e+01
5790.0000 2.794133e+01
5791.2500 2.649577e+01
5792.5000 3.173562e+01
5793.7500 3.385959e+01
5795.0000 2.235548e+01
5796.2500 2.280592e+01
5797.5000 2.546062e+01
5798.7500 9.925152e+00
5800.0000 1.382068e+01
5801.2500 -1.391222e+01
5802.5000 2.494419e+01
5803.7500 3.470035e+01
5805.0000 3.094769e+01
5806.2500 4.274212e+01
5807.5000 1.987478e+01
5808.7500 1.116117e+01
5810.0000 1.066405e+00
5811.2500 1.393264e+01
5812.5000 6.964545e+00
5813.7500 2.997649e+01
5815.0000 1.730439e+01
5816.2500 4.844996e+00
5817.5000 2.141940e+01
5818.7500 2.472754e+01
5820.0000 1.805647e+01
5821.2500 3.016060e+01
5822.5000 1.712296e+01
5823.7500 1.283980e+01
5825.0000 3.235595e+01
5826.2500 2.573283e+01
5827.5000 2.326048e+01
5828.7500 2.056885e+01
5830.0000 2.349725e+01
5831.2500 1.560619e+01
5832.5000 2.169144e+01
5833.7500 1.892789e+01
5835.0000 2.403814e+01
5836.2500 1.162754e+01
5837.5000 1.551270e+01
5838.7500 4.281340e+01
5840.0000 1.690977e+01
5841.2500 2.501230e+01
5842.5000 2.918623e+01
5843.7500 4.073809e+01
5845.0000 -9.123301e+00
5846.2500 2.247307e+00
5847.5000 3.009240e+00
5848.7500 2.111101e+01
5850.0000 3.531421e+01
5851.2500 1.912842e+01
5852.5000 1.503174e+01
5853.7500 3.168010e+01
5855.0000 2.576854e+00
5856.2500 -5.661735e+00
5857.5000 8.566664e+00
5858.7500 9.564651e+00
5860.0000 1.610332e+01
5861.2500 3.112725e+01
5862.5000 2.585359e+01
5863.7500 3.258648e+01
5865.0000 1.526765e+01
5866.2500 1.009117e+01
5867.5000 -6.225194e+00
5868.7500 2.728768e+01
5870.0000 3.517991e+01
5871.2500 3.640438e+01
5872.5000 2.701780e+01
5873.7500 8.032379e+00
5875.0000 1.396633e+01
5876.2500 -2.016323e+00
5877.5000 2.108033e+01
5878.7500 3.094253e+01
5880.0000 5.173168e+00
5881.2500 -6.203720e+00
5882.5000 -1.394272e+01
5883.7500 3.308236e+01
5885.0000 5.657438e+01
5886.2500 2.638887e+01
5887.5000 1.830935e+00
5888.7500 1.986621e+01
5890.0000 1.478211e+01
5891.2500 2.490028e+01
5892.5000 3.146261e+01
5893.7500 7.253338e+00
5895.0000 1.738988e+01
5896.2500 1.491528e+01
5897.5000 1.857348e+01
5898.7500 1.555955e+01
5900.0000 2.657371e+01
5901.2500 1.523973e+01
5902.5000 2.324504e+01
5903.7500 1.694977e+01
5905.0000 3.861576e+01
5906.2500 3.599261e+01
5907.5000 3.427132e+01
5908.7500 4.195649e+01
5910.0000 1.024989e+01
5911.2500 -1.232777e+01
5912.5000 -1.367851e+01
5913.7500 4.455729e+00
5915.0000 2.403008e+01
5916.2500 -5.531018e+00
5917.5000 1.093067e+01
5918.7500 1.157383e+01
5920.0000 -1.457115e+00
5921.2500 2.674826e+01
5922.5000 1.885487e+01
5923.7500 7.735803e+00
5925.0000 -7.123779e+00
5926.2500 2.392148e+01
5927.5000 3.107681e+01
5928.7500 1.548190e+01
5930.0000 -3.025538e+00
5931.2500 -2.837309e+00
5932.5000 3.704826e+01
5933.7500 1.964284e+01
5935.0000 2.557225e+01
5936.2500 1.470716e+01
5937.5000 4.620792e+01
5938.7500 3.457953e+01
5940.0000 3.164473e+01
5941.2500 3.424054e+01
5942.5000 -5.478845e+00
5943.7500 1.676155e+01
5945.0000 2.076923e+01
5946.2500 2.910185e+01
5947.5000 9.732571e+00
5948.7500 3.088227e+01
5950.0000 1.230671e-01
5951.2500 1.543544e+01
5952.5000 1.605109e+01
5953.7500 2.304895e+01
5955.0000 -4.526199e+00
5956.2500 4.214417e+00
5957.5000 2.741642e+01
5958.7500 4.856032e+01
5960.0000 -9.711740e+00
5961.2500 9.052548e+00
5962.5000 2.780284e+01
5963.7500 9.838742e+00
5965.0000 2.335615e+01
5966.2500 2.838963e+01
5967.5000 1.451721e+01
5968.7500 1.242054e+01
5970.0000 1.219557e+01
5971.2500 1.819866e+01
5972.5000 4.573559e+01
5973.7500 1.772434e+01
5975.0000 1.520928e+01
5976.2500 8.750529e+00
5977.5000 4.576870e+01
5978.7500 2.828677e+01
5980.0000 1.437206e+01
5981.2500 4.309190e+01
5982.5000 2.827531e+01
5983.7500 3.220632e+01
5985.0000 6.938542e+00
5986.2500 -3.072706e+00
5987.5000 1.491192e+01
5988.7500 1.054892e+01
5990.0000 -1.184209e+00
5991.2500 3.007249e+01
5992.5000 8.231627e+00
5993.7500 1.386850e+01
5995.0000 1.376175e+01
5996.2500 2.212721e+01
5997.5000 1.788031e+01
5998.7500 3.105780e+01
6000.0000 3.062545e+01
6001.2500 1.454023e+01
6002.5000 1.835353e+01
6003.7500 1.205428e+01
6005.0000 3.265181e+01
6006.2500 1.746555e+01
6007.5000 3.254350e+01
6008.7500 2.312230e+01
6010.0000 2.253961e+01
6011.2500 2.571271e+01
6012.5000 1.991456e+01
6013.7500 9.456761e-01
6015.0000 1.970864e+01
6016.2500 1.283402e+01
6017.5000 9.898036e+00
6018.7500 1.922932e+01
6020.0000 1.526435e+01
6021.2500 3.470178e+01
6022.5000 2.972145e+01
6023.7500 2.134302e+00
6025.0000 1.057158e+01
6026.2500 -3.991511e+00
6027.5000 2.769676e+00
6028.7500 -1.650888e+00
6030.0000 2.133129e+01
6031.2500 2.427803e+01
6032.5000 1.622030e+01
6033.7500 1.702974e+01
6035.0000 1.258310e+01
6036.2500 1.309831e+01
6037.5000 8.846709e+00
6038.7500 2.959045e+01
6040.0000 3.683067e+01
6041.2500 1.911873e+01
6042.5000 1.600694e+01
6043.7500 2.302194e+01
6045.0000 2.023328e+01
6046.2500 3.154962e+01
6047.5000 2.093446e+01
6048.7500 2.361821e+01
6050.0000 1.561889e+01
6051.2500 1.382724e+01
6052.5000 3.756745e+01
6053.7500 2.655690e+01
6055.0000 -1.207611e+01
6056.2500 2.657915e+01
6057.5000 1.613914e+01
6058.7500 2.300693e+01
6060.0000 -7.978961e+00
6061.2500 1.577538e+01
6062.5000 5.158823e+01
6063.7500 4.972920e+01
6065.0000 2.421210e+01
6066.2500 3.466571e+01
6067.5000 3.889872e+01
6068.7500 4.552958e+01
6070.0000 9.381515e+00
6071.2500 1.894889e+01
6072.5000 4.505467e+01
6073.7500 1.996025e+01
6075.0000 3.501017e+01
6076.2500 3.098363e+01
6077.5000 5.111143e+01
6078.7500 1.479160e+01
6080.0000 2.346647e+01
6081.2500 2.525726e+01
6082.5000 3.472010e+01
6083.7500 3.970033e+01
6085.0000 1.410963e+01
6086.2500 2.372996e+01
6087.5000 1.532306e+01
6088.7500 1.557444e+01
6090.0000 -1.359893e+00
6091.2500 2.665414e+01
6092.5000 9.274195e+00
6093.7500 2.083178e+01
6095.0000 1.576211e+01
6096.2500 5.584070e+00
6097.5000 3.478834e+01
6098.7500 7.700621e+00
6100.0000 3.213089e+01
6101.2500 2.309306e+01
6102.5000 2.309754e+01
6103.7500 2.413420e+01
6105.0000 2.499080e+01
6106.2500 1.301885e+01
6107.5000 1.213801e+01
6108.7500 9.065019e+00
6110.0000 5.864314e+00
6111.2500 3.010462e+01
6112.5000 2.382674e+01
6113.7500 4.190030e+01
6115.0000 2.557563e+01
6116.2500 1.729677e+01
6117.5000 2.899745e+01
6118.7500 3.577450e+01
6120.0000 1.605856e+01
6121.2500 2.744721e+01
6122.5000 1.029497e+01
6123.7500 3.108617e+01
6125.0000 1.560352e+01
6126.2500 1.076816e+01
6127.5000 3.396660e+01
6128.7500 3.850315e+01
6130.0000 1.211985e+01
6131.2500 2.231956e+01
6132.5000 2.013643e+01
6133.7500 2.126747e+01
6135.0000 8.129937e+00
6136.2500 1.443083e+01
6137.5000 2.091236e+01
6138.7500 2.030672e+01
6140.0000 2.565627e+01
6141.2500 2.225741e+01
6142.5000 2.295699e+01
6143.7500 4.490852e+01
6145.0000 -2.246738e+00
6146.2500 2.218367e+01
6147.5000 1.857150e+01
6148.7500 2.502899e+01
6150.0000 2.424366e+01
6151.2500 3.798582e+01
6152.5000 3.230730e+01
6153.7500 2.715761e+01
6155.0000 1.047873e+01
6156.2500 2.147965e+01
6157.5000 2.173161e+01
6158.7500 2.889474e+01
6160.0000 2.312606e+01
6161.2500 4.254749e+01
6162.5000 2.167685e+01
6163.7500 3.349614e+01
6165.0000 2.416475e+01
6166.2500 2.732713e+01
6167.5000 9.307638e+00
6168.7500 3.144559e+01
6170.0000 2.154237e+01
6171.2500 2.674200e+01
6172.5000 1.891868e+01
6173.7500 2.540681e+01
6175.0000 2.874185e+01
6176.2500 9.134796e-01
6177.5000 2.884749e+01
6178.7500 1.673129e+01
6180.0000 1.867993e+01
6181.2500 3.718105e+01
6182.5000 1.222196e+01
6183.7500 3.521620e+01
6185.0000 5.652843e+01
6186.2500 5.107937e+01
6187.5000 2.335445e+01
6188.7500 6.471524e+00
6190.0000 2.146102e+01
6191.2500 6.765564e+00
6192.5000 8.285977e+00
6193.7500 3.837669e+01
6195.0000 1.354432e+01
6196.2500 -2.741521e+00
6197.5000 2.381711e+01
6198.7500 2.531017e+01
6200.0000 9.516460e+00
6201.2500 6.326649e+00
6202.5000 1.076543e+01
6203.7500 -6.048106e+00
6205.0000 1.821767e+01
6206.2500 2.449339e+01
6207.5000 4.031177e+01
6208.7500 1.610857e+01
6210.0000 4.074197e+00
6211.2500 2.442867e+01
6212.5000 3.130416e+01
6213.7500 1.977049e+01
6215.0000 5.063681e+01
6216.2500 6.880068e+00
6217.5000 8.835324e+00
6218.7500 1.473708e+01
6220.0000 2.702124e+01
6221.2500 1.436047e+01
6222.5000 1.064924e+01
6223.7500 2.437430e+01
6225.0000 2.340200e+01
6226.2500 2.335160e+01
6227.5000 2.378560e+01
6228.7500 6.463825e+00
6230.0000 2.605840e+01
6231.2500 2.786590e+01
6232.5000 -7.375091e-02
6233.7500 2.728452e+01
6235.0000 4.199932e+01
6236.2500 -1.400829e+01
6237.5000 2.672344e+01
6238.7500 1.013721e+01
6240.0000 2.561056e+01
6241.2500 2.382537e+00
6242.5000 1.917201e+01
6243.7500 3.987268e+01
6245.0000 1.902065e+01
6246.2500 6.258298e+00
6247.5000 -8.106239e+00
6248.7500 7.402683e+00
6250.0000 2.974342e+01
6251.2500 1.305877e+01
6252.5000 1.488019e+01
6253.7500 3.107615e+01
6255.0000 1.111108e+01
6256.2500 -1.032471e+01
6257.5000 -3.556056e+00
6258.7500 3.626937e+01
6260.0000 8.533039e+00
6261.2500 7.244792e+00
6262.5000 2.407134e+01
6263.7500 3.894355e+01
6265.0000 3.478121e+00
6266.2500 -1.574468e+01
6267.5000 2.040013e+01
6268.7500 1.639920e+01
6270.0000 -1.422811e-02
6271.2500 1.541193e+01
6272.5000 4.023802e+00
6273.7500 2.151100e+01
6275.0000 2.331404e+01
6276.2500 1.954375e+01
6277.5000 1.106407e+01
6278.7500 1.974428e+01
6280.0000 1.812416e+01
6281.2500 6.931697e+00
6282.5000 4.496458e+00
6283.7500 2.121245e+01
6285.0000 1.248381e+01
6286.2500 1.143612e+01
6287.5000 2.383677e+01
6288.7500 -5.946907e+00
6290.0000 5.214188e+01
6291.2500 7.781603e+00
6292.5000 1.555310e+01
6293.7500 1.966238e+01
6295.0000 1.307065e+01
6296.2500 1.758707e+01
6297.5000 3.279493e+01
6298.7500 1.588337e+01
6300.0000 1.717716e+01
6301.2500 1.814645e+01
6302.5000 6.497715e+00
6303.7500 3.210254e+01
6305.0000 1.844603e+01
6306.2500 1.268085e+01
6307.5000 1.108135e+01
6308.7500 1.342775e+01
6310.0000 2.763641e+01
6311.2500 2.530992e+01
6312.5000 1.598139e+01
6313.7500 3.901143e+01
6315.0000 1.659248e+01
6316.2500 1.700261e+01
6317.5000 2.578006e+01
6318.7500 -3.625064e+00
6320.0000 2.287620e+01
6321.2500 1.000937e+01
6322.5000 2.328989e+01
6323.7500 4.038511e+01
6325.0000 3.526216e+01
6326.2500 1.685766e+01
6327.5000 9.150043e+00
6328.7500 5.074453e+01
6330.0000 5.736887e-01
6331.2500 1.673598e+00
6332.5000 2.782509e+01
6333.7500 2.381807e+01
6335.0000 4.154060e+01
6336.2500 1.912665e+01
6337.5000 -3.046546e+00
6338.7500 1.619092e+01
6340.0000 2.831490e+01
6341.2500 1.085374e+01
6342.5000 1.429318e+01
6343.7500 2.193555e+01
6345.0000 2.503258e+01
6346.2500 2.488055e+01
6347.5000 3.297867e+01
6348.7500 2.877394e+01
6350.0000 6.707225e+00
6351.2500 1.010363e+01
6352.5000 6.792667e+00
6353.7500 2.340348e+01
6355.0000 1.526081e+01
6356.2500 1.816939e+01
6357.5000 -1.915082e+01
6358.7500 3.534004e+01
6360.0000 1.522313e+01
6361.2500 1.946014e+01
6362.5000 8.703745e+00
6363.7500 1.982497e+01
6365.0000 7.420041e+00
6366.2500 2.125251e+01
6367.5000 1.161802e+01
6368.7500 1.182119e+01
6370.0000 2.502934e+01
6371.2500 6.730188e+00
6372.5000 2.728997e+01
6373.7500 2.335907e+01
6375.0000 1.167731e+01
6376.2500 1.374558e+01
6377.5000 3.299766e+01
6378.7500 1.304567e+01
6380.0000 1.102737e+01
6381.2500 8.636141e+00
6382.5000 1.735033e+01
6383.7500 5.197624e+00
6385.0000 8.705944e+00
6386.2500 1.382225e+01
6387.5000 2.681579e+00
6388.7500 1.510233e+01
6390.0000 2.321510e+01
6391.2500 1.614476e+01
6392.5000 1.723674e+01
6393.7500 2.488966e+01
6395.0000 1.351753e+01
6396.2500 4.654298e+01
6397.5000 4.364905e+01
6398.7500 1.847821e+01
6400.0000 1.538162e+01
6401.2500 2.717316e+01
6402.5000 2.202642e+01
6403.7500 2.659677e+01
6405.0000 -3.111665e+00
6406.2500 1.923273e+01
6407.5000 1.211781e+01
6408.7500 -2.161587e+00
6410.0000 2.178144e+01
6411.2500 2.658632e+01
6412.5000 5.904867e-01
6413.7500 9.223415e+00
6415.0000 2.245523e+00
6416.2500 1.456589e+01
6417.5000 1.041855e+01
6418.7500 2.182883e+01
6420.0000 2.950586e+01
6421.2500 3.691494e+01
6422.5000 1.938182e+01
6423.7500 2.920916e+01
6425.0000 2.965780e+01
6426.2500 2.556100e+01
6427.5000 1.838175e+01
6428.7500 2.180289e+01
6430.0000 5.235015e+00
6431.2500 8.321666e+00
6432.5000 2.458934e+01
6433.7500 2.362743e+01
6435.0000 1.043130e+01
6436.2500 -4.646763e+00
6437.5000 8.428219e+00
6438.7500 1.600380e+01
6440.0000 4.038786e+01
6441.2500 2.562835e+01
6442.5000 2.280961e+01
6443.7500 1.899611e+01
6445.0000 4.029226e+01
6446.2500 2.173914e+01
6447.5000 2.640992e+01
6448.7500 2.455895e+01
6450.0000 2.752180e+01
6451.2500 2.959404e+01
6452.5000 1.775537e+01
6453.7500 1.749009e+01
6455.0000 1.877459e+01
6456.2500 1.761817e+01
6457.5000 4.171056e+00
6458.7500 9.206295e+00
6460.0000 1.541418e+01
6461.2500 1.240008e+01
6462.5000 1.278362e+01
6463.7500 2.204086e+01
6465.0000 1.065207e+01
6466.2500 3.577047e+01
6467.5000 2.285468e+01
6468.7500 1.666225e+01
6470.0000 3.965211e+01
6471.2500 1.325661e+01
6472.5000 1.480798e+01
6473.7500 2.063265e+01
6475.0000 1.860259e+01
6476.2500 1.346491e+01
6477.5000 2.275865e+01
6478.7500 1.908330e+01
6480.0000 9.051961e+00
6481.2500 3.432776e+01
6482.5000 4.118788e+01
6483.7500 2.455459e+01
6485.0000 2.177188e+01
6486.2500 1.959758e+01
6487.5000 3.118771e+01
6488.7500 2.418818e+01
6490.0000 1.982587e+01
6491.2500 2.262320e+01
6492.5000 2.872694e+01
6493.7500 1.647864e+00
6495.0000 2.296287e+01
6496.2500 2.067472e+01
6497.5000 2.528523e+01
6498.7500 1.536680e+00
6500.0000 1.644421e+01
6501.2500 1.140654e+01
6502.5000 3.904146e+00
6503.7500 2.627593e+01
6505.0000 3.052963e+01
6506.2500 7.133297e+00
6507.5000 1.910527e+01
6508.7500 2.733947e+01
6510.0000 1.711712e+01
6511.2500 1.944364e+01
6512.5000 5.850026e+00
6513.7500 8.430636e+00
6515.0000 2.754703e+01
6516.2500 2.229103e+01
6517.5000 3.118902e+01
6518.7500 2.151400e+01
6520.0000 1.771870e+01
6521.2500 8.682449e+00
6522.5000 8.777034e+00
6523.7500 1.037205e+01
6525.0000 2.507370e+01
6526.2500 1.475143e+01
6527.5000 3.807937e+01
6528.7500 1.555482e+01
6530.0000 1.975051e+01
6531.2500 2.663989e+01
6532.5000 3.285371e+01
6533.7500 4.337585e+01
6535.0000 1.341492e+01
6536.2500 1.407022e+01
6537.5000 6.712141e+00
6538.7500 2.587917e+01
6540.0000 7.285701e+00
6541.2500 3.405581e+01
6542.5000 1.400255e+01
6543.7500 3.684730e+01
6545.0000 1.883237e+01
6546.2500 1.158983e+01
6547.5000 1.854198e+01
6548.7500 1.967852e+01
6550.0000 2.703410e+01
6551.2500 2.369578e+01
6552.5000 -1.620714e+01
6553.7500 1.253845e+01
6555.0000 -2.470537e+01
6556.2500 1.136399e+01
6557.5000 1.452429e+01
6558.7500 5.540140e+00
6560.0000 2.244861e+01
6561.2500 -1.238531e+01
6562.5000 1.785682e+01
6563.7500 2.112691e+01
6565.0000 -2.773461e+00
6566.2500 1.958725e+01
6567.5000 9.737472e+00
6568.7500 4.009735e+01
6570.0000 2.297903e+01
6571.2500 5.248837e+00
6572.5000 1.774392e+01
6573.7500 5.330615e+00
6575.0000 3.173378e+01
6576.2500 9.737443e+00
6577.5000 1.837672e+01
6578.7500 1.825151e+01
6580.0000 2.425807e+01
6581.2500 1.439862e+01
6582.5000 2.379043e+01
6583.7500 2.700442e+01
6585.0000 1.979289e+01
6586.2500 1.500426e+01
6587.5000 1.945745e+01
6588.7500 1.670201e+01
6590.0000 2.129378e+01
6591.2500 2.537821e+01
6592.5000 1.496155e+01
6593.7500 1.342573e+01
6595.0000 -8.131444e+00
6596.2500 6.414436e+00
6597.5000 1.536493e+01
6598.7500 2.123676e+01
6600.0000 2.287256e+01
6601.2500 2.692632e+01
6602.5000 3.439150e+01
6603.7500 6.768632e+01
6605.0000 4.559722e+01
6606.2500 3.591230e+01
6607.5000 3.584147e+01
6608.7500 2.022997e+01
6610.0000 9.152342e+00
6611.2500 2.665884e+00
6612.5000 2.497442e+01
6613.7500 1.218886e+01
6615.0000 2.317726e+01
6616.2500 1.679942e+01
6617.5000 2.751157e+01
6618.7500 4.113251e+01
6620.0000 1.521612e+01
6621.2500 2.659859e+01
6622.5000 3.093484e+01
6623.7500 3.111420e+01
6625.0000 6.963365e+00
6626.2500 1.529610e+01
6627.5000 2.465005e+01
6628.7500 1.229155e+01
6630.0000 3.258217e+01
6631.2500 1.516615e+01
6632.5000 -9.495587e-01
6633.7500 2.378969e+01
6635.0000 1.951411e+01
6636.2500 1.078823e+01
6637.5000 1.322333e+01
6638.7500 1.379575e+01
6640.0000 1.158870e+01
6641.2500 1.382883e+01
6642.5000 1.655434e+01
6643.7500 3.120234e+01
6645.0000 3.669181e+01
6646.2500 7.479340e+00
6647.5000 2.160944e+01
6648.7500 2.629526e+01
6650.0000 3.670780e+01
6651.2500 2.871163e+01
6652.5000 2.419667e+01
6653.7500 1.954360e+01
6655.0000 1.791003e+01
6656.2500 2.551645e+01
6657.5000 1.621343e+01
6658.7500 1.419800e+01
6660.0000 9.507259e+00
6661.2500 2.808404e+01
6662.5000 1.477914e-01
6663.7500 2.320192e+01
6665.0000 2.228373e+01
6666.2500 2.237313e+01
6667.5000 2.001559e+01
6668.7500 2.646461e+01
6670.0000 2.832714e+01
6671.2500 2.743584e+01
6672.5000 2.856115e+01
6673.7500 1.650788e+01
6675.0000 2.072445e+01
6676.2500 1.120487e+01
6677.5000 3.808535e+01
6678.7500 3.370996e+00
6680.0000 2.394181e+01
6681.2500 1.041642e+01
6682.5000 3.032154e+01
6683.7500 5.618189e+00
6685.0000 2.498710e+01
6686.2500 1.245768e+01
6687.5000 1.504756e+01
6688.7500 3.912225e+01
6690.0000 2.008304e+01
6691.2500 1.670551e+01
6692.5000 2.019238e+01
6693.7500 3.998343e+01
6695.0000 2.388791e+01
6696.2500 1.521540e+01
6697.5000 1.213679e+01
6698.7500 1.978145e+01
6700.0000 2.038314e+01
6701.2500 4.015629e+00
6702.5000 5.386409e+00
6703.7500 -1.049940e+00
6705.0000 3.875167e+01
6706.2500 2.403499e+01
6707.5000 2.526829e+01
6708.7500 1.460825e+01
6710.0000 2.593911e+01
6711.2500 3.762982e+00
6712.5000 2.848874e+01
6713.7500 1.868816e+01
6715.0000 4.757824e+00
6716.2500 1.124018e+01
6717.5000 1.468094e+01
6718.7500 1.062895e+01
6720.0000 3.044260e+01
6721.2500 1.877470e+01
6722.5000 2.486923e+01
6723.7500 1.249179e+01
6725.0000 2.056989e+01
6726.2500 3.222666e+01
6727.5000 3.362806e+01
6728.7500 2.378820e+01
6730.0000 8.572043e+00
6731.2500 1.905890e+01
6732.5000 2.902164e+01
6733.7500 2.431331e+01
6735.0000 1.056379e+01
6736.2500 1.867052e+01
6737.5000 2.115410e+01
6738.7500 2.174600e+01
6740.0000 2.376481e+01
6741.2500 2.813823e+01
6742.5000 1.475573e+01
6743.7500 1.995775e+01
6745.0000 3.520316e+01
6746.2500 3.728115e+01
6747.5000 2.414960e+01
6748.7500 1.323614e+01
6750.0000 1.666694e+01
6751.2500 8.080795e+00
6752.5000 2.020514e+01
6753.7500 2.299251e+01
6755.0000 2.594067e+01
6756.2500 2.797025e+01
6757.5000 2.295480e+01
6758.7500 1.174942e+01
6760.0000 3.596046e+01
6761.2500 2.341475e+01
6762.5000 1.619918e+01
6763.7500 1.980352e+01
6765.0000 2.435486e+01
6766.2500 2.996716e+01
6767.5000 9.910144e+00
6768.7500 1.161630e+01
6770.0000 2.151533e+01
6771.2500 1.500097e+01
6772.5000 3.392066e+01
6773.7500 2.056562e+01
6775.0000 9.381258e+00
6776.2500 8.830112e+00
6777.5000 1.925655e+01
6778.7500 1.289360e+01
6780.0000 1.382518e+01
6781.2500 2.655908e+01
6782.5000 8.756303e+00
6783.7500 7.954770e+00
6785.0000 1.708179e+01
6786.2500 1.630453e+01
6787.5000 1.673552e+01
6788.7500 1.156215e+01
6790.0000 2.506777e+01
6791.2500 1.573673e+01
6792.5000 1.468435e+01
6793.7500 1.540198e+01
6795.0000 -2.018791e+00
6796.2500 2.171658e+01
6797.5000 1.872329e+01
6798.7500 1.328599e+01
6800.0000 1.366063e+01
6801.2500 8.249051e+00
6802.5000 1.356642e+01
6803.7500 2.569370e+01
6805.0000 2.218721e+01
6806.2500 2.327858e+01
6807.5000 2.366921e+01
6808.7500 1.789451e+01
6810.0000 1.135406e+01
6811.2500 1.842817e+01
6812.5000 1.946132e+01
6813.7500 2.244635e+01
6815.0000 1.264185e+01
6816.2500 2.596479e+01
6817.5000 1.301546e+01
6818.7500 1.394866e+01
6820.0000 1.335853e+01
6821.2500 1.732325e+01
6822.5000 1.645485e+01
6823.7500 2.657500e+01
6825.0000 1.389904e+01
6826.2500 -5.038146e+00
6827.5000 1.269458e+01
6828.7500 8.537637e+00
6830.0000 1.443834e+01
6831.2500 2.260926e+01
6832.5000 3.708221e+01
6833.7500 1.742402e+01
6835.0000 2.886475e+01
6836.2500 2.079071e+01
6837.5000 1.337926e+01
6838.7500 2.634245e+01
6840.0000 3.472556e+01
6841.2500 1.327453e+01
6842.5000 2.355974e+01
6843.7500 3.061381e+01
6845.0000 1.599895e+01
6846.2500 4.460441e+00
6847.5000 7.815367e+00
6848.7500 1.821140e+01
6850.0000 1.805893e+01
6851.2500 -7.732999e-02
6852.5000 -1.693239e+00
6853.7500 2.059623e+01
6855.0000 1.420164e+01
6856.2500 1.418559e+01
6857.5000 1.442422e+01
6858.7500 2.840281e+01
6860.0000 2.424407e+01
6861.2500 -2.540289e+01
6862.5000 2.163906e+01
6863.7500 1.426798e+01
6865.0000 1.186179e+01
6866.2500 1.485991e+01
6867.5000 2.346548e+01
6868.7500 1.009042e+01
6870.0000 1.998674e+01
6871.2500 2.686538e+01
6872.5000 5.209235e+01
6873.7500 2.269300e+01
6875.0000 1.653334e+01
6876.2500 -1.850772e-01
6877.5000 1.914963e+01
6878.7500 1.833641e+01
6880.0000 2.915974e+01
6881.2500 1.869905e+01
6882.5000 3.006404e+01
6883.7500 8.894856e+00
6885.0000 1.201531e+01
6886.2500 2.123239e+01
6887.5000 2.486503e+01
6888.7500 2.625598e+01
6890.0000 2.749426e+01
6891.2500 -6.955442e+00
6892.5000 1.390302e+01
6893.7500 4.022079e+01
6895.0000 3.892548e+01
6896.2500 1.906058e+01
6897.5000 2.772346e+01
6898.7500 2.101353e+01
6900.0000 1.471967e+01
6901.2500 5.711310e+00
6902.5000 4.786169e+00
6903.7500 -6.447200e+00
6905.0000 1.340157e+01
6906.2500 -1.025913e+00
6907.5000 2.537143e+01
6908.7500 2.938548e+01
6910.0000 2.537968e+01
6911.2500 9.295971e+00
6912.5000 1.598690e+01
6913.7500 2.719149e+01
6915.0000 8.671947e+00
6916.2500 2.581905e+01
6917.5000 3.260334e+01
6918.7500 2.399289e+01
6920.0000 2.513496e+01
6921.2500 3.738545e+00
6922.5000 -3.707088e+00
6923.7500 4.546101e+00
6925.0000 7.949453e+00
6926.2500 1.653608e+01
6927.5000 3.154459e+01
6928.7500 9.310703e+00
6930.0000 3.326215e+01
6931.2500 1.025213e+01
6932.5000 2.874825e+01
6933.7500 2.562132e+01
6935.0000 3.410294e+01
6936.2500 2.899355e+01
6937.5000 1.377102e+01
6938.7500 9.132363e+00
6940.0000 3.231488e+01
6941.2500 2.077827e+01
6942.5000 2.399422e+01
6943.7500 2.157681e+01
6945.0000 1.460725e+01
6946.2500 3.398382e+01
6947.5000 -1.914842e+01
6948.7500 3.406787e+01
6950.0000 -2.030463e+01
6951.2500 7.036910e+00
6952.5000 1.970271e+01
6953.7500 1.502330e+01
6955.0000 2.034095e+00
6956.2500 6.243176e+00
6957.5000 2.352814e+01
6958.7500 1.922903e+01
6960.0000 2.382997e+01
6961.2500 1.185464e+01
6962.5000 5.142595e+00
6963.7500 1.697721e+01
6965.0000 2.672267e+01
6966.2500 3.055375e+00
6967.5000 3.323399e+01
6968.7500 3.316599e+01
6970.0000 5.909129e+00
6971.2500 3.062786e+01
6972.5000 2.964854e+01
6973.7500 2.490268e+01
6975.0000 1.823422e+01
6976.2500 2.928147e+01
6977.5000 3.305401e+00
6978.7500 2.336943e+01
6980.0000 2.150893e+00
6981.2500 1.863253e+01
6982.5000 2.467849e+01
6983.7500 -6.946822e-01
6985.0000 1.840377e+01
6986.2500 1.815874e+01
6987.5000 1.068440e+01
6988.7500 2.057186e+01
6990.0000 1.624660e+01
6991.2500 3.393906e+01
6992.5000 1.371508e+01
6993.7500 2.070515e+01
6995.0000 1.781219e+01
6996.2500 1.702059e+01
6997.5000 2.337441e+01
6998.7500 2.307785e+01
7000.0000 6.784646e+00
7001.2500 3.579634e+01
7002.5000 4.215098e+01
7003.7500 1.826249e+01
7005.0000 1.749494e+01
7006.2500 2.025573e+01
7007.5000 2.079878e+01
7008.7500 1.938053e+01
7010.0000 2.413084e+01
7011.2500 1.138995e+01
7012.5000 2.487425e+01
7013.7500 5.298888e+00
7015.0000 3.221254e+01
7016.2500 1.708555e+01
7017.5000 2.439594e+01
7018.7500 1.297561e+01
7020.0000 2.618769e+01
7021.2500 1.811127e+01
7022.5000 1.843279e+01
7023.7500 8.958447e+00
7025.0000 2.605316e+01
7026.2500 3.855169e+01
7027.5000 1.444097e+01
7028.7500 7.120047e+00
7030.0000 2.575465e+01
7031.2500 7.661381e+00
7032.5000 1.827293e+01
7033.7500 5.315865e+00
7035.0000 2.830061e+01
7036.2500 2.616076e+01
7037.5000 1.537831e+01
7038.7500 9.743717e+00
7040.0000 1.752414e+01
7041.2500 3.523531e+01
7042.5000 1.287457e+01
7043.7500 2.122064e+01
7045.0000 7.981698e+00
7046.2500 4.507885e+00
7047.5000 1.870323e+01
7048.7500 3.137422e+01
7050.0000 3.386977e+01
7051.2500 2.144536e+01
7052.5000 3.330624e+01
7053.7500 3.157565e+01
7055.0000 1.556721e+01
7056.2500 3.791083e-01
7057.5000 2.362577e+01
7058.7500 2.881629e+01
7060.0000 5.974157e+00
7061.2500 2.141496e+00
7062.5000 3.529393e+01
7063.7500 1.075101e+01
7065.0000 2.378010e+01
7066.2500 1.877975e+01
7067.5000 2.803776e+01
7068.7500 2.390109e+01
7070.0000 3.917721e+01
7071.2500 1.150578e+01
7072.5000 2.064257e+01
7073.7500 2.037467e+01
7075.0000 1.977208e+01
7076.2500 2.021888e+01
7077.5000 1.806557e+01
7078.7500 1.686774e+01
7080.0000 1.468345e+01
7081.2500 3.079672e+01
7082.5000 1.872134e+01
7083.7500 9.841633e+00
7085.0000 2.751942e+01
7086.2500 1.633671e+01
7087.5000 1.794628e+01
7088.7500 2.355215e+01
7090.0000 3.675767e+00
7091.2500 2.327692e+01
7092.5000 1.373270e+01
7093.7500 3.218488e+01
7095.0000 2.160643e+01
7096.2500 6.184898e+00
7097.5000 2.053092e+01
7098.7500 1.757903e+01
7100.0000 2.737649e+01
7101.2500 9.771523e+00
7102.5000 1.919657e+01
7103.7500 2.444271e+01
7105.0000 1.093633e+01
7106.2500 2.158855e+01
7107.5000 2.326506e+01
7108.7500 2.319822e+01
7110.0000 2.098182e+01
7111.2500 3.144248e+01
7112.5000 1.894442e+01
7113.7500 2.136862e+01
7115.0000 3.108276e+01
7116.2500 2.672257e+01
7117.5000 5.328553e-01
7118.7500 1.183921e+01
7120.0000 6.644690e+00
7121.2500 4.916286e+00
7122.5000 9.774664e+00
7123.7500 2.094790e+01
7125.0000 2.119488e+01
7126.2500 8.638947e+00
7127.5000 1.910265e+01
7128.7500 2.208928e+01
7130.0000 2.122965e+01
7131.2500 1.829715e+01
7132.5000 9.226809e+00
7133.7500 2.561518e+01
7135.0000 9.586878e+00
7136.2500 1.165365e+01
7137.5000 1.695652e+01
7138.7500 1.202693e+01
7140.0000 2.147572e+01
7141.2500 1.662750e+01
7142.5000 2.730617e+01
7143.7500 9.899295e+00
7145.0000 1.657492e+01
7146.2500 3.025225e+01
7147.5000 1.268281e+01
7148.7500 1.755054e+01
7150.0000 2.507732e+01
7151.2500 2.109593e+01
7152.5000 1.949684e+01
7153.7500 1.787343e+01
7155.0000 2.705510e+01
7156.2500 2.622910e+01
7157.5000 3.084687e+01
7158.7500 2.380840e+01
7160.0000 6.981741e+00
7161.2500 2.474567e+01
7162.5000 1.108171e+01
7163.7500 2.154456e+01
7165.0000 2.454515e+01
7166.2500 3.646695e+01
7167.5000 3.188615e+01
7168.7500 3.587117e+01
7170.0000 2.111777e+01
7171.2500 2.651140e+01
7172.5000 1.313266e+01
7173.7500 2.846393e+01
7175.0000 1.866339e+01
7176.2500 5.344918e+00
7177.5000 1.708793e+01
7178.7500 1.501625e+01
7180.0000 2.934594e+01
7181.2500 1.737954e+01
7182.5000 1.879520e+01
7183.7500 2.942384e+01
7185.0000 3.050965e+01
7186.2500 1.159546e+01
7187.5000 1.649168e+01
7188.7500 2.150110e+01
7190.0000 3.556412e+01
7191.2500 1.954847e+01
7192.5000 2.850953e+01
7193.7500 2.659391e+01
7195.0000 2.722226e+01
7196.2500 1.323154e+01
7197.5000 1.463491e+01
7198.7500 8.357362e+00
7200.0000 2.860162e+01
7201.2500 2.408915e+01
7202.5000 1.118839e+01
7203.7500 1.778966e+01
7205.0000 1.892092e+01
7206.2500 1.988820e+01
7207.5000 2.250952e+01
7208.7500 1.206182e+01
7210.0000 1.945291e+01
7211.2500 1.752827e+01
7212.5000 2.265171e+01
7213.7500 2.103102e+01
7215.0000 1.947081e+01
7216.2500 1.991988e+01
7217.5000 2.460697e+01
7218.7500 1.049935e+01
7220.0000 7.697632e+00
7221.2500 3.044837e+01
7222.5000 2.629712e+01
7223.7500 1.794763e+01
7225.0000 1.077897e+01
7226.2500 1.211273e+01
7227.5000 3.576491e+01
7228.7500 2.228844e+01
7230.0000 1.820275e+01
7231.2500 1.488937e+01
7232.5000 3.641476e+01
7233.7500 2.767734e+01
7235.0000 2.291607e+01
7236.2500 2.347580e+01
7237.5000 1.037913e+01
7238.7500 -6.210819e+00
7240.0000 7.751580e+00
7241.2500 1.916130e+01
7242.5000 1.393920e+01
7243.7500 1.522824e+01
7245.0000 -4.931650e-01
7246.2500 3.589850e+01
7247.5000 1.895795e+01
7248.7500 2.978410e+01
7250.0000 1.293060e+01
7251.2500 1.281849e+01
7252.5000 1.431358e+01
7253.7500 1.633577e+01
7255.0000 1.882944e+01
7256.2500 2.630995e+01
7257.5000 1.801301e+01
7258.7500 1.757842e+01
7260.0000 2.382083e+01
7261.2500 1.838673e+01
7262.5000 1.523943e+01
7263.7500 2.165508e+01
7265.0000 1.697507e+01
7266.2500 1.892892e+01
7267.5000 2.652978e+01
7268.7500 1.338130e+01
7270.0000 1.431515e+01
7271.2500 1.505373e+01
7272.5000 2.753811e+01
7273.7500 1.972457e+01
7275.0000 3.741230e+01
7276.2500 3.405703e+00
7277.5000 2.997860e+01
7278.7500 -2.213150e+00
7280.0000 2.440229e+01
7281.2500 4.533212e+01
7282.5000 -5.438014e+00
7283.7500 6.277399e+01
7285.0000 8.773510e+00
7286.2500 1.343278e+01
7287.5000 2.131444e+01
7288.7500 1.311117e+01
7290.0000 -8.010287e-01
7291.2500 1.210621e+01
7292.5000 3.269530e+01
7293.7500 2.133275e+01
7295.0000 2.464248e+01
7296.2500 1.524732e+01
7297.5000 2.774482e+01
7298.7500 2.087511e+01
7300.0000 2.018101e+01
7301.2500 1.013875e+01
7302.5000 3.428686e+01
7303.7500 4.263173e+01
7305.0000 2.885649e+01
7306.2500 1.299145e+01
7307.5000 1.797628e+01
7308.7500 5.726718e+00
7310.0000 2.744224e+01
7311.2500 6.310633e+00
7312.5000 2.551351e+01
7313.7500 -1.319351e+01
7315.0000 6.486378e-01
7316.2500 1.206877e+00
7317.5000 4.049401e+01
7318.7500 1.633643e+01
7320.0000 2.136892e+01
7321.2500 1.515183e+01
7322.5000 9.053639e+00
7323.7500 1.880525e+01
7325.0000 2.884858e+01
7326.2500 2.805451e+01
7327.5000 1.152632e+01
7328.7500 1.329120e+01
7330.0000 -2.760889e+00
7331.2500 1.908099e+00
7332.5000 5.967964e+00
7333.7500 1.862180e+01
7335.0000 1.884967e+01
7336.2500 1.832855e+01
7337.5000 1.943150e+01
7338.7500 -2.834299e+01
7340.0000 8.502769e-01
7341.2500 2.364123e+01
7342.5000 2.930793e+01
7343.7500 1.410893e+01
7345.0000 2.589845e+01
7346.2500 2.254929e+01
7347.5000 1.841862e+01
7348.7500 9.882822e+00
7350.0000 1.896539e+01
7351.2500 2.541228e+01
7352.5000 1.574029e+01
7353.7500 2.557704e+01
7355.0000 2.735752e+01
7356.2500 -7.138034e-01
7357.5000 3.429099e+01
7358.7500 -6.745234e+00
7360.0000 1.647373e+01
7361.2500 1.855987e+01
7362.5000 2.493618e+01
7363.7500 2.908800e+00
7365.0000 2.476484e+01
7366.2500 4.161180e+01
7367.5000 2.671906e+01
7368.7500 3.606616e+01
7370.0000 -2.822100e+01
7371.2500 1.639213e+01
7372.5000 1.223646e+01
7373.7500 2.267945e+01
7375.0000 2.985609e+01
7376.2500 2.251857e+01
7377.5000 1.421159e+01
7378.7500 2.518130e+01
7380.0000 4.740620e+00
7381.2500 2.324156e+01
7382.5000 1.421851e+01
7383.7500 6.762908e+00
7385.0000 2.667092e+01
7386.2500 1.364802e+01
7387.5000 4.626364e+00
7388.7500 3.705892e+01
7390.0000 2.601913e+01
7391.2500 5.157454e+00
7392.5000 4.643943e+01
7393.7500 1.867991e+01
7395.0000 2.849577e+01
7396.2500 2.958079e+01
7397.5000 2.576049e+01
7398.7500 3.815304e+01
7400.0000 -1.634274e+00
7401.2500 3.374937e+01
7402.5000 4.192819e+01
7403.7500 1.902743e+01
7405.0000 1.513418e+01
7406.2500 3.240203e+01
7407.5000 5.966739e+00
7408.7500 1.183643e+01
7410.0000 1.297693e+01
7411.2500 3.915954e+01
7412.5000 1.021770e+01
7413.7500 2.563489e+01
7415.0000 2.468884e+01
7416.2500 2.323872e+01
7417.5000 3.218655e+01
7418.7500 2.436258e+01
7420.0000 2.267116e+01
7421.2500 1.979602e+01
7422.5000 3.399938e+01
7423.7500 2.416599e+01
7425.0000 1.981184e+01
7426.2500 2.876986e+01
7427.5000 1.874083e+01
7428.7500 9.827178e+00
7430.0000 8.126572e+00
7431.2500 7.630873e+00
7432.5000 4.807174e+00
7433.7500 2.804445e+01
7435.0000 3.529562e+01
7436.2500 -2.697152e+00
7437.5000 9.256820e+00
7438.7500 -1.086446e+01
7440.0000 6.775533e+00
7441.2500 1.749879e+01
7442.5000 1.389754e+01
7443.7500 2.544981e+01
7445.0000 2.474836e+01
7446.2500 1.719864e+01
7447.5000 1.732104e+01
7448.7500 1.234883e+01
7450.0000 2.034037e+01
7451.2500 2.712696e+01
7452.5000 2.501361e+01
7453.7500 1.250451e+01
7455.0000 1.154209e+01
7456.2500 2.173459e+01
7457.5000 3.433074e+01
7458.7500 1.636609e+01
7460.0000 1.743458e+01
7461.2500 2.529028e+01
7462.5000 1.104989e+01
7463.7500 3.802394e+01
7465.0000 1.876315e+01
7466.2500 2.026287e+01
7467.5000 1.514988e+01
7468.7500 4.423379e+01
7470.0000 5.175216e+01
7471.2500 6.804398e+01
7472.5000 9.617189e+01
7473.7500 8.159905e+01
7475.0000 4.393071e+01
7476.2500 6.554638e+01
7477.5000 1.562617e+02
7478.7500 1.287343e+02
7480.0000 5.847655e+01
7481.2500 3.879916e+01
7482.5000 3.205323e+01
7483.7500 -2.899131e+01
7485.0000 1.845786e+01
7486.2500 8.867199e+00
7487.5000 6.125155e+00
7488.7500 6.830534e+00
7490.0000 1.030765e+01
7491.2500 2.008852e+01
7492.5000 1.547806e+01
7493.7500 5.385723e+00
7495.0000 3.397645e+01
7496.2500 1.226006e+01
7497.5000 2.465196e+01
7498.7500 1.910710e+01
7500.0000 4.477238e+01
7501.2500 2.056376e+01
7502.5000 1.916947e+01
7503.7500 2.294102e+01
7505.0000 3.375254e+01
7506.2500 2.769858e+01
7507.5000 2.450622e+01
7508.7500 3.058502e+01
7510.0000 2.994162e+01
7511.2500 1.968081e+01
7512.5000 2.434971e+01
7513.7500 2.402359e+01
7515.0000 2.599323e+01
7516.2500 1.269576e+01
7517.5000 2.588946e+01
7518.7500 1.923185e+01
7520.0000 2.057224e+01
7521.2500 3.123614e+01
7522.5000 5.238306e+00
7523.7500 3.479849e+01
7525.0000 7.976735e+00
7526.2500 1.731283e+01
7527.5000 2.833094e+01
7528.7500 2.775996e+01
7530.0000 4.505256e+00
7531.2500 2.338389e+01
7532.5000 3.059774e+01
7533.7500 3.483232e+01
7535.0000 1.559597e+01
7536.2500 2.978866e+00
7537.5000 2.614219e+01
7538.7500 3.594900e+01
7540.0000 1.308973e+01
7541.2500 1.012278e+01
7542.5000 3.414968e+01
7543.7500 1.507391e+01
7545.0000 1.404752e+01
7546.2500 1.570402e+01
7547.5000 2.414094e+01
7548.7500 2.781893e+01
7550.0000 1.440167e+01
7551.2500 2.313423e+01
7552.5000 8.243945e+00
7553.7500 -2.007840e+00
7555.0000 3.404565e+01
7556.2500 1.213149e+01
7557.5000 3.616983e+01
7558.7500 2.978145e+00
7560.0000 2.030931e+01
7561.2500 2.526389e+01
7562.5000 1.837628e+01
7563.7500 3.373018e+01
7565.0000 2.283221e+01
7566.2500 1.295169e+01
7567.5000 3.032574e+01
7568.7500 2.422862e+01
7570.0000 3.389003e+01
7571.2500 2.462987e+01
7572.5000 1.027344e+00
7573.7500 3.493219e+01
7575.0000 2.622265e+01
7576.2500 1.009540e+01
7577.5000 1.727546e+01
7578.7500 3.171829e+01
7580.0000 2.800575e+01
7581.2500 3.614026e+01
7582.5000 2.482542e+01
7583.7500 2.594786e+01
7585.0000 8.243208e+00
7586.2500 -6.929695e+00
7587.5000 1.832344e+01
7588.7500 3.035063e+01
7590.0000 1.609558e+01
7591.2500 2.156367e+01
7592.5000 4.124162e+01
7593.7500 4.259411e+01
7595.0000 4.005917e+01
7596.2500 -2.876967e+01
7597.5000 9.251705e+00
7598.7500 2.985508e+01
7600.0000 1.319826e+01
7601.2500 5.925979e+01
7602.5000 4.460560e+01
7603.7500 7.906596e+01
7605.0000 3.102501e+01
7606.2500 -5.229196e+00
7607.5000 3.667621e+01
7608.7500 3.379044e+01
7610.0000 2.387268e+00
7611.2500 5.197287e+01
7612.5000 1.083810e+01
7613.7500 -7.473119e+00
7615.0000 2.579123e+01
7616.2500 2.943914e+01
7617.5000 1.966734e+00
7618.7500 1.178339e+01
7620.0000 1.416660e+01
7621.2500 3.837417e+01
7622.5000 3.044168e+01
7623.7500 2.394968e+00
7625.0000 3.254805e+01
7626.2500 -1.401015e+00
7627.5000 7.529839e+01
7628.7500 4.779473e+01
7630.0000 -6.175791e+00
7631.2500 3.235145e+01
7632.5000 3.629221e+01
7633.7500 3.529967e+01
7635.0000 1.725984e+01
7636.2500 2.735075e+01
7637.5000 7.258782e+00
7638.7500 2.049927e+01
7640.0000 1.810199e+01
7641.2500 -6.363131e+00
7642.5000 2.824949e+01
7643.7500 3.732230e+01
7645.0000 2.995392e+01
7646.2500 4.963334e+01
7647.5000 3.125519e+01
7648.7500 1.342679e+01
7650.0000 8.590790e+00
7651.2500 2.091393e+01
7652.5000 1.808750e+01
7653.7500 2.063591e+01
7655.0000 -3.558461e+00
7656.2500 3.969028e+01
7657.5000 4.037917e+01
7658.7500 3.863989e+01
7660.0000 1.834185e+01
7661.2500 4.898705e+01
7662.5000 1.706429e+01
7663.7500 1.653272e+01
7665.0000 2.764185e+01
7666.2500 3.795099e+01
7667.5000 3.692051e+01
7668.7500 3.084516e+01
7670.0000 2.244573e+01
7671.2500 3.771227e+01
7672.5000 3.076290e+01
7673.7500 1.877547e+01
7675.0000 1.679600e+01
7676.2500 2.441079e+01
7677.5000 2.668419e+01
7678.7500 3.110560e+01
7680.0000 3.782350e+01
7681.2500 2.154943e+01
7682.5000 1.942112e+01
7683.7500 1.976757e+01
7685.0000 1.802810e+01
7686.2500 2.579188e+01
7687.5000 3.336366e+01
7688.7500 1.181288e+01
7690.0000 4.818172e+00
7691.2500 1.555064e+01
7692.5000 2.138435e+01
7693.7500 2.299133e+01
7695.0000 -8.921446e-01
7696.2500 1.981914e+01
7697.5000 6.848274e+00
7698.7500 1.333507e+01
7700.0000 2.913940e+01
7701.2500 2.398195e+01
7702.5000 2.345017e+01
7703.7500 1.963753e+01
7705.0000 1.290862e+01
7706.2500 2.172748e+01
7707.5000 2.136436e+01
7708.7500 2.278444e+01
7710.0000 6.313308e+01
7711.2500 -1.896408e+01
7712.5000 5.807331e+01
7713.7500 4.367239e+01
7715.0000 2.572531e+01
7716.2500 6.615286e+01
7717.5000 5.104161e+01
7718.7500 2.056627e+01
7720.0000 2.252658e+01
7721.2500 2.856381e+01
7722.5000 1.533046e+01
7723.7500 3.341820e+01
7725.0000 3.633057e+01
7726.2500 4.584026e+01
7727.5000 4.075191e+01
7728.7500 1.675494e+01
7730.0000 1.782340e+01
7731.2500 2.374013e+01
7732.5000 3.039037e+01
7733.7500 3.505851e+00
7735.0000 2.582325e+01
7736.2500 3.924621e+01
7737.5000 3.041116e+01
7738.7500 2.686604e+01
7740.0000 1.038967e+01
7741.2500 2.562089e+01
7742.5000 2.237345e+01
7743.7500 2.445385e+01
7745.0000 3.362893e+01
7746.2500 2.419604e+01
7747.5000 3.962289e+01
7748.7500 -4.163423e+01
7750.0000 5.297076e+01
7751.2500 2.762260e+01
7752.5000 2.165957e+01
7753.7500 2.492100e+01
7755.0000 2.036551e+01
7756.2500 2.997667e+01
7757.5000 5.012651e+01
7758.7500 4.145320e+01
7760.0000 4.370707e+01
7761.2500 -1.507938e+01
7762.5000 2.847951e+01
7763.7500 2.479687e+01
7765.0000 3.056176e+01
7766.2500 2.871160e+01
7767.5000 2.300142e+01
7768.7500 4.134964e+01
7770.0000 3.746823e+01
7771.2500 4.896069e+01
7772.5000 5.550872e+01
7773.7500 3.198529e+00
7775.0000 2.645386e+01
7776.2500 1.503747e+00
7777.5000 3.778046e+01
7778.7500 2.411385e+01
7780.0000 3.396369e+01
7781.2500 4.668842e+01
7782.5000 1.558001e+01
7783.7500 1.061334e+01
7785.0000 2.563392e+01
7786.2500 4.159895e+01
7787.5000 3.772583e+01
7788.7500 4.559611e+01
7790.0000 2.166178e+01
7791.2500 4.388615e+01
7792.5000 -3.279054e+01
7793.7500 -1.004791e+01
7795.0000 4.160875e+01
7796.2500 -1.407715e+01
7797.5000 2.135656e+01
7798.7500 3.372040e+01
7800.0000 2.130505e+01
7801.2500 3.049916e+01
7802.5000 1.746007e+01
7803.7500 2.125145e+01
7805.0000 2.204943e+01
7806.2500 2.935798e+01
7807.5000 4.668213e+01
7808.7500 4.027259e+01
7810.0000 4.767812e+01
7811.2500 1.601583e+01
7812.5000 2.768852e+01
7813.7500 2.239316e+01
7815.0000 6.528937e+00
7816.2500 3.267608e+01
7817.5000 2.752435e+01
7818.7500 4.274836e+01
7820.0000 6.270014e+01
7821.2500 1.635324e+01
7822.5000 6.545632e+01
7823.7500 2.963670e+00
7825.0000 1.800071e+01
7826.2500 3.210244e+01
7827.5000 3.076709e+01
7828.7500 3.460368e+01
7830.0000 4.014843e+01
7831.2500 3.743813e+01
7832.5000 3.154692e+01
7833.7500 1.303713e+01
7835.0000 3.826812e+01
7836.2500 2.346216e+01
7837.5000 2.085335e+01
7838.7500 2.376540e+01
7840.0000 -1.291703e+01
7841.2500 -2.371264e+00
7842.5000 1.090231e+01
7843.7500 2.081023e+01
7845.0000 2.276730e+01
7846.2500 2.968645e+01
7847.5000 2.555750e+01
7848.7500 2.934063e+01
7850.0000 3.899581e+01
7851.2500 4.738033e+01
7852.5000 4.415553e+01
7853.7500 1.880204e+01
7855.0000 3.567631e+01
7856.2500 3.425982e+01
7857.5000 2.558962e+01
7858.7500 -2.128740e+01
7860.0000 3.722755e+00
7861.2500 6.232356e+00
7862.5000 2.618988e+01
7863.7500 2.477604e+01
7865.0000 5.453022e+00
7866.2500 1.676941e+01
7867.5000 1.790561e+01
7868.7500 2.469907e+01
7870.0000 1.056398e+02
7871.2500 -1.034084e+01
7872.5000 3.133890e+01
7873.7500 -4.575405e+00
7875.0000 1.773410e+01
7876.2500 3.335705e+00
7877.5000 4.587607e-01
7878.7500 -2.471610e+01
7880.0000 -1.595383e+01
7881.2500 -1.591977e+01
7882.5000 -1.857691e+01
7883.7500 4.407895e+01
7885.0000 2.243326e+01
7886.2500 3.053054e+01
7887.5000 2.578013e+01
7888.7500 -5.712486e+00
7890.0000 -2.836224e+01
7891.2500 5.153955e+00
7892.5000 4.019644e+01
7893.7500 4.127169e+01
7895.0000 1.935664e+01
7896.2500 1.805977e+01
7897.5000 3.755883e+00
7898.7500 4.886691e+01
7900.0000 1.924030e+01
7901.2500 2.627756e+01
7902.5000 2.928637e+01
7903.7500 2.722184e+01
7905.0000 1.517109e+01
7906.2500 2.055536e+01
7907.5000 1.575698e+01
7908.7500 1.955936e+01
7910.0000 5.086401e+01
7911.2500 8.013461e+01
7912.5000 1.947467e+01
7913.7500 3.369328e+01
7915.0000 -6.012826e-01
7916.2500 3.856110e+01
7917.5000 3.621958e+01
7918.7500 1.391922e+01
7920.0000 -1.864702e+01
7921.2500 -5.442631e+01
7922.5000 -5.195086e+01
7923.7500 2.849062e+01
7925.0000 4.960872e+00
7926.2500 5.862879e+00
7927.5000 1.442600e+00
7928.7500 2.457641e+01
7930.0000 -3.341286e+00
7931.2500 -1.227372e+01
7932.5000 1.943976e+01
7933.7500 4.125838e+01
7935.0000 2.098519e+01
7936.2500 1.876049e+01
7937.5000 9.808239e+00
7938.7500 5.795459e+00
7940.0000 1.252045e+01
7941.2500 1.642050e+01
7942.5000 4.343682e+00
7943.7500 1.843198e+01
7945.0000 3.791107e+01
7946.2500 3.128766e+01
7947.5000 1.018196e+01
7948.7500 2.064791e+01
7950.0000 3.484001e+01
7951.2500 2.276733e+01
7952.5000 2.568898e+01
7953.7500 1.247671e+01
7955.0000 3.789481e+01
7956.2500 3.341319e+01
7957.5000 3.266814e+01
7958.7500 8.065001e+00
7960.0000 1.343358e+01
7961.2500 2.479766e+01
7962.5000 6.800656e+01
7963.7500 -7.634922e+00
7965.0000 2.571285e+01
7966.2500 4.266788e+01
7967.5000 3.717692e+00
7968.7500 1.169291e+01
7970.0000 -2.136796e+00
7971.2500 1.725369e+01
7972.5000 9.186037e+00
7973.7500 8.443451e+00
7975.0000 2.967632e+01
7976.2500 2.020448e+01
7977.5000 3.875220e+01
7978.7500 1.459136e+01
7980.0000 -1.629154e+01
7981.2500 2.559541e+01
7982.5000 2.363535e+01
7983.7500 3.189547e+01
7985.0000 2.620390e+01
7986.2500 2.364158e+01
7987.5000 2.853992e+01
7988.7500 1.798496e+01
7990.0000 2.135273e+01
7991.2500 3.386462e+01
7992.5000 2.657415e+01
7993.7500 6.434669e+01
7995.0000 -5.349076e+00
7996.2500 -6.615539e+00
7997.5000 2.885212e+01
7998.7500 3.220361e+01
8000.0000 3.038396e+01
8001.2500 4.614854e+01
8002.5000 3.704536e+01
8003.7500 1.589538e+01
8005.0000 3.302793e+00
8006.2500 2.490216e+01
8007.5000 1.701206e+00
8008.7500 6.674340e+00
8010.0000 2.992035e+01
8011.2500 2.099441e+01
8012.5000 5.053146e+01
8013.7500 5.299515e+00
8015.0000 6.901063e+00
8016.2500 4.306519e+01
8017.5000 2.872763e+01
8018.7500 3.153266e+01
8020.0000 2.637016e+01
8021.2500 2.063299e+01
8022.5000 4.439206e+01
8023.7500 2.446747e+00
8025.0000 1.005250e+02
8026.2500 -2.648208e+01
8027.5000 6.301982e+01
8028.7500 1.954485e+01
8030.0000 4.399407e+01
8031.2500 1.773574e+01
8032.5000 2.034664e+01
8033.7500 2.290021e+01
8035.0000 3.604941e+01
8036.2500 2.241837e+01
8037.5000 3.299607e+01
8038.7500 3.622071e+01
8040.0000 1.296638e+01
8041.2500 1.877145e+01
8042.5000 1.219706e+01
8043.7500 2.847262e+01
8045.0000 1.705686e+01
8046.2500 2.018190e+01
8047.5000 1.676888e+01
8048.7500 1.402610e+01
8050.0000 7.590620e+00
8051.2500 4.891700e+01
8052.5000 2.537492e+01
8053.7500 2.751014e+01
8055.0000 5.147330e+01
8056.2500 3.359821e+01
8057.5000 2.100038e+01
8058.7500 2.474992e+01
8060.0000 1.323583e+01
8061.2500 -1.954373e+01
8062.5000 6.149215e+01
8063.7500 5.658525e+00
8065.0000 3.889966e+01
8066.2500 2.818749e+01
8067.5000 2.528166e+01
8068.7500 1.856343e+01
8070.0000 2.504010e+01
8071.2500 1.697168e+01
8072.5000 2.161353e+01
8073.7500 2.660240e+01
8075.0000 4.858399e+01
8076.2500 2.792364e+01
8077.5000 2.531032e+01
8078.7500 4.019225e+01
8080.0000 4.565765e+01
8081.2500 3.716846e+01
8082.5000 2.910557e+01
8083.7500 4.404101e+01
8085.0000 1.597419e+01
8086.2500 6.712235e+00
8087.5000 2.476431e+01
8088.7500 2.089948e+01
8090.0000 3.595269e+01
8091.2500 3.990619e+01
8092.5000 2.539095e+01
8093.7500 1.905794e+01
8095.0000 3.595948e+01
8096.2500 2.058715e+01
8097.5000 3.247247e+01
8098.7500 3.927707e+01
8100.0000 5.524050e+01
8101.2500 2.523636e+01
8102.5000 5.565867e+01
8103.7500 2.153822e+01
8105.0000 4.123727e+01
8106.2500 2.225173e+01
8107.5000 3.115612e+01
8108.7500 4.078524e+01
8110.0000 5.097927e+01
8111.2500 4.034078e+01
8112.5000 2.087081e+01
8113.7500 2.961792e+01
8115.0000 4.169331e+01
8116.2500 2.016239e+01
8117.5000 2.109794e+01
8118.7500 4.659991e+01
8120.0000 3.425385e+01
8121.2500 2.736023e+01
8122.5000 4.600010e+01
8123.7500 4.830469e+01
8125.0000 4.060009e+01
8126.2500 2.794712e+01
8127.5000 3.778661e+01
8128.7500 4.572312e+01
8130.0000 2.942018e+01
8131.2500 3.002804e+01
8132.5000 2.248341e+01
8133.7500 1.617659e+01
8135.0000 1.227341e+01
8136.2500 2.022237e+01
8137.5000 2.029860e+01
8138.7500 1.410140e+01
8140.0000 4.658761e+00
8141.2500 2.258476e+01
8142.5000 3.714260e+01
8143.7500 3.889122e+01
8145.0000 2.173937e+01
8146.2500 3.328368e+01
8147.5000 1.406415e+01
8148.7500 3.454452e+01
8150.0000 1.962486e+01
8151.2500 3.915030e+01
8152.5000 9.519339e+00
8153.7500 2.347893e+01
8155.0000 4.588828e+01
8156.2500 4.145498e+01
8157.5000 2.509999e+01
8158.7500 1.392205e+01
8160.0000 3.468279e+01
8161.2500 3.273378e+01
8162.5000 4.380279e+01
8163.7500 1.150698e+01
8165.0000 1.635861e+01
8166.2500 3.024961e+01
8167.5000 3.351102e+01
8168.7500 3.856079e+01
8170.0000 2.378933e+01
8171.2500 3.373568e+01
8172.5000 3.787011e+01
8173.7500 2.286030e+01
8175.0000 3.485603e+01
8176.2500 1.778939e+01
8177.5000 3.199615e+01
8178.7500 4.200217e+01
8180.0000 4.163517e+01
8181.2500 3.425531e+01
8182.5000 2.341529e+01
8183.7500 2.049594e+01
8185.0000 4.448469e+01
8186.2500 1.113012e+01
8187.5000 4.974446e+01
8188.7500 1.864449e+01
8190.0000 1.223672e+01
8191.2500 3.577157e+01
8192.5000 1.670607e+01
8193.7500 3.917949e+00
8195.0000 2.498983e+01
8196.2500 1.084298e+01
8197.5000 2.965865e+01
8198.7500 1.319485e+01
8200.0000 1.995997e+01
8201.2500 2.881774e+01
8202.5000 1.499050e+01
8203.7500 1.841760e+01
8205.0000 3.941925e+01
8206.2500 4.386837e+01
8207.5000 3.003343e+01
8208.7500 5.273359e+00
8210.0000 9.822453e+00
8211.2500 2.819578e+01
8212.5000 3.854689e+01
8213.7500 1.972730e+01
8215.0000 1.274688e+01
8216.2500 2.532959e+01
8217.5000 9.156444e+00
8218.7500 3.015498e+01
8220.0000 7.683150e+00
8221.2500 1.368857e+01
8222.5000 1.743398e+01
8223.7500 3.649783e+01
8225.0000 4.341756e+01
8226.2500 4.040230e+01
8227.5000 2.926027e+01
8228.7500 3.053728e+01
8230.0000 2.870606e+01
8231.2500 3.340739e+01
8232.5000 4.754275e+01
8233.7500 2.801092e+01
8235.0000 4.456696e+01
8236.2500 2.156218e+01
8237.5000 2.414772e+01
8238.7500 5.026583e+00
8240.0000 1.888978e+01
8241.2500 2.199351e+01
8242.5000 3.056984e+01
8243.7500 3.157202e+01
8245.0000 2.640020e+01
8246.2500 4.597094e+01
8247.5000 2.335441e+01
8248.7500 3.516788e+01
8250.0000 1.513637e+01
8251.2500 1.272406e+01
8252.5000 6.315445e+00
8253.7500 1.722428e+01
8255.0000 2.912687e+00
8256.2500 1.740167e+01
8257.5000 1.555957e+01
8258.7500 2.561021e+01
8260.0000 4.404936e+01
8261.2500 3.975254e+01
8262.5000 3.325897e+01
8263.7500 1.529820e+01
8265.0000 1.769559e+01
8266.2500 1.351717e+01
8267.5000 1.021613e+01
8268.7500 2.249640e+01
8270.0000 2.582461e+01
8271.2500 2.934343e+01
8272.5000 3.287799e+01
8273.7500 3.171736e+01
8275.0000 3.315859e+01
8276.2500 1.981206e+01
8277.5000 3.753017e+01
8278.7500 -2.310593e+01
8280.0000 1.955757e+01
8281.2500 -2.608367e+01
8282.5000 8.319866e+01
8283.7500 5.905981e+00
8285.0000 -2.027451e+01
8286.2500 3.417702e+01
8287.5000 4.082286e+01
8288.7500 1.712663e+01
8290.0000 2.996822e+01
8291.2500 7.443751e+00
8292.5000 3.336014e+01
8293.7500 2.033375e+01
8295.0000 3.899038e+01
8296.2500 5.544818e+01
8297.5000 1.963167e+01
8298.7500 2.154070e+01
8300.0000 2.313888e+01
8301.2500 2.053666e+01
8302.5000 2.524375e+01
8303.7500 1.247836e+01
8305.0000 -8.137222e+00
8306.2500 1.331991e+01
8307.5000 3.202124e+01
8308.7500 4.469870e+01
8310.0000 -8.882554e+00
8311.2500 1.105681e+01
8312.5000 3.848099e+01
8313.7500 1.996750e+01
8315.0000 1.612712e+01
8316.2500 3.402210e+01
8317.5000 2.059379e+01
8318.7500 1.343952e+01
8320.0000 1.171336e+01
8321.2500 2.396266e+01
8322.5000 2.088292e+01
8323.7500 2.337453e+01
8325.0000 2.568547e+01
8326.2500 2.726839e+01
8327.5000 3.681105e+01
8328.7500 2.069923e+01
8330.0000 2.146930e+01
8331.2500 2.904737e+01
8332.5000 2.464233e+01
8333.7500 1.323369e+01
8335.0000 1.922617e+01
8336.2500 3.003252e+01
8337.5000 1.753011e+01
8338.7500 3.293910e+00
8340.0000 2.239119e+01
8341.2500 1.066499e+01
8342.5000 1.048600e+01
8343.7500 2.392831e+01
8345.0000 1.916998e+01
8346.2500 5.072878e+01
8347.5000 -1.351561e+01
8348.7500 1.271526e+01
8350.0000 4.782071e+01
8351.2500 2.998653e+01
8352.5000 1.525963e+01
8353.7500 4.410567e+01
8355.0000 3.306595e+01
8356.2500 1.567202e+01
8357.5000 2.969736e+01
8358.7500 3.881716e+01
8360.0000 2.745398e+01
8361.2500 7.730742e+00
8362.5000 1.955790e+01
8363.7500 9.057447e+00
8365.0000 1.763265e+01
8366.2500 3.126416e+00
8367.5000 1.300270e+01
8368.7500 2.927289e+01
8370.0000 2.353886e+01
8371.2500 2.177755e+01
8372.5000 3.417427e+01
8373.7500 3.096421e+01
8375.0000 3.967190e+01
8376.2500 3.893869e+01
8377.5000 6.700678e+01
8378.7500 4.879998e+00
8380.0000 5.152898e+01
8381.2500 -1.819934e+01
8382.5000 9.591757e+01
8383.7500 5.495447e+01
8385.0000 1.047786e+01
8386.2500 3.533265e+01
8387.5000 2.504191e+01
8388.7500 1.336751e+01
8390.0000 1.711625e+01
8391.2500 1.934588e+01
8392.5000 2.309351e+01
8393.7500 1.297570e+01
8395.0000 1.816138e+01
8396.2500 1.537633e+00
8397.5000 4.091663e+01
8398.7500 1.991136e+01
8400.0000 1.243169e+01
8401.2500 -2.930492e+01
8402.5000 1.225774e+01
8403.7500 1.747796e+01
8405.0000 6.266504e+00
8406.2500 1.806283e+01
8407.5000 3.342131e+01
8408.7500 2.900840e+01
8410.0000 8.175795e+00
8411.2500 -1.204691e-01
8412.5000 2.664949e+01
8413.7500 -3.907116e+00
8415.0000 2.735528e+01
8416.2500 2.490966e+01
8417.5000 -1.076247e+01
8418.7500 2.454640e+01
8420.0000 2.487540e+01
8421.2500 2.496872e+01
8422.5000 1.539763e+01
8423.7500 2.779971e+01
8425.0000 1.517904e+01
8426.2500 -1.273923e+01
8427.5000 1.429902e+01
8428.7500 2.152925e+01
8430.0000 2.248024e+01
8431.2500 9.297258e+00
8432.5000 -2.801854e+01
8433.7500 2.597971e+00
8435.0000 3.602414e+01
8436.2500 1.512030e+01
8437.5000 4.555507e+01
8438.7500 2.296104e+01
8440.0000 1.714833e+01
8441.2500 3.039765e+01
8442.5000 2.719705e+01
8443.7500 2.829643e+01
8445.0000 4.486479e+01
8446.2500 2.783418e+01
8447.5000 4.532526e+01
8448.7500 2.226017e+01
8450.0000 1.230359e+01
8451.2500 1.965919e+01
8452.5000 6.643780e+01
8453.7500 1.960101e+01
8455.0000 4.982550e+00
8456.2500 2.141471e+01
8457.5000 3.830953e+01
8458.7500 3.605635e+01
8460.0000 2.819746e+01
8461.2500 1.521481e+01
8462.5000 7.489478e+01
8463.7500 2.933333e+01
8465.0000 2.926496e+01
8466.2500 2.025702e+01
8467.5000 4.989139e+01
8468.7500 1.652071e+01
8470.0000 2.326288e+01
8471.2500 4.273686e+01
8472.5000 2.134026e+01
8473.7500 2.207762e+01
8475.0000 2.368100e+01
8476.2500 1.190861e+01
8477.5000 2.521754e+01
8478.7500 3.988467e+01
8480.0000 3.533323e+01
8481.2500 1.551857e+01
8482.5000 2.201548e+01
8483.7500 3.049304e+01
8485.0000 2.743237e+01
8486.2500 2.477557e+01
8487.5000 1.860679e+01
8488.7500 1.226726e+01
8490.0000 3.130541e+01
8491.2500 4.587473e+01
8492.5000 2.910490e+01
8493.7500 -2.277469e+01
8495.0000 5.269820e+01
8496.2500 1.704840e+01
8497.5000 2.801623e+01
8498.7500 2.294542e+01
8500.0000 2.135794e+01
8501.2500 4.127444e+01
8502.5000 6.306481e+01
8503.7500 1.462217e+01
8505.0000 3.767089e+01
8506.2500 8.952284e+00
8507.5000 2.155863e+01
8508.7500 3.155533e+01
8510.0000 7.779513e+00
8511.2500 2.678168e+01
8512.5000 2.670375e+01
8513.7500 2.271583e+01
8515.0000 3.758389e+01
8516.2500 3.839146e+01
8517.5000 3.698767e+01
8518.7500 1.340495e+01
8520.0000 1.444285e+01
8521.2500 3.104651e+01
8522.5000 2.113968e+01
8523.7500 3.336875e+01
8525.0000 2.596758e+01
8526.2500 2.628615e+01
8527.5000 1.723216e+01
8528.7500 3.225829e+01
8530.0000 1.575727e+01
8531.2500 1.406823e+01
8532.5000 1.453970e+01
8533.7500 3.164537e+01
8535.0000 3.525467e+01
8536.2500 9.506338e+00
8537.5000 2.612494e+01
8538.7500 2.550160e+01
8540.0000 2.827331e+01
8541.2500 2.375764e+01
8542.5000 2.925201e+01
8543.7500 3.269487e+01
8545.0000 3.984349e+01
8546.2500 2.196523e+01
8547.5000 6.191996e+00
8548.7500 -5.234019e+01
8550.0000 7.544640e+00
8551.2500 2.144480e+01
8552.5000 2.168784e+01
8553.7500 3.619643e+01
8555.0000 2.740585e+01
8556.2500 2.580368e+01
8557.5000 2.194812e+01
8558.7500 2.889233e+01
8560.0000 3.169151e+01
8561.2500 2.479932e+01
8562.5000 1.601109e+01
8563.7500 6.160729e+00
8565.0000 2.846681e+01
8566.2500 3.960910e+01
8567.5000 4.174743e+01
8568.7500 2.201680e+01
8570.0000 2.098832e+01
8571.2500 2.827302e+01
8572.5000 1.055976e+01
8573.7500 2.869307e+01
8575.0000 3.075235e+01
8576.2500 1.118236e+01
8577.5000 1.194184e+01
8578.7500 3.532402e+01
8580.0000 1.208938e+01
8581.2500 2.611671e+01
8582.5000 2.882492e+01
8583.7500 2.810907e+01
8585.0000 1.495751e+01
8586.2500 6.829859e+00
8587.5000 5.541648e+00
8588.7500 -6.056241e+00
8590.0000 1.425788e+01
8591.2500 2.563227e+01
8592.5000 2.402451e+01
8593.7500 2.812988e+01
8595.0000 3.612615e+01
8596.2500 5.747421e+01
8597.5000 6.539163e+01
8598.7500 1.543817e+01
8600.0000 2.191429e+01
8601.2500 2.342262e+01
8602.5000 2.250223e+01
8603.7500 4.704390e+01
8605.0000 3.441788e+01
8606.2500 2.083822e+01
8607.5000 2.656467e+01
8608.7500 3.720177e+01
8610.0000 5.030516e+01
8611.2500 3.217393e+01
8612.5000 2.152207e+01
8613.7500 2.833532e+01
8615.0000 2.039333e+01
8616.2500 -5.998310e+00
8617.5000 3.649085e+01
8618.7500 2.574682e+01
8620.0000 1.495252e+01
8621.2500 -9.163805e+00
8622.5000 1.072487e+01
8623.7500 -1.012831e+01
8625.0000 -1.030527e+01
8626.2500 3.508208e+01
8627.5000 3.593771e+01
8628.7500 8.802135e+00
8630.0000 -3.976041e+01
8631.2500 1.978002e+01
8632.5000 1.131143e+01
8633.7500 2.351817e+01
8635.0000 3.716919e+01
8636.2500 5.350641e+00
8637.5000 -1.154151e+01
8638.7500 8.050765e+00
8640.0000 2.225034e+01
8641.2500 -5.068048e+00
8642.5000 -6.867101e+00
8643.7500 9.428238e+00
8645.0000 2.954279e+01
8646.2500 5.809828e+01
8647.5000 2.269503e+01
8648.7500 2.056581e+01
8650.0000 4.580770e+01
8651.2500 2.464868e+01
8652.5000 2.080808e+01
8653.7500 1.262837e+01
8655.0000 -3.735454e+00
8656.2500 1.603245e+01
8657.5000 -1.209550e+01
8658.7500 1.198329e+01
8660.0000 5.730104e+00
8661.2500 2.734708e+01
8662.5000 -3.363686e+00
8663.7500 2.170057e+01
8665.0000 -1.345937e+00
8666.2500 2.674761e+01
8667.5000 -2.751974e+00
8668.7500 3.241951e+01
8670.0000 3.966605e+01
8671.2500 4.635801e+01
8672.5000 1.991202e+01
8673.7500 -1.971649e+01
8675.0000 2.331592e+01
8676.2500 -6.747632e+00
8677.5000 1.557629e+01
8678.7500 4.297280e+01
8680.0000 3.779577e+00
8681.2500 -1.480935e+01
8682.5000 2.078794e+01
8683.7500 2.170296e+01
8685.0000 1.199478e+01
8686.2500 4.719340e+01
8687.5000 1.043570e+01
8688.7500 2.769507e+01
8690.0000 2.621680e+01
8691.2500 1.155704e+01
8692.5000 1.912953e+01
8693.7500 2.383696e+00
8695.0000 2.560649e+01
8696.2500 3.281139e+01
8697.5000 1.919831e+01
8698.7500 3.456683e+00
8700.0000 -1.089211e+00
8701.2500 3.276802e+01
8702.5000 4.445127e+01
8703.7500 4.404888e+01
8705.0000 4.981707e+01
8706.2500 1.684424e+01
8707.5000 2.574892e+01
8708.7500 1.965143e+01
8710.0000 2.632771e+01
8711.2500 1.061848e+01
8712.5000 1.187912e+01
8713.7500 2.170979e+01
8715.0000 2.028061e+01
8716.2500 2.101700e+01
8717.5000 3.867261e+01
8718.7500 1.789441e+01
8720.0000 2.554624e+01
8721.2500 -3.478177e+00
8722.5000 2.847764e+01
8723.7500 3.242310e+01
8725.0000 2.113270e+01
8726.2500 2.433217e+01
8727.5000 1.937537e+01
8728.7500 2.483847e+01
8730.0000 1.728041e+01
8731.2500 2.746950e+01
8732.5000 2.031681e+01
8733.7500 8.608620e+00
8735.0000 1.208595e+01
8736.2500 3.930319e+01
8737.5000 6.516331e+00
8738.7500 2.416108e+01
8740.0000 3.835354e+01
8741.2500 1.799697e+01
8742.5000 2.145426e+01
8743.7500 2.877876e+01
8745.0000 3.724718e+01
8746.2500 1.591666e+01
8747.5000 3.499165e+01
8748.7500 2.621259e+01
8750.0000 2.867257e+01
8751.2500 1.540296e+00
8752.5000 1.762703e+01
8753.7500 3.813493e+01
8755.0000 3.199032e+01
8756.2500 3.268493e+00
8757.5000 1.257009e+01
8758.7500 -5.305532e+01
8760.0000 -5.855144e+01
8761.2500 -3.685753e+01
8762.5000 1.822914e+01
8763.7500 -3.314922e+01
8765.0000 -1.153900e+01
8766.2500 -3.141625e+01
8767.5000 2.976258e+01
8768.7500 9.348292e+01
8770.0000 1.888984e+01
8771.2500 -1.172878e+01
8772.5000 -1.370223e+01
8773.7500 -1.317736e+01
8775.0000 9.614991e+00
8776.2500 -5.499189e+01
8777.5000 -2.072386e+01
8778.7500 -7.215907e+01
8780.0000 -9.310871e+01
8781.2500 1.223538e+00
8782.5000 1.579252e+01
8783.7500 4.038688e+01
8785.0000 2.294720e+01
8786.2500 4.427985e+00
8787.5000 2.695722e+01
8788.7500 2.610340e+01
8790.0000 2.154699e+00
8791.2500 -1.374454e+00
8792.5000 4.596001e+01
8793.7500 -3.565589e+00
8795.0000 -5.122262e+00
8796.2500 2.236138e+01
8797.5000 1.547174e+00
8798.7500 2.192082e+01
8800.0000 2.348363e+01
8801.2500 3.640069e+01
8802.5000 1.416390e+01
8803.7500 1.727468e+01
8805.0000 3.627838e+01
8806.2500 1.133224e+01
8807.5000 2.609601e+01
8808.7500 1.163594e+01
8810.0000 1.603385e+01
8811.2500 3.914745e+01
8812.5000 1.500629e+01
8813.7500 8.867462e+00
8815.0000 -5.514158e-01
8816.2500 1.640832e+01
8817.5000 2.800106e+01
8818.7500 1.867598e+01
8820.0000 2.484089e+01
8821.2500 1.073745e+01
8822.5000 -7.117783e+01
8823.7500 -8.489343e+01
8825.0000 1.188462e+02
8826.2500 1.165471e+01
8827.5000 6.385289e+00
8828.7500 3.631982e+01
8830.0000 -5.003849e+01
8831.2500 -3.408598e+01
8832.5000 1.512979e+01
8833.7500 -5.488076e+01
8835.0000 -2.441054e+01
8836.2500 -9.300538e+00
8837.5000 -7.301376e+01
8838.7500 8.036967e+00
8840.0000 -2.422140e+00
8841.2500 8.999173e+00
8842.5000 1.800608e+01
8843.7500 9.482455e+00
8845.0000 1.289805e+00
8846.2500 4.081257e+00
8847.5000 1.038013e+01
8848.7500 2.749296e+01
8850.0000 2.769735e+01
8851.2500 6.640008e+00
8852.5000 2.950879e+01
8853.7500 1.165842e+01
8855.0000 1.441844e+01
8856.2500 1.288843e+01
8857.5000 1.833981e+01
8858.7500 1.707291e+01
8860.0000 8.397573e+00
8861.2500 2.155119e+01
8862.5000 1.088308e+01
8863.7500 3.726639e+01
8865.0000 2.801165e+01
8866.2500 -5.982792e+01
8867.5000 6.589585e+01
8868.7500 4.865508e+01
8870.0000 6.004885e+00
8871.2500 1.708594e+01
8872.5000 6.409977e+00
8873.7500 -6.291380e+00
8875.0000 1.452121e+01
8876.2500 1.736654e+01
8877.5000 2.573897e+01
8878.7500 3.103098e+01
8880.0000 5.474255e+00
8881.2500 -1.222751e+01
8882.5000 -5.581573e+01
8883.7500 9.789721e+01
8885.0000 4.027597e+01
8886.2500 4.142040e+01
8887.5000 8.632219e+01
8888.7500 -2.944757e+01
8890.0000 -3.061849e+01
8891.2500 7.058003e+00
8892.5000 2.175769e+01
8893.7500 1.000214e+01
8895.0000 1.165879e+01
8896.2500 3.559526e+00
8897.5000 -7.034160e+00
8898.7500 -1.620079e+01
8900.0000 -1.466708e+01
8901.2500 7.482520e+01
8902.5000 8.011652e+01
8903.7500 -1.799814e+01
8905.0000 5.192154e+01
8906.2500 2.842116e+01
8907.5000 3.431567e+01
8908.7500 3.496001e+01
8910.0000 1.976423e+01
8911.2500 1.392303e+01
8912.5000 -1.152556e+00
8913.7500 2.371215e+01
8915.0000 -1.236034e+01
8916.2500 -2.848643e+01
8917.5000 -4.967349e+01
8918.7500 8.517820e+00
8920.0000 3.693553e+00
8921.2500 -4.941449e+01
8922.5000 1.040599e+01
8923.7500 -1.938425e+01
8925.0000 -1.559185e+01
8926.2500 1.966164e+01
8927.5000 4.666279e+00
8928.7500 -4.990325e+00
8930.0000 7.652992e+00
8931.2500 1.121169e+01
8932.5000 4.590625e+00
8933.7500 3.652725e+00
8935.0000 1.948187e+01
8936.2500 1.876797e+01
8937.5000 1.530276e+01
8938.7500 2.169155e+01
8940.0000 3.007926e+01
8941.2500 -5.947416e+01
8942.5000 6.831214e+01
8943.7500 -7.478751e+01
8945.0000 -2.096258e+01
8946.2500 4.900479e+01
8947.5000 2.388967e+01
8948.7500 2.489527e+01
8950.0000 3.316687e+01
8951.2500 1.825615e+01
8952.5000 2.579952e+01
8953.7500 -9.878366e+00
8955.0000 -3.272563e+00
8956.2500 -4.578585e+01
8957.5000 5.430377e+00
8958.7500 4.344659e-01
8960.0000 -5.561520e+00
8961.2500 -4.281603e+00
8962.5000 -2.945590e+01
8963.7500 7.702158e+00
8965.0000 3.181968e+01
8966.2500 3.130375e+01
8967.5000 1.910395e+01
8968.7500 4.818000e+00
8970.0000 2.652784e+01
8971.2500 2.968327e+01
8972.5000 2.640101e+01
8973.7500 3.628978e+01
8975.0000 1.802414e+01
8976.2500 9.394663e+00
8977.5000 1.118052e+01
8978.7500 8.266668e+00
8980.0000 -7.931776e+00
8981.2500 7.218983e+00
8982.5000 4.189693e+01
8983.7500 1.793595e+01
8985.0000 -2.654469e+00
8986.2500 1.126323e+00
8987.5000 -2.860985e+01
8988.7500 4.118444e+01
8990.0000 2.212531e+01
8991.2500 2.649019e+01
8992.5000 1.884374e+01
8993.7500 1.126658e+01
8995.0000 2.061296e+01
8996.2500 1.007966e+01
8997.5000 2.018229e+01
8998.7500 -3.252943e+01
9000.0000 -7.638878e+01
9001.2500 3.740751e+01
9002.5000 9.022394e+01
9003.7500 4.358356e+01
9005.0000 2.162828e+01
9006.2500 7.799614e-01
9007.5000 2.668150e+01
9008.7500 1.284557e+01
9010.0000 2.056503e+01
9011.2500 7.511189e+00
9012.5000 3.830592e+01
9013.7500 7.728055e+00
9015.0000 2.518304e+01
9016.2500 2.510849e+01
9017.5000 1.909135e+01
9018.7500 2.447365e+01
9020.0000 5.501664e+01
9021.2500 2.013410e+01
9022.5000 1.809992e+01
9023.7500 2.055861e+01
9025.0000 4.395266e+01
9026.2500 2.372097e+01
9027.5000 5.756042e+00
9028.7500 1.919983e+01
9030.0000 2.880987e+01
9031.2500 2.242481e+01
9032.5000 1.918846e+01
9033.7500 2.254881e+01
9035.0000 1.716910e+01
9036.2500 1.712724e+01
9037.5000 3.785275e+01
9038.7500 4.927529e+01
9040.0000 2.341154e+01
9041.2500 1.519566e+01
9042.5000 3.010393e+01
9043.7500 -1.593614e+00
9045.0000 2.236541e+01
9046.2500 3.400900e+01
9047.5000 4.258992e+01
9048.7500 -1.125288e+01
9050.0000 4.570191e+00
9051.2500 6.111651e+00
9052.5000 -3.250865e+00
9053.7500 1.537214e+01
9055.0000 1.286690e+01
9056.2500 1.464954e+01
9057.5000 1.231645e+01
9058.7500 1.516607e+01
9060.0000 1.942075e+01
9061.2500 2.315628e+01
9062.5000 1.021789e+01
9063.7500 1.851246e+01
9065.0000 8.748183e+00
9066.2500 1.632903e+01
9067.5000 2.166880e+01
9068.7500 1.188853e+01
9070.0000 2.018597e+01
9071.2500 3.236155e+01
9072.5000 2.805158e+01
9073.7500 2.295473e+01
9075.0000 3.379360e+01
9076.2500 4.055030e+01
9077.5000 2.780859e+01
9078.7500 3.178578e+01
9080.0000 3.434319e+01
9081.2500 -3.668058e-02
9082.5000 5.372001e+01
9083.7500 1.342704e+01
9085.0000 2.735369e+01
9086.2500 2.279687e+01
9087.5000 7.067838e+00
9088.7500 1.853313e+01
9090.0000 1.474110e+01
9091.2500 2.194701e+01
9092.5000 4.378553e+01
9093.7500 2.781274e+00
9095.0000 9.796385e+00
9096.2500 1.307352e+01
9097.5000 2.345324e+01
9098.7500 3.664899e+01
9100.0000 2.783951e+01
9101.2500 -2.435436e+01
9102.5000 -2.884204e+01
9103.7500 1.269236e+01
9105.0000 4.512375e+00
9106.2500 1.848927e+01
9107.5000 2.123335e+01
9108.7500 4.468744e+01
9110.0000 3.406771e+01
9111.2500 1.845401e+01
9112.5000 3.844522e+01
9113.7500 3.311931e+01
9115.0000 2.516478e+01
9116.2500 1.269218e+01
9117.5000 2.504855e+01
9118.7500 1.188542e+01
9120.0000 1.085595e+01
9121.2500 3.417391e+01
9122.5000 3.578796e+01
9123.7500 2.496891e+01
9125.0000 2.177963e+01
9126.2500 1.752069e+01
9127.5000 4.667719e+01
9128.7500 2.724776e+01
9130.0000 1.972136e+01
9131.2500 8.541811e+00
9132.5000 1.350310e+01
9133.7500 4.587608e+01
9135.0000 7.655865e+00
9136.2500 9.604776e+00
9137.5000 1.741030e+01
9138.7500 2.708554e+01
9140.0000 7.730052e+00
9141.2500 1.535244e+01
9142.5000 2.735039e+01
9143.7500 3.163595e+01
9145.0000 3.540891e+01
9146.2500 3.648425e+01
9147.5000 2.598029e+01
9148.7500 2.599803e+01
9150.0000 1.019107e+01
9151.2500 1.942880e+00
9152.5000 -1.501267e+01
9153.7500 2.858449e+01
9155.0000 6.961996e+01
9156.2500 2.015338e+01
9157.5000 1.375450e+00
9158.7500 1.881100e+01
9160.0000 1.489901e+01
9161.2500 3.245763e+01
9162.5000 3.553729e+01
9163.7500 3.011872e+01
9165.0000 4.973528e+01
9166.2500 3.362527e+01
9167.5000 5.172429e+01
9168.7500 6.322405e+00
9170.0000 1.855405e+01
9171.2500 3.826263e+01
9172.5000 9.330782e+00
9173.7500 1.076531e+01
9175.0000 4.406729e+01
9176.2500 2.826323e+01
9177.5000 7.864384e+00
9178.7500 8.180748e+00
9180.0000 3.920835e+01
9181.2500 4.628786e+01
9182.5000 3.731343e+01
9183.7500 3.402819e+01
9185.0000 4.237976e+01
9186.2500 1.609403e+01
9187.5000 2.854045e+01
9188.7500 5.427798e+00
9190.0000 2.240514e+01
9191.2500 3.105490e+01
9192.5000 3.768466e+01
9193.7500 1.591737e+01
9195.0000 3.279426e+01
9196.2500 -8.111668e+00
9197.5000 1.617986e+01
9198.7500 2.264064e+01
9200.0000 1.570545e+01
9201.2500 -1.070777e+01
9202.5000 -3.660938e+00
9203.7500 3.619614e+01
9205.0000 3.028179e+01
9206.2500 3.644308e+01
9207.5000 1.071962e+01
9208.7500 3.061895e+01
9210.0000 4.239735e+01
9211.2500 2.043569e+01
9212.5000 1.180737e+01
9213.7500 2.831972e+01
9215.0000 3.719764e+01
9216.2500 -1.269966e+01
9217.5000 4.578496e+01
9218.7500 1.918371e+01
9220.0000 4.277741e+01
9221.2500 2.170284e+01
9222.5000 -1.871026e+01
9223.7500 5.768020e+01
9225.0000 6.221667e+01
9226.2500 3.945348e+01
9227.5000 5.086766e+01
9228.7500 1.129790e+01
9230.0000 8.319431e+00
9231.2500 1.321445e+01
9232.5000 3.914092e+01
9233.7500 3.151315e+01
9235.0000 4.363509e+01
9236.2500 1.661247e+01
9237.5000 1.311495e+01
9238.7500 4.585143e+01
9240.0000 4.074891e+01
9241.2500 3.051055e+01
9242.5000 1.628232e+01
9243.7500 2.129934e+01
9245.0000 1.120319e+01
9246.2500 1.892102e+01
9247.5000 3.326468e+01
9248.7500 2.193696e+01
9250.0000 -7.756350e-01
9251.2500 2.177121e+01
9252.5000 -3.300121e+00
9253.7500 5.309630e+01
9255.0000 3.705740e+01
9256.2500 2.033821e+01
9257.5000 2.149183e+01
9258.7500 1.368012e+01
9260.0000 1.542680e+01
9261.2500 2.242489e+01
9262.5000 4.832028e+00
9263.7500 3.560288e+01
9265.0000 4.501849e+01
9266.2500 2.046328e+01
9267.5000 1.710890e+01
9268.7500 3.449527e+01
9270.0000 2.257768e+01
9271.2500 3.579324e+01
9272.5000 3.555248e+00
9273.7500 4.879068e+01
9275.0000 1.957547e+01
9276.2500 2.206676e+01
9277.5000 2.841464e+01
9278.7500 4.381232e+01
9280.0000 1.147423e+01
9281.2500 3.393406e+01
9282.5000 3.558599e+01
9283.7500 2.403969e+01
9285.0000 1.873357e+01
9286.2500 8.382941e-01
9287.5000 3.589365e+01
9288.7500 3.902765e+01
9290.0000 2.404222e+01
9291.2500 4.287857e+01
9292.5000 3.844436e+01
9293.7500 3.942546e+01
9295.0000 -2.264410e+00
9296.2500 -6.689194e+00
9297.5000 -1.857515e+01
9298.7500 4.530059e-01
9300.0000 7.064124e+00
9301.2500 -2.216876e+01
9302.5000 -6.861777e+01
9303.7500 -1.811718e+02
9305.0000 -1.546782e+02
9306.2500 -1.020427e+02
9307.5000 -5.938852e+01
9308.7500 -2.860062e+02
9310.0000 -1.871869e+02
9311.2500 -6.564531e+02
9312.5000 2.096103e+02
9313.7500 9.167340e+01
9315.0000 -6.963212e+02
9316.2500 -1.321783e+02
9317.5000 -1.100076e+02
9318.7500 -8.574504e+01
9320.0000 -1.306435e+02
9321.2500 -2.225132e+02
9322.5000 -4.334207e+02
9323.7500 -3.207132e+02
9325.0000 -2.501205e+02
9326.2500 -1.141499e+02
9327.5000 -9.914782e+00
9328.7500 1.067693e+01
9330.0000 -2.665947e+01
9331.2500 2.253155e+01
9332.5000 -2.586383e+01
9333.7500 -5.534813e+01
9335.0000 -1.037917e+02
9336.2500 -1.714733e+02
9337.5000 1.434444e+02
9338.7500 -2.746418e+01
9340.0000 -1.246087e+02
9341.2500 -8.176284e+00
9342.5000 -6.136712e+01
9343.7500 -3.502314e+00
9345.0000 3.512705e+01
9346.2500 9.204261e+00
9347.5000 1.489195e+01
9348.7500 2.423396e+01
9350.0000 1.138768e+02
