# original catalogue: arc_list.txt
# original data-cube: ../muse_ne/MACSJ0416_NE_DATACUBE_FINAL_caminha_zap.fits
# source ID: 9
# number of extracted pixels: 25
# extracted position: 64.038229 -24.069648
# wavelenth[Angstrom], flux[10**(-20)*erg/s/cm**2/Angstrom]
4750.0000 1.866109e+01
4751.2500 -2.838121e+01
4752.5000 6.322714e+01
4753.7500 1.211069e+01
4755.0000 3.415112e+01
4756.2500 3.894855e+01
4757.5000 -3.216750e+01
4758.7500 -1.980838e+01
4760.0000 1.985033e+01
4761.2500 3.453094e+01
4762.5000 2.443855e+01
4763.7500 -2.839501e+01
4765.0000 5.848505e+01
4766.2500 6.076243e+01
4767.5000 1.218697e+01
4768.7500 2.994767e+01
4770.0000 -3.257484e+00
4771.2500 -1.156582e+01
4772.5000 9.952854e+00
4773.7500 3.137396e+00
4775.0000 -2.854333e+01
4776.2500 4.358721e+01
4777.5000 3.895937e+01
4778.7500 -7.144259e+00
4780.0000 -3.627604e+01
4781.2500 -2.558154e+01
4782.5000 1.445783e+01
4783.7500 1.524924e+01
4785.0000 2.112913e+01
4786.2500 1.671035e+01
4787.5000 3.774894e+01
4788.7500 -9.516861e-01
4790.0000 -2.572868e+01
4791.2500 -8.592070e-01
4792.5000 -7.659405e+00
4793.7500 3.515595e+01
4795.0000 3.935698e+01
4796.2500 5.533888e+01
4797.5000 -1.036621e+01
4798.7500 -3.632911e+01
4800.0000 7.478844e+00
4801.2500 -1.128539e+01
4802.5000 1.126567e+01
4803.7500 2.713319e+01
4805.0000 1.181847e+01
4806.2500 6.127816e+00
4807.5000 -7.938951e+00
4808.7500 2.422536e+01
4810.0000 9.622340e+00
4811.2500 5.155787e+01
4812.5000 2.569473e+01
4813.7500 -5.465562e-01
4815.0000 2.152209e+01
4816.2500 5.121303e+01
4817.5000 5.750832e+01
4818.7500 2.211878e+01
4820.0000 2.701761e+01
4821.2500 2.752283e+01
4822.5000 -1.917059e+01
4823.7500 7.248399e+00
4825.0000 3.316705e+01
4826.2500 -2.931668e+00
4827.5000 2.685732e+01
4828.7500 8.709069e+00
4830.0000 5.223914e+00
4831.2500 3.978420e+01
4832.5000 2.512242e+01
4833.7500 -5.906188e+00
4835.0000 1.055845e+01
4836.2500 3.412856e+01
4837.5000 1.648321e+01
4838.7500 4.273248e+01
4840.0000 -2.165684e+00
4841.2500 1.604437e+01
4842.5000 1.578145e+01
4843.7500 3.471304e+00
4845.0000 1.332356e+01
4846.2500 3.107726e+01
4847.5000 -9.072257e+00
4848.7500 1.636603e+01
4850.0000 2.106916e+01
4851.2500 5.621253e+00
4852.5000 1.623853e+01
4853.7500 2.675989e+01
4855.0000 1.041458e+01
4856.2500 2.217434e+01
4857.5000 2.246852e+01
4858.7500 -1.203796e+01
4860.0000 -1.469816e+00
4861.2500 2.718602e+01
4862.5000 1.010966e+01
4863.7500 4.956009e-01
4865.0000 -2.159225e+00
4866.2500 -2.044450e+01
4867.5000 7.773198e+00
4868.7500 1.588044e+01
4870.0000 -3.803904e+01
4871.2500 4.962227e+00
4872.5000 -1.056890e+01
4873.7500 -1.158423e+01
4875.0000 1.389568e+00
4876.2500 1.058721e+01
4877.5000 2.405076e+01
4878.7500 2.018412e+01
4880.0000 -2.207036e+00
4881.2500 -1.747165e+01
4882.5000 2.613634e+01
4883.7500 5.397810e+01
4885.0000 2.517919e+01
4886.2500 3.026458e+00
4887.5000 9.758333e+00
4888.7500 1.254127e+01
4890.0000 2.226762e+00
4891.2500 2.005106e+01
4892.5000 -9.534290e+00
4893.7500 3.908353e+00
4895.0000 3.575736e+00
4896.2500 3.263994e+00
4897.5000 5.372897e-01
4898.7500 9.249737e+00
4900.0000 1.707204e+01
4901.2500 -1.194901e+01
4902.5000 1.441228e+01
4903.7500 6.381129e+00
4905.0000 -1.548753e+01
4906.2500 1.293053e+01
4907.5000 -1.204113e+01
4908.7500 -1.683785e+01
4910.0000 -7.748974e+00
4911.2500 -2.060592e+00
4912.5000 -9.641475e+00
4913.7500 1.988810e+01
4915.0000 8.364540e+00
4916.2500 1.447667e+01
4917.5000 -6.040215e+00
4918.7500 1.591577e+01
4920.0000 3.756394e+01
4921.2500 -4.666843e+00
4922.5000 1.222502e+01
4923.7500 3.078288e+01
4925.0000 1.320715e+01
4926.2500 2.233861e+01
4927.5000 9.821980e+00
4928.7500 -1.413440e+01
4930.0000 -3.935473e+00
4931.2500 -1.252926e+00
4932.5000 3.218143e+01
4933.7500 4.240161e+00
4935.0000 1.243941e+01
4936.2500 5.572850e+00
4937.5000 1.759980e+01
4938.7500 -2.443358e+01
4940.0000 1.176606e+01
4941.2500 9.051302e+00
4942.5000 1.059698e+01
4943.7500 1.703459e+01
4945.0000 1.054967e+01
4946.2500 1.862596e+01
4947.5000 4.043551e+00
4948.7500 2.461154e-01
4950.0000 2.363195e+01
4951.2500 5.911950e+00
4952.5000 2.964797e+01
4953.7500 1.309938e+01
4955.0000 3.332461e+01
4956.2500 1.029685e+01
4957.5000 3.507040e+01
4958.7500 4.202213e+01
4960.0000 -5.108724e+00
4961.2500 9.854788e+00
4962.5000 -5.504542e+00
4963.7500 5.724750e+00
4965.0000 -1.914028e+00
4966.2500 1.890644e+01
4967.5000 1.365583e+01
4968.7500 4.056121e+00
4970.0000 1.027913e+01
4971.2500 -1.557276e+01
4972.5000 -1.414347e+01
4973.7500 -4.208084e+00
4975.0000 2.959666e+01
4976.2500 4.426139e+01
4977.5000 5.441901e+01
4978.7500 3.088235e+01
4980.0000 1.356280e+01
4981.2500 2.426473e+01
4982.5000 3.317958e+01
4983.7500 1.121230e+01
4985.0000 3.462499e+00
4986.2500 8.740002e+00
4987.5000 5.562267e+00
4988.7500 1.399336e+01
4990.0000 3.398291e+01
4991.2500 3.928637e+01
4992.5000 8.584332e+00
4993.7500 5.452757e-01
4995.0000 -3.928124e+00
4996.2500 5.098059e+00
4997.5000 1.217025e+01
4998.7500 9.191857e+00
5000.0000 5.064063e+00
5001.2500 2.279841e+00
5002.5000 8.314651e+00
5003.7500 3.286972e+01
5005.0000 1.379108e+01
5006.2500 2.417979e+01
5007.5000 3.282978e+01
5008.7500 1.024364e+01
5010.0000 -1.667750e+01
5011.2500 2.237157e+01
5012.5000 1.581951e+01
5013.7500 6.872806e+00
5015.0000 -5.566336e-01
5016.2500 2.181996e+00
5017.5000 -1.168110e+01
5018.7500 1.002212e+01
5020.0000 3.519937e+01
5021.2500 -2.159908e+00
5022.5000 2.018746e+01
5023.7500 6.663063e+00
5025.0000 1.645504e+01
5026.2500 1.423024e+01
5027.5000 7.512925e+00
5028.7500 2.683310e+00
5030.0000 2.074630e+01
5031.2500 2.117234e+01
5032.5000 2.833232e+01
5033.7500 5.615431e+01
5035.0000 4.930755e+00
5036.2500 1.127887e+01
5037.5000 9.337336e+00
5038.7500 -1.537606e+01
5040.0000 1.882146e+00
5041.2500 6.157060e+00
5042.5000 2.760534e+01
5043.7500 -9.322308e+00
5045.0000 2.814846e+01
5046.2500 1.634807e+01
5047.5000 5.126533e+01
5048.7500 -1.748788e+01
5050.0000 2.576341e+01
5051.2500 7.712096e+00
5052.5000 2.289088e+01
5053.7500 1.760444e+01
5055.0000 7.694338e+00
5056.2500 -6.174523e+00
5057.5000 2.483385e+01
5058.7500 2.818692e+00
5060.0000 -1.293779e+01
5061.2500 4.762621e+00
5062.5000 2.357660e+01
5063.7500 1.077482e+01
5065.0000 -2.868449e+01
5066.2500 2.808624e+01
5067.5000 1.005404e+00
5068.7500 -1.218396e+01
5070.0000 2.623962e+01
5071.2500 6.962527e+00
5072.5000 4.509105e+00
5073.7500 5.504213e+00
5075.0000 2.917746e+01
5076.2500 1.463947e+01
5077.5000 2.785305e+01
5078.7500 1.661074e+01
5080.0000 6.731546e+00
5081.2500 -7.874749e+00
5082.5000 4.768334e+00
5083.7500 2.178201e+01
5085.0000 8.999440e+00
5086.2500 5.659358e+00
5087.5000 2.537252e+01
5088.7500 1.203937e+01
5090.0000 8.345947e+00
5091.2500 1.284974e+01
5092.5000 2.416720e+00
5093.7500 -1.954616e+01
5095.0000 -4.596797e+00
5096.2500 -7.132492e+00
5097.5000 4.093078e+00
5098.7500 9.106742e+00
5100.0000 2.895331e+01
5101.2500 1.793708e+01
5102.5000 -1.125393e+01
5103.7500 3.134292e+01
5105.0000 1.631235e+01
5106.2500 -7.457617e+00
5107.5000 1.560297e+01
5108.7500 2.176598e+01
5110.0000 9.498569e+00
5111.2500 3.157673e+01
5112.5000 3.023172e+01
5113.7500 -1.250020e+01
5115.0000 -1.620591e+01
5116.2500 2.792870e+01
5117.5000 2.369130e+01
5118.7500 7.840888e+00
5120.0000 1.095522e+01
5121.2500 2.845625e+01
5122.5000 1.938992e+00
5123.7500 5.912917e+00
5125.0000 5.476251e+00
5126.2500 2.187563e+01
5127.5000 1.952535e+01
5128.7500 -1.589873e+00
5130.0000 2.930656e+01
5131.2500 3.796415e+01
5132.5000 2.881532e+01
5133.7500 1.624708e+01
5135.0000 1.538906e+01
5136.2500 2.757406e+01
5137.5000 -7.341734e-01
5138.7500 1.287342e+01
5140.0000 2.591528e+01
5141.2500 1.070379e+01
5142.5000 1.240346e+01
5143.7500 2.141167e+01
5145.0000 3.075283e+01
5146.2500 -5.141673e+00
5147.5000 7.930271e+00
5148.7500 2.994228e+01
5150.0000 1.150068e+01
5151.2500 3.838117e+00
5152.5000 4.007934e+01
5153.7500 -4.344683e+00
5155.0000 1.799959e+01
5156.2500 -6.637964e-01
5157.5000 9.075346e+00
5158.7500 9.841452e+00
5160.0000 -8.639221e+00
5161.2500 -1.935448e+00
5162.5000 1.029073e+01
5163.7500 2.359853e+01
5165.0000 6.388268e+00
5166.2500 1.449424e+01
5167.5000 1.409824e+01
5168.7500 -2.663446e+00
5170.0000 2.510693e+01
5171.2500 1.513147e+01
5172.5000 -3.987903e+00
5173.7500 4.315828e+00
5175.0000 1.736359e+01
5176.2500 -1.271130e+01
5177.5000 3.673681e+00
5178.7500 2.458946e+01
5180.0000 2.017948e+01
5181.2500 3.611402e+01
5182.5000 7.825576e+00
5183.7500 7.344622e+00
5185.0000 1.493795e+01
5186.2500 2.525912e+01
5187.5000 -1.921041e+00
5188.7500 6.382006e+00
5190.0000 1.288917e+01
5191.2500 2.196462e+01
5192.5000 2.424211e+01
5193.7500 3.738594e+01
5195.0000 9.847092e+00
5196.2500 7.917535e-02
5197.5000 2.651664e+01
5198.7500 2.809400e+01
5200.0000 3.510035e+01
5201.2500 -9.033498e-01
5202.5000 2.264672e+01
5203.7500 3.149229e+01
5205.0000 1.347007e+01
5206.2500 2.705182e+01
5207.5000 2.384109e+01
5208.7500 2.913756e+00
5210.0000 2.177902e+01
5211.2500 3.623595e+01
5212.5000 1.979161e+01
5213.7500 -3.657851e+00
5215.0000 9.352104e+00
5216.2500 1.109369e+01
5217.5000 2.530874e+01
5218.7500 1.711234e+01
5220.0000 1.449095e+01
5221.2500 2.806190e+01
5222.5000 -3.926160e+00
5223.7500 -2.459220e+01
5225.0000 -2.026025e+00
5226.2500 2.044234e+01
5227.5000 4.730677e+01
5228.7500 2.748980e+01
5230.0000 2.795060e+01
5231.2500 1.927082e+01
5232.5000 1.515689e+01
5233.7500 1.866195e+01
5235.0000 1.575096e+01
5236.2500 3.637587e+01
5237.5000 2.465625e+01
5238.7500 1.193350e+01
5240.0000 -1.359125e+01
5241.2500 -1.972693e+01
5242.5000 2.456202e+00
5243.7500 2.513886e+01
5245.0000 2.351695e+00
5246.2500 1.426286e+01
5247.5000 1.925906e+01
5248.7500 2.273372e+01
5250.0000 3.404102e+01
5251.2500 3.114233e+01
5252.5000 8.981233e+00
5253.7500 2.421062e+01
5255.0000 2.789514e+01
5256.2500 2.446859e+01
5257.5000 3.753001e+01
5258.7500 2.519708e+01
5260.0000 4.441722e+01
5261.2500 2.033418e+01
5262.5000 2.754554e+00
5263.7500 1.278005e+01
5265.0000 1.609939e+01
5266.2500 4.756276e+01
5267.5000 1.906919e+01
5268.7500 1.427984e+01
5270.0000 8.682820e+00
5271.2500 1.572552e+01
5272.5000 9.431145e+00
5273.7500 9.826516e+00
5275.0000 1.520521e+01
5276.2500 3.893601e+00
5277.5000 1.162176e+01
5278.7500 9.764022e+00
5280.0000 6.467529e+00
5281.2500 1.396483e+01
5282.5000 1.772124e+01
5283.7500 2.711469e+01
5285.0000 3.312373e+01
5286.2500 5.377796e+00
5287.5000 1.970236e+01
5288.7500 1.671802e+01
5290.0000 1.398544e+01
5291.2500 2.788635e+01
5292.5000 5.065029e+01
5293.7500 1.833757e+01
5295.0000 2.348796e+01
5296.2500 1.929010e+01
5297.5000 1.208893e+01
5298.7500 -2.032262e+00
5300.0000 2.569535e+01
5301.2500 -1.211935e+00
5302.5000 1.387006e+01
5303.7500 -1.921318e+00
5305.0000 2.011938e+01
5306.2500 3.497983e+01
5307.5000 -9.196020e+00
5308.7500 -9.405751e+00
5310.0000 1.904176e+01
5311.2500 -4.586542e+00
5312.5000 2.824216e+01
5313.7500 1.450689e+01
5315.0000 -1.150762e+00
5316.2500 6.804956e+00
5317.5000 2.150465e+01
5318.7500 3.989943e+01
5320.0000 6.816819e+00
5321.2500 4.410539e+01
5322.5000 2.965810e+01
5323.7500 1.022435e+01
5325.0000 1.192898e+01
5326.2500 4.143238e+01
5327.5000 1.697954e+01
5328.7500 5.197821e+00
5330.0000 4.744427e+00
5331.2500 1.598642e+01
5332.5000 4.598105e+01
5333.7500 1.022198e+01
5335.0000 8.219463e+00
5336.2500 -3.682432e-01
5337.5000 3.190988e+01
5338.7500 3.131615e+01
5340.0000 4.137357e+01
5341.2500 1.539798e+01
5342.5000 1.833744e+01
5343.7500 1.303492e+01
5345.0000 4.944114e-01
5346.2500 1.883922e+01
5347.5000 -1.746351e+00
5348.7500 8.072730e+00
5350.0000 2.069985e+00
5351.2500 9.547793e+00
5352.5000 1.015568e+00
5353.7500 9.879903e+00
5355.0000 -1.826239e+01
5356.2500 -3.010345e+00
5357.5000 2.003484e+01
5358.7500 -6.698338e+00
5360.0000 1.572833e+01
5361.2500 1.100047e+01
5362.5000 1.975968e+01
5363.7500 4.402542e+00
5365.0000 2.197887e+01
5366.2500 9.845212e+00
5367.5000 7.012285e+00
5368.7500 1.831154e+01
5370.0000 1.174190e+01
5371.2500 9.636010e+00
5372.5000 -5.864334e-01
5373.7500 5.753379e+00
5375.0000 1.009935e+01
5376.2500 1.542146e+01
5377.5000 4.429607e+01
5378.7500 2.850662e+01
5380.0000 1.321545e+01
5381.2500 1.256864e+01
5382.5000 -1.719909e+00
5383.7500 1.800880e+01
5385.0000 3.037918e+01
5386.2500 1.561613e+01
5387.5000 3.179566e+01
5388.7500 3.109752e+01
5390.0000 8.329931e+00
5391.2500 -3.421139e-01
5392.5000 -4.500596e+00
5393.7500 2.903777e+01
5395.0000 2.210478e+01
5396.2500 1.675345e+01
5397.5000 2.961342e+01
5398.7500 7.517034e+00
5400.0000 1.706643e+01
5401.2500 7.120027e+00
5402.5000 2.513721e+01
5403.7500 1.889501e+00
5405.0000 2.448238e+01
5406.2500 5.703552e+01
5407.5000 4.804700e+01
5408.7500 1.493807e+00
5410.0000 1.255793e+01
5411.2500 -2.160152e+00
5412.5000 2.857851e+01
5413.7500 3.656942e+01
5415.0000 1.419201e+01
5416.2500 4.129092e+01
5417.5000 2.680568e+01
5418.7500 1.801125e+01
5420.0000 1.233129e+01
5421.2500 8.425447e+00
5422.5000 1.531082e+01
5423.7500 1.023962e+01
5425.0000 -1.378609e+01
5426.2500 2.322610e+01
5427.5000 2.580058e+01
5428.7500 2.336529e+01
5430.0000 8.467227e+00
5431.2500 6.224149e+00
5432.5000 1.829239e+01
5433.7500 5.639562e+01
5435.0000 2.112493e+01
5436.2500 1.244633e+01
5437.5000 2.830187e+01
5438.7500 1.161878e+01
5440.0000 2.115742e+01
5441.2500 1.319736e+01
5442.5000 1.437739e+01
5443.7500 2.572149e+01
5445.0000 -1.861630e+00
5446.2500 1.580746e+00
5447.5000 3.154639e+01
5448.7500 1.999740e+01
5450.0000 4.317773e+01
5451.2500 1.327923e+01
5452.5000 3.034927e+01
5453.7500 1.345555e+01
5455.0000 1.147542e+01
5456.2500 1.051283e+01
5457.5000 3.291319e+01
5458.7500 1.812380e+00
5460.0000 1.223838e+01
5461.2500 1.487840e+01
5462.5000 2.771639e+01
5463.7500 -9.323280e-01
5465.0000 1.879763e+01
5466.2500 1.901089e+01
5467.5000 -5.185297e+00
5468.7500 2.300785e+01
5470.0000 4.529409e+00
5471.2500 8.659262e+00
5472.5000 1.541929e+01
5473.7500 1.191638e+01
5475.0000 3.691391e+01
5476.2500 2.920791e+01
5477.5000 3.259465e+01
5478.7500 2.128228e+01
5480.0000 1.501590e+01
5481.2500 2.107028e+01
5482.5000 4.158358e+01
5483.7500 1.406206e+01
5485.0000 3.458665e+01
5486.2500 2.470454e+01
5487.5000 1.739925e+01
5488.7500 4.917358e+01
5490.0000 3.901808e+01
5491.2500 2.272701e+01
5492.5000 3.268744e+01
5493.7500 1.636520e+01
5495.0000 3.109786e+01
5496.2500 2.515269e+01
5497.5000 1.343296e+01
5498.7500 6.587371e+00
5500.0000 4.488387e+01
5501.2500 -1.996161e+00
5502.5000 7.894989e+00
5503.7500 1.139631e+01
5505.0000 2.315631e+01
5506.2500 3.066121e+01
5507.5000 3.152653e+01
5508.7500 8.954155e+00
5510.0000 1.339304e+01
5511.2500 2.305504e+01
5512.5000 2.194481e+01
5513.7500 1.415145e+01
5515.0000 2.566508e+00
5516.2500 -5.937520e+00
5517.5000 6.290227e+00
5518.7500 1.785436e+01
5520.0000 2.353917e+01
5521.2500 8.357262e+00
5522.5000 6.500031e+00
5523.7500 2.914537e+01
5525.0000 2.824157e+01
5526.2500 -4.061046e+00
5527.5000 7.808627e+00
5528.7500 3.570248e+01
5530.0000 1.953252e+01
5531.2500 2.841006e+01
5532.5000 2.547999e+00
5533.7500 -6.607749e+00
5535.0000 -3.005377e+00
5536.2500 4.111279e+00
5537.5000 1.796766e+01
5538.7500 4.464753e+01
5540.0000 9.938337e+00
5541.2500 -1.628250e+01
5542.5000 1.277878e+01
5543.7500 -5.759953e+00
5545.0000 -1.852940e+00
5546.2500 3.611118e+01
5547.5000 3.449667e+01
5548.7500 -7.913535e-01
5550.0000 3.327195e+01
5551.2500 5.220434e+01
5552.5000 2.492241e+01
5553.7500 -3.757195e+00
5555.0000 1.776855e+01
5556.2500 3.984124e+00
5557.5000 4.299877e+00
5558.7500 1.810110e+01
5560.0000 2.813797e+01
5561.2500 5.500245e+00
5562.5000 8.152118e+00
5563.7500 2.941483e+01
5565.0000 2.655249e+01
5566.2500 2.735110e+01
5567.5000 2.980351e+01
5568.7500 2.508953e+00
5570.0000 1.453415e+01
5571.2500 3.008534e+01
5572.5000 2.271442e+01
5573.7500 1.328286e+01
5575.0000 1.543848e+01
5576.2500 1.811870e+01
5577.5000 1.901458e+01
5578.7500 1.771903e+01
5580.0000 2.125604e+01
5581.2500 2.912731e+00
5582.5000 3.780690e+01
5583.7500 2.341856e+01
5585.0000 5.282306e+01
5586.2500 2.571496e+01
5587.5000 5.392480e+00
5588.7500 4.433550e+00
5590.0000 -2.509197e+00
5591.2500 1.667229e+01
5592.5000 2.333058e+01
5593.7500 2.120310e+01
5595.0000 -4.728281e+00
5596.2500 1.018715e+01
5597.5000 1.388810e+01
5598.7500 1.057055e+01
5600.0000 1.412441e+01
5601.2500 3.231694e+01
5602.5000 2.160860e+01
5603.7500 3.817966e+00
5605.0000 3.594092e+00
5606.2500 6.010308e+01
5607.5000 5.584425e+01
5608.7500 4.826805e+01
5610.0000 2.319488e+01
5611.2500 4.597299e+00
5612.5000 2.170652e+00
5613.7500 2.104883e+01
5615.0000 2.171719e+01
5616.2500 1.483793e+01
5617.5000 3.727255e+01
5618.7500 2.039895e+01
5620.0000 2.332067e+01
5621.2500 3.325679e+01
5622.5000 1.712739e+01
5623.7500 1.875881e+01
5625.0000 4.196833e+01
5626.2500 3.674415e+01
5627.5000 4.976146e+01
5628.7500 3.088805e+01
5630.0000 4.292475e+00
5631.2500 9.702940e+00
5632.5000 1.901307e+01
5633.7500 2.638100e+01
5635.0000 1.446061e+01
5636.2500 3.470523e+01
5637.5000 8.579718e+00
5638.7500 2.795297e+01
5640.0000 1.127862e+01
5641.2500 1.876453e+01
5642.5000 -2.178824e+00
5643.7500 1.105240e+01
5645.0000 1.385804e+01
5646.2500 -7.533279e+00
5647.5000 1.765277e+01
5648.7500 1.179588e+01
5650.0000 1.955173e+01
5651.2500 4.898502e+01
5652.5000 3.055073e+01
5653.7500 2.625873e+01
5655.0000 1.835775e+01
5656.2500 -3.603036e+00
5657.5000 2.687794e+01
5658.7500 8.938043e+00
5660.0000 1.696524e+01
5661.2500 2.540754e+01
5662.5000 3.915415e-01
5663.7500 1.943236e+01
5665.0000 -3.539012e+00
5666.2500 4.301532e+01
5667.5000 2.128788e+01
5668.7500 2.602225e+01
5670.0000 2.429350e+01
5671.2500 -4.637582e-01
5672.5000 -2.069681e+00
5673.7500 2.976612e+01
5675.0000 -1.772191e-01
5676.2500 1.338709e+01
5677.5000 4.321823e+01
5678.7500 8.043919e+00
5680.0000 1.974752e+01
5681.2500 3.457261e+01
5682.5000 7.839388e+00
5683.7500 5.576838e+00
5685.0000 2.811616e+01
5686.2500 2.686120e+01
5687.5000 4.160147e+01
5688.7500 1.539787e+01
5690.0000 1.811979e+01
5691.2500 1.378489e+01
5692.5000 1.034607e+01
5693.7500 3.675381e+00
5695.0000 -1.798817e+00
5696.2500 4.153968e+01
5697.5000 1.876089e+01
5698.7500 4.148870e+01
5700.0000 2.943197e+01
5701.2500 8.223725e+00
5702.5000 1.090871e+01
5703.7500 3.134064e+00
5705.0000 7.767314e+00
5706.2500 1.473426e+01
5707.5000 2.791173e+01
5708.7500 2.313306e+01
5710.0000 9.170686e+00
5711.2500 -3.065433e+00
5712.5000 1.749810e+01
5713.7500 2.193965e+01
5715.0000 2.146711e+01
5716.2500 2.117792e+01
5717.5000 2.780292e+01
5718.7500 2.862536e+01
5720.0000 1.915897e+01
5721.2500 2.935489e+01
5722.5000 1.507067e+01
5723.7500 -1.338014e-01
5725.0000 1.309334e+01
5726.2500 3.621051e+01
5727.5000 3.649424e+01
5728.7500 2.938559e+01
5730.0000 2.054944e+01
5731.2500 2.724535e+01
5732.5000 3.310521e+01
5733.7500 2.525186e+01
5735.0000 3.645837e+01
5736.2500 9.238200e+00
5737.5000 1.570180e+01
5738.7500 3.321394e+01
5740.0000 4.877956e+01
5741.2500 2.993133e+01
5742.5000 -6.625248e+00
5743.7500 2.630314e+01
5745.0000 3.997064e+00
5746.2500 8.652913e+00
5747.5000 -3.222039e+00
5748.7500 3.052820e+01
5750.0000 3.293147e+01
5751.2500 4.064463e+01
5752.5000 8.757417e+00
5753.7500 1.005027e+01
5755.0000 -2.308538e+00
5756.2500 2.468319e+01
5757.5000 8.452772e+00
5758.7500 -7.101551e+00
5760.0000 2.391197e+01
5761.2500 5.929107e+00
5762.5000 3.496848e+01
5763.7500 2.683600e+01
5765.0000 2.948633e+01
5766.2500 5.465424e+01
5767.5000 2.894809e+01
5768.7500 5.667665e+00
5770.0000 3.184019e+01
5771.2500 3.074642e+01
5772.5000 6.152062e+01
5773.7500 1.194405e+01
5775.0000 3.498933e+01
5776.2500 1.153318e+01
5777.5000 4.336261e+01
5778.7500 3.351472e+01
5780.0000 2.785315e+01
5781.2500 1.231278e+01
5782.5000 2.687415e+01
5783.7500 5.379810e+01
5785.0000 2.955228e+01
5786.2500 1.538718e+01
5787.5000 3.814735e+01
5788.7500 9.586507e+00
5790.0000 1.371668e+01
5791.2500 1.004472e+01
5792.5000 3.242033e+01
5793.7500 2.509224e+01
5795.0000 3.134856e+00
5796.2500 1.703323e+01
5797.5000 1.453152e+01
5798.7500 2.919847e+01
5800.0000 4.769512e+01
5801.2500 1.799142e+01
5802.5000 2.731910e+01
5803.7500 3.447730e+01
5805.0000 2.567845e+01
5806.2500 1.299505e+01
5807.5000 1.742816e-01
5808.7500 6.150406e+00
5810.0000 5.744345e+01
5811.2500 2.082109e+01
5812.5000 3.519622e+01
5813.7500 4.776114e+00
5815.0000 2.686243e+01
5816.2500 1.241076e+01
5817.5000 2.802613e+01
5818.7500 -5.251107e+00
5820.0000 2.226844e+01
5821.2500 3.431866e+01
5822.5000 3.147069e+01
5823.7500 3.391779e+00
5825.0000 4.131159e+01
5826.2500 1.147313e+01
5827.5000 1.713743e+01
5828.7500 4.297499e+01
5830.0000 3.872876e+01
5831.2500 2.391980e+01
5832.5000 1.881255e+01
5833.7500 1.552506e+01
5835.0000 2.556482e+01
5836.2500 4.501719e+00
5837.5000 2.867628e+01
5838.7500 5.109068e+00
5840.0000 3.163605e+01
5841.2500 2.506404e+01
5842.5000 1.866341e+01
5843.7500 2.362989e+01
5845.0000 2.384736e+01
5846.2500 1.373483e+01
5847.5000 1.654510e+01
5848.7500 1.003016e+01
5850.0000 1.049672e+01
5851.2500 1.841627e+01
5852.5000 1.214790e+01
5853.7500 1.127947e+01
5855.0000 1.820462e+01
5856.2500 3.937733e+01
5857.5000 -1.169483e+00
5858.7500 1.394817e+01
5860.0000 1.143023e+00
5861.2500 4.044651e+01
5862.5000 1.350594e+01
5863.7500 3.047289e+01
5865.0000 5.121606e+00
5866.2500 2.737503e+00
5867.5000 5.582355e+00
5868.7500 2.292769e+01
5870.0000 4.287231e+00
5871.2500 1.857380e+01
5872.5000 3.109728e+01
5873.7500 3.328905e+01
5875.0000 2.951825e+01
5876.2500 1.497845e+01
5877.5000 2.199287e+01
5878.7500 2.863106e+01
5880.0000 4.074044e+01
5881.2500 2.006233e+01
5882.5000 2.032469e+01
5883.7500 4.177715e+01
5885.0000 2.009047e+00
5886.2500 1.163259e+01
5887.5000 3.525544e+01
5888.7500 1.992763e+01
5890.0000 2.161831e+01
5891.2500 2.357246e+01
5892.5000 2.769450e+01
5893.7500 3.892953e+01
5895.0000 1.531884e+01
5896.2500 2.550786e+01
5897.5000 -1.163386e+01
5898.7500 -1.066463e+00
5900.0000 4.862033e+00
5901.2500 3.344342e+01
5902.5000 1.852613e+01
5903.7500 4.312398e+01
5905.0000 2.354003e+01
5906.2500 4.132115e+01
5907.5000 3.602833e+01
5908.7500 1.744847e+01
5910.0000 2.074750e+01
5911.2500 2.038437e+01
5912.5000 3.287146e+01
5913.7500 2.853771e+01
5915.0000 3.219087e+01
5916.2500 1.110915e+01
5917.5000 1.445420e+01
5918.7500 3.226555e+01
5920.0000 1.008710e+01
5921.2500 1.265803e+01
5922.5000 7.985740e+00
5923.7500 1.704007e+01
5925.0000 1.706290e+01
5926.2500 2.936900e+01
5927.5000 -4.293687e+00
5928.7500 2.889725e+01
5930.0000 1.991709e+01
5931.2500 2.856023e+00
5932.5000 -1.230669e-01
5933.7500 1.009213e+01
5935.0000 -5.025118e+00
5936.2500 1.832735e+01
5937.5000 2.787394e+01
5938.7500 3.489848e+00
5940.0000 3.166185e+01
5941.2500 3.197132e+01
5942.5000 1.352900e+01
5943.7500 7.954834e+00
5945.0000 1.072385e+01
5946.2500 3.685231e+00
5947.5000 1.671083e+01
5948.7500 2.499799e+01
5950.0000 2.700891e+01
5951.2500 3.070136e+01
5952.5000 -4.737802e+00
5953.7500 -4.650038e+00
5955.0000 2.059928e+01
5956.2500 1.608467e+01
5957.5000 2.976429e+01
5958.7500 9.739359e+00
5960.0000 1.469114e+00
5961.2500 3.033787e+01
5962.5000 1.458226e+01
5963.7500 1.095702e+01
5965.0000 2.404333e+01
5966.2500 2.557577e+01
5967.5000 3.047323e+01
5968.7500 1.967628e+01
5970.0000 2.136244e+01
5971.2500 1.870029e+01
5972.5000 4.532328e+01
5973.7500 3.162490e+01
5975.0000 4.750908e+01
5976.2500 2.092272e+01
5977.5000 3.556922e+01
5978.7500 3.109877e+01
5980.0000 2.385497e+01
5981.2500 6.064044e+00
5982.5000 1.999955e+01
5983.7500 2.574705e+01
5985.0000 2.723919e+01
5986.2500 4.232717e+00
5987.5000 2.093484e+01
5988.7500 3.760711e+01
5990.0000 1.708029e+01
5991.2500 2.215790e+01
5992.5000 1.245666e+01
5993.7500 1.000279e+01
5995.0000 2.975443e+01
5996.2500 8.600237e+00
5997.5000 2.528677e+01
5998.7500 2.085342e+01
6000.0000 -4.345125e-01
6001.2500 6.881015e+00
6002.5000 4.876155e+00
6003.7500 4.234857e+01
6005.0000 2.314178e+01
6006.2500 -2.649137e+00
6007.5000 3.238064e+01
6008.7500 3.713955e+00
6010.0000 2.639401e+01
6011.2500 3.538103e+01
6012.5000 3.111059e+00
6013.7500 3.015896e+01
6015.0000 1.327838e+01
6016.2500 2.987172e+01
6017.5000 -3.199246e+00
6018.7500 1.865010e+01
6020.0000 2.011198e+01
6021.2500 2.531499e+01
6022.5000 1.070330e+01
6023.7500 1.702700e+01
6025.0000 2.085481e+01
6026.2500 2.201405e+01
6027.5000 1.647590e+01
6028.7500 1.736328e+01
6030.0000 9.721425e+00
6031.2500 1.788327e+01
6032.5000 2.619652e+01
6033.7500 2.906727e+01
6035.0000 2.364421e+01
6036.2500 1.529486e+01
6037.5000 1.172079e+01
6038.7500 1.291418e+01
6040.0000 1.022816e+01
6041.2500 1.491512e+01
6042.5000 3.422069e+01
6043.7500 2.012959e+00
6045.0000 2.720424e+01
6046.2500 4.832455e+00
6047.5000 3.115621e+01
6048.7500 6.883327e+00
6050.0000 1.475608e+00
6051.2500 3.637635e+01
6052.5000 2.835348e+01
6053.7500 2.715463e+01
6055.0000 1.280350e+01
6056.2500 7.366683e+00
6057.5000 1.944760e+01
6058.7500 2.720245e+01
6060.0000 2.095131e+01
6061.2500 3.655558e+01
6062.5000 1.896419e+01
6063.7500 1.167449e+01
6065.0000 3.035191e+01
6066.2500 4.000788e+01
6067.5000 3.861300e+01
6068.7500 3.204521e+01
6070.0000 2.063796e+01
6071.2500 4.759300e+01
6072.5000 2.157326e+01
6073.7500 2.637832e+01
6075.0000 1.501682e+01
6076.2500 3.324549e+01
6077.5000 2.691820e+01
6078.7500 3.109018e+01
6080.0000 1.281141e+01
6081.2500 2.886585e+01
6082.5000 1.724494e+01
6083.7500 1.349458e+01
6085.0000 2.686159e+01
6086.2500 3.040807e+01
6087.5000 3.233585e+01
6088.7500 2.728439e+01
6090.0000 3.608200e+01
6091.2500 1.762819e+01
6092.5000 1.925298e+01
6093.7500 2.754416e+01
6095.0000 1.593855e+01
6096.2500 2.744528e+01
6097.5000 2.269843e+01
6098.7500 2.065671e+01
6100.0000 5.472713e+00
6101.2500 1.182689e+01
6102.5000 3.838037e+01
6103.7500 -5.228994e+00
6105.0000 9.144932e+00
6106.2500 -1.664228e+01
6107.5000 2.502919e+01
6108.7500 2.849477e+01
6110.0000 2.272435e+01
6111.2500 1.993591e+01
6112.5000 7.595417e+00
6113.7500 2.055439e+01
6115.0000 4.559251e+01
6116.2500 1.180659e+01
6117.5000 4.223098e+00
6118.7500 1.892108e+01
6120.0000 9.985577e+00
6121.2500 2.533311e+01
6122.5000 3.012873e+01
6123.7500 2.544327e+01
6125.0000 2.257857e+01
6126.2500 3.013925e+01
6127.5000 5.361289e+00
6128.7500 1.851297e+01
6130.0000 3.645895e+01
6131.2500 3.019217e+01
6132.5000 4.379162e+00
6133.7500 2.594354e+01
6135.0000 7.232859e+00
6136.2500 1.138784e+01
6137.5000 1.533186e+01
6138.7500 1.573215e+00
6140.0000 8.533789e+00
6141.2500 1.166444e+01
6142.5000 1.498844e+01
6143.7500 2.066948e+01
6145.0000 3.132845e+01
6146.2500 3.676890e+00
6147.5000 2.824492e+01
6148.7500 1.090485e+01
6150.0000 3.753060e+01
6151.2500 1.569853e+01
6152.5000 4.434981e+00
6153.7500 3.171095e+01
6155.0000 2.026594e+01
6156.2500 1.963297e+00
6157.5000 -3.148030e+00
6158.7500 2.419865e+00
6160.0000 3.691187e+01
6161.2500 4.405774e+01
6162.5000 9.251547e+00
6163.7500 2.897503e+01
6165.0000 3.710854e+01
6166.2500 2.514793e+01
6167.5000 3.246930e+01
6168.7500 2.716255e+01
6170.0000 1.996989e+01
6171.2500 1.558192e+01
6172.5000 -5.413909e-01
6173.7500 1.884985e+01
6175.0000 1.051815e+01
6176.2500 2.202318e+01
6177.5000 4.890965e+00
6178.7500 2.003424e+01
6180.0000 2.795126e+01
6181.2500 2.230548e+01
6182.5000 2.387414e+01
6183.7500 3.088860e+01
6185.0000 1.157214e+01
6186.2500 2.183011e+01
6187.5000 4.650930e+01
6188.7500 3.315694e+01
6190.0000 8.758397e+00
6191.2500 1.984600e+01
6192.5000 3.354480e+01
6193.7500 2.639934e+01
6195.0000 3.006171e+01
6196.2500 2.833490e+01
6197.5000 3.028670e+01
6198.7500 3.696756e+01
6200.0000 8.755799e+00
6201.2500 1.630692e+01
6202.5000 2.666452e+01
6203.7500 2.603302e+01
6205.0000 1.595711e+01
6206.2500 2.041062e+01
6207.5000 1.777768e+01
6208.7500 2.622872e+01
6210.0000 1.023363e+01
6211.2500 2.179536e+01
6212.5000 4.229138e+01
6213.7500 1.903793e+01
6215.0000 1.298685e+01
6216.2500 4.930810e+00
6217.5000 2.829462e+01
6218.7500 -4.356711e+00
6220.0000 2.251101e+01
6221.2500 2.008635e+01
6222.5000 3.250990e+01
6223.7500 9.415037e+00
6225.0000 2.825635e+01
6226.2500 3.590144e+01
6227.5000 2.213979e+01
6228.7500 3.540274e+01
6230.0000 1.713860e+01
6231.2500 1.155662e+01
6232.5000 1.608535e+01
6233.7500 3.483045e+01
6235.0000 2.667859e+01
6236.2500 1.334628e+01
6237.5000 1.712160e+01
6238.7500 2.409532e+01
6240.0000 2.506312e-01
6241.2500 2.599081e+01
6242.5000 2.149382e+01
6243.7500 -1.010364e+01
6245.0000 -2.556034e+00
6246.2500 2.510482e+01
6247.5000 3.734186e+01
6248.7500 1.671135e+01
6250.0000 3.407042e+01
6251.2500 2.172833e+01
6252.5000 5.014719e+00
6253.7500 1.998426e+01
6255.0000 2.775421e-01
6256.2500 5.922871e+00
6257.5000 4.210392e+01
6258.7500 2.530946e+01
6260.0000 1.782107e+01
6261.2500 4.798730e+01
6262.5000 2.399357e+01
6263.7500 1.131171e+00
6265.0000 2.155257e+01
6266.2500 2.821013e+01
6267.5000 1.650590e+01
6268.7500 2.751985e+01
6270.0000 2.702565e+01
6271.2500 1.247449e+01
6272.5000 7.923730e+00
6273.7500 -5.822985e+00
6275.0000 4.719318e+01
6276.2500 -1.125618e+01
6277.5000 6.748968e+00
6278.7500 2.530712e+01
6280.0000 3.272782e+01
6281.2500 1.248336e+01
6282.5000 1.867648e+01
6283.7500 2.520682e+01
6285.0000 9.631019e+00
6286.2500 5.714378e+00
6287.5000 3.516270e+01
6288.7500 3.846155e+01
6290.0000 2.336898e+01
6291.2500 3.822421e+01
6292.5000 3.272415e+01
6293.7500 2.933917e+01
6295.0000 2.454517e+01
6296.2500 2.549990e+01
6297.5000 2.551083e+01
6298.7500 2.189185e+01
6300.0000 1.729461e+01
6301.2500 2.215554e+01
6302.5000 -5.377116e+00
6303.7500 3.238459e+01
6305.0000 2.322808e+01
6306.2500 3.032299e+01
6307.5000 3.574745e+00
6308.7500 1.427476e+01
6310.0000 3.250836e+01
6311.2500 3.523392e+01
6312.5000 3.457421e+01
6313.7500 1.183464e+01
6315.0000 2.049054e+01
6316.2500 3.549538e+01
6317.5000 3.149008e+01
6318.7500 3.087135e+01
6320.0000 2.788553e+01
6321.2500 1.729601e+01
6322.5000 5.574259e+00
6323.7500 1.010874e+00
6325.0000 1.325162e+01
6326.2500 1.355969e+01
6327.5000 7.630523e+00
6328.7500 -1.493537e+01
6330.0000 -2.217386e+00
6331.2500 5.544548e+00
6332.5000 2.439940e+01
6333.7500 1.579316e+01
6335.0000 3.226830e+01
6336.2500 1.321212e+01
6337.5000 3.597931e+01
6338.7500 1.716903e+01
6340.0000 2.993008e+01
6341.2500 2.188720e+01
6342.5000 2.420166e+01
6343.7500 4.132395e+00
6345.0000 2.556917e+01
6346.2500 2.296809e+00
6347.5000 2.758919e+01
6348.7500 9.064430e+00
6350.0000 4.709633e+00
6351.2500 -1.878451e+01
6352.5000 1.596343e+01
6353.7500 3.177740e+01
6355.0000 2.978806e+01
6356.2500 1.593498e+01
6357.5000 8.875270e+00
6358.7500 3.025959e+01
6360.0000 1.819971e+01
6361.2500 2.604969e+01
6362.5000 1.100786e+01
6363.7500 1.815781e+01
6365.0000 3.705504e+01
6366.2500 2.334024e+01
6367.5000 3.121083e+01
6368.7500 4.377478e+01
6370.0000 4.056854e+01
6371.2500 1.935152e+01
6372.5000 1.261428e+01
6373.7500 2.156137e+01
6375.0000 2.698397e+01
6376.2500 2.345148e+01
6377.5000 1.469287e+01
6378.7500 1.973601e+01
6380.0000 9.172201e+00
6381.2500 1.590721e+01
6382.5000 3.456016e+01
6383.7500 9.339355e+00
6385.0000 1.441673e+01
6386.2500 3.464855e+00
6387.5000 2.173162e+01
6388.7500 4.445234e+01
6390.0000 3.444173e+01
6391.2500 1.584988e+01
6392.5000 5.115867e+01
6393.7500 1.920169e+01
6395.0000 2.098680e+01
6396.2500 2.968866e+01
6397.5000 1.561893e+01
6398.7500 1.913304e+01
6400.0000 1.571050e+01
6401.2500 2.304970e+01
6402.5000 1.414194e+01
6403.7500 7.323319e+00
6405.0000 1.140964e+01
6406.2500 1.808054e+01
6407.5000 1.128220e+01
6408.7500 2.249761e+01
6410.0000 2.825420e+01
6411.2500 1.275674e+01
6412.5000 2.411942e+01
6413.7500 3.120105e+01
6415.0000 1.370281e+01
6416.2500 1.654397e+01
6417.5000 4.810839e+00
6418.7500 1.947916e+01
6420.0000 4.068876e+01
6421.2500 1.865810e+01
6422.5000 1.298388e+01
6423.7500 1.995455e+01
6425.0000 1.417138e+01
6426.2500 1.868687e+01
6427.5000 2.981203e+01
6428.7500 1.698393e+01
6430.0000 1.223767e+01
6431.2500 4.007073e+01
6432.5000 2.758333e+01
6433.7500 1.415077e+01
6435.0000 2.858726e+01
6436.2500 1.792916e+01
6437.5000 1.267024e+01
6438.7500 1.159350e+01
6440.0000 1.838800e+01
6441.2500 2.148107e+01
6442.5000 3.121780e+00
6443.7500 2.191993e+01
6445.0000 1.591665e+01
6446.2500 2.938080e+01
6447.5000 3.907099e+01
6448.7500 2.413740e+01
6450.0000 1.761539e+01
6451.2500 3.123758e+01
6452.5000 3.096407e+01
6453.7500 3.785648e+01
6455.0000 2.498347e+01
6456.2500 1.385361e+01
6457.5000 3.630693e+01
6458.7500 -5.144056e+00
6460.0000 1.897302e+01
6461.2500 2.528228e+01
6462.5000 2.855392e+01
6463.7500 2.330605e+01
6465.0000 2.018964e+01
6466.2500 3.506225e+01
6467.5000 2.545646e+01
6468.7500 7.826982e+00
6470.0000 8.289652e+00
6471.2500 2.657836e+01
6472.5000 4.793185e+00
6473.7500 2.087560e+01
6475.0000 1.316920e+01
6476.2500 -4.383569e+00
6477.5000 1.779526e+01
6478.7500 2.281038e+01
6480.0000 1.905284e+01
6481.2500 2.074047e+01
6482.5000 1.869332e+01
6483.7500 2.445554e+01
6485.0000 1.522945e+01
6486.2500 3.033039e+01
6487.5000 8.517397e+00
6488.7500 2.426250e+01
6490.0000 1.913160e+01
6491.2500 1.308963e+01
6492.5000 3.318646e+01
6493.7500 4.616686e+00
6495.0000 1.131302e+00
6496.2500 1.037925e+01
6497.5000 1.445703e+01
6498.7500 3.779627e+01
6500.0000 -4.455067e+01
6501.2500 1.047324e+01
6502.5000 3.391437e+01
6503.7500 2.186670e+01
6505.0000 4.258615e+01
6506.2500 9.100071e+00
6507.5000 2.061047e+01
6508.7500 1.359278e+01
6510.0000 4.118352e+01
6511.2500 4.798131e+00
6512.5000 4.819477e+00
6513.7500 2.003804e+01
6515.0000 2.009701e+01
6516.2500 3.121069e+01
6517.5000 2.760480e+01
6518.7500 2.840481e+01
6520.0000 1.730558e+01
6521.2500 2.595333e+01
6522.5000 4.622788e+01
6523.7500 1.605394e+01
6525.0000 2.412086e+01
6526.2500 2.378333e+01
6527.5000 2.547898e+01
6528.7500 2.069004e+01
6530.0000 1.749057e+01
6531.2500 3.361823e+01
6532.5000 6.963913e+01
6533.7500 -3.655517e+00
6535.0000 1.468430e+00
6536.2500 1.540826e+01
6537.5000 1.128338e+01
6538.7500 2.676016e+01
6540.0000 1.812866e+01
6541.2500 2.476777e+01
6542.5000 1.303422e+01
6543.7500 3.725925e+01
6545.0000 -9.612921e+00
6546.2500 2.544662e+01
6547.5000 1.673634e+01
6548.7500 2.134144e+01
6550.0000 3.714785e+01
6551.2500 2.911524e+01
6552.5000 5.887979e+00
6553.7500 1.928902e+01
6555.0000 -2.177091e+00
6556.2500 1.337468e+01
6557.5000 1.755390e+01
6558.7500 2.810859e+00
6560.0000 1.645201e+01
6561.2500 1.577169e+01
6562.5000 -1.218514e-01
6563.7500 -1.444554e+01
6565.0000 -4.439665e+00
6566.2500 -1.783558e+00
6567.5000 2.371153e+01
6568.7500 3.114077e+01
6570.0000 8.565556e+00
6571.2500 2.303506e+01
6572.5000 2.936458e+01
6573.7500 1.555701e+01
6575.0000 3.319101e+01
6576.2500 7.744105e+00
6577.5000 -3.012777e+00
6578.7500 1.441795e+01
6580.0000 2.093528e+01
6581.2500 1.468140e+01
6582.5000 2.472366e+01
6583.7500 2.595680e+01
6585.0000 1.398032e+01
6586.2500 2.950291e+01
6587.5000 3.879506e+01
6588.7500 2.947174e+01
6590.0000 9.156553e+00
6591.2500 6.718362e+00
6592.5000 2.497884e+01
6593.7500 8.565103e+00
6595.0000 1.129215e+01
6596.2500 3.020028e+01
6597.5000 2.931921e+01
6598.7500 1.675368e+01
6600.0000 2.139332e+01
6601.2500 3.331947e+01
6602.5000 5.773606e+00
6603.7500 4.508274e+01
6605.0000 1.130942e+01
6606.2500 1.984736e+01
6607.5000 2.674678e+01
6608.7500 1.524102e+01
6610.0000 1.167881e+01
6611.2500 1.428994e+01
6612.5000 1.034039e+00
6613.7500 3.398301e+01
6615.0000 2.476509e+01
6616.2500 1.902412e+01
6617.5000 3.670970e+01
6618.7500 2.986934e+01
6620.0000 2.099267e+01
6621.2500 3.409048e+01
6622.5000 2.770153e+01
6623.7500 1.726156e+01
6625.0000 2.639472e+01
6626.2500 1.574120e+01
6627.5000 2.406641e+01
6628.7500 1.485239e+01
6630.0000 2.623013e+01
6631.2500 1.414171e+01
6632.5000 2.660155e+01
6633.7500 2.683607e+01
6635.0000 2.415849e+01
6636.2500 2.381483e+01
6637.5000 1.136086e+01
6638.7500 3.466535e+00
6640.0000 2.207214e+01
6641.2500 3.648680e+01
6642.5000 4.064567e+01
6643.7500 6.265144e+00
6645.0000 1.918066e+01
6646.2500 2.967683e+01
6647.5000 8.417419e+00
6648.7500 2.779398e+01
6650.0000 1.612051e+01
6651.2500 2.644135e+01
6652.5000 3.951461e+01
6653.7500 2.672505e+01
6655.0000 1.352274e+01
6656.2500 1.874508e+01
6657.5000 2.612199e+01
6658.7500 1.122885e+01
6660.0000 2.656597e+01
6661.2500 2.669311e+01
6662.5000 1.821460e+01
6663.7500 1.437805e+01
6665.0000 3.341187e+01
6666.2500 1.239852e+01
6667.5000 4.228497e+01
6668.7500 2.846301e+01
6670.0000 2.579343e+01
6671.2500 2.330630e+01
6672.5000 2.766141e+01
6673.7500 1.718111e+01
6675.0000 2.662951e+01
6676.2500 2.719173e+01
6677.5000 1.441436e+01
6678.7500 1.591948e+01
6680.0000 3.126994e+01
6681.2500 2.713834e+01
6682.5000 3.563403e+01
6683.7500 3.033062e+01
6685.0000 3.526616e+01
6686.2500 2.177595e+01
6687.5000 1.191270e+01
6688.7500 8.946831e+00
6690.0000 2.369811e+01
6691.2500 3.037017e+01
6692.5000 2.078135e+01
6693.7500 1.293784e+01
6695.0000 3.052626e+01
6696.2500 2.005439e+01
6697.5000 2.481339e+01
6698.7500 2.368426e+01
6700.0000 1.758703e+01
6701.2500 4.067804e+00
6702.5000 1.608782e+01
6703.7500 3.359416e+01
6705.0000 2.110233e+01
6706.2500 1.140667e+01
6707.5000 3.458493e+01
6708.7500 5.931768e+00
6710.0000 2.909704e+01
6711.2500 2.028817e+01
6712.5000 2.931231e+01
6713.7500 1.955520e+01
6715.0000 2.767520e+01
6716.2500 3.256871e+01
6717.5000 2.319876e+01
6718.7500 2.006686e+01
6720.0000 3.949821e+01
6721.2500 3.523738e+01
6722.5000 2.393554e+01
6723.7500 1.994186e+01
6725.0000 2.579504e+01
6726.2500 1.570994e+01
6727.5000 2.331932e+01
6728.7500 2.107001e+01
6730.0000 2.987314e+01
6731.2500 4.358483e+01
6732.5000 3.153782e+01
6733.7500 2.994536e+01
6735.0000 2.682756e+01
6736.2500 1.958383e+01
6737.5000 3.465734e+01
6738.7500 5.669086e+00
6740.0000 3.309735e+01
6741.2500 2.297007e+00
6742.5000 1.584927e+01
6743.7500 2.184399e+01
6745.0000 2.984674e+01
6746.2500 3.049386e+01
6747.5000 2.081282e+01
6748.7500 1.784059e+01
6750.0000 1.387406e+01
6751.2500 1.615449e+01
6752.5000 6.972248e+00
6753.7500 1.682701e+01
6755.0000 1.473782e+01
6756.2500 2.600429e+01
6757.5000 3.643800e+01
6758.7500 2.547139e+00
6760.0000 3.681898e+01
6761.2500 1.618252e+01
6762.5000 9.539765e+00
6763.7500 2.058582e+01
6765.0000 3.013155e+01
6766.2500 2.605065e+01
6767.5000 1.525742e+01
6768.7500 2.242699e+00
6770.0000 3.757148e+01
6771.2500 3.160553e+01
6772.5000 3.371679e+01
6773.7500 8.241038e+00
6775.0000 3.110651e+01
6776.2500 2.302790e+00
6777.5000 3.102034e+01
6778.7500 2.294671e+01
6780.0000 2.477674e+01
6781.2500 2.673192e+01
6782.5000 2.506544e+01
6783.7500 2.138089e+01
6785.0000 2.304197e+01
6786.2500 2.967958e+01
6787.5000 2.314745e+01
6788.7500 3.253147e+01
6790.0000 2.304483e+01
6791.2500 8.924160e+00
6792.5000 1.849374e+01
6793.7500 1.695578e+01
6795.0000 3.381746e+01
6796.2500 2.666010e+01
6797.5000 3.156573e+01
6798.7500 2.057566e+01
6800.0000 3.558206e+01
6801.2500 3.881146e+01
6802.5000 5.132946e+01
6803.7500 4.238578e+01
6805.0000 3.997929e+01
6806.2500 3.241213e+01
6807.5000 3.504214e+01
6808.7500 1.919923e+01
6810.0000 2.487953e+01
6811.2500 2.185977e+01
6812.5000 2.621936e+01
6813.7500 1.894536e+01
6815.0000 4.193678e+01
6816.2500 1.803954e+01
6817.5000 1.825297e+01
6818.7500 2.567191e+01
6820.0000 1.645068e+01
6821.2500 2.668349e+01
6822.5000 8.006336e+00
6823.7500 1.709596e+01
6825.0000 2.727354e+01
6826.2500 8.481951e+00
6827.5000 1.237198e-01
6828.7500 8.458055e+00
6830.0000 1.635899e+01
6831.2500 2.030098e+01
6832.5000 3.109395e+01
6833.7500 4.906970e+00
6835.0000 1.849250e+01
6836.2500 2.834304e+01
6837.5000 2.553803e+01
6838.7500 1.665436e+01
6840.0000 1.692265e+01
6841.2500 3.544345e+01
6842.5000 1.762788e+01
6843.7500 2.830175e+01
6845.0000 3.050601e+01
6846.2500 3.078104e+01
6847.5000 1.819251e+01
6848.7500 2.373637e+01
6850.0000 2.043673e+01
6851.2500 3.109655e+01
6852.5000 3.283275e+01
6853.7500 2.821582e+01
6855.0000 1.317495e+01
6856.2500 2.546580e+01
6857.5000 1.710838e+01
6858.7500 3.446360e+01
6860.0000 2.412433e+01
6861.2500 2.062513e+01
6862.5000 2.863256e+01
6863.7500 1.813632e+01
6865.0000 3.047352e+01
6866.2500 2.768876e+01
6867.5000 2.451662e+01
6868.7500 2.273261e+01
6870.0000 -2.167390e+00
6871.2500 5.402461e+00
6872.5000 6.825101e+00
6873.7500 3.056509e+01
6875.0000 1.868588e+01
6876.2500 2.486889e+01
6877.5000 3.115821e+01
6878.7500 4.067219e+01
6880.0000 2.514077e+01
6881.2500 7.248981e+00
6882.5000 6.513353e+00
6883.7500 2.283740e+01
6885.0000 1.191493e+01
6886.2500 3.954666e+01
6887.5000 2.472601e+01
6888.7500 4.026971e+01
6890.0000 2.577343e+01
6891.2500 1.059047e+01
6892.5000 1.580433e+01
6893.7500 1.168344e+01
6895.0000 1.619378e+01
6896.2500 1.341815e+01
6897.5000 2.219324e+01
6898.7500 1.917702e+01
6900.0000 4.237351e+01
6901.2500 2.143174e+01
6902.5000 8.034086e-02
6903.7500 1.977105e+01
6905.0000 1.137142e+01
6906.2500 1.806017e+01
6907.5000 3.841808e+01
6908.7500 1.841338e+01
6910.0000 4.021745e+01
6911.2500 1.729220e+01
6912.5000 3.555253e+01
6913.7500 8.498512e+00
6915.0000 1.827320e+01
6916.2500 3.129672e+01
6917.5000 2.272290e+01
6918.7500 2.242079e+01
6920.0000 2.985466e+01
6921.2500 1.209319e+01
6922.5000 3.422403e+01
6923.7500 1.561672e+01
6925.0000 1.163474e+01
6926.2500 2.493316e+01
6927.5000 2.352337e+01
6928.7500 3.295723e+01
6930.0000 2.746249e+01
6931.2500 3.495246e+01
6932.5000 2.653726e+01
6933.7500 4.176737e+01
6935.0000 2.130706e+01
6936.2500 1.574201e+01
6937.5000 -1.556934e+01
6938.7500 2.726287e+01
6940.0000 1.413290e+01
6941.2500 6.012334e+00
6942.5000 1.114327e+01
6943.7500 2.215326e+01
6945.0000 2.435320e+01
6946.2500 4.082074e+01
6947.5000 -1.941891e+00
6948.7500 3.264282e+01
6950.0000 1.916605e+01
6951.2500 1.863448e+01
6952.5000 2.692776e+01
6953.7500 2.277444e+01
6955.0000 3.258939e+01
6956.2500 2.049495e+01
6957.5000 2.680551e+01
6958.7500 2.537472e+01
6960.0000 1.258406e+01
6961.2500 3.846696e+01
6962.5000 4.329214e+01
6963.7500 2.010561e+01
6965.0000 3.997409e+01
6966.2500 2.986424e+01
6967.5000 2.310399e+01
6968.7500 1.604193e+01
6970.0000 3.812602e+01
6971.2500 5.435199e+00
6972.5000 2.723737e+01
6973.7500 2.708691e+01
6975.0000 3.203769e+01
6976.2500 2.592431e+01
6977.5000 1.329829e+00
6978.7500 -1.834313e+00
6980.0000 -2.455882e+00
6981.2500 9.960247e+00
6982.5000 2.835716e+01
6983.7500 2.114515e+01
6985.0000 2.535936e+01
6986.2500 3.517496e+01
6987.5000 1.527536e+01
6988.7500 2.708160e+01
6990.0000 3.519831e+01
6991.2500 2.554048e+01
6992.5000 3.306104e+01
6993.7500 1.600260e+01
6995.0000 3.696358e+01
6996.2500 1.043740e+01
6997.5000 1.400017e+01
6998.7500 3.249175e+01
7000.0000 3.160168e+01
7001.2500 2.570478e+01
7002.5000 2.802250e+01
7003.7500 4.148771e+01
7005.0000 2.937638e+01
7006.2500 2.279151e+01
7007.5000 1.716433e+01
7008.7500 1.569777e+01
7010.0000 2.771024e+01
7011.2500 2.260395e+01
7012.5000 -4.978523e-01
7013.7500 2.941605e+01
7015.0000 1.945951e+01
7016.2500 -2.482541e+00
7017.5000 1.929913e+01
7018.7500 2.875487e+01
7020.0000 2.208537e+01
7021.2500 1.334198e+01
7022.5000 2.016041e+01
7023.7500 2.110937e+01
7025.0000 1.173021e+01
7026.2500 2.606577e+01
7027.5000 3.965129e+01
7028.7500 3.027187e+01
7030.0000 1.562859e+01
7031.2500 2.645033e+01
7032.5000 2.075865e+01
7033.7500 2.241057e+01
7035.0000 3.686486e+01
7036.2500 6.085344e+00
7037.5000 2.146354e+01
7038.7500 1.294005e+01
7040.0000 2.693388e+01
7041.2500 1.388881e+01
7042.5000 3.113609e+00
7043.7500 7.197299e+00
7045.0000 1.665747e+01
7046.2500 2.569922e+01
7047.5000 2.891943e+01
7048.7500 1.752649e+01
7050.0000 1.429077e+01
7051.2500 3.171561e+01
7052.5000 6.301145e+00
7053.7500 2.620235e+01
7055.0000 2.941385e+01
7056.2500 8.896927e+00
7057.5000 3.099712e+01
7058.7500 3.423900e+01
7060.0000 2.419107e+01
7061.2500 1.327021e+01
7062.5000 1.710642e+01
7063.7500 2.099959e+01
7065.0000 9.461027e+00
7066.2500 2.692911e+01
7067.5000 1.415920e+01
7068.7500 1.210580e+01
7070.0000 1.119830e+01
7071.2500 1.075864e+01
7072.5000 1.853135e+01
7073.7500 2.635361e+01
7075.0000 1.852821e+01
7076.2500 1.542084e+01
7077.5000 3.035939e+01
7078.7500 2.841876e+01
7080.0000 4.427606e+01
7081.2500 -2.563081e+00
7082.5000 6.052993e+00
7083.7500 2.485013e+01
7085.0000 3.503165e+01
7086.2500 4.467328e+01
7087.5000 3.409841e+01
7088.7500 1.788831e+01
7090.0000 1.800510e+01
7091.2500 3.385915e+01
7092.5000 4.011726e+01
7093.7500 2.710116e+01
7095.0000 2.762939e+01
7096.2500 2.195811e+01
7097.5000 2.750367e+01
7098.7500 1.998000e+01
7100.0000 2.499833e+01
7101.2500 2.723992e+01
7102.5000 1.242999e+01
7103.7500 2.427498e+01
7105.0000 2.297520e+01
7106.2500 2.596921e+01
7107.5000 2.116816e+01
7108.7500 8.105851e+00
7110.0000 2.967387e+01
7111.2500 1.593466e+01
7112.5000 2.150270e+01
7113.7500 2.681297e+01
7115.0000 2.807260e+01
7116.2500 2.799165e+01
7117.5000 3.115610e+01
7118.7500 2.054424e+01
7120.0000 2.553580e+01
7121.2500 2.311335e+01
7122.5000 2.504863e+01
7123.7500 2.289137e+01
7125.0000 2.978903e+01
7126.2500 3.025397e+01
7127.5000 1.447435e+01
7128.7500 2.008207e+01
7130.0000 1.958305e+01
7131.2500 3.002040e+01
7132.5000 2.696368e+01
7133.7500 1.570802e+01
7135.0000 3.231201e+01
7136.2500 2.257236e+01
7137.5000 1.615429e+01
7138.7500 1.572713e+01
7140.0000 2.460140e+01
7141.2500 2.225440e+01
7142.5000 1.477389e+01
7143.7500 3.567274e+01
7145.0000 2.737084e+01
7146.2500 1.671142e+01
7147.5000 1.951394e+01
7148.7500 2.501187e+01
7150.0000 2.723912e+01
7151.2500 3.660686e+01
7152.5000 2.103626e+01
7153.7500 2.107166e+01
7155.0000 3.118197e+01
7156.2500 1.553180e+01
7157.5000 1.122552e+01
7158.7500 2.220094e+01
7160.0000 2.747729e+01
7161.2500 4.588131e+01
7162.5000 3.331282e+01
7163.7500 1.388172e+01
7165.0000 2.517441e+01
7166.2500 3.224338e+01
7167.5000 1.197192e+01
7168.7500 1.006064e+01
7170.0000 2.236281e+01
7171.2500 1.152061e+01
7172.5000 1.935449e+01
7173.7500 1.683146e+01
7175.0000 4.110342e+01
7176.2500 1.913396e+01
7177.5000 2.569447e+01
7178.7500 2.184957e+01
7180.0000 7.773224e+00
7181.2500 2.568705e+01
7182.5000 2.611675e+01
7183.7500 1.695518e+01
7185.0000 2.301906e+01
7186.2500 9.744155e+00
7187.5000 8.181968e+00
7188.7500 1.866187e+01
7190.0000 2.384974e+01
7191.2500 1.382752e+01
7192.5000 2.350402e+01
7193.7500 2.155905e+01
7195.0000 1.783613e+01
7196.2500 4.535007e+01
7197.5000 2.925526e+01
7198.7500 3.607209e+00
7200.0000 3.402579e+01
7201.2500 2.677309e+01
7202.5000 2.698530e+01
7203.7500 2.185302e+01
7205.0000 1.192404e+01
7206.2500 1.444512e+01
7207.5000 1.993808e+01
7208.7500 1.708505e+01
7210.0000 1.331873e+01
7211.2500 2.325471e+01
7212.5000 1.477492e+01
7213.7500 1.986816e+01
7215.0000 1.694275e+01
7216.2500 3.070462e+01
7217.5000 2.130311e+01
7218.7500 1.626215e+01
7220.0000 1.706190e+01
7221.2500 2.056770e+01
7222.5000 1.464459e+01
7223.7500 2.095956e+01
7225.0000 3.400624e+01
7226.2500 2.536400e+01
7227.5000 2.670052e+01
7228.7500 3.496265e+01
7230.0000 2.514201e+01
7231.2500 1.636301e+01
7232.5000 2.953615e+01
7233.7500 -1.279936e+00
7235.0000 2.114273e+01
7236.2500 2.349288e+01
7237.5000 3.489803e+01
7238.7500 5.234126e+00
7240.0000 1.015107e+00
7241.2500 3.445759e+01
7242.5000 2.582879e+01
7243.7500 3.759333e+01
7245.0000 2.988311e+01
7246.2500 6.749621e+00
7247.5000 4.171927e+01
7248.7500 2.346639e+01
7250.0000 2.483590e+01
7251.2500 7.254215e+00
7252.5000 2.297168e+01
7253.7500 3.964071e-01
7255.0000 2.003025e+01
7256.2500 2.241592e+01
7257.5000 3.043679e+01
7258.7500 1.693030e+01
7260.0000 3.416832e+01
7261.2500 2.341498e+01
7262.5000 3.999337e+01
7263.7500 3.689166e+01
7265.0000 1.058626e+01
7266.2500 2.230898e+01
7267.5000 2.740984e+01
7268.7500 2.919144e+01
7270.0000 1.567501e+01
7271.2500 8.087937e+00
7272.5000 1.780376e+01
7273.7500 3.191119e+01
7275.0000 2.632948e+01
7276.2500 9.404064e+00
7277.5000 2.887017e+01
7278.7500 2.062445e+01
7280.0000 1.670721e+01
7281.2500 1.044770e+00
7282.5000 -9.365094e+00
7283.7500 4.589985e+00
7285.0000 1.124929e+01
7286.2500 1.155423e+01
7287.5000 1.476546e+01
7288.7500 4.794959e+00
7290.0000 1.985173e+00
7291.2500 1.960380e+01
7292.5000 2.947229e+01
7293.7500 2.486081e+01
7295.0000 1.603767e+01
7296.2500 2.764421e+01
7297.5000 1.261358e+01
7298.7500 3.593497e+01
7300.0000 2.629699e+01
7301.2500 1.384338e+01
7302.5000 1.190446e+01
7303.7500 2.169472e+01
7305.0000 2.628991e+01
7306.2500 3.933576e+00
7307.5000 1.785647e+01
7308.7500 6.909865e-01
7310.0000 1.338738e+01
7311.2500 2.198236e+01
7312.5000 2.978013e+01
7313.7500 4.770688e+01
7315.0000 -2.625581e+01
7316.2500 -9.628933e+00
7317.5000 4.161266e+01
7318.7500 2.033294e+00
7320.0000 2.844242e+01
7321.2500 2.367708e+01
7322.5000 1.066513e+01
7323.7500 1.584233e+01
7325.0000 2.139642e+01
7326.2500 3.316243e+01
7327.5000 9.489426e+00
7328.7500 4.033630e+00
7330.0000 2.417823e+01
7331.2500 -1.215549e+01
7332.5000 1.000389e+01
7333.7500 1.679936e+01
7335.0000 1.888659e+01
7336.2500 1.155229e+01
7337.5000 1.781544e+01
7338.7500 6.050381e+00
7340.0000 2.828202e+01
7341.2500 -1.282674e+01
7342.5000 1.801650e+01
7343.7500 3.248388e+01
7345.0000 1.432161e+01
7346.2500 2.707591e+01
7347.5000 1.205258e+01
7348.7500 2.010490e+01
7350.0000 3.284897e+01
7351.2500 2.523731e+01
7352.5000 5.431227e+00
7353.7500 1.283764e+01
7355.0000 1.688435e+01
7356.2500 2.629355e+01
7357.5000 -3.631091e+01
7358.7500 -3.528386e+01
7360.0000 3.877885e+01
7361.2500 2.706749e+01
7362.5000 1.781026e+01
7363.7500 1.532784e+01
7365.0000 1.615262e+01
7366.2500 1.732242e+01
7367.5000 -2.527195e+01
7368.7500 6.464597e+01
7370.0000 1.121937e+01
7371.2500 -3.851213e+00
7372.5000 2.922008e+01
7373.7500 2.626067e+01
7375.0000 1.265594e+01
7376.2500 4.448877e+00
7377.5000 2.752751e+01
7378.7500 3.415158e+01
7380.0000 3.199152e+01
7381.2500 4.117620e+00
7382.5000 1.546967e+01
7383.7500 2.577999e+01
7385.0000 9.922180e+00
7386.2500 7.374465e-01
7387.5000 1.197291e+01
7388.7500 2.597802e+01
7390.0000 3.555278e+01
7391.2500 -2.118586e+01
7392.5000 -3.342642e+01
7393.7500 2.035171e+01
7395.0000 2.605603e+01
7396.2500 1.487463e+01
7397.5000 1.139613e+01
7398.7500 2.520020e+01
7400.0000 7.082274e+00
7401.2500 4.583320e+00
7402.5000 9.390647e+00
7403.7500 2.687263e+01
7405.0000 1.948037e+01
7406.2500 1.479019e+01
7407.5000 2.253858e+01
7408.7500 3.016339e+01
7410.0000 3.909341e+01
7411.2500 1.110142e+01
7412.5000 2.913321e+01
7413.7500 1.227207e+01
7415.0000 4.671227e+00
7416.2500 2.303249e+01
7417.5000 2.922359e+01
7418.7500 3.152972e+01
7420.0000 1.848732e+01
7421.2500 1.723886e+01
7422.5000 3.076913e+01
7423.7500 2.818179e+01
7425.0000 2.724488e+01
7426.2500 2.474491e+01
7427.5000 2.769213e+01
7428.7500 -1.472961e+00
7430.0000 1.234386e+01
7431.2500 1.785301e+01
7432.5000 3.135246e+01
7433.7500 1.633681e+01
7435.0000 1.899299e+01
7436.2500 2.809064e+01
7437.5000 1.494536e+01
7438.7500 2.213788e+01
7440.0000 4.007227e+01
7441.2500 2.896082e+01
7442.5000 3.839224e+01
7443.7500 2.423444e+01
7445.0000 1.926037e+01
7446.2500 1.407469e+01
7447.5000 2.960855e+01
7448.7500 3.470208e+01
7450.0000 2.885824e+01
7451.2500 2.104327e+01
7452.5000 2.740353e+01
7453.7500 2.218225e+01
7455.0000 1.601181e+01
7456.2500 2.004876e+01
7457.5000 2.497205e+01
7458.7500 4.102055e+01
7460.0000 2.284019e+01
7461.2500 1.571818e+01
7462.5000 8.066041e-01
7463.7500 1.381568e+01
7465.0000 2.444118e+01
7466.2500 2.793428e+01
7467.5000 -4.492782e+00
7468.7500 7.098917e+00
7470.0000 1.024882e+01
7471.2500 4.202529e+01
7472.5000 1.083722e+02
7473.7500 7.751921e+01
7475.0000 3.262609e+01
7476.2500 4.829906e+01
7477.5000 1.709628e+02
7478.7500 1.664533e+02
7480.0000 5.604419e+01
7481.2500 3.216386e+01
7482.5000 2.570664e+01
7483.7500 4.870717e+01
7485.0000 3.506142e+01
7486.2500 1.217270e+01
7487.5000 1.574055e+01
7488.7500 2.373497e+01
7490.0000 1.810860e+01
7491.2500 5.727718e+00
7492.5000 1.416631e+01
7493.7500 1.540110e+01
7495.0000 1.951737e+01
7496.2500 2.563611e+01
7497.5000 2.818079e+01
7498.7500 2.174060e+01
7500.0000 2.872091e+01
7501.2500 3.200029e+01
7502.5000 2.827534e+01
7503.7500 2.956859e+01
7505.0000 2.037448e+01
7506.2500 1.669536e+01
7507.5000 3.918955e+01
7508.7500 3.857856e+01
7510.0000 2.506133e+01
7511.2500 1.244412e+01
7512.5000 4.202359e+01
7513.7500 1.553956e+01
7515.0000 2.205657e+00
7516.2500 1.199805e+01
7517.5000 2.966661e+01
7518.7500 9.554369e+00
7520.0000 2.950150e+01
7521.2500 2.243762e+01
7522.5000 3.461349e+01
7523.7500 4.181264e+01
7525.0000 -7.694080e+00
7526.2500 2.269332e+01
7527.5000 2.059469e+01
7528.7500 2.926834e+01
7530.0000 -1.593379e+01
7531.2500 1.526794e+01
7532.5000 3.723016e+01
7533.7500 2.483048e+01
7535.0000 1.635310e+01
7536.2500 5.228089e+00
7537.5000 1.548937e+01
7538.7500 2.375936e+01
7540.0000 1.331605e+01
7541.2500 2.991594e+01
7542.5000 1.325370e+01
7543.7500 4.451466e+01
7545.0000 3.079097e+01
7546.2500 4.537997e+01
7547.5000 3.035204e+01
7548.7500 1.722382e+01
7550.0000 4.002757e+01
7551.2500 3.498289e+01
7552.5000 2.938118e+01
7553.7500 2.957176e+01
7555.0000 3.148907e+01
7556.2500 3.027666e+01
7557.5000 5.763152e+01
7558.7500 2.365279e+01
7560.0000 1.126970e+01
7561.2500 2.446259e+01
7562.5000 1.891805e+01
7563.7500 1.440757e+01
7565.0000 1.540300e+01
7566.2500 1.390428e+01
7567.5000 9.608345e+00
7568.7500 9.428999e+00
7570.0000 2.904823e+01
7571.2500 7.680802e+01
7572.5000 -1.449664e+01
7573.7500 2.898140e+01
7575.0000 1.667742e+01
7576.2500 2.945446e+01
7577.5000 2.995523e+01
7578.7500 1.185275e+01
7580.0000 3.007212e+01
7581.2500 2.615874e+01
7582.5000 3.149689e+01
7583.7500 1.433434e+01
7585.0000 2.724301e+01
7586.2500 7.062617e+01
7587.5000 2.461706e+01
7588.7500 2.144590e+01
7590.0000 1.857236e+01
7591.2500 2.385610e+01
7592.5000 1.814542e+01
7593.7500 4.091765e+01
7595.0000 2.323507e+01
7596.2500 1.015883e+00
7597.5000 -3.595049e+00
7598.7500 3.965026e+01
7600.0000 -2.122327e+00
7601.2500 2.341085e+01
7602.5000 1.981613e+00
7603.7500 2.935983e+01
7605.0000 4.354920e+01
7606.2500 2.046816e+01
7607.5000 5.969493e+01
7608.7500 1.073422e+02
7610.0000 6.949423e+01
7611.2500 3.888504e+01
7612.5000 3.025937e+01
7613.7500 3.944576e+01
7615.0000 1.768463e+01
7616.2500 3.088577e+01
7617.5000 6.459143e+01
7618.7500 2.493277e+01
7620.0000 8.672217e+00
7621.2500 4.980597e+01
7622.5000 3.829285e+01
7623.7500 2.491719e+01
7625.0000 3.113021e+01
7626.2500 -1.281634e+01
7627.5000 5.178379e+01
7628.7500 3.940950e+01
7630.0000 -3.512666e+01
7631.2500 1.244113e+01
7632.5000 2.253641e+01
7633.7500 5.915726e+01
7635.0000 3.666959e+01
7636.2500 4.035152e+01
7637.5000 4.691578e+01
7638.7500 6.827132e+01
7640.0000 2.928257e+01
7641.2500 5.819250e+01
7642.5000 4.427981e+01
7643.7500 2.786000e+01
7645.0000 2.428373e+01
7646.2500 1.474593e+01
7647.5000 3.027623e+01
7648.7500 1.747682e+01
7650.0000 1.657234e+01
7651.2500 1.887165e+01
7652.5000 3.811592e+01
7653.7500 1.696453e+01
7655.0000 8.697022e+00
7656.2500 1.511017e+01
7657.5000 1.950429e+01
7658.7500 3.431118e+01
7660.0000 5.137465e+00
7661.2500 3.836497e+01
7662.5000 2.819935e+01
7663.7500 4.782716e+01
7665.0000 3.145088e+01
7666.2500 4.919220e+00
7667.5000 1.943468e+01
7668.7500 1.796476e+01
7670.0000 2.343103e+01
7671.2500 2.116731e+01
7672.5000 2.093037e+01
7673.7500 1.853386e+01
7675.0000 2.278164e+01
7676.2500 4.050788e+01
7677.5000 3.656244e+01
7678.7500 3.160192e+01
7680.0000 3.367892e+01
7681.2500 4.859396e+01
7682.5000 2.630379e+01
7683.7500 1.384890e+01
7685.0000 2.290127e+01
7686.2500 5.038558e+01
7687.5000 2.218461e+01
7688.7500 2.488291e+01
7690.0000 2.337655e+01
7691.2500 2.026197e+01
7692.5000 9.878206e+00
7693.7500 -5.095699e+00
7695.0000 1.917831e+01
7696.2500 2.985361e+01
7697.5000 2.859667e+01
7698.7500 3.294450e+01
7700.0000 1.168470e+01
7701.2500 2.371115e+01
7702.5000 1.885900e+01
7703.7500 1.798505e+01
7705.0000 4.893013e+00
7706.2500 1.272618e+00
7707.5000 2.565373e+01
7708.7500 2.587284e+01
7710.0000 5.035129e+01
7711.2500 -3.500190e+01
7712.5000 3.930706e+01
7713.7500 5.151631e+01
7715.0000 2.888533e+01
7716.2500 7.323299e+01
7717.5000 -1.347757e+01
7718.7500 1.902552e+01
7720.0000 3.276616e+01
7721.2500 3.255166e+01
7722.5000 3.301202e+01
7723.7500 1.287543e+01
7725.0000 1.260058e+01
7726.2500 -3.075915e+00
7727.5000 9.334467e+00
7728.7500 1.386164e+01
7730.0000 1.258544e+01
7731.2500 9.169524e+00
7732.5000 1.983188e+01
7733.7500 1.788147e+01
7735.0000 7.918310e+00
7736.2500 3.440546e+01
7737.5000 3.350798e+01
7738.7500 4.103588e+01
7740.0000 1.200006e+01
7741.2500 3.534476e+01
7742.5000 2.637897e+01
7743.7500 1.301033e+01
7745.0000 2.072381e+01
7746.2500 1.621634e+01
7747.5000 6.362435e+01
7748.7500 8.807568e+01
7750.0000 9.403965e+01
7751.2500 5.106187e+01
7752.5000 4.204293e+01
7753.7500 3.419923e+01
7755.0000 3.483195e+01
7756.2500 3.051533e+01
7757.5000 3.979509e+01
7758.7500 9.108207e+00
7760.0000 3.370179e+01
7761.2500 2.933404e+01
7762.5000 2.780069e+01
7763.7500 2.991047e+01
7765.0000 2.303374e+01
7766.2500 2.599844e+01
7767.5000 2.321229e+01
7768.7500 2.289994e+01
7770.0000 2.660472e+01
7771.2500 4.449611e+00
7772.5000 2.046118e+01
7773.7500 5.266719e+01
7775.0000 5.507805e+01
7776.2500 4.634981e+00
7777.5000 1.808775e+01
7778.7500 1.580004e+01
7780.0000 3.165305e+01
7781.2500 2.486396e+01
7782.5000 3.215356e+01
7783.7500 2.760234e+01
7785.0000 1.271523e+01
7786.2500 3.575084e+01
7787.5000 4.619554e+01
7788.7500 4.048534e+01
7790.0000 1.391111e+01
7791.2500 5.087564e+01
7792.5000 -5.874030e+00
7793.7500 -3.898243e+01
7795.0000 -1.902726e+01
7796.2500 2.916728e+01
7797.5000 3.076977e+01
7798.7500 4.106058e+01
7800.0000 2.986368e+01
7801.2500 2.408190e+01
7802.5000 2.400843e+01
7803.7500 1.517731e+01
7805.0000 2.560375e+01
7806.2500 2.020289e+01
7807.5000 -2.889668e+01
7808.7500 6.294432e+00
7810.0000 -1.196680e-01
7811.2500 2.616338e+01
7812.5000 1.874295e+01
7813.7500 1.879596e+01
7815.0000 2.254254e+01
7816.2500 1.415046e+01
7817.5000 3.260400e+01
7818.7500 6.649164e+01
7820.0000 3.563926e+01
7821.2500 -3.141135e+01
7822.5000 -4.110732e+01
7823.7500 8.073507e+00
7825.0000 2.854452e+01
7826.2500 2.094808e+01
7827.5000 1.529639e+01
7828.7500 3.898029e+01
7830.0000 2.305197e+01
7831.2500 4.444061e+01
7832.5000 5.020640e+01
7833.7500 3.628954e+01
7835.0000 2.396582e+01
7836.2500 -2.620174e+00
7837.5000 1.110301e+01
7838.7500 5.190436e+01
7840.0000 1.630946e+01
7841.2500 1.050153e+01
7842.5000 1.032201e+01
7843.7500 1.952831e+01
7845.0000 4.111838e+01
7846.2500 3.354526e+01
7847.5000 7.154498e+00
7848.7500 2.172332e+01
7850.0000 2.582518e+01
7851.2500 3.873875e+01
7852.5000 1.306355e+01
7853.7500 5.595135e+01
7855.0000 2.158924e+01
7856.2500 2.946893e+01
7857.5000 9.230659e+00
7858.7500 -5.384174e+00
7860.0000 3.276931e+01
7861.2500 1.711145e+01
7862.5000 3.060692e+01
7863.7500 3.137570e+01
7865.0000 4.604878e+01
7866.2500 3.281886e+01
7867.5000 3.107458e+01
7868.7500 1.911324e+01
7870.0000 2.463619e+01
7871.2500 5.482820e+00
7872.5000 2.639622e+01
7873.7500 3.419791e+01
7875.0000 2.902444e+01
7876.2500 4.195707e+01
7877.5000 2.115301e+01
7878.7500 4.383300e+01
7880.0000 -1.718472e+01
7881.2500 2.562136e+01
7882.5000 2.483932e+01
7883.7500 3.294456e+01
7885.0000 2.151946e+01
7886.2500 3.872122e+01
7887.5000 4.491773e+01
7888.7500 3.499204e+01
7890.0000 1.237659e+01
7891.2500 1.394511e+01
7892.5000 4.963213e+01
7893.7500 2.009693e+01
7895.0000 5.752230e+00
7896.2500 1.980763e+01
7897.5000 3.688197e+01
7898.7500 3.346714e+01
7900.0000 3.082950e+01
7901.2500 2.701748e+01
7902.5000 4.036021e+01
7903.7500 1.376352e+01
7905.0000 3.341971e+01
7906.2500 3.463002e+01
7907.5000 2.316163e+01
7908.7500 1.680387e+01
7910.0000 3.487430e+01
7911.2500 6.943912e+01
7912.5000 2.773200e+00
7913.7500 3.624377e+01
7915.0000 3.471931e+01
7916.2500 4.135691e+01
7917.5000 -2.373130e-01
7918.7500 5.978281e+00
7920.0000 3.093973e+01
7921.2500 6.456785e+01
7922.5000 2.314315e+01
7923.7500 2.982531e+01
7925.0000 3.006028e+01
7926.2500 4.471857e+00
7927.5000 3.511354e+01
7928.7500 6.000030e+01
7930.0000 4.890865e+01
7931.2500 6.074198e+01
7932.5000 1.997503e+01
7933.7500 3.505804e+01
7935.0000 2.200132e+01
7936.2500 2.139929e+01
7937.5000 1.489690e+01
7938.7500 2.818917e+00
7940.0000 3.786303e+01
7941.2500 3.197376e+01
7942.5000 1.823206e+01
7943.7500 3.732612e+01
7945.0000 6.950907e+00
7946.2500 3.519371e+01
7947.5000 3.367039e+01
7948.7500 4.621071e+01
7950.0000 -5.267126e+00
7951.2500 2.038503e+01
7952.5000 2.771421e+01
7953.7500 3.200390e+01
7955.0000 2.346409e+01
7956.2500 2.195950e+01
7957.5000 2.297072e+01
7958.7500 8.776022e+00
7960.0000 2.200556e+01
7961.2500 5.014294e+01
7962.5000 8.515173e+00
7963.7500 -2.362274e+01
7965.0000 7.880704e+01
7966.2500 -9.684534e+00
7967.5000 3.939025e+01
7968.7500 2.108928e+01
7970.0000 2.001092e+01
7971.2500 2.497831e+01
7972.5000 1.415099e+01
7973.7500 1.965111e+01
7975.0000 2.582590e+01
7976.2500 6.418452e+00
7977.5000 1.948856e+01
7978.7500 1.955490e+01
7980.0000 5.112402e+00
7981.2500 1.347792e+01
7982.5000 2.189914e+01
7983.7500 2.913870e+01
7985.0000 2.534972e+01
7986.2500 2.538736e+01
7987.5000 2.196766e+01
7988.7500 1.095787e+01
7990.0000 5.545686e+01
7991.2500 2.705953e+01
7992.5000 4.689702e+01
7993.7500 6.775191e+01
7995.0000 4.376678e+00
7996.2500 2.579347e+01
7997.5000 2.348088e+01
7998.7500 2.402004e+01
8000.0000 3.283351e+01
8001.2500 1.674421e+01
8002.5000 2.659548e+01
8003.7500 3.794725e+01
8005.0000 4.050301e+01
8006.2500 2.628040e+01
8007.5000 3.832409e+01
8008.7500 3.600515e+01
8010.0000 2.860418e+01
8011.2500 3.379150e+01
8012.5000 -3.000686e+00
8013.7500 -1.448579e+01
8015.0000 4.617490e+01
8016.2500 1.844610e+01
8017.5000 1.884417e+01
8018.7500 2.254443e+01
8020.0000 4.035909e+01
8021.2500 3.368242e+01
8022.5000 3.538763e+01
8023.7500 5.063884e+01
8025.0000 4.431212e+01
8026.2500 -7.373061e+00
8027.5000 1.292000e+01
8028.7500 2.391320e+01
8030.0000 8.091755e+00
8031.2500 8.945423e+00
8032.5000 1.158868e+01
8033.7500 3.842780e+01
8035.0000 2.118034e+01
8036.2500 2.889820e+01
8037.5000 3.260097e+01
8038.7500 2.262515e+01
8040.0000 2.472204e+01
8041.2500 3.069207e+01
8042.5000 3.156604e+01
8043.7500 2.843602e+01
8045.0000 3.154364e+01
8046.2500 1.970477e+01
8047.5000 2.713315e+01
8048.7500 1.829838e+01
8050.0000 3.018475e+01
8051.2500 5.471864e+01
8052.5000 3.002561e+01
8053.7500 1.260617e+01
8055.0000 1.518251e+01
8056.2500 9.753141e+00
8057.5000 2.827357e+01
8058.7500 3.537818e+01
8060.0000 2.933870e+01
8061.2500 7.675351e+00
8062.5000 4.306410e+01
8063.7500 3.727578e+01
8065.0000 5.369571e+01
8066.2500 4.498019e+01
8067.5000 2.944793e+01
8068.7500 2.110481e+01
8070.0000 2.114838e+01
8071.2500 6.758348e+00
8072.5000 1.307453e+01
8073.7500 3.488705e+01
8075.0000 2.995900e+01
8076.2500 2.891500e+01
8077.5000 2.809938e+01
8078.7500 4.228432e+01
8080.0000 3.966836e+01
8081.2500 2.093290e+01
8082.5000 3.442462e+01
8083.7500 1.894428e+01
8085.0000 2.858151e+01
8086.2500 4.951498e+01
8087.5000 2.140749e+01
8088.7500 3.217637e+01
8090.0000 3.948960e+01
8091.2500 2.149767e+01
8092.5000 2.693858e+01
8093.7500 4.026778e+01
8095.0000 2.146963e+01
8096.2500 3.697673e+01
8097.5000 2.469075e+01
8098.7500 1.318705e+01
8100.0000 2.661048e+01
8101.2500 -2.110410e-01
8102.5000 2.628137e+01
8103.7500 2.590952e+01
8105.0000 3.891642e+01
8106.2500 3.330207e+01
8107.5000 4.812385e+01
8108.7500 3.143290e+01
8110.0000 2.905343e+01
8111.2500 4.081842e+01
8112.5000 4.505164e+01
8113.7500 2.368690e+01
8115.0000 4.743036e+01
8116.2500 3.202565e+01
8117.5000 2.915990e+01
8118.7500 4.089281e+01
8120.0000 4.852783e+01
8121.2500 4.279168e+01
8122.5000 3.228474e+01
8123.7500 2.112392e+01
8125.0000 3.531765e+01
8126.2500 3.432312e+01
8127.5000 4.418070e+01
8128.7500 3.765282e+01
8130.0000 3.162782e+01
8131.2500 4.975622e+01
8132.5000 2.827609e+01
8133.7500 4.346970e+01
8135.0000 3.593151e+01
8136.2500 2.518268e+01
8137.5000 2.179059e+01
8138.7500 2.943280e+01
8140.0000 2.945255e+01
8141.2500 3.431201e+01
8142.5000 2.844160e+01
8143.7500 3.833311e+01
8145.0000 1.226473e+01
8146.2500 3.576411e+01
8147.5000 2.712224e+01
8148.7500 2.534716e+01
8150.0000 2.815880e+01
8151.2500 4.000915e+01
8152.5000 4.328625e+01
8153.7500 3.255021e+01
8155.0000 2.952843e+01
8156.2500 4.511694e+01
8157.5000 2.442868e+01
8158.7500 4.134655e+01
8160.0000 3.436166e+01
8161.2500 1.192581e+01
8162.5000 1.314872e+01
8163.7500 3.079623e+01
8165.0000 2.318913e+01
8166.2500 1.722814e+01
8167.5000 3.181619e+01
8168.7500 4.221217e+01
8170.0000 3.782335e+01
8171.2500 3.791853e+01
8172.5000 4.110952e+01
8173.7500 2.256355e+01
8175.0000 1.753032e+01
8176.2500 2.301056e+01
8177.5000 1.348280e+01
8178.7500 2.434331e+01
8180.0000 3.261991e+01
8181.2500 2.731548e+01
8182.5000 2.695452e+01
8183.7500 4.065192e+01
8185.0000 3.756623e+01
8186.2500 4.218663e+01
8187.5000 3.082941e+01
8188.7500 1.685695e+01
8190.0000 3.907001e+01
8191.2500 3.367585e+01
8192.5000 4.132460e+01
8193.7500 3.235340e+01
8195.0000 2.233311e+01
8196.2500 3.700356e+01
8197.5000 3.846470e+01
8198.7500 3.565141e+01
8200.0000 1.939860e+01
8201.2500 3.487608e+01
8202.5000 2.663107e+01
8203.7500 2.902753e+01
8205.0000 2.739371e+01
8206.2500 2.132211e+01
8207.5000 5.143334e+00
8208.7500 3.629524e+01
8210.0000 2.989665e+01
8211.2500 2.591333e+01
8212.5000 2.887164e+01
8213.7500 3.846537e+01
8215.0000 3.013731e+01
8216.2500 2.225062e+01
8217.5000 3.087347e+01
8218.7500 3.701058e+01
8220.0000 1.245196e+01
8221.2500 2.885380e-01
8222.5000 3.179799e+01
8223.7500 3.995222e+01
8225.0000 5.509990e+01
8226.2500 5.641034e+01
8227.5000 4.073090e+01
8228.7500 2.498996e+01
8230.0000 1.990651e+01
8231.2500 2.597248e+01
8232.5000 1.861639e+01
8233.7500 1.461378e+01
8235.0000 1.494034e+01
8236.2500 4.160303e+01
8237.5000 4.103263e+01
8238.7500 3.425124e+01
8240.0000 5.060656e+01
8241.2500 4.082565e+01
8242.5000 2.339536e+01
8243.7500 3.061625e+01
8245.0000 4.260587e+01
8246.2500 2.778867e+01
8247.5000 1.917038e+01
8248.7500 2.958774e+01
8250.0000 3.119973e+01
8251.2500 4.128357e+01
8252.5000 3.151463e+01
8253.7500 2.931859e+01
8255.0000 1.037554e+01
8256.2500 5.725762e+01
8257.5000 4.796251e+01
8258.7500 1.920929e+01
8260.0000 2.730296e+01
8261.2500 3.605193e+01
8262.5000 1.808245e+01
8263.7500 3.158402e+01
8265.0000 3.142936e+01
8266.2500 1.877052e+01
8267.5000 3.076598e+01
8268.7500 2.763960e+01
8270.0000 3.660285e+01
8271.2500 2.960321e+01
8272.5000 3.264973e+01
8273.7500 3.749494e+01
8275.0000 2.429509e+01
8276.2500 2.625818e+01
8277.5000 5.537860e+00
8278.7500 -3.174744e+01
8280.0000 2.998917e+01
8281.2500 6.352303e+01
8282.5000 5.717339e+01
8283.7500 3.136423e+01
8285.0000 3.352835e+01
8286.2500 6.587802e+01
8287.5000 5.486888e+01
8288.7500 2.559363e+00
8290.0000 8.949957e+00
8291.2500 8.720407e+00
8292.5000 2.415640e+01
8293.7500 2.945949e+01
8295.0000 2.816045e+01
8296.2500 1.307405e+01
8297.5000 1.415003e+01
8298.7500 2.146455e+01
8300.0000 1.534097e+01
8301.2500 3.104643e+01
8302.5000 2.338032e+01
8303.7500 -2.384160e+00
8305.0000 2.317141e+01
8306.2500 3.420104e+01
8307.5000 2.786476e+01
8308.7500 -8.100534e+00
8310.0000 1.470066e+01
8311.2500 5.724857e+01
8312.5000 2.955470e+01
8313.7500 2.447892e+01
8315.0000 3.236475e+01
8316.2500 1.293461e+01
8317.5000 1.790687e+01
8318.7500 2.444622e+01
8320.0000 2.564554e+01
8321.2500 2.825865e+01
8322.5000 3.349840e+01
8323.7500 2.088085e+01
8325.0000 2.294591e+01
8326.2500 3.221231e+01
8327.5000 2.166233e+01
8328.7500 1.787021e+01
8330.0000 1.745088e+01
8331.2500 3.281828e+01
8332.5000 2.671237e+01
8333.7500 3.972807e+01
8335.0000 2.910402e+01
8336.2500 1.650624e+01
8337.5000 4.363302e+01
8338.7500 1.401653e+01
8340.0000 2.609654e+01
8341.2500 5.637004e+01
8342.5000 4.263566e-01
8343.7500 3.284335e+01
8345.0000 1.960520e+01
8346.2500 1.603352e+01
8347.5000 3.854012e+01
8348.7500 3.840548e+01
8350.0000 6.377851e+01
8351.2500 -1.859691e+01
8352.5000 5.238594e+00
8353.7500 1.375943e+02
8355.0000 3.172194e+01
8356.2500 3.750715e+01
8357.5000 1.986415e+01
8358.7500 2.175265e+01
8360.0000 2.464084e+01
8361.2500 2.969440e+01
8362.5000 1.404667e+01
8363.7500 2.741547e+01
8365.0000 2.514799e+01
8366.2500 3.493483e+01
8367.5000 2.060974e+01
8368.7500 4.906919e+01
8370.0000 3.811146e+00
8371.2500 2.907942e+01
8372.5000 5.426551e+01
8373.7500 3.261673e+01
8375.0000 3.450160e+01
8376.2500 4.540884e+01
8377.5000 2.963720e+01
8378.7500 4.223318e+01
8380.0000 2.056794e+01
8381.2500 4.226484e+01
8382.5000 7.639368e+01
8383.7500 1.997383e+01
8385.0000 3.163498e+01
8386.2500 3.269279e+01
8387.5000 2.065504e+01
8388.7500 1.570084e+01
8390.0000 2.745534e+01
8391.2500 2.572944e+01
8392.5000 1.581738e+01
8393.7500 4.882514e+01
8395.0000 2.831109e+01
8396.2500 2.293565e+01
8397.5000 1.857933e+01
8398.7500 3.240264e+01
8400.0000 3.141771e+01
8401.2500 8.983150e+01
8402.5000 4.139301e+01
8403.7500 2.938363e+01
8405.0000 3.258158e+01
8406.2500 4.033066e+01
8407.5000 4.036774e+01
8408.7500 1.640230e+01
8410.0000 1.661037e+01
8411.2500 4.706946e+01
8412.5000 5.315917e+01
8413.7500 7.254405e+01
8415.0000 3.273786e+01
8416.2500 2.869305e+01
8417.5000 3.189601e+01
8418.7500 1.943000e+01
8420.0000 4.182651e+01
8421.2500 1.984904e+01
8422.5000 3.765826e+01
8423.7500 3.411028e+01
8425.0000 1.650522e+01
8426.2500 2.261922e+01
8427.5000 1.106733e+02
8428.7500 2.649664e+01
8430.0000 3.052955e+01
8431.2500 3.141677e+01
8432.5000 5.781807e+01
8433.7500 2.829966e+01
8435.0000 5.058404e+01
8436.2500 3.403613e+01
8437.5000 2.981809e+01
8438.7500 1.728609e+01
8440.0000 2.617689e+01
8441.2500 3.114475e+01
8442.5000 2.184399e+01
8443.7500 3.221004e+01
8445.0000 1.433201e+01
8446.2500 5.492077e+00
8447.5000 1.201175e+01
8448.7500 4.132770e+01
8450.0000 5.690384e+01
8451.2500 6.197276e+01
8452.5000 6.130170e+01
8453.7500 4.770201e+01
8455.0000 7.215921e+01
8456.2500 3.442068e+01
8457.5000 4.084551e+01
8458.7500 1.547764e+01
8460.0000 1.152330e+01
8461.2500 2.378878e+00
8462.5000 8.046408e+01
8463.7500 5.727421e+01
8465.0000 3.432004e+01
8466.2500 4.078023e+00
8467.5000 2.448772e+01
8468.7500 3.118747e+01
8470.0000 4.314716e+01
8471.2500 2.808278e+01
8472.5000 4.374253e+01
8473.7500 3.007738e+01
8475.0000 4.518065e+01
8476.2500 2.376764e+01
8477.5000 1.457967e+01
8478.7500 2.845188e+01
8480.0000 3.064088e+01
8481.2500 1.983995e+01
8482.5000 2.685349e+01
8483.7500 3.214440e+01
8485.0000 2.708128e+01
8486.2500 3.312923e+01
8487.5000 2.728440e+01
8488.7500 3.158492e+01
8490.0000 3.566790e+01
8491.2500 3.502275e+01
8492.5000 7.264492e+00
8493.7500 3.009523e+01
8495.0000 1.417669e+01
8496.2500 1.535343e+01
8497.5000 3.291144e+01
8498.7500 2.231285e+01
8500.0000 2.831643e+01
8501.2500 2.308571e+01
8502.5000 3.232026e+01
8503.7500 6.447225e+01
8505.0000 3.358279e+01
8506.2500 -1.716244e+01
8507.5000 4.820238e+01
8508.7500 4.125014e+01
8510.0000 1.948556e+01
8511.2500 2.978506e+01
8512.5000 4.344677e+01
8513.7500 3.167353e+01
8515.0000 2.658334e+01
8516.2500 2.462217e+01
8517.5000 5.325615e+01
8518.7500 4.183665e+01
8520.0000 2.668283e+01
8521.2500 1.814470e+01
8522.5000 3.542919e+01
8523.7500 2.542089e+01
8525.0000 2.300890e+01
8526.2500 1.411336e+01
8527.5000 2.038734e+01
8528.7500 2.287993e+01
8530.0000 3.421875e+01
8531.2500 3.007799e+01
8532.5000 2.011414e+01
8533.7500 1.965741e+01
8535.0000 3.597781e+01
8536.2500 3.318979e+01
8537.5000 4.486207e+01
8538.7500 3.699495e+01
8540.0000 2.908658e+01
8541.2500 1.731547e+01
8542.5000 4.811943e+01
8543.7500 3.425844e+01
8545.0000 3.372305e+01
8546.2500 2.198710e+01
8547.5000 -6.761794e+00
8548.7500 4.209831e+01
8550.0000 3.746917e+01
8551.2500 2.722152e+01
8552.5000 3.921809e+01
8553.7500 2.759038e+01
8555.0000 3.886942e+01
8556.2500 2.271897e+01
8557.5000 1.671063e+01
8558.7500 1.474608e+01
8560.0000 3.527808e+01
8561.2500 4.426091e+01
8562.5000 1.719048e+01
8563.7500 2.723141e+01
8565.0000 3.524518e+01
8566.2500 2.807121e+01
8567.5000 2.637810e+01
8568.7500 2.156505e+01
8570.0000 1.670370e+01
8571.2500 3.070629e+01
8572.5000 2.259903e+01
8573.7500 6.094324e+01
8575.0000 3.897915e+01
8576.2500 1.321090e+01
8577.5000 1.669017e+01
8578.7500 1.578806e+01
8580.0000 2.459965e+01
8581.2500 2.896782e+01
8582.5000 1.909857e+01
8583.7500 2.810226e+01
8585.0000 4.462963e+01
8586.2500 3.709428e+01
8587.5000 5.613701e+01
8588.7500 3.638020e+01
8590.0000 2.773573e+01
8591.2500 3.702180e+01
8592.5000 3.135044e+01
8593.7500 2.958074e+01
8595.0000 4.226599e+01
8596.2500 4.722509e+01
8597.5000 5.312703e+01
8598.7500 4.599480e+01
8600.0000 2.709524e+01
8601.2500 2.879222e+01
8602.5000 3.535480e+01
8603.7500 3.594496e+01
8605.0000 4.229366e+01
8606.2500 4.327934e+01
8607.5000 4.830598e+01
8608.7500 3.080980e+01
8610.0000 5.202998e+01
8611.2500 1.561542e+01
8612.5000 4.787959e+01
8613.7500 3.842027e+01
8615.0000 1.195627e+01
8616.2500 4.034538e+01
8617.5000 3.439261e+01
8618.7500 3.706298e+01
8620.0000 -1.344463e+01
8621.2500 1.507664e+01
8622.5000 8.936433e+00
8623.7500 -2.945198e+00
8625.0000 3.161950e+01
8626.2500 3.194403e+01
8627.5000 -7.164059e+00
8628.7500 8.189211e+00
8630.0000 3.330645e+00
8631.2500 4.024021e+01
8632.5000 4.339922e+01
8633.7500 3.230243e+00
8635.0000 -3.504956e+01
8636.2500 1.660836e+01
8637.5000 2.979278e+01
8638.7500 4.636053e+01
8640.0000 3.767303e+01
8641.2500 1.935973e+01
8642.5000 1.656647e+01
8643.7500 3.432015e+01
8645.0000 -4.748589e+00
8646.2500 8.268705e+00
8647.5000 4.380561e+01
8648.7500 -1.925525e+00
8650.0000 1.030594e+01
8651.2500 5.274488e+01
8652.5000 1.397979e+01
8653.7500 4.261803e+01
8655.0000 9.461922e+00
8656.2500 1.177906e+01
8657.5000 -9.022337e+00
8658.7500 1.775712e+01
8660.0000 5.204406e+00
8661.2500 2.337868e+01
8662.5000 2.596266e+01
8663.7500 6.023986e+01
8665.0000 4.361486e+01
8666.2500 2.015934e+01
8667.5000 1.687540e+01
8668.7500 6.016632e+00
8670.0000 1.309016e+01
8671.2500 2.867253e+01
8672.5000 2.034200e+01
8673.7500 1.611540e+01
8675.0000 3.851115e-01
8676.2500 2.405983e+00
8677.5000 6.078581e+00
8678.7500 2.756704e+01
8680.0000 -1.056714e+00
8681.2500 2.533322e+01
8682.5000 3.086249e+01
8683.7500 3.198846e+01
8685.0000 4.445589e+01
8686.2500 1.118704e+01
8687.5000 2.255607e+01
8688.7500 3.471165e+01
8690.0000 2.602983e+01
8691.2500 1.406801e+01
8692.5000 3.634242e+01
8693.7500 5.702192e+00
8695.0000 -5.135888e+00
8696.2500 1.763647e+01
8697.5000 1.632489e+01
8698.7500 1.496424e+01
8700.0000 4.863544e+01
8701.2500 2.221027e+01
8702.5000 2.354593e+01
8703.7500 3.462492e+01
8705.0000 5.456708e+01
8706.2500 3.319719e+01
8707.5000 4.752724e+01
8708.7500 3.141782e+01
8710.0000 2.398824e+01
8711.2500 3.480980e+01
8712.5000 1.866043e+01
8713.7500 2.871045e+01
8715.0000 1.829030e+01
8716.2500 2.880800e+01
8717.5000 3.190614e+01
8718.7500 6.304174e+00
8720.0000 2.511512e+01
8721.2500 3.359631e+01
8722.5000 4.771017e+01
8723.7500 2.410046e+01
8725.0000 3.394153e+01
8726.2500 3.060082e+01
8727.5000 3.095709e+01
8728.7500 1.882898e+01
8730.0000 2.067118e+01
8731.2500 4.860036e+01
8732.5000 3.115319e+01
8733.7500 2.029534e+01
8735.0000 4.434846e+01
8736.2500 3.591593e+01
8737.5000 2.769299e+01
8738.7500 1.123966e+01
8740.0000 2.192584e+01
8741.2500 3.255288e+01
8742.5000 4.014602e+01
8743.7500 4.144741e+01
8745.0000 3.582804e+01
8746.2500 3.033101e+01
8747.5000 1.589833e+01
8748.7500 8.368857e+00
8750.0000 1.393675e+01
8751.2500 2.437324e+01
8752.5000 1.920572e+01
8753.7500 2.162803e+01
8755.0000 1.431366e+01
8756.2500 2.854852e+00
8757.5000 2.651064e+01
8758.7500 5.232856e+01
8760.0000 -4.104816e+01
8761.2500 5.576344e+00
8762.5000 -6.723864e+01
8763.7500 3.102311e+01
8765.0000 2.305843e+01
8766.2500 5.768600e+01
8767.5000 5.480668e+01
8768.7500 -1.675461e+01
8770.0000 -3.124887e+01
8771.2500 -9.716573e+00
8772.5000 2.732933e+01
8773.7500 7.406023e+01
8775.0000 5.832641e+01
8776.2500 9.478725e+01
8777.5000 9.458399e+01
8778.7500 -1.007603e+02
8780.0000 -7.470284e+00
8781.2500 5.170168e+01
8782.5000 4.556650e+00
8783.7500 4.669114e+01
8785.0000 1.618924e+01
8786.2500 2.922796e+00
8787.5000 2.231866e+01
8788.7500 4.174516e+01
8790.0000 5.412629e+01
8791.2500 -3.234099e+01
8792.5000 -3.189194e+01
8793.7500 6.430553e+00
8795.0000 2.243995e+01
8796.2500 2.133169e+01
8797.5000 4.118479e+00
8798.7500 1.247463e+01
8800.0000 2.570865e+01
8801.2500 4.681796e+01
8802.5000 1.720560e+01
8803.7500 1.844323e+01
8805.0000 1.646253e+01
8806.2500 7.559356e+00
8807.5000 1.321022e+01
8808.7500 2.465095e+01
8810.0000 1.988814e+01
8811.2500 1.115443e+01
8812.5000 3.126871e+01
8813.7500 3.045075e+01
8815.0000 2.879739e+01
8816.2500 3.480586e+01
8817.5000 2.610100e+01
8818.7500 2.662889e+01
8820.0000 2.145630e+01
8821.2500 2.474928e+01
8822.5000 7.586708e+00
8823.7500 -3.527757e+01
8825.0000 1.352065e+02
8826.2500 8.029389e+00
8827.5000 2.144498e+01
8828.7500 6.790978e+01
8830.0000 -1.990643e+01
8831.2500 -1.707517e+01
8832.5000 -9.905992e+00
8833.7500 3.322195e+01
8835.0000 -9.309905e+01
8836.2500 2.000443e+01
8837.5000 -7.215235e+00
8838.7500 1.280712e+01
8840.0000 6.525384e+00
8841.2500 2.393274e+01
8842.5000 1.426996e+01
8843.7500 1.974265e+01
8845.0000 3.910054e+01
8846.2500 1.767204e+01
8847.5000 5.281968e+00
8848.7500 2.732568e+01
8850.0000 2.531639e+01
8851.2500 -4.263946e+00
8852.5000 3.373801e+01
8853.7500 2.144757e+01
8855.0000 4.643139e+01
8856.2500 1.023500e+01
8857.5000 1.378365e+01
8858.7500 1.289230e+01
8860.0000 1.054975e+01
8861.2500 -6.854591e+00
8862.5000 -3.568545e+00
8863.7500 1.628433e+01
8865.0000 5.415548e+01
8866.2500 -6.840344e+00
8867.5000 8.226924e+01
8868.7500 3.791844e+01
8870.0000 -2.497722e+01
8871.2500 4.769963e+01
8872.5000 3.175518e+01
8873.7500 1.550474e+01
8875.0000 1.694761e+01
8876.2500 8.217163e+00
8877.5000 1.738457e+01
8878.7500 1.178592e+01
8880.0000 9.731959e+00
8881.2500 -2.104027e+01
8882.5000 -1.504827e+00
8883.7500 5.073047e+01
8885.0000 3.155807e+01
8886.2500 2.494306e+01
8887.5000 5.272886e+01
8888.7500 2.033728e+01
8890.0000 2.970983e+01
8891.2500 1.623852e+01
8892.5000 3.928705e+01
8893.7500 1.791656e+01
8895.0000 1.821106e+01
8896.2500 1.527940e+01
8897.5000 4.825515e+00
8898.7500 3.052742e+01
8900.0000 2.453062e+01
8901.2500 -9.769870e+00
8902.5000 8.569090e+00
8903.7500 -2.171823e+01
8905.0000 -3.515611e+01
8906.2500 4.365262e+01
8907.5000 1.338197e+01
8908.7500 1.565574e+01
8910.0000 1.242659e+01
8911.2500 1.094185e+01
8912.5000 1.334906e+01
8913.7500 1.725061e+01
8915.0000 1.777165e+00
8916.2500 4.105299e+01
8917.5000 -1.239423e+02
8918.7500 3.985970e+01
8920.0000 1.033761e+01
8921.2500 2.570981e+01
8922.5000 8.234660e+01
8923.7500 1.238242e+01
8925.0000 1.639793e+01
8926.2500 4.280704e+01
8927.5000 5.050443e+01
8928.7500 2.279881e+01
8930.0000 2.558817e+01
8931.2500 1.248618e+01
8932.5000 3.150072e+01
8933.7500 2.118721e+01
8935.0000 3.565072e+01
8936.2500 3.131451e+01
8937.5000 5.491475e+01
8938.7500 3.314976e+00
8940.0000 3.722049e+01
8941.2500 6.411656e+01
8942.5000 -1.926621e+01
8943.7500 -9.467490e+01
8945.0000 -1.170232e+01
8946.2500 4.045688e+01
8947.5000 3.282207e+01
8948.7500 2.282489e+01
8950.0000 7.989566e+00
8951.2500 5.740098e+00
8952.5000 1.593736e+01
8953.7500 1.615999e+01
8955.0000 3.240932e+01
8956.2500 -5.847145e+01
8957.5000 3.948461e+01
8958.7500 4.707720e+01
8960.0000 9.137958e+01
8961.2500 1.172180e+01
8962.5000 -5.167797e+00
8963.7500 1.599800e+01
8965.0000 3.858154e+01
8966.2500 2.221558e+01
8967.5000 1.442511e+01
8968.7500 2.599960e+01
8970.0000 1.741710e+01
8971.2500 3.240176e+01
8972.5000 2.993859e+01
8973.7500 5.114477e+01
8975.0000 1.128191e+01
8976.2500 3.388549e+01
8977.5000 3.529294e+01
8978.7500 1.872210e+01
8980.0000 -1.820019e+00
8981.2500 1.759804e+00
8982.5000 3.729840e+00
8983.7500 1.860111e+01
8985.0000 5.556327e+01
8986.2500 1.638882e+01
8987.5000 2.817079e+01
8988.7500 8.490718e+01
8990.0000 -1.530332e+01
8991.2500 1.033604e+01
8992.5000 1.345933e+01
8993.7500 1.817648e+01
8995.0000 3.671973e+01
8996.2500 2.795121e+01
8997.5000 4.730809e+01
8998.7500 3.178437e+01
9000.0000 2.129566e+01
9001.2500 5.245923e+01
9002.5000 9.345270e+01
9003.7500 1.681991e+01
9005.0000 9.257511e+00
9006.2500 1.639418e+01
9007.5000 1.994502e+01
9008.7500 1.918548e+01
9010.0000 2.886385e+01
9011.2500 2.784723e+01
9012.5000 2.583053e+01
9013.7500 1.916129e+01
9015.0000 2.817825e+01
9016.2500 8.645379e+00
9017.5000 1.523004e+01
9018.7500 4.468594e+01
9020.0000 2.691657e+01
9021.2500 1.520786e+01
9022.5000 1.628410e+01
9023.7500 2.699747e+01
9025.0000 3.636505e+01
9026.2500 2.885209e+01
9027.5000 3.416707e+01
9028.7500 1.971060e+01
9030.0000 2.962845e+01
9031.2500 3.142021e+01
9032.5000 2.460363e+01
9033.7500 2.692774e+01
9035.0000 2.605385e+01
9036.2500 2.657991e+01
9037.5000 4.254381e+01
9038.7500 5.507039e+01
9040.0000 2.890431e+01
9041.2500 1.037135e+01
9042.5000 4.148666e+01
9043.7500 2.893728e+01
9045.0000 1.792763e+01
9046.2500 3.484540e+01
9047.5000 3.180895e+01
9048.7500 1.527643e+01
9050.0000 5.283089e+00
9051.2500 1.376265e+01
9052.5000 3.015822e+01
9053.7500 3.554735e+01
9055.0000 3.702496e+01
9056.2500 1.704851e+01
9057.5000 2.701026e+01
9058.7500 2.538369e+01
9060.0000 4.668660e+01
9061.2500 2.672637e+01
9062.5000 3.889269e+01
9063.7500 3.704072e+01
9065.0000 3.692430e+01
9066.2500 1.722988e+01
9067.5000 3.387687e+01
9068.7500 2.496666e+01
9070.0000 2.373796e+01
9071.2500 2.725272e+00
9072.5000 2.437827e+01
9073.7500 2.096146e+01
9075.0000 1.741502e+01
9076.2500 1.437645e+01
9077.5000 2.381531e+01
9078.7500 2.690840e+01
9080.0000 2.835192e+01
9081.2500 1.973733e+01
9082.5000 1.936078e+01
9083.7500 2.540586e+01
9085.0000 1.489886e+01
9086.2500 1.284229e+01
9087.5000 8.739636e+00
9088.7500 2.158762e+01
9090.0000 1.578320e+01
9091.2500 3.737369e+01
9092.5000 1.973164e+01
9093.7500 -8.530306e+00
9095.0000 4.616406e+01
9096.2500 2.164222e+01
9097.5000 3.136172e+01
9098.7500 4.253153e+01
9100.0000 8.532915e+00
9101.2500 -5.047280e+01
9102.5000 3.368737e+01
9103.7500 2.693290e+01
9105.0000 2.995269e+01
9106.2500 1.536137e+01
9107.5000 2.808058e+01
9108.7500 3.296286e+01
9110.0000 3.666983e+01
9111.2500 4.296672e+01
9112.5000 4.611806e+01
9113.7500 1.744417e+01
9115.0000 7.432262e-01
9116.2500 2.698888e+01
9117.5000 3.883543e+01
9118.7500 1.530874e+01
9120.0000 2.598749e+01
9121.2500 2.050223e+01
9122.5000 -5.626338e-01
9123.7500 -7.006207e+00
9125.0000 -3.139422e+00
9126.2500 2.652354e+01
9127.5000 5.103202e+01
9128.7500 1.857575e+01
9130.0000 7.025331e+00
9131.2500 1.828045e+01
9132.5000 3.086792e+01
9133.7500 1.019409e+01
9135.0000 9.790580e+00
9136.2500 1.917435e+01
9137.5000 1.825848e+01
9138.7500 2.762423e+01
9140.0000 2.834863e+01
9141.2500 2.096780e+01
9142.5000 1.574846e+01
9143.7500 2.790340e+01
9145.0000 3.114547e+01
9146.2500 2.809183e+01
9147.5000 1.919977e+01
9148.7500 1.784046e+01
9150.0000 2.493051e+01
9151.2500 -1.853541e+01
9152.5000 7.082582e+00
9153.7500 3.016866e+01
9155.0000 3.711811e+01
9156.2500 1.353452e+01
9157.5000 -1.693048e+01
9158.7500 -1.722050e+01
9160.0000 2.609400e+01
9161.2500 5.509457e+01
9162.5000 4.463916e+01
9163.7500 2.903764e+01
9165.0000 1.536185e+01
9166.2500 4.004322e+01
9167.5000 2.790495e+01
9168.7500 2.476464e+01
9170.0000 5.032244e+01
9171.2500 2.224816e+01
9172.5000 3.246595e+01
9173.7500 2.212027e+01
9175.0000 1.888611e+01
9176.2500 1.846448e+01
9177.5000 6.816491e+00
9178.7500 1.045479e+01
9180.0000 -7.326308e+00
9181.2500 -1.512279e+00
9182.5000 4.425405e+01
9183.7500 1.150045e+01
9185.0000 9.616291e+00
9186.2500 2.648081e+01
9187.5000 3.062295e+01
9188.7500 2.007491e+01
9190.0000 2.048727e+01
9191.2500 1.842786e+01
9192.5000 1.506820e+01
9193.7500 3.647630e+01
9195.0000 2.794699e+01
9196.2500 4.468326e+01
9197.5000 1.264747e+01
9198.7500 9.202893e+00
9200.0000 -1.443911e+00
9201.2500 1.965024e+01
9202.5000 3.306978e+01
9203.7500 4.261708e+01
9205.0000 2.036902e+01
9206.2500 4.963631e+01
9207.5000 3.581427e+01
9208.7500 4.085378e+01
9210.0000 2.407822e+01
9211.2500 4.081976e+01
9212.5000 3.293356e+01
9213.7500 2.560470e+01
9215.0000 1.397146e+00
9216.2500 4.050703e+00
9217.5000 9.978657e+00
9218.7500 6.143520e+01
9220.0000 1.460011e+01
9221.2500 3.920318e+01
9222.5000 2.209565e+01
9223.7500 4.149594e+01
9225.0000 3.339135e+01
9226.2500 3.722160e+01
9227.5000 2.819673e+00
9228.7500 2.131341e+01
9230.0000 2.293707e+01
9231.2500 2.845678e+01
9232.5000 3.103051e+01
9233.7500 3.810475e+01
9235.0000 3.518428e+01
9236.2500 4.099738e+01
9237.5000 5.436382e+01
9238.7500 1.588997e+01
9240.0000 3.179108e+01
9241.2500 2.998430e+01
9242.5000 2.299038e+01
9243.7500 1.454773e+01
9245.0000 4.198373e+01
9246.2500 2.000296e+01
9247.5000 3.641700e+01
9248.7500 2.182543e+01
9250.0000 4.344794e+01
9251.2500 3.421322e+01
9252.5000 2.305675e+01
9253.7500 2.914110e+01
9255.0000 2.950150e+01
9256.2500 2.288824e+01
9257.5000 5.161209e+01
9258.7500 1.103293e+01
9260.0000 1.757393e+01
9261.2500 1.472452e+01
9262.5000 1.625445e+01
9263.7500 1.073777e+00
9265.0000 1.527543e+01
9266.2500 2.501642e+01
9267.5000 8.067154e+00
9268.7500 3.299004e+01
9270.0000 2.053632e+01
9271.2500 3.751720e+01
9272.5000 1.576035e+01
9273.7500 4.135970e+01
9275.0000 2.815905e+01
9276.2500 1.420164e+01
9277.5000 3.876237e+00
9278.7500 2.569577e+01
9280.0000 3.030798e+01
9281.2500 1.403156e+01
9282.5000 1.781053e+01
9283.7500 1.263256e+01
9285.0000 2.983839e+01
9286.2500 1.121661e+01
9287.5000 1.314586e+01
9288.7500 2.457289e+01
9290.0000 3.213665e+01
9291.2500 3.376808e+01
9292.5000 2.627890e+01
9293.7500 1.541910e+01
9295.0000 1.856019e+01
9296.2500 2.347295e+01
9297.5000 2.501320e+00
9298.7500 3.642035e+00
9300.0000 1.288550e-01
9301.2500 -5.610119e+00
9302.5000 -2.427435e+01
9303.7500 -6.663269e+01
9305.0000 -1.217527e+02
9306.2500 -5.695596e+01
9307.5000 4.788659e+01
9308.7500 -2.385798e+02
9310.0000 -1.743193e+02
9311.2500 -3.153727e+02
9312.5000 1.125526e+02
9313.7500 1.315917e+02
9315.0000 -4.386117e+02
9316.2500 -7.548915e+01
9317.5000 -2.851526e+01
9318.7500 -4.710491e+01
9320.0000 -1.305062e+02
9321.2500 -1.257976e+02
9322.5000 -4.114754e+02
9323.7500 -1.845801e+02
9325.0000 -2.695664e+02
9326.2500 -1.693821e+02
9327.5000 -2.281115e+00
9328.7500 -1.868438e+00
9330.0000 -3.926216e+01
9331.2500 3.117698e+01
9332.5000 -5.581585e+01
9333.7500 -5.935317e+01
9335.0000 -1.682108e+01
9336.2500 -2.242062e+01
9337.5000 -1.411445e+01
9338.7500 -7.398456e+01
9340.0000 -8.510213e+01
9341.2500 3.855956e+00
9342.5000 -8.551526e+00
9343.7500 -6.925925e+01
9345.0000 -2.441480e+01
9346.2500 -1.314964e+01
9347.5000 3.909094e+01
9348.7500 -1.244460e+01
9350.0000 1.168875e+02
