# original catalogue: arc_list.txt
# original data-cube: ../muse_ne/MACSJ0416_NE_DATACUBE_FINAL_caminha_zap.fits
# source ID: 5
# number of extracted pixels: 25
# extracted position: 64.038785 -24.070078
# wavelenth[Angstrom], flux[10**(-20)*erg/s/cm**2/Angstrom]
4750.0000 1.489816e+01
4751.2500 -1.127235e+01
4752.5000 -2.478029e+01
4753.7500 1.654540e+00
4755.0000 2.482630e+01
4756.2500 -2.995712e+01
4757.5000 -3.683204e+01
4758.7500 1.378461e+01
4760.0000 5.940186e+00
4761.2500 -1.468212e+01
4762.5000 3.151038e+01
4763.7500 3.214948e+01
4765.0000 7.571492e+00
4766.2500 5.486362e+00
4767.5000 2.177921e+01
4768.7500 2.580382e+01
4770.0000 2.627131e+01
4771.2500 8.095360e+00
4772.5000 -2.083400e+01
4773.7500 2.143036e+01
4775.0000 4.709983e+01
4776.2500 3.056260e+01
4777.5000 3.674743e+01
4778.7500 1.153066e+01
4780.0000 4.416479e+01
4781.2500 -1.316094e+01
4782.5000 -1.260153e+01
4783.7500 5.723161e+00
4785.0000 2.503003e+01
4786.2500 -1.133395e+01
4787.5000 -1.848216e+01
4788.7500 1.859019e+01
4790.0000 7.724052e+00
4791.2500 1.018323e+01
4792.5000 -2.336992e+01
4793.7500 -4.023392e+00
4795.0000 1.240348e+01
4796.2500 3.525075e+01
4797.5000 -9.946923e+00
4798.7500 -3.560779e+00
4800.0000 9.144595e+00
4801.2500 -1.658483e+01
4802.5000 3.141949e+01
4803.7500 4.401640e+01
4805.0000 9.512082e+00
4806.2500 7.457211e+00
4807.5000 3.386427e+01
4808.7500 2.646695e+01
4810.0000 7.341226e+00
4811.2500 -7.090750e+00
4812.5000 3.194279e+01
4813.7500 4.558432e+00
4815.0000 8.984786e+00
4816.2500 3.747470e+01
4817.5000 -2.227884e+01
4818.7500 -7.929728e+00
4820.0000 1.788365e+01
4821.2500 3.696563e+01
4822.5000 3.531262e+01
4823.7500 3.794373e+00
4825.0000 -9.453955e+00
4826.2500 2.031586e+01
4827.5000 7.110285e+00
4828.7500 1.566578e+01
4830.0000 -1.841429e+01
4831.2500 1.347657e+00
4832.5000 2.236135e+01
4833.7500 3.556895e+01
4835.0000 -1.585839e+01
4836.2500 2.396674e+01
4837.5000 2.196392e+01
4838.7500 5.906510e-01
4840.0000 1.190024e+01
4841.2500 2.924832e+00
4842.5000 2.889355e+01
4843.7500 1.454511e+01
4845.0000 -1.611648e+01
4846.2500 1.522041e+00
4847.5000 -3.659201e+00
4848.7500 1.976741e+00
4850.0000 2.366122e+01
4851.2500 3.223922e+01
4852.5000 3.159248e+01
4853.7500 2.741168e+00
4855.0000 -3.946113e+00
4856.2500 1.234446e+01
4857.5000 1.090333e+01
4858.7500 2.409030e+01
4860.0000 8.870725e+00
4861.2500 5.566359e+01
4862.5000 1.636597e+01
4863.7500 -8.060388e+00
4865.0000 -5.789417e+00
4866.2500 4.143554e+01
4867.5000 1.251005e+01
4868.7500 1.087133e+01
4870.0000 -2.912571e+00
4871.2500 -7.972876e+00
4872.5000 -3.160146e+00
4873.7500 9.802427e+00
4875.0000 2.991105e+01
4876.2500 1.585549e+01
4877.5000 7.521309e+00
4878.7500 4.105183e+01
4880.0000 1.099847e+01
4881.2500 1.583988e+01
4882.5000 -1.779671e+01
4883.7500 -4.577781e+01
4885.0000 -1.913612e+01
4886.2500 2.406019e+00
4887.5000 2.997368e+00
4888.7500 -7.543648e+00
4890.0000 3.839173e+01
4891.2500 4.747208e+01
4892.5000 2.393951e+01
4893.7500 -1.764608e+01
4895.0000 4.977805e+00
4896.2500 2.971257e+01
4897.5000 7.150013e+01
4898.7500 2.454396e+01
4900.0000 4.163042e+01
4901.2500 2.238848e+01
4902.5000 2.324521e+01
4903.7500 4.105638e+00
4905.0000 1.529979e+01
4906.2500 1.644965e+01
4907.5000 2.344194e+01
4908.7500 3.434960e+00
4910.0000 7.204947e+00
4911.2500 -1.856963e+01
4912.5000 -1.758268e+01
4913.7500 4.394664e+00
4915.0000 3.732971e+01
4916.2500 8.697766e+00
4917.5000 2.786916e+01
4918.7500 1.685283e+01
4920.0000 2.552516e+01
4921.2500 3.048281e+01
4922.5000 -1.217410e+01
4923.7500 -1.229656e+01
4925.0000 1.471173e+01
4926.2500 1.379555e+01
4927.5000 7.247967e+00
4928.7500 -7.755628e+00
4930.0000 5.614347e+00
4931.2500 1.889111e+01
4932.5000 -1.388385e+01
4933.7500 9.125255e+00
4935.0000 2.234502e+01
4936.2500 -2.806281e+00
4937.5000 2.856048e+00
4938.7500 -1.529453e+01
4940.0000 -2.020271e+01
4941.2500 2.849575e+01
4942.5000 2.867885e+01
4943.7500 2.315062e+01
4945.0000 -3.555681e+00
4946.2500 1.282906e+01
4947.5000 1.748477e+01
4948.7500 2.941218e+00
4950.0000 3.440360e+01
4951.2500 -1.551572e+00
4952.5000 3.618045e+01
4953.7500 4.117947e+01
4955.0000 4.442550e+01
4956.2500 1.851330e+01
4957.5000 4.033342e+01
4958.7500 2.024034e+01
4960.0000 2.456941e+01
4961.2500 7.887168e+00
4962.5000 1.580483e+01
4963.7500 1.055765e+01
4965.0000 1.246524e+01
4966.2500 1.860203e+01
4967.5000 1.511507e+00
4968.7500 1.055787e+01
4970.0000 1.102074e+00
4971.2500 2.408135e+01
4972.5000 -2.459478e+00
4973.7500 6.632572e+00
4975.0000 -1.375540e+01
4976.2500 -1.976845e+01
4977.5000 -1.214479e+01
4978.7500 4.463597e+01
4980.0000 1.314085e+01
4981.2500 1.856004e+01
4982.5000 4.116568e+01
4983.7500 2.145145e+01
4985.0000 3.457539e+01
4986.2500 3.193824e+01
4987.5000 1.149675e+01
4988.7500 5.119182e+00
4990.0000 2.119948e+01
4991.2500 2.446668e+01
4992.5000 -1.697940e+01
4993.7500 1.334494e+01
4995.0000 5.233028e+00
4996.2500 -1.747402e+00
4997.5000 -6.735970e+00
4998.7500 7.355895e+00
5000.0000 3.995064e+00
5001.2500 3.742663e+01
5002.5000 2.821661e+01
5003.7500 4.071162e+00
5005.0000 2.439137e-01
5006.2500 -1.295198e+01
5007.5000 1.926176e+01
5008.7500 1.146832e+01
5010.0000 2.899841e+01
5011.2500 2.556997e+01
5012.5000 -2.650434e+00
5013.7500 -6.589938e+00
5015.0000 6.572557e+00
5016.2500 -4.894942e+00
5017.5000 3.229966e+01
5018.7500 3.893969e+01
5020.0000 1.724454e+01
5021.2500 -1.135922e+01
5022.5000 1.535184e+01
5023.7500 2.422007e+01
5025.0000 -1.120140e+00
5026.2500 2.146070e+01
5027.5000 1.290114e+01
5028.7500 1.322126e+01
5030.0000 1.979710e+01
5031.2500 4.658834e+00
5032.5000 1.687362e+01
5033.7500 1.672685e+01
5035.0000 2.062503e+01
5036.2500 1.352033e+01
5037.5000 2.108562e+01
5038.7500 2.443192e+01
5040.0000 1.307524e+01
5041.2500 2.591327e+01
5042.5000 1.076520e+01
5043.7500 9.152895e+00
5045.0000 2.178419e+01
5046.2500 1.459590e+01
5047.5000 2.849975e+00
5048.7500 -1.877143e+01
5050.0000 -1.340086e+01
5051.2500 2.111515e+01
5052.5000 1.988142e+01
5053.7500 1.207039e+01
5055.0000 7.646954e+00
5056.2500 1.561928e+01
5057.5000 3.080638e+01
5058.7500 3.360548e+01
5060.0000 2.204409e+01
5061.2500 3.211810e+00
5062.5000 3.187540e+01
5063.7500 1.706600e+00
5065.0000 1.768315e+00
5066.2500 -1.229305e+00
5067.5000 1.182986e+01
5068.7500 -9.157755e+00
5070.0000 4.031569e+00
5071.2500 -7.333328e+00
5072.5000 1.748673e+01
5073.7500 3.901908e+01
5075.0000 6.894717e+00
5076.2500 7.392178e+00
5077.5000 1.036887e+00
5078.7500 8.086934e+00
5080.0000 1.885979e+01
5081.2500 1.267518e+01
5082.5000 1.127938e+01
5083.7500 2.093900e+00
5085.0000 7.240599e+00
5086.2500 4.424415e+01
5087.5000 4.298792e-01
5088.7500 -1.113262e+01
5090.0000 -9.258749e+00
5091.2500 3.474808e+01
5092.5000 1.020614e+01
5093.7500 -1.250196e+01
5095.0000 1.249102e+01
5096.2500 6.362868e+00
5097.5000 1.084580e+01
5098.7500 -3.246286e+00
5100.0000 8.996960e+00
5101.2500 2.788105e+01
5102.5000 8.043188e+00
5103.7500 -1.203419e+01
5105.0000 7.182551e+00
5106.2500 7.733680e+00
5107.5000 -1.000237e+01
5108.7500 -5.787585e+00
5110.0000 2.047489e+01
5111.2500 -5.875711e-01
5112.5000 3.279848e+01
5113.7500 3.463717e+01
5115.0000 -1.135685e+01
5116.2500 7.057617e+00
5117.5000 6.511415e+00
5118.7500 9.747575e+00
5120.0000 3.338639e+01
5121.2500 -8.365815e+00
5122.5000 8.842693e-01
5123.7500 3.163871e+01
5125.0000 2.282426e+01
5126.2500 5.147105e+00
5127.5000 -4.906721e+00
5128.7500 -6.758245e+00
5130.0000 6.073522e+00
5131.2500 2.481616e+01
5132.5000 1.526659e+01
5133.7500 1.371679e+01
5135.0000 5.562654e-01
5136.2500 -5.164421e+00
5137.5000 1.230539e+01
5138.7500 -4.491152e+00
5140.0000 -5.761262e+00
5141.2500 -7.184275e+00
5142.5000 2.144512e+01
5143.7500 1.212364e+01
5145.0000 2.621701e+01
5146.2500 1.903074e+01
5147.5000 1.877719e+01
5148.7500 1.579307e+01
5150.0000 2.398051e+01
5151.2500 -7.049819e-01
5152.5000 5.748480e+00
5153.7500 1.945579e+01
5155.0000 2.084765e+01
5156.2500 -1.552021e+01
5157.5000 -1.682546e+01
5158.7500 1.532267e+01
5160.0000 8.942464e+00
5161.2500 1.509837e+01
5162.5000 4.123473e+01
5163.7500 2.090987e+01
5165.0000 8.733141e+00
5166.2500 2.793554e+01
5167.5000 1.409002e+01
5168.7500 2.737319e+01
5170.0000 -7.578863e+00
5171.2500 6.913431e+00
5172.5000 1.173280e+01
5173.7500 2.730105e+01
5175.0000 1.909845e+01
5176.2500 1.231394e+01
5177.5000 1.412165e+01
5178.7500 2.421688e+01
5180.0000 4.682503e+01
5181.2500 4.435102e+00
5182.5000 6.048326e+00
5183.7500 6.973835e+00
5185.0000 -2.024905e+01
5186.2500 -1.603770e+01
5187.5000 2.101822e+01
5188.7500 -7.612342e+00
5190.0000 1.762145e+01
5191.2500 9.332501e+00
5192.5000 1.691297e+01
5193.7500 2.055526e+00
5195.0000 4.468060e-02
5196.2500 5.676772e+00
5197.5000 1.897623e+01
5198.7500 2.340047e+00
5200.0000 -1.376851e+01
5201.2500 -8.708220e+00
5202.5000 1.303380e+01
5203.7500 3.844376e+01
5205.0000 3.178095e+01
5206.2500 1.441911e+01
5207.5000 -8.680883e+00
5208.7500 7.878139e+00
5210.0000 1.545360e+01
5211.2500 3.381489e+01
5212.5000 1.294304e+01
5213.7500 1.291762e+00
5215.0000 2.868215e+01
5216.2500 2.880110e+01
5217.5000 2.725002e+01
5218.7500 1.266362e+01
5220.0000 6.555022e+00
5221.2500 3.004380e+01
5222.5000 3.021966e+01
5223.7500 2.827606e+01
5225.0000 5.088057e+00
5226.2500 6.877837e+00
5227.5000 1.532681e+01
5228.7500 1.760755e+01
5230.0000 2.784724e+01
5231.2500 3.914367e+01
5232.5000 1.870736e+01
5233.7500 4.564222e+00
5235.0000 2.055151e+01
5236.2500 1.421545e+01
5237.5000 9.623334e+00
5238.7500 4.010847e+00
5240.0000 3.784298e+01
5241.2500 1.072906e+01
5242.5000 3.406631e+00
5243.7500 2.458579e+01
5245.0000 1.738111e+01
5246.2500 2.647216e+01
5247.5000 -7.460782e+00
5248.7500 -1.161431e+01
5250.0000 -8.505696e+00
5251.2500 -3.220052e+00
5252.5000 6.384789e+00
5253.7500 -9.152893e+00
5255.0000 -1.187415e+01
5256.2500 -7.655231e+00
5257.5000 -4.541188e+00
5258.7500 2.745069e+00
5260.0000 1.133509e+01
5261.2500 1.570365e+01
5262.5000 2.467605e+01
5263.7500 5.827816e+00
5265.0000 6.575943e+00
5266.2500 2.917180e+01
5267.5000 2.260628e+01
5268.7500 2.566633e+01
5270.0000 3.436819e+01
5271.2500 1.008340e+01
5272.5000 1.711327e+01
5273.7500 3.682755e+01
5275.0000 1.649868e+01
5276.2500 1.627048e+01
5277.5000 2.163916e+01
5278.7500 1.480057e+01
5280.0000 9.632405e+00
5281.2500 3.593187e+01
5282.5000 -6.783893e+00
5283.7500 3.526241e+01
5285.0000 1.136466e+01
5286.2500 4.659341e+01
5287.5000 3.560713e+01
5288.7500 3.147164e+01
5290.0000 3.254803e+01
5291.2500 2.262411e+01
5292.5000 1.396250e+01
5293.7500 1.371863e+01
5295.0000 1.812562e+01
5296.2500 -5.802191e+00
5297.5000 2.878778e+00
5298.7500 1.245995e+01
5300.0000 -1.568900e+01
5301.2500 1.048981e+01
5302.5000 1.284741e+01
5303.7500 1.653671e+01
5305.0000 1.971299e+01
5306.2500 6.831095e+00
5307.5000 3.115490e+01
5308.7500 9.596166e+00
5310.0000 3.483514e+00
5311.2500 1.518725e+01
5312.5000 2.123433e+00
5313.7500 1.787018e+01
5315.0000 1.343148e+01
5316.2500 2.434863e+01
5317.5000 1.645490e+01
5318.7500 5.886735e-01
5320.0000 1.385780e+01
5321.2500 3.173923e+01
5322.5000 3.267389e+01
5323.7500 1.553859e+00
5325.0000 2.254178e+01
5326.2500 3.146061e+01
5327.5000 3.292405e+01
5328.7500 3.307580e+01
5330.0000 2.977570e+01
5331.2500 -1.424136e+00
5332.5000 1.491608e+01
5333.7500 1.908699e+01
5335.0000 2.140489e+01
5336.2500 1.772875e+01
5337.5000 3.176433e+01
5338.7500 -2.563459e+01
5340.0000 1.437136e+01
5341.2500 2.083012e+01
5342.5000 2.206723e+01
5343.7500 2.577653e-01
5345.0000 2.670473e+01
5346.2500 3.288778e+01
5347.5000 5.440568e+00
5348.7500 1.357532e+01
5350.0000 1.812220e+01
5351.2500 2.970823e+01
5352.5000 1.423609e+01
5353.7500 7.346673e+00
5355.0000 4.857468e+01
5356.2500 -1.563457e+00
5357.5000 -6.856548e+00
5358.7500 1.083778e+00
5360.0000 1.418987e+01
5361.2500 2.494922e+01
5362.5000 4.516369e+01
5363.7500 4.415579e+01
5365.0000 1.987227e+01
5366.2500 2.931104e+01
5367.5000 2.557357e+01
5368.7500 2.425376e+01
5370.0000 1.736276e+01
5371.2500 2.497562e+01
5372.5000 8.904944e+00
5373.7500 -9.319611e+00
5375.0000 7.589621e+00
5376.2500 -7.674794e-01
5377.5000 -1.193320e+01
5378.7500 -4.690969e+00
5380.0000 -5.378420e+00
5381.2500 1.974052e+01
5382.5000 1.834666e+00
5383.7500 2.475792e+01
5385.0000 -6.203507e-01
5386.2500 6.381736e+00
5387.5000 -3.522207e+00
5388.7500 -2.952185e+00
5390.0000 -2.246536e-01
5391.2500 1.007929e+01
5392.5000 1.927425e+01
5393.7500 3.098846e+01
5395.0000 2.841212e+01
5396.2500 1.425187e+01
5397.5000 2.727933e+01
5398.7500 -5.486154e+00
5400.0000 9.314897e+00
5401.2500 4.198482e+00
5402.5000 -2.966972e+00
5403.7500 -2.828165e+00
5405.0000 2.099834e+01
5406.2500 4.789902e+01
5407.5000 2.145522e+01
5408.7500 2.933734e+01
5410.0000 1.142001e+01
5411.2500 -3.026354e+00
5412.5000 1.307573e+01
5413.7500 -7.079649e+00
5415.0000 1.996672e+01
5416.2500 1.675529e+01
5417.5000 2.209531e+01
5418.7500 -2.082882e+01
5420.0000 6.840099e+00
5421.2500 -6.486240e+00
5422.5000 1.467884e+01
5423.7500 1.617903e+01
5425.0000 7.691078e+00
5426.2500 1.080462e+00
5427.5000 1.949515e+01
5428.7500 1.381015e+01
5430.0000 2.246743e+01
5431.2500 1.177947e+01
5432.5000 3.694968e+01
5433.7500 1.246624e+01
5435.0000 1.375827e+01
5436.2500 1.010044e+01
5437.5000 1.598545e+01
5438.7500 2.084546e+01
5440.0000 2.377233e+01
5441.2500 7.861082e+00
5442.5000 2.311484e+01
5443.7500 2.154063e+01
5445.0000 8.198321e+00
5446.2500 4.252174e+01
5447.5000 4.163380e+00
5448.7500 -4.872463e+00
5450.0000 1.053815e+01
5451.2500 2.016806e+00
5452.5000 2.531353e+00
5453.7500 1.665921e+01
5455.0000 7.639346e+00
5456.2500 1.310271e+01
5457.5000 2.596054e+01
5458.7500 3.539494e+01
5460.0000 1.048223e+01
5461.2500 5.151469e+01
5462.5000 1.773128e+01
5463.7500 1.595173e+01
5465.0000 1.625991e+01
5466.2500 3.399697e+01
5467.5000 1.784318e+01
5468.7500 2.165889e+01
5470.0000 2.166920e+01
5471.2500 9.547895e+00
5472.5000 3.022052e+00
5473.7500 -9.875349e+00
5475.0000 3.525026e+01
5476.2500 -6.075554e+00
5477.5000 1.638714e+01
5478.7500 1.943740e+01
5480.0000 9.852514e+00
5481.2500 1.336567e+01
5482.5000 -2.251090e+01
5483.7500 1.443376e+01
5485.0000 1.622167e+01
5486.2500 2.114120e+01
5487.5000 1.800392e+01
5488.7500 1.915210e+01
5490.0000 4.065607e+00
5491.2500 2.670301e+01
5492.5000 2.324432e+01
5493.7500 1.742287e+01
5495.0000 -2.953104e+00
5496.2500 2.025770e+01
5497.5000 3.009397e+00
5498.7500 1.922219e+01
5500.0000 1.211797e+01
5501.2500 4.695503e-01
5502.5000 7.713657e+00
5503.7500 1.077102e+01
5505.0000 1.589071e+01
5506.2500 1.976449e+01
5507.5000 1.966912e+01
5508.7500 -6.342073e+00
5510.0000 2.052913e+00
5511.2500 1.824557e+01
5512.5000 2.879206e+01
5513.7500 2.818052e+01
5515.0000 2.176327e+01
5516.2500 5.836818e+00
5517.5000 1.671672e+01
5518.7500 1.383436e+01
5520.0000 1.476748e+01
5521.2500 2.077635e+01
5522.5000 7.877778e+00
5523.7500 1.362107e+01
5525.0000 -2.235190e+00
5526.2500 -4.119815e+00
5527.5000 1.408492e+01
5528.7500 -6.328848e+00
5530.0000 1.743253e+01
5531.2500 4.072104e+01
5532.5000 1.871933e+01
5533.7500 1.848914e+01
5535.0000 -1.627927e+01
5536.2500 1.738137e+01
5537.5000 1.479081e+01
5538.7500 2.871594e+01
5540.0000 3.284968e+01
5541.2500 2.326451e+01
5542.5000 2.322956e+01
5543.7500 2.157095e+01
5545.0000 3.348697e+01
5546.2500 2.804989e+01
5547.5000 2.345789e+01
5548.7500 2.993656e+01
5550.0000 2.098123e+01
5551.2500 2.352558e+01
5552.5000 -9.122602e+00
5553.7500 1.779592e+01
5555.0000 5.273480e+00
5556.2500 1.371416e+01
5557.5000 -3.976936e+00
5558.7500 1.694807e+01
5560.0000 5.901993e+00
5561.2500 2.665045e+01
5562.5000 1.145658e+00
5563.7500 -3.845470e+00
5565.0000 3.335373e+01
5566.2500 2.325824e+01
5567.5000 3.306123e+01
5568.7500 7.350310e+00
5570.0000 2.372729e+01
5571.2500 1.406380e+01
5572.5000 1.541051e-01
5573.7500 1.977999e+01
5575.0000 1.760813e+01
5576.2500 1.740125e+01
5577.5000 1.788838e+01
5578.7500 1.741365e+01
5580.0000 1.820414e+01
5581.2500 2.705256e+01
5582.5000 -1.513211e+01
5583.7500 4.055710e+00
5585.0000 8.595423e+00
5586.2500 2.113409e+01
5587.5000 4.711407e+00
5588.7500 4.464606e+01
5590.0000 6.380169e+00
5591.2500 2.319121e+01
5592.5000 6.773531e+00
5593.7500 3.872292e+01
5595.0000 2.892594e+01
5596.2500 2.970943e+01
5597.5000 -1.177317e+00
5598.7500 4.057107e+01
5600.0000 3.544353e+01
5601.2500 -1.336039e+00
5602.5000 2.540982e+01
5603.7500 3.555762e+01
5605.0000 1.044922e+01
5606.2500 2.292160e+01
5607.5000 4.754230e+01
5608.7500 2.793216e+01
5610.0000 2.520652e+01
5611.2500 -9.505566e+00
5612.5000 1.052628e+01
5613.7500 1.294773e+01
5615.0000 3.141986e+01
5616.2500 1.966024e+01
5617.5000 -6.343328e+00
5618.7500 1.921165e+01
5620.0000 7.957887e+00
5621.2500 1.695052e+01
5622.5000 2.176545e+01
5623.7500 1.417439e+01
5625.0000 3.920262e+01
5626.2500 2.246613e+01
5627.5000 2.291897e+01
5628.7500 -3.112023e+00
5630.0000 1.611874e+01
5631.2500 2.606546e+01
5632.5000 2.472575e+01
5633.7500 5.940706e+00
5635.0000 1.769366e+01
5636.2500 1.257338e+01
5637.5000 3.606519e+01
5638.7500 2.628986e+01
5640.0000 2.209838e+01
5641.2500 2.610711e+01
5642.5000 1.750610e+01
5643.7500 1.300363e+01
5645.0000 2.287824e+01
5646.2500 1.803510e+01
5647.5000 6.827363e+00
5648.7500 2.301744e+01
5650.0000 2.126418e+01
5651.2500 2.918714e+01
5652.5000 2.446110e+01
5653.7500 4.209464e+01
5655.0000 4.432168e+01
5656.2500 3.174003e+00
5657.5000 -8.088377e+00
5658.7500 2.060235e+01
5660.0000 1.479007e+01
5661.2500 2.089249e+01
5662.5000 2.920020e+01
5663.7500 2.946972e+01
5665.0000 5.778014e+00
5666.2500 2.225221e+00
5667.5000 1.140487e+01
5668.7500 1.329060e+01
5670.0000 8.093988e+00
5671.2500 2.364298e+01
5672.5000 2.842506e+01
5673.7500 2.387358e+01
5675.0000 1.134910e+01
5676.2500 1.283939e+01
5677.5000 1.195552e+01
5678.7500 1.794189e+01
5680.0000 1.223201e+01
5681.2500 2.253087e+01
5682.5000 8.358347e+00
5683.7500 2.626321e+01
5685.0000 1.171245e+01
5686.2500 -2.058157e+00
5687.5000 3.637686e+01
5688.7500 1.157828e+01
5690.0000 2.465191e+01
5691.2500 2.207552e+00
5692.5000 1.672268e+01
5693.7500 2.679045e+00
5695.0000 5.248980e+00
5696.2500 1.733077e+01
5697.5000 1.555515e+01
5698.7500 1.127763e+01
5700.0000 3.248861e+00
5701.2500 9.445796e+00
5702.5000 -5.248480e+00
5703.7500 6.601982e+00
5705.0000 1.802779e+01
5706.2500 2.334807e+01
5707.5000 1.504747e+01
5708.7500 2.636634e+01
5710.0000 4.365766e+01
5711.2500 1.304437e+01
5712.5000 2.997617e+01
5713.7500 2.219071e+01
5715.0000 8.597177e-01
5716.2500 2.438238e+01
5717.5000 2.953955e+01
5718.7500 1.676902e+01
5720.0000 2.124587e+01
5721.2500 2.798424e+01
5722.5000 1.056104e+01
5723.7500 3.658947e+01
5725.0000 4.411523e+01
5726.2500 1.435830e+01
5727.5000 2.281786e+01
5728.7500 2.035553e+01
5730.0000 9.687840e+00
5731.2500 1.423694e+01
5732.5000 2.999897e+01
5733.7500 2.813782e+01
5735.0000 3.298693e+01
5736.2500 2.990590e+01
5737.5000 4.305323e+01
5738.7500 2.525171e+01
5740.0000 1.005680e+01
5741.2500 6.844728e+00
5742.5000 -3.022837e+00
5743.7500 1.864617e+01
5745.0000 2.181980e+01
5746.2500 -3.477040e+00
5747.5000 4.574550e+00
5748.7500 9.880118e+00
5750.0000 1.962031e+01
5751.2500 1.583835e+01
5752.5000 -2.607540e+00
5753.7500 2.414581e+01
5755.0000 2.707766e+01
5756.2500 3.911786e+01
5757.5000 3.508079e+01
5758.7500 2.428013e+01
5760.0000 2.556799e+01
5761.2500 2.611747e+01
5762.5000 2.289617e+01
5763.7500 1.197183e+01
5765.0000 1.277674e+01
5766.2500 4.063718e+01
5767.5000 2.589635e+01
5768.7500 -6.034866e+00
5770.0000 1.855976e+01
5771.2500 1.984115e+01
5772.5000 9.556520e+00
5773.7500 2.999302e+01
5775.0000 2.350001e+01
5776.2500 4.578492e+01
5777.5000 -1.373316e+01
5778.7500 1.783613e+01
5780.0000 1.921843e+01
5781.2500 8.712900e+00
5782.5000 4.353302e+01
5783.7500 2.126512e+01
5785.0000 7.364550e+00
5786.2500 7.380360e-01
5787.5000 2.646494e+01
5788.7500 2.866384e+01
5790.0000 4.235694e+01
5791.2500 2.239974e+01
5792.5000 3.780376e+01
5793.7500 4.196951e+01
5795.0000 2.775116e+01
5796.2500 2.099880e+01
5797.5000 2.091056e+01
5798.7500 6.118394e+00
5800.0000 2.660799e+01
5801.2500 3.655665e-01
5802.5000 1.636885e+01
5803.7500 3.912206e+01
5805.0000 2.286285e+01
5806.2500 3.099353e+01
5807.5000 1.861976e+01
5808.7500 3.403799e+01
5810.0000 2.191998e+01
5811.2500 1.218014e+01
5812.5000 -1.150303e+00
5813.7500 3.128639e+00
5815.0000 1.231981e+01
5816.2500 3.500390e+01
5817.5000 1.336407e+01
5818.7500 2.591161e+01
5820.0000 1.755200e+01
5821.2500 1.772903e+01
5822.5000 4.168172e+00
5823.7500 3.661367e+01
5825.0000 2.945413e+01
5826.2500 4.462499e+01
5827.5000 1.595533e+01
5828.7500 1.091232e+01
5830.0000 9.743079e+00
5831.2500 1.724524e+01
5832.5000 -6.622515e-01
5833.7500 1.674615e+01
5835.0000 4.546477e+01
5836.2500 2.360579e+01
5837.5000 2.182027e+01
5838.7500 5.352346e+01
5840.0000 2.347844e+01
5841.2500 1.852078e+01
5842.5000 2.277880e+01
5843.7500 4.151028e+01
5845.0000 -1.246517e+00
5846.2500 9.414795e+00
5847.5000 1.942487e+01
5848.7500 2.114637e+01
5850.0000 3.846254e+01
5851.2500 3.123240e+01
5852.5000 2.073772e+01
5853.7500 1.704173e+01
5855.0000 1.676620e+00
5856.2500 1.088076e+01
5857.5000 7.714752e+00
5858.7500 2.011946e+01
5860.0000 2.989739e+01
5861.2500 3.240632e+01
5862.5000 3.288927e+01
5863.7500 4.527762e+00
5865.0000 2.405388e+01
5866.2500 2.583912e+00
5867.5000 4.929986e+00
5868.7500 2.861063e+01
5870.0000 -3.387645e-01
5871.2500 2.439833e+01
5872.5000 2.268714e+01
5873.7500 6.475005e+00
5875.0000 2.978537e+01
5876.2500 1.427825e+01
5877.5000 2.258646e+01
5878.7500 3.315448e+01
5880.0000 1.991481e+01
5881.2500 7.241793e+00
5882.5000 -1.658548e+00
5883.7500 4.183765e+01
5885.0000 3.930285e+01
5886.2500 -8.655353e-01
5887.5000 -7.853024e+00
5888.7500 1.838082e+01
5890.0000 1.065322e+01
5891.2500 2.741743e+01
5892.5000 3.004735e+01
5893.7500 1.322315e+01
5895.0000 1.076413e+01
5896.2500 1.884116e+01
5897.5000 -4.581178e+00
5898.7500 2.624166e+00
5900.0000 -1.292382e+00
5901.2500 2.068407e+01
5902.5000 2.336436e+01
5903.7500 -6.724980e-01
5905.0000 6.227621e+00
5906.2500 3.663448e+01
5907.5000 9.876745e+00
5908.7500 6.237236e+01
5910.0000 2.692904e+01
5911.2500 7.727410e+00
5912.5000 -2.631960e+00
5913.7500 -2.360161e+00
5915.0000 -1.310671e+01
5916.2500 -1.094090e+01
5917.5000 2.503986e+01
5918.7500 2.039246e+01
5920.0000 3.906721e+00
5921.2500 2.040398e+01
5922.5000 1.299475e+01
5923.7500 1.889937e+01
5925.0000 9.998089e+00
5926.2500 1.054153e+01
5927.5000 2.052648e+01
5928.7500 3.388556e+01
5930.0000 1.549798e+01
5931.2500 7.016617e+00
5932.5000 2.031327e+01
5933.7500 2.156278e+01
5935.0000 5.653293e+00
5936.2500 1.280878e+01
5937.5000 4.199356e+01
5938.7500 1.373526e+01
5940.0000 1.163291e+01
5941.2500 1.293813e+01
5942.5000 -9.956800e+00
5943.7500 2.027673e+01
5945.0000 1.486244e+01
5946.2500 1.327019e+01
5947.5000 -1.283138e-01
5948.7500 2.866964e+01
5950.0000 8.815034e+00
5951.2500 6.487519e-01
5952.5000 1.052681e+01
5953.7500 4.003695e+01
5955.0000 5.984795e+00
5956.2500 1.247973e+01
5957.5000 3.115428e+01
5958.7500 3.404127e+01
5960.0000 -1.081790e+01
5961.2500 1.110425e+01
5962.5000 3.378143e+01
5963.7500 1.253972e+00
5965.0000 1.879953e+01
5966.2500 1.393734e+01
5967.5000 2.959472e+01
5968.7500 -6.220563e+00
5970.0000 -1.683949e+00
5971.2500 9.815284e+00
5972.5000 4.468215e+01
5973.7500 8.716652e+00
5975.0000 1.844222e+01
5976.2500 1.829905e+01
5977.5000 2.548818e+01
5978.7500 2.341108e+01
5980.0000 2.711112e+01
5981.2500 2.813350e+01
5982.5000 3.287513e+01
5983.7500 5.611347e+00
5985.0000 -1.541049e+00
5986.2500 -3.874050e+00
5987.5000 -1.146470e+01
5988.7500 8.371091e-02
5990.0000 8.203224e+00
5991.2500 3.779778e+01
5992.5000 2.279151e+01
5993.7500 4.826394e+01
5995.0000 2.007246e+01
5996.2500 -1.424065e+01
5997.5000 9.465005e+00
5998.7500 1.259799e+01
6000.0000 2.097313e+01
6001.2500 3.454436e+01
6002.5000 1.649731e+01
6003.7500 1.704845e+01
6005.0000 3.239746e+01
6006.2500 3.015534e+01
6007.5000 3.582248e+01
6008.7500 3.503638e+01
6010.0000 2.791102e+01
6011.2500 2.275350e+01
6012.5000 5.607425e+00
6013.7500 2.523825e+01
6015.0000 9.922668e+00
6016.2500 8.936229e+00
6017.5000 -1.032999e+01
6018.7500 1.519105e+01
6020.0000 1.481881e+01
6021.2500 2.223976e+01
6022.5000 2.094036e+01
6023.7500 1.693634e+01
6025.0000 1.039830e+01
6026.2500 -1.126562e+01
6027.5000 1.936243e+01
6028.7500 2.353506e+00
6030.0000 2.951443e+01
6031.2500 3.030826e+01
6032.5000 1.002382e+01
6033.7500 2.163094e+00
6035.0000 2.459121e+01
6036.2500 1.512524e+01
6037.5000 2.259678e+01
6038.7500 3.785821e+01
6040.0000 4.888078e+01
6041.2500 2.249644e+01
6042.5000 2.257245e+01
6043.7500 2.613194e+01
6045.0000 2.752452e+01
6046.2500 3.409352e+01
6047.5000 1.428205e+01
6048.7500 1.876957e+01
6050.0000 1.893231e+01
6051.2500 1.304568e+01
6052.5000 1.680860e+01
6053.7500 2.077498e+01
6055.0000 4.661012e+00
6056.2500 1.948852e+01
6057.5000 1.605247e+01
6058.7500 1.065863e+01
6060.0000 -2.625180e+00
6061.2500 -2.111304e+00
6062.5000 3.251668e+01
6063.7500 2.794087e+01
6065.0000 1.768245e+01
6066.2500 2.289194e+01
6067.5000 2.893268e+01
6068.7500 2.711997e+01
6070.0000 1.173262e+01
6071.2500 2.350638e+01
6072.5000 3.686226e+01
6073.7500 3.826745e+01
6075.0000 3.527004e+01
6076.2500 3.988816e+01
6077.5000 4.026322e+01
6078.7500 2.024173e+01
6080.0000 4.322061e+00
6081.2500 1.564581e+01
6082.5000 4.000660e+01
6083.7500 3.093969e+01
6085.0000 2.804277e+01
6086.2500 2.830346e+01
6087.5000 1.831785e+01
6088.7500 1.185071e+01
6090.0000 7.000020e-01
6091.2500 2.049301e+00
6092.5000 7.241335e+00
6093.7500 1.124915e+01
6095.0000 2.892274e+01
6096.2500 1.702062e+01
6097.5000 2.206046e+01
6098.7500 6.657883e+00
6100.0000 1.095925e+01
6101.2500 2.205787e+01
6102.5000 2.177511e+01
6103.7500 1.070711e+01
6105.0000 2.355421e+01
6106.2500 2.067227e+01
6107.5000 3.173956e+01
6108.7500 2.924714e+01
6110.0000 6.280729e-01
6111.2500 2.296366e+01
6112.5000 2.622329e+01
6113.7500 3.680504e+01
6115.0000 2.451040e+01
6116.2500 4.843383e+00
6117.5000 2.201724e+01
6118.7500 2.147944e+01
6120.0000 1.630510e+01
6121.2500 9.751121e+00
6122.5000 1.171622e+01
6123.7500 2.883225e+01
6125.0000 2.155284e+01
6126.2500 4.497467e+01
6127.5000 4.012016e+01
6128.7500 3.888533e+01
6130.0000 6.381094e+00
6131.2500 1.998632e+01
6132.5000 1.003464e+00
6133.7500 7.961351e-01
6135.0000 2.024183e+01
6136.2500 2.128929e+01
6137.5000 2.048766e+01
6138.7500 2.548331e+01
6140.0000 2.188472e+01
6141.2500 -2.106311e+00
6142.5000 3.938744e+01
6143.7500 3.253719e+01
6145.0000 5.913459e+00
6146.2500 1.489795e+01
6147.5000 5.193285e+00
6148.7500 2.322421e+01
6150.0000 1.097594e+01
6151.2500 5.127627e+01
6152.5000 3.052467e+01
6153.7500 3.026770e+01
6155.0000 1.834111e+01
6156.2500 2.053518e+01
6157.5000 1.636493e+01
6158.7500 3.486417e+01
6160.0000 3.986471e+01
6161.2500 4.006698e+01
6162.5000 3.135110e+01
6163.7500 2.296623e+01
6165.0000 1.733674e+01
6166.2500 1.894247e+01
6167.5000 1.652475e+01
6168.7500 3.244245e+01
6170.0000 1.921448e+01
6171.2500 1.642365e+01
6172.5000 1.921200e+01
6173.7500 4.003796e+01
6175.0000 2.924655e+01
6176.2500 -2.293044e+00
6177.5000 7.847286e+00
6178.7500 8.581477e+00
6180.0000 1.518703e+01
6181.2500 5.048186e+01
6182.5000 8.675288e+00
6183.7500 2.746495e+01
6185.0000 3.251669e+01
6186.2500 3.993353e+01
6187.5000 1.663976e+01
6188.7500 1.497010e+01
6190.0000 2.169488e+01
6191.2500 5.203935e+00
6192.5000 1.500737e+01
6193.7500 2.510528e+01
6195.0000 5.662890e+00
6196.2500 7.041189e+00
6197.5000 1.542380e+01
6198.7500 1.402511e+01
6200.0000 -2.667964e+00
6201.2500 -7.720640e+00
6202.5000 -8.822449e+00
6203.7500 -3.564741e+00
6205.0000 1.186483e+01
6206.2500 2.154199e+01
6207.5000 3.951820e+01
6208.7500 2.137548e+01
6210.0000 3.107170e+01
6211.2500 2.675817e+01
6212.5000 3.098214e+01
6213.7500 1.887340e+01
6215.0000 2.083445e+01
6216.2500 1.100824e+01
6217.5000 5.846704e+00
6218.7500 2.019058e+01
6220.0000 2.221659e+01
6221.2500 2.067065e+01
6222.5000 1.007103e+01
6223.7500 1.851155e+01
6225.0000 1.084044e+01
6226.2500 1.881971e+01
6227.5000 3.932861e+01
6228.7500 1.413882e+01
6230.0000 7.526173e+00
6231.2500 2.026961e+01
6232.5000 -5.731693e+00
6233.7500 8.514835e+00
6235.0000 3.792963e+01
6236.2500 4.678564e+00
6237.5000 -5.257195e-01
6238.7500 1.825854e+01
6240.0000 8.111842e+00
6241.2500 2.817673e+00
6242.5000 7.523795e+00
6243.7500 3.231371e+01
6245.0000 -9.932524e+00
6246.2500 -2.593098e+00
6247.5000 1.408537e+00
6248.7500 2.595137e+01
6250.0000 1.403134e+01
6251.2500 7.256339e+00
6252.5000 1.608588e+01
6253.7500 2.333951e+01
6255.0000 1.331318e+01
6256.2500 -2.374930e+01
6257.5000 -1.031403e+01
6258.7500 2.988535e+01
6260.0000 8.765261e+00
6261.2500 2.175284e+01
6262.5000 1.558380e+01
6263.7500 3.377495e+01
6265.0000 1.323590e+01
6266.2500 -5.836005e+00
6267.5000 2.513988e+01
6268.7500 3.153821e+01
6270.0000 2.080553e+01
6271.2500 1.607586e+01
6272.5000 1.055247e+01
6273.7500 2.098409e+01
6275.0000 2.642195e+01
6276.2500 1.486118e+01
6277.5000 1.049100e+01
6278.7500 1.943042e+01
6280.0000 2.744939e+00
6281.2500 1.183148e+00
6282.5000 1.261548e+01
6283.7500 3.634082e+01
6285.0000 1.073629e+01
6286.2500 2.193671e+01
6287.5000 2.376005e+01
6288.7500 -2.494178e+01
6290.0000 4.136073e+01
6291.2500 1.074126e+01
6292.5000 2.308798e+01
6293.7500 3.054020e+01
6295.0000 2.166215e+01
6296.2500 1.557456e+01
6297.5000 3.718807e+01
6298.7500 1.491471e+01
6300.0000 1.460501e+01
6301.2500 1.986131e+01
6302.5000 2.025364e+01
6303.7500 3.180200e+01
6305.0000 2.069835e+00
6306.2500 1.998842e+01
6307.5000 4.165806e+00
6308.7500 -1.226166e+01
6310.0000 8.639685e+00
6311.2500 3.224389e+01
6312.5000 2.716230e+01
6313.7500 3.497201e+01
6315.0000 2.341795e+01
6316.2500 2.249213e+01
6317.5000 2.989577e+01
6318.7500 1.722508e+01
6320.0000 1.268869e+01
6321.2500 1.346825e+01
6322.5000 1.109881e+01
6323.7500 3.213473e+01
6325.0000 2.232991e+01
6326.2500 1.779620e+01
6327.5000 1.090438e+01
6328.7500 6.050789e+01
6330.0000 -3.273933e+01
6331.2500 -1.200699e+01
6332.5000 3.032929e+01
6333.7500 2.705414e+01
6335.0000 3.721840e+01
6336.2500 7.279179e+00
6337.5000 1.996913e+00
6338.7500 1.168153e+01
6340.0000 1.382107e+01
6341.2500 1.755257e+01
6342.5000 3.061824e+01
6343.7500 3.643057e+01
6345.0000 3.065035e+01
6346.2500 2.721794e+01
6347.5000 2.461302e+01
6348.7500 3.813863e+01
6350.0000 -5.716804e+00
6351.2500 1.169277e+01
6352.5000 2.175671e+01
6353.7500 2.029435e+01
6355.0000 3.032384e+01
6356.2500 2.078231e+01
6357.5000 -3.183462e+00
6358.7500 9.200974e+00
6360.0000 1.023279e+01
6361.2500 9.803515e+00
6362.5000 4.117754e+00
6363.7500 2.726387e+01
6365.0000 -1.005696e+01
6366.2500 6.396388e+00
6367.5000 6.423120e+00
6368.7500 2.663339e+01
6370.0000 2.601625e+01
6371.2500 2.016245e+01
6372.5000 2.572038e+01
6373.7500 8.191006e+00
6375.0000 1.273607e+01
6376.2500 2.960829e+01
6377.5000 2.903373e+01
6378.7500 1.249118e+01
6380.0000 1.211081e+01
6381.2500 7.709947e+00
6382.5000 1.601342e+01
6383.7500 1.019050e+01
6385.0000 1.918045e+01
6386.2500 3.981013e+01
6387.5000 -5.973689e+00
6388.7500 2.422686e+01
6390.0000 3.398497e+01
6391.2500 1.667357e+01
6392.5000 1.784277e+01
6393.7500 1.355423e+01
6395.0000 1.933247e+00
6396.2500 1.806499e+01
6397.5000 4.294761e+01
6398.7500 2.369080e+01
6400.0000 1.917581e+01
6401.2500 3.621595e+01
6402.5000 1.256206e+01
6403.7500 1.550716e-01
6405.0000 6.265224e+00
6406.2500 1.449369e+01
6407.5000 1.443303e+01
6408.7500 1.043304e+01
6410.0000 1.957321e+01
6411.2500 3.355590e+01
6412.5000 7.650783e+00
6413.7500 2.008703e+01
6415.0000 -1.663982e-01
6416.2500 1.001394e+01
6417.5000 6.850782e+00
6418.7500 7.450840e+00
6420.0000 1.331021e+01
6421.2500 2.576670e+01
6422.5000 2.662824e+01
6423.7500 2.666503e+01
6425.0000 1.724578e+01
6426.2500 1.526797e+01
6427.5000 2.357015e+01
6428.7500 2.817682e+01
6430.0000 7.245395e-01
6431.2500 1.298579e+01
6432.5000 3.227301e+01
6433.7500 1.828373e+01
6435.0000 3.093505e+01
6436.2500 -3.394984e+00
6437.5000 8.100922e+00
6438.7500 1.618192e+01
6440.0000 3.620129e+01
6441.2500 2.609197e+01
6442.5000 2.007359e+01
6443.7500 4.842083e+00
6445.0000 3.372777e+01
6446.2500 1.960462e+01
6447.5000 3.360228e+01
6448.7500 2.447332e+01
6450.0000 1.771222e+01
6451.2500 1.703619e+01
6452.5000 4.272382e+00
6453.7500 1.359574e+01
6455.0000 1.999051e+01
6456.2500 2.168970e+01
6457.5000 1.197120e+01
6458.7500 2.415487e+01
6460.0000 9.495422e+00
6461.2500 4.753478e+00
6462.5000 1.746081e+01
6463.7500 1.236437e+01
6465.0000 6.165961e+00
6466.2500 3.560821e+01
6467.5000 2.033148e+01
6468.7500 1.924822e+01
6470.0000 6.007618e+00
6471.2500 -7.160150e+00
6472.5000 1.012895e+01
6473.7500 2.454553e+01
6475.0000 1.400339e+01
6476.2500 1.580640e+01
6477.5000 1.697974e+01
6478.7500 3.188036e+01
6480.0000 2.099534e+01
6481.2500 2.276488e+01
6482.5000 2.403859e+01
6483.7500 3.042557e+01
6485.0000 2.771522e+01
6486.2500 5.722872e+00
6487.5000 1.412082e+01
6488.7500 2.072775e+01
6490.0000 1.826735e+01
6491.2500 7.967797e+00
6492.5000 3.085473e+01
6493.7500 4.282489e+00
6495.0000 1.655865e+01
6496.2500 2.919530e+01
6497.5000 2.578771e+01
6498.7500 5.615716e+00
6500.0000 -1.937480e+00
6501.2500 2.116835e+01
6502.5000 2.000066e+01
6503.7500 2.114059e+01
6505.0000 3.972058e+01
6506.2500 -8.156143e+00
6507.5000 2.933105e+01
6508.7500 3.050522e+01
6510.0000 1.339400e+01
6511.2500 1.666916e+01
6512.5000 8.529308e+00
6513.7500 1.414477e+01
6515.0000 2.787669e+01
6516.2500 2.464216e+01
6517.5000 3.190792e+01
6518.7500 3.352332e+01
6520.0000 8.616249e+00
6521.2500 2.617627e+01
6522.5000 3.414602e+01
6523.7500 3.164802e-01
6525.0000 2.129576e+01
6526.2500 1.821814e+01
6527.5000 1.651069e+01
6528.7500 3.706689e+00
6530.0000 1.868478e+01
6531.2500 7.475434e+00
6532.5000 6.487277e+00
6533.7500 3.856486e+01
6535.0000 9.056657e+00
6536.2500 2.269027e+01
6537.5000 9.809296e+00
6538.7500 2.500579e+01
6540.0000 1.905840e+00
6541.2500 2.296999e+01
6542.5000 1.904475e+01
6543.7500 6.038669e+01
6545.0000 2.281669e+01
6546.2500 8.309029e+00
6547.5000 2.548495e+01
6548.7500 3.458022e+01
6550.0000 3.196098e+01
6551.2500 6.652281e+00
6552.5000 2.267484e+01
6553.7500 -5.847311e-02
6555.0000 -6.261530e+00
6556.2500 2.342675e+01
6557.5000 1.276087e+01
6558.7500 1.472970e+01
6560.0000 3.721188e+01
6561.2500 -1.149312e+01
6562.5000 9.236546e+00
6563.7500 3.005231e+01
6565.0000 -1.404773e+01
6566.2500 3.083346e+00
6567.5000 1.182750e+01
6568.7500 1.694836e+01
6570.0000 1.054702e+01
6571.2500 1.221907e+01
6572.5000 1.441517e+01
6573.7500 4.491035e+00
6575.0000 3.110251e+01
6576.2500 1.913234e+01
6577.5000 2.880513e+01
6578.7500 6.095673e+00
6580.0000 1.113620e+00
6581.2500 9.050486e+00
6582.5000 2.333054e+01
6583.7500 3.151467e+01
6585.0000 2.291171e+01
6586.2500 1.304337e+01
6587.5000 1.559468e+01
6588.7500 2.462702e+01
6590.0000 1.861583e+01
6591.2500 2.448907e+01
6592.5000 4.124010e+00
6593.7500 -3.655622e+00
6595.0000 -3.350927e+00
6596.2500 1.231620e+01
6597.5000 1.298415e+01
6598.7500 2.474443e+01
6600.0000 2.787527e+01
6601.2500 8.742954e+00
6602.5000 1.846507e+01
6603.7500 6.643627e+01
6605.0000 4.901085e+01
6606.2500 2.055534e+01
6607.5000 2.512213e+01
6608.7500 2.228195e+01
6610.0000 3.221620e+01
6611.2500 5.283781e+00
6612.5000 2.124362e+01
6613.7500 3.085370e+01
6615.0000 1.429879e+01
6616.2500 4.458655e-01
6617.5000 3.144526e+01
6618.7500 2.428981e+01
6620.0000 2.046166e+01
6621.2500 2.429876e+01
6622.5000 3.986002e+01
6623.7500 2.289869e+01
6625.0000 1.399678e+01
6626.2500 2.646461e+01
6627.5000 3.263416e+01
6628.7500 1.004712e+01
6630.0000 1.484909e+01
6631.2500 1.864278e+01
6632.5000 -1.440274e+00
6633.7500 1.168508e+01
6635.0000 1.498105e+01
6636.2500 6.352159e+00
6637.5000 1.483325e+01
6638.7500 1.142894e+01
6640.0000 2.751672e+00
6641.2500 2.037508e+01
6642.5000 1.626604e+01
6643.7500 2.978629e+01
6645.0000 2.160154e+01
6646.2500 4.827350e+00
6647.5000 2.919173e+01
6648.7500 2.989620e+01
6650.0000 2.828100e+01
6651.2500 2.949147e+01
6652.5000 1.787722e+01
6653.7500 2.614091e+01
6655.0000 2.274496e+01
6656.2500 2.267463e+01
6657.5000 1.808441e+01
6658.7500 1.394271e+01
6660.0000 1.676254e+01
6661.2500 2.597493e+01
6662.5000 1.682734e+01
6663.7500 2.083552e+01
6665.0000 2.270063e+01
6666.2500 3.498607e+01
6667.5000 3.050411e+00
6668.7500 1.189555e+01
6670.0000 2.268318e+01
6671.2500 2.854590e+01
6672.5000 1.937200e+01
6673.7500 1.761174e+01
6675.0000 2.578678e+01
6676.2500 -1.010747e-01
6677.5000 1.132876e+01
6678.7500 9.219636e+00
6680.0000 2.979882e+01
6681.2500 5.387833e+00
6682.5000 2.275405e+01
6683.7500 4.320629e+00
6685.0000 3.064866e+01
6686.2500 1.706992e+01
6687.5000 1.508993e+01
6688.7500 3.065940e+01
6690.0000 2.630064e+01
6691.2500 4.762195e+00
6692.5000 2.164613e+01
6693.7500 2.574915e+01
6695.0000 2.709531e+01
6696.2500 8.892346e+00
6697.5000 1.525816e+01
6698.7500 1.410137e+01
6700.0000 3.345364e+01
6701.2500 3.772802e+00
6702.5000 8.179291e+00
6703.7500 1.282603e+01
6705.0000 2.493196e+01
6706.2500 1.857034e+01
6707.5000 1.265211e+01
6708.7500 9.798184e+00
6710.0000 2.199903e+01
6711.2500 1.721868e+01
6712.5000 1.203092e+01
6713.7500 2.056349e+01
6715.0000 2.002117e+00
6716.2500 1.310138e+01
6717.5000 1.041628e+01
6718.7500 1.301764e+01
6720.0000 8.929541e+00
6721.2500 2.114913e+01
6722.5000 4.036543e+01
6723.7500 1.583177e+01
6725.0000 1.932363e+01
6726.2500 1.946824e+01
6727.5000 3.829558e+01
6728.7500 2.560166e+01
6730.0000 6.331950e+00
6731.2500 2.625343e+01
6732.5000 2.602963e+01
6733.7500 2.490322e+01
6735.0000 1.233073e+01
6736.2500 2.383571e+01
6737.5000 1.410653e+01
6738.7500 3.227167e+01
6740.0000 2.228098e+01
6741.2500 2.240646e+01
6742.5000 -1.140609e+00
6743.7500 1.720046e+01
6745.0000 2.832555e+01
6746.2500 2.468124e+01
6747.5000 6.065965e+00
6748.7500 1.843664e+01
6750.0000 1.455430e+01
6751.2500 4.869252e+00
6752.5000 2.787597e+01
6753.7500 1.180791e+01
6755.0000 2.568283e+01
6756.2500 1.931209e+01
6757.5000 3.255723e+01
6758.7500 2.090620e+01
6760.0000 1.946510e+01
6761.2500 2.085946e+01
6762.5000 1.531279e+01
6763.7500 1.819886e+01
6765.0000 8.563186e+00
6766.2500 2.108116e+01
6767.5000 -2.381372e-02
6768.7500 5.427039e+00
6770.0000 1.712620e+01
6771.2500 1.950533e+01
6772.5000 2.486481e+01
6773.7500 2.719847e+01
6775.0000 1.612459e+01
6776.2500 1.346534e+01
6777.5000 2.604815e+01
6778.7500 9.628407e+00
6780.0000 1.085429e+01
6781.2500 2.057906e+01
6782.5000 1.358800e+01
6783.7500 1.252857e+01
6785.0000 1.944598e+01
6786.2500 1.561287e+01
6787.5000 1.265257e+01
6788.7500 2.571963e+00
6790.0000 3.220367e+01
6791.2500 1.265006e+01
6792.5000 1.378486e+01
6793.7500 2.284884e+01
6795.0000 2.059619e+00
6796.2500 1.628187e+01
6797.5000 1.216985e+01
6798.7500 1.637328e+01
6800.0000 1.917464e+01
6801.2500 1.230654e+01
6802.5000 5.641483e+00
6803.7500 2.340496e+01
6805.0000 1.586541e+01
6806.2500 1.301435e+01
6807.5000 2.714163e+01
6808.7500 1.514094e+01
6810.0000 1.572680e+01
6811.2500 1.206086e+01
6812.5000 2.468540e+01
6813.7500 1.999083e+01
6815.0000 1.959098e+01
6816.2500 3.320926e+01
6817.5000 2.367178e+01
6818.7500 2.883027e+01
6820.0000 2.348912e+01
6821.2500 2.556657e+01
6822.5000 1.060460e+01
6823.7500 1.642064e+01
6825.0000 8.018382e+00
6826.2500 -6.713986e-01
6827.5000 1.888616e-01
6828.7500 1.742406e+01
6830.0000 -3.028507e+01
6831.2500 5.796878e+00
6832.5000 2.908269e+01
6833.7500 -3.212504e+01
6835.0000 3.956076e+01
6836.2500 1.882736e+01
6837.5000 1.855860e+01
6838.7500 1.327773e+01
6840.0000 3.193607e+01
6841.2500 1.873056e+01
6842.5000 2.670791e+01
6843.7500 2.421940e+01
6845.0000 6.090250e+00
6846.2500 1.071869e+01
6847.5000 1.041733e+01
6848.7500 1.369509e+01
6850.0000 2.517191e+01
6851.2500 9.031760e+00
6852.5000 9.142548e+00
6853.7500 2.377142e+01
6855.0000 1.742140e+01
6856.2500 8.293471e+00
6857.5000 2.175887e+00
6858.7500 3.036629e+01
6860.0000 1.211938e+01
6861.2500 -1.147868e+01
6862.5000 6.597333e-01
6863.7500 2.751789e+01
6865.0000 -2.430167e+01
6866.2500 4.767634e+00
6867.5000 1.010664e+01
6868.7500 2.951480e+01
6870.0000 2.682961e+01
6871.2500 5.404314e+01
6872.5000 3.997324e+01
6873.7500 2.056027e+01
6875.0000 1.070907e+01
6876.2500 1.844626e+01
6877.5000 3.528978e+01
6878.7500 1.315338e+01
6880.0000 2.535927e+01
6881.2500 5.460205e+00
6882.5000 1.607937e+01
6883.7500 1.169240e+01
6885.0000 1.201382e+01
6886.2500 2.020291e+01
6887.5000 2.647387e+01
6888.7500 3.194011e+01
6890.0000 2.096170e+01
6891.2500 1.061325e+01
6892.5000 1.236627e+01
6893.7500 3.635136e+01
6895.0000 3.614598e+01
6896.2500 8.283806e+00
6897.5000 1.964490e+01
6898.7500 2.726166e+01
6900.0000 2.141116e+01
6901.2500 2.771417e+01
6902.5000 1.446123e+01
6903.7500 9.556252e-01
6905.0000 2.559670e+01
6906.2500 8.056479e+00
6907.5000 8.490423e+00
6908.7500 1.434326e+01
6910.0000 2.899767e+01
6911.2500 1.229260e+01
6912.5000 3.228644e+01
6913.7500 1.705354e+01
6915.0000 3.975567e+00
6916.2500 1.114374e+01
6917.5000 1.711985e+01
6918.7500 2.841932e+01
6920.0000 2.440265e+01
6921.2500 6.470206e+00
6922.5000 -1.479879e+01
6923.7500 -3.036889e+00
6925.0000 -7.100788e+00
6926.2500 1.835550e+01
6927.5000 3.282429e+01
6928.7500 1.204898e+01
6930.0000 2.309727e+01
6931.2500 2.925791e+01
6932.5000 2.962558e+01
6933.7500 5.227430e+00
6935.0000 2.724332e+01
6936.2500 1.332235e+01
6937.5000 1.655425e+01
6938.7500 -2.142530e+01
6940.0000 2.697681e+01
6941.2500 -2.853410e+00
6942.5000 1.555921e+01
6943.7500 1.212084e+01
6945.0000 2.469716e+01
6946.2500 3.564198e+01
6947.5000 -2.272201e+01
6948.7500 2.896830e+01
6950.0000 1.431007e+01
6951.2500 1.651429e+01
6952.5000 2.673448e+01
6953.7500 1.422179e+01
6955.0000 1.899071e+01
6956.2500 1.514863e+01
6957.5000 2.637814e+01
6958.7500 2.889632e+01
6960.0000 1.971764e+01
6961.2500 2.028063e+01
6962.5000 1.941191e+01
6963.7500 1.970662e+01
6965.0000 2.568992e+01
6966.2500 1.013336e+01
6967.5000 1.657743e+01
6968.7500 2.213596e+01
6970.0000 1.079290e+01
6971.2500 1.539616e+01
6972.5000 2.006475e+01
6973.7500 2.173550e+01
6975.0000 2.125502e+01
6976.2500 3.613739e+01
6977.5000 -2.752106e+00
6978.7500 1.891566e+01
6980.0000 2.166724e+01
6981.2500 1.566618e+01
6982.5000 1.255903e+01
6983.7500 5.890041e+00
6985.0000 1.377528e+01
6986.2500 1.372653e+01
6987.5000 1.327231e+01
6988.7500 6.907587e+00
6990.0000 1.741783e+01
6991.2500 2.287332e+01
6992.5000 8.876231e+00
6993.7500 2.210470e+01
6995.0000 2.862373e+01
6996.2500 2.275752e+01
6997.5000 1.329267e+01
6998.7500 2.471333e+01
7000.0000 1.305818e+01
7001.2500 3.164898e+01
7002.5000 2.752487e+01
7003.7500 1.396131e+01
7005.0000 1.238736e+01
7006.2500 1.253474e+01
7007.5000 1.963949e+01
7008.7500 2.340505e+01
7010.0000 1.815429e+01
7011.2500 1.849521e+01
7012.5000 1.937549e+01
7013.7500 4.300041e+00
7015.0000 2.338885e+01
7016.2500 1.949232e+01
7017.5000 1.724898e+01
7018.7500 1.912941e+01
7020.0000 3.044137e+01
7021.2500 2.583058e+01
7022.5000 2.295593e+01
7023.7500 1.193482e+01
7025.0000 3.710910e+01
7026.2500 4.029413e+01
7027.5000 1.267076e+01
7028.7500 2.062082e+01
7030.0000 2.579564e+01
7031.2500 5.524810e+00
7032.5000 6.939504e+00
7033.7500 2.306221e+01
7035.0000 3.641870e+01
7036.2500 2.854426e+01
7037.5000 2.071690e+01
7038.7500 8.762104e+00
7040.0000 1.261917e+01
7041.2500 2.110801e+01
7042.5000 2.633611e+01
7043.7500 2.163777e+01
7045.0000 1.979738e+01
7046.2500 3.315351e+00
7047.5000 1.852888e+01
7048.7500 3.903901e+01
7050.0000 1.673339e+01
7051.2500 2.842041e+01
7052.5000 1.513065e+01
7053.7500 2.763831e+01
7055.0000 4.996704e+00
7056.2500 1.032671e+01
7057.5000 2.324151e+01
7058.7500 2.625915e+01
7060.0000 1.041487e+01
7061.2500 -5.771033e+00
7062.5000 2.682476e+01
7063.7500 1.507327e+01
7065.0000 4.483614e+00
7066.2500 1.697824e+01
7067.5000 3.162325e+01
7068.7500 2.831351e+01
7070.0000 3.783567e+01
7071.2500 2.285511e+01
7072.5000 1.058318e+01
7073.7500 1.772170e+01
7075.0000 3.524299e+00
7076.2500 1.723441e+01
7077.5000 1.326207e+01
7078.7500 9.292225e+00
7080.0000 1.115373e+01
7081.2500 2.159597e+01
7082.5000 1.834878e+01
7083.7500 1.336489e+01
7085.0000 3.937611e+01
7086.2500 2.641417e+01
7087.5000 2.851505e+01
7088.7500 3.470527e+01
7090.0000 8.769780e+00
7091.2500 2.471127e+01
7092.5000 1.597541e+01
7093.7500 2.508412e+01
7095.0000 3.129089e+01
7096.2500 2.083700e+01
7097.5000 8.854622e+00
7098.7500 1.149678e+01
7100.0000 1.880150e+01
7101.2500 1.366251e+01
7102.5000 2.330308e+01
7103.7500 2.848280e+01
7105.0000 2.792883e+01
7106.2500 2.211549e+01
7107.5000 2.167771e+01
7108.7500 1.352575e+01
7110.0000 2.519024e+01
7111.2500 1.452704e+01
7112.5000 1.332223e+01
7113.7500 7.314328e+00
7115.0000 1.882356e+01
7116.2500 1.308454e+01
7117.5000 -5.487732e+00
7118.7500 1.293647e+01
7120.0000 1.155963e+01
7121.2500 2.010272e+01
7122.5000 1.166856e+01
7123.7500 2.457618e+01
7125.0000 2.359822e+01
7126.2500 8.727950e+00
7127.5000 3.557523e+01
7128.7500 1.403596e+01
7130.0000 1.971325e+01
7131.2500 -1.736248e+00
7132.5000 1.840632e+01
7133.7500 5.850163e+00
7135.0000 1.239899e+01
7136.2500 1.182806e+01
7137.5000 3.586506e+00
7138.7500 1.545514e+01
7140.0000 3.179300e+01
7141.2500 2.730353e+01
7142.5000 2.624370e+01
7143.7500 2.722491e+01
7145.0000 1.125772e+01
7146.2500 1.934095e+01
7147.5000 8.053811e+00
7148.7500 1.467662e+01
7150.0000 2.428827e+01
7151.2500 1.743616e+01
7152.5000 1.363050e+01
7153.7500 1.886871e+01
7155.0000 2.481276e+01
7156.2500 2.528511e+01
7157.5000 3.559655e+01
7158.7500 3.596296e+01
7160.0000 1.573654e+01
7161.2500 2.884661e+01
7162.5000 1.594588e+01
7163.7500 2.644782e+01
7165.0000 2.785589e+01
7166.2500 4.749741e+01
7167.5000 2.125215e+01
7168.7500 2.673792e+01
7170.0000 2.077258e+01
7171.2500 2.737328e+01
7172.5000 1.647079e+01
7173.7500 3.018921e+01
7175.0000 3.783510e+00
7176.2500 7.528737e+00
7177.5000 2.016230e+01
7178.7500 1.893315e+01
7180.0000 2.280894e+01
7181.2500 1.214791e+01
7182.5000 7.700978e+00
7183.7500 1.610222e+01
7185.0000 1.508524e+01
7186.2500 8.013179e+00
7187.5000 1.949059e+01
7188.7500 1.981340e+01
7190.0000 2.224232e+01
7191.2500 2.118952e+01
7192.5000 1.923004e+01
7193.7500 2.505854e+01
7195.0000 2.060769e+01
7196.2500 1.585666e+01
7197.5000 2.918228e+01
7198.7500 2.390623e+01
7200.0000 3.096179e+01
7201.2500 1.444357e+01
7202.5000 4.959253e+00
7203.7500 2.562059e+01
7205.0000 1.718068e+01
7206.2500 1.962285e+01
7207.5000 2.081596e+01
7208.7500 7.131966e+00
7210.0000 2.675128e+01
7211.2500 1.720396e+01
7212.5000 1.636140e+01
7213.7500 1.545888e+01
7215.0000 1.141219e+01
7216.2500 1.816749e+01
7217.5000 2.478858e+01
7218.7500 1.991186e+01
7220.0000 8.953985e+00
7221.2500 2.446288e+01
7222.5000 2.353853e+01
7223.7500 1.856058e+01
7225.0000 -5.990649e+00
7226.2500 1.496965e+00
7227.5000 2.719125e+01
7228.7500 2.586739e+01
7230.0000 2.615537e+01
7231.2500 1.058729e+01
7232.5000 2.252233e+01
7233.7500 6.564671e+00
7235.0000 9.531438e+00
7236.2500 2.272988e+01
7237.5000 1.666982e+01
7238.7500 -1.258217e+01
7240.0000 1.463047e+00
7241.2500 -1.694402e+01
7242.5000 4.270488e+01
7243.7500 3.403733e+01
7245.0000 -2.507809e+01
7246.2500 5.654062e+01
7247.5000 6.274090e+00
7248.7500 1.363438e+01
7250.0000 1.672794e+01
7251.2500 3.164480e+00
7252.5000 1.948316e+01
7253.7500 1.515253e+01
7255.0000 3.987244e+01
7256.2500 1.787107e+01
7257.5000 6.029783e+00
7258.7500 1.953596e+01
7260.0000 8.566218e+00
7261.2500 1.422333e+01
7262.5000 9.328356e+00
7263.7500 1.973519e+01
7265.0000 1.891291e+01
7266.2500 1.878929e+01
7267.5000 2.266569e+01
7268.7500 9.992195e+00
7270.0000 1.794478e+01
7271.2500 2.249226e+01
7272.5000 3.571265e+01
7273.7500 4.705533e+01
7275.0000 5.898390e-01
7276.2500 2.961603e+01
7277.5000 3.162456e+00
7278.7500 1.022000e+01
7280.0000 2.767274e+01
7281.2500 2.991685e+01
7282.5000 -1.208478e+01
7283.7500 4.363919e+01
7285.0000 2.160751e+01
7286.2500 3.335527e+01
7287.5000 1.752131e+01
7288.7500 1.768742e+01
7290.0000 9.524448e+00
7291.2500 2.556708e+01
7292.5000 2.503184e+01
7293.7500 1.160516e+01
7295.0000 2.442409e-01
7296.2500 -1.725639e+01
7297.5000 1.618240e+01
7298.7500 2.736694e+01
7300.0000 8.698514e+00
7301.2500 2.883915e+01
7302.5000 9.157948e+00
7303.7500 5.255922e+00
7305.0000 2.658873e+01
7306.2500 4.922780e+00
7307.5000 6.985890e+00
7308.7500 1.887476e+01
7310.0000 2.630795e+01
7311.2500 1.466969e+01
7312.5000 3.604803e+01
7313.7500 1.041441e+01
7315.0000 1.951765e+01
7316.2500 3.802975e+01
7317.5000 5.871117e+01
7318.7500 2.334245e+01
7320.0000 1.137994e+01
7321.2500 2.404077e+01
7322.5000 1.239214e+01
7323.7500 1.320590e+01
7325.0000 1.859884e+01
7326.2500 3.170528e+01
7327.5000 -2.026108e+01
7328.7500 -2.299976e+00
7330.0000 5.254149e+00
7331.2500 2.645718e+01
7332.5000 2.471508e+01
7333.7500 1.664468e+01
7335.0000 4.414559e+00
7336.2500 9.795731e+00
7337.5000 3.602489e+01
7338.7500 2.704082e+01
7340.0000 5.676544e+01
7341.2500 9.182837e+00
7342.5000 4.531646e+01
7343.7500 2.405531e+01
7345.0000 4.481087e+01
7346.2500 7.377956e+00
7347.5000 2.698474e+00
7348.7500 1.898134e+01
7350.0000 1.140217e+01
7351.2500 1.120654e+01
7352.5000 2.155507e+01
7353.7500 2.799034e+01
7355.0000 2.664633e+01
7356.2500 2.285983e+01
7357.5000 4.515806e+01
7358.7500 3.077424e+00
7360.0000 4.627931e+00
7361.2500 2.281782e+01
7362.5000 2.496327e+01
7363.7500 1.960425e+01
7365.0000 3.588408e+01
7366.2500 5.388849e+01
7367.5000 3.506072e+01
7368.7500 5.976017e+01
7370.0000 -1.703807e+01
7371.2500 3.596598e+01
7372.5000 6.600041e+00
7373.7500 3.800802e+01
7375.0000 4.113456e+01
7376.2500 2.539822e+01
7377.5000 1.469453e+01
7378.7500 4.238920e+01
7380.0000 1.644290e+01
7381.2500 2.435739e+01
7382.5000 1.617600e+01
7383.7500 2.699307e+01
7385.0000 3.223790e+01
7386.2500 7.182406e+00
7387.5000 1.532661e+01
7388.7500 3.267816e+01
7390.0000 2.734078e+01
7391.2500 5.648214e+00
7392.5000 3.023743e+01
7393.7500 1.756625e+01
7395.0000 3.172920e+01
7396.2500 3.394825e+01
7397.5000 2.720535e+01
7398.7500 5.133102e+01
7400.0000 9.613652e+00
7401.2500 3.317099e+01
7402.5000 3.420602e+01
7403.7500 2.679850e+01
7405.0000 1.960825e+01
7406.2500 1.923948e+01
7407.5000 -1.775879e-01
7408.7500 2.800755e+01
7410.0000 1.248389e+01
7411.2500 2.935937e+01
7412.5000 2.971687e+01
7413.7500 2.976294e+01
7415.0000 1.223459e+01
7416.2500 2.308097e+01
7417.5000 2.930839e+01
7418.7500 1.759119e+01
7420.0000 3.002000e+01
7421.2500 2.023215e+01
7422.5000 3.133731e+01
7423.7500 1.277208e+01
7425.0000 1.310694e+01
7426.2500 2.005817e+01
7427.5000 2.779511e+01
7428.7500 1.053378e+01
7430.0000 -2.880356e+00
7431.2500 3.085572e+01
7432.5000 1.160263e+01
7433.7500 2.950684e+01
7435.0000 2.839846e+01
7436.2500 1.106971e+01
7437.5000 -1.975386e+01
7438.7500 1.678377e+01
7440.0000 2.195463e+01
7441.2500 2.442468e+01
7442.5000 3.843040e+00
7443.7500 2.760437e+01
7445.0000 1.936364e+01
7446.2500 1.228388e+01
7447.5000 2.691718e+01
7448.7500 1.782665e+01
7450.0000 1.229463e+01
7451.2500 2.039742e+01
7452.5000 1.586096e+01
7453.7500 1.677905e+01
7455.0000 1.055303e+01
7456.2500 2.444293e+01
7457.5000 2.671489e+01
7458.7500 1.413666e+01
7460.0000 1.379219e+01
7461.2500 3.785649e+01
7462.5000 2.570234e+01
7463.7500 2.799215e+01
7465.0000 -9.295928e-01
7466.2500 1.778908e+01
7467.5000 1.988663e+01
7468.7500 2.404062e+01
7470.0000 3.469082e+01
7471.2500 7.738390e+01
7472.5000 8.285582e+01
7473.7500 7.584035e+01
7475.0000 5.158000e+01
7476.2500 7.511972e+01
7477.5000 1.589287e+02
7478.7500 1.349557e+02
7480.0000 8.356859e+01
7481.2500 4.613671e+01
7482.5000 1.199714e+01
7483.7500 -1.267281e+01
7485.0000 1.417480e+01
7486.2500 9.052557e+00
7487.5000 1.070909e+01
7488.7500 2.483202e-01
7490.0000 1.596570e+01
7491.2500 2.962047e+01
7492.5000 8.558315e+00
7493.7500 3.226572e+01
7495.0000 2.997650e+01
7496.2500 1.612885e+01
7497.5000 1.063107e+01
7498.7500 2.033097e+01
7500.0000 2.687322e+01
7501.2500 2.341114e+01
7502.5000 2.534752e+01
7503.7500 1.707207e+01
7505.0000 3.020492e+01
7506.2500 3.447944e+01
7507.5000 2.911196e+01
7508.7500 2.475423e+01
7510.0000 2.298048e+01
7511.2500 1.491623e+01
7512.5000 2.051956e+01
7513.7500 2.963469e+01
7515.0000 2.324711e+01
7516.2500 1.722952e+01
7517.5000 1.992102e+01
7518.7500 2.425564e+01
7520.0000 1.916200e+01
7521.2500 3.930885e+01
7522.5000 1.927477e+01
7523.7500 2.707600e+01
7525.0000 3.570899e+01
7526.2500 2.835859e+01
7527.5000 1.376422e+01
7528.7500 3.560586e+00
7530.0000 9.470825e+00
7531.2500 -3.716160e+00
7532.5000 2.834925e+01
7533.7500 3.454908e+01
7535.0000 2.003233e+01
7536.2500 2.184169e+01
7537.5000 3.574291e+01
7538.7500 4.437737e+01
7540.0000 5.700101e+00
7541.2500 4.604287e+00
7542.5000 3.404209e+01
7543.7500 2.861715e+01
7545.0000 2.195974e+01
7546.2500 7.025956e+00
7547.5000 1.898949e+01
7548.7500 3.507156e+01
7550.0000 2.232532e+01
7551.2500 1.834294e+01
7552.5000 1.080696e+01
7553.7500 1.483539e+01
7555.0000 3.297859e+01
7556.2500 2.062470e+01
7557.5000 3.768118e+01
7558.7500 3.513665e+00
7560.0000 1.897613e+01
7561.2500 2.827022e+01
7562.5000 1.753031e+01
7563.7500 3.829081e+01
7565.0000 2.533554e+01
7566.2500 1.798748e+01
7567.5000 2.459171e+01
7568.7500 4.086543e+01
7570.0000 5.816195e+01
7571.2500 2.468423e+01
7572.5000 7.043956e+01
7573.7500 5.367706e+01
7575.0000 2.122165e+01
7576.2500 2.570812e+01
7577.5000 3.154238e+01
7578.7500 2.328393e+01
7580.0000 1.877597e+01
7581.2500 1.825588e+01
7582.5000 1.266393e+01
7583.7500 1.246506e+01
7585.0000 1.658639e+01
7586.2500 9.996191e+00
7587.5000 2.872894e+01
7588.7500 2.990998e+01
7590.0000 1.650158e+01
7591.2500 2.360794e+01
7592.5000 5.409686e+01
7593.7500 4.724672e+01
7595.0000 2.706225e+01
7596.2500 -2.701513e+01
7597.5000 2.528487e+01
7598.7500 2.160784e+01
7600.0000 3.779526e+01
7601.2500 7.567156e+00
7602.5000 1.698270e+00
7603.7500 5.661526e+01
7605.0000 5.431308e+01
7606.2500 2.686365e+01
7607.5000 2.248935e+01
7608.7500 2.408622e+01
7610.0000 -6.751103e-01
7611.2500 2.945477e+01
7612.5000 6.157500e+00
7613.7500 -1.135463e+00
7615.0000 3.420782e+01
7616.2500 4.974372e+01
7617.5000 5.000839e-01
7618.7500 -1.784708e+00
7620.0000 1.463339e+01
7621.2500 3.809691e+01
7622.5000 2.904900e+01
7623.7500 7.127812e+00
7625.0000 2.505451e+01
7626.2500 3.082401e+01
7627.5000 5.204737e+01
7628.7500 8.423644e+01
7630.0000 8.997862e+00
7631.2500 3.057916e+01
7632.5000 4.839293e+01
7633.7500 5.366743e+01
7635.0000 7.814462e+00
7636.2500 2.980032e+01
7637.5000 3.035497e+01
7638.7500 2.103258e+01
7640.0000 1.990001e+01
7641.2500 1.349826e+00
7642.5000 3.780056e+00
7643.7500 2.946776e+01
7645.0000 1.309094e+01
7646.2500 6.240569e+01
7647.5000 2.122504e+01
7648.7500 2.785664e+01
7650.0000 2.667667e+01
7651.2500 1.006683e+01
7652.5000 2.518903e+01
7653.7500 6.500670e+00
7655.0000 4.338009e+00
7656.2500 3.788146e+01
7657.5000 3.120736e+01
7658.7500 3.983706e+01
7660.0000 1.048577e+01
7661.2500 3.538546e+01
7662.5000 9.733252e+00
7663.7500 4.106553e+01
7665.0000 2.269059e+01
7666.2500 1.831398e+01
7667.5000 3.884685e+01
7668.7500 3.005694e+01
7670.0000 1.721459e+01
7671.2500 1.876582e+01
7672.5000 2.325440e+01
7673.7500 2.745733e+01
7675.0000 1.682778e+01
7676.2500 1.532846e+01
7677.5000 2.787844e+01
7678.7500 2.236648e+01
7680.0000 2.123408e+01
7681.2500 2.319881e+01
7682.5000 1.682040e+01
7683.7500 2.111657e+01
7685.0000 1.952323e+01
7686.2500 2.402738e+01
7687.5000 4.479141e+01
7688.7500 1.842657e+01
7690.0000 1.153130e+01
7691.2500 7.492082e+00
7692.5000 1.781959e+01
7693.7500 2.104334e+01
7695.0000 9.035245e+00
7696.2500 3.340203e+01
7697.5000 8.912945e-02
7698.7500 2.164774e+01
7700.0000 1.406682e+01
7701.2500 3.603672e+01
7702.5000 2.426163e+01
7703.7500 3.597440e+01
7705.0000 1.825819e+01
7706.2500 1.947565e+01
7707.5000 1.072375e+01
7708.7500 1.231866e+01
7710.0000 8.075169e+01
7711.2500 4.396827e+01
7712.5000 1.784503e+02
7713.7500 1.720431e+01
7715.0000 5.758591e+00
7716.2500 1.865736e+01
7717.5000 4.560997e+01
7718.7500 2.425377e+01
7720.0000 3.724686e+01
7721.2500 4.426311e+01
7722.5000 2.320219e+01
7723.7500 5.279448e+01
7725.0000 3.820754e+01
7726.2500 5.797834e+01
7727.5000 3.648563e+01
7728.7500 2.378503e+01
7730.0000 2.168370e+01
7731.2500 1.272466e+01
7732.5000 2.991002e+01
7733.7500 1.727084e+01
7735.0000 3.092937e+01
7736.2500 2.952501e+01
7737.5000 2.335019e+01
7738.7500 2.636064e+01
7740.0000 1.659479e+01
7741.2500 3.252444e+01
7742.5000 3.251795e+01
7743.7500 1.706392e+01
7745.0000 1.432073e+01
7746.2500 3.285340e+01
7747.5000 4.121768e+01
7748.7500 -1.263286e+01
7750.0000 3.800887e+01
7751.2500 8.008353e+01
7752.5000 2.734536e+01
7753.7500 2.627196e+01
7755.0000 2.100947e+01
7756.2500 2.114474e+01
7757.5000 5.457308e+01
7758.7500 3.205989e+01
7760.0000 1.026145e+02
7761.2500 -3.173855e+01
7762.5000 2.551831e+01
7763.7500 3.258767e+01
7765.0000 2.781951e+01
7766.2500 2.330087e+01
7767.5000 1.524915e+01
7768.7500 2.464767e+01
7770.0000 2.314156e+01
7771.2500 5.161154e+01
7772.5000 1.925540e+01
7773.7500 7.636122e+00
7775.0000 3.524389e+01
7776.2500 7.328825e+00
7777.5000 3.214629e+01
7778.7500 5.410425e+00
7780.0000 2.835668e+01
7781.2500 4.408477e+01
7782.5000 2.496067e+01
7783.7500 4.670595e+00
7785.0000 8.456782e+00
7786.2500 4.316154e+01
7787.5000 1.302740e+01
7788.7500 3.400638e+01
7790.0000 3.274305e+01
7791.2500 4.934925e+01
7792.5000 -3.651779e+01
7793.7500 5.983595e+01
7795.0000 2.674607e+01
7796.2500 -3.107858e+00
7797.5000 1.227002e+01
7798.7500 2.807800e+01
7800.0000 2.559595e+01
7801.2500 1.678984e+01
7802.5000 1.594789e+01
7803.7500 2.800021e+01
7805.0000 5.357482e+00
7806.2500 1.102785e+01
7807.5000 -3.311684e+00
7808.7500 8.669113e+00
7810.0000 1.977839e+01
7811.2500 3.262933e+01
7812.5000 1.589669e+01
7813.7500 3.110907e+01
7815.0000 -1.053151e+01
7816.2500 2.613156e+01
7817.5000 1.701888e+01
7818.7500 2.017445e+01
7820.0000 3.624112e+01
7821.2500 -5.100072e+01
7822.5000 6.571369e+01
7823.7500 2.600551e+01
7825.0000 2.350239e+01
7826.2500 2.484485e+01
7827.5000 2.727187e+01
7828.7500 3.174608e+01
7830.0000 4.679165e+01
7831.2500 3.349007e+01
7832.5000 1.704343e+01
7833.7500 1.605835e+01
7835.0000 2.102226e+01
7836.2500 1.586743e+01
7837.5000 3.021639e+01
7838.7500 2.576167e+01
7840.0000 -9.797962e+00
7841.2500 3.823303e+00
7842.5000 2.095967e+01
7843.7500 1.714552e+01
7845.0000 2.663121e+01
7846.2500 1.618369e+01
7847.5000 2.422899e+01
7848.7500 2.375419e+01
7850.0000 1.702798e+01
7851.2500 3.005767e+01
7852.5000 8.230667e+00
7853.7500 2.345229e+01
7855.0000 6.910634e+00
7856.2500 2.860068e+01
7857.5000 1.845971e+01
7858.7500 -9.720814e+00
7860.0000 3.185216e+01
7861.2500 3.298185e+01
7862.5000 2.156807e+01
7863.7500 2.753467e+01
7865.0000 2.183360e+01
7866.2500 5.594911e+00
7867.5000 1.914713e+01
7868.7500 1.447991e+01
7870.0000 1.480394e+02
7871.2500 -3.043135e+00
7872.5000 2.629280e+01
7873.7500 9.302999e+00
7875.0000 3.291697e+01
7876.2500 2.592296e+01
7877.5000 3.696595e+01
7878.7500 -3.804094e+01
7880.0000 -1.580288e+01
7881.2500 2.287966e+01
7882.5000 -3.176967e+01
7883.7500 3.472589e+01
7885.0000 2.689235e+01
7886.2500 3.932532e+01
7887.5000 2.929367e+01
7888.7500 2.368947e+01
7890.0000 -2.382633e+01
7891.2500 2.970681e+01
7892.5000 4.390288e+01
7893.7500 3.241256e+01
7895.0000 4.978564e+00
7896.2500 1.852629e+01
7897.5000 1.985257e+01
7898.7500 4.854177e+01
7900.0000 1.562176e+01
7901.2500 2.934188e+01
7902.5000 4.277988e+01
7903.7500 1.923497e+01
7905.0000 3.290155e+01
7906.2500 1.143676e+01
7907.5000 1.287953e+01
7908.7500 1.437048e+01
7910.0000 5.924280e+01
7911.2500 1.183131e+02
7912.5000 1.047246e+01
7913.7500 3.501126e+01
7915.0000 -5.337928e+01
7916.2500 4.924611e+01
7917.5000 1.573639e+01
7918.7500 5.354879e+01
7920.0000 5.200053e+01
7921.2500 3.062622e+01
7922.5000 -9.736282e+00
7923.7500 5.240687e+01
7925.0000 -3.484481e+00
7926.2500 6.307545e+00
7927.5000 2.113636e+00
7928.7500 3.024931e+01
7930.0000 -8.082048e+00
7931.2500 -2.013906e+01
7932.5000 -1.653176e+01
7933.7500 6.048269e+01
7935.0000 1.985002e+01
7936.2500 1.838004e+01
7937.5000 1.525998e+01
7938.7500 1.314827e+01
7940.0000 2.510187e+01
7941.2500 3.187308e+01
7942.5000 1.054581e+01
7943.7500 2.223973e+01
7945.0000 2.792490e+01
7946.2500 3.608601e+01
7947.5000 1.058928e+01
7948.7500 3.204811e+01
7950.0000 1.629659e+01
7951.2500 1.409624e+01
7952.5000 2.458067e+01
7953.7500 9.650978e+00
7955.0000 2.234126e+01
7956.2500 2.005917e+01
7957.5000 1.786096e+01
7958.7500 -3.748539e+00
7960.0000 2.039251e+00
7961.2500 3.323810e+01
7962.5000 1.163665e+02
7963.7500 -4.508253e+01
7965.0000 2.579350e+00
7966.2500 1.558595e+01
7967.5000 8.220698e+00
7968.7500 2.670239e+01
7970.0000 2.131921e+01
7971.2500 2.500869e+01
7972.5000 8.079788e+00
7973.7500 4.576219e+00
7975.0000 2.233716e+01
7976.2500 5.807045e+00
7977.5000 6.177025e+01
7978.7500 -5.204952e+00
7980.0000 -2.800443e+00
7981.2500 4.201941e+00
7982.5000 3.669204e+01
7983.7500 3.107220e+01
7985.0000 1.759656e+01
7986.2500 8.444210e+00
7987.5000 1.648546e+01
7988.7500 3.215230e+01
7990.0000 2.758840e+01
7991.2500 9.694798e+01
7992.5000 3.474921e+01
7993.7500 8.664828e+01
7995.0000 2.487548e+01
7996.2500 3.308249e+01
7997.5000 2.893193e+01
7998.7500 5.178008e+01
8000.0000 3.249736e+01
8001.2500 2.660678e+01
8002.5000 1.775715e+01
8003.7500 4.497334e+00
8005.0000 1.485301e+01
8006.2500 1.312502e+01
8007.5000 1.774832e+01
8008.7500 1.836723e+01
8010.0000 2.437840e+01
8011.2500 2.223464e+01
8012.5000 3.381176e+01
8013.7500 1.721129e+01
8015.0000 4.656687e+00
8016.2500 5.905832e+01
8017.5000 3.106697e+01
8018.7500 2.013144e+01
8020.0000 2.773353e+01
8021.2500 3.077121e+01
8022.5000 4.302245e+01
8023.7500 3.059322e+01
8025.0000 5.048062e+01
8026.2500 1.465705e+01
8027.5000 3.523617e+01
8028.7500 4.428606e+01
8030.0000 2.349163e+01
8031.2500 3.853255e+01
8032.5000 3.432848e+01
8033.7500 3.772363e+01
8035.0000 3.798824e+01
8036.2500 2.928773e+01
8037.5000 3.133284e+01
8038.7500 4.756158e+01
8040.0000 2.009220e+01
8041.2500 2.573487e+01
8042.5000 2.085343e+01
8043.7500 2.298030e+01
8045.0000 2.256368e+01
8046.2500 4.710941e+01
8047.5000 5.465297e+01
8048.7500 3.323618e+01
8050.0000 3.952436e+01
8051.2500 4.766921e+01
8052.5000 1.371354e+01
8053.7500 2.561943e+01
8055.0000 3.876213e+01
8056.2500 3.257887e+01
8057.5000 1.919366e+01
8058.7500 4.082986e+01
8060.0000 3.236833e+01
8061.2500 -2.911790e+01
8062.5000 3.720194e+01
8063.7500 2.784097e+01
8065.0000 2.370389e+01
8066.2500 2.710871e+01
8067.5000 2.412948e+01
8068.7500 2.000868e+01
8070.0000 3.327998e+01
8071.2500 5.294795e+00
8072.5000 3.344902e+01
8073.7500 9.770224e+00
8075.0000 2.319632e+01
8076.2500 3.672969e+01
8077.5000 3.144969e+01
8078.7500 3.244818e+01
8080.0000 4.400703e+01
8081.2500 4.112302e+01
8082.5000 2.876203e+01
8083.7500 3.296658e+01
8085.0000 7.967494e-01
8086.2500 2.982038e+00
8087.5000 2.348062e+01
8088.7500 2.504725e+01
8090.0000 3.222895e+01
8091.2500 2.300549e+01
8092.5000 2.243184e+01
8093.7500 1.912233e+01
8095.0000 3.590773e+01
8096.2500 1.694181e+01
8097.5000 3.350388e+01
8098.7500 3.573195e+01
8100.0000 7.460064e+01
8101.2500 1.318423e+01
8102.5000 3.983818e+01
8103.7500 2.848895e+01
8105.0000 3.115096e+01
8106.2500 1.508904e+01
8107.5000 3.851273e+01
8108.7500 4.719669e+01
8110.0000 5.315319e+01
8111.2500 3.327494e+01
8112.5000 3.191554e+01
8113.7500 3.119598e+01
8115.0000 2.414885e+01
8116.2500 1.885587e+01
8117.5000 2.768258e+01
8118.7500 3.936453e+01
8120.0000 3.965826e+01
8121.2500 3.782141e+01
8122.5000 2.838364e+01
8123.7500 4.443148e+01
8125.0000 4.840948e+01
8126.2500 2.922916e+01
8127.5000 3.655007e+01
8128.7500 3.152608e+01
8130.0000 2.272075e+01
8131.2500 2.663344e+01
8132.5000 3.102427e+01
8133.7500 1.998251e+01
8135.0000 2.710139e+01
8136.2500 2.826163e+01
8137.5000 2.460376e+01
8138.7500 2.440991e+01
8140.0000 -5.661881e-02
8141.2500 3.601420e+01
8142.5000 2.801825e+01
8143.7500 2.700017e+01
8145.0000 4.495769e+01
8146.2500 3.231351e+01
8147.5000 2.389860e-01
8148.7500 4.473358e+01
8150.0000 2.257519e+01
8151.2500 2.350611e+01
8152.5000 1.528932e+01
8153.7500 2.006298e+01
8155.0000 4.437911e+01
8156.2500 4.551438e+01
8157.5000 2.889084e+01
8158.7500 2.419331e+01
8160.0000 1.166789e+01
8161.2500 1.630903e+01
8162.5000 4.483647e+01
8163.7500 1.460368e+01
8165.0000 2.268530e+01
8166.2500 2.682672e+01
8167.5000 2.254013e+01
8168.7500 2.531514e+01
8170.0000 1.834993e+01
8171.2500 3.942166e+01
8172.5000 3.650657e+01
8173.7500 1.714085e+01
8175.0000 2.905746e+01
8176.2500 1.433385e+01
8177.5000 1.793257e+01
8178.7500 3.293937e+01
8180.0000 3.508093e+01
8181.2500 3.426752e+01
8182.5000 3.928662e+01
8183.7500 3.701653e+01
8185.0000 5.302641e+01
8186.2500 4.879335e+01
8187.5000 5.686616e+01
8188.7500 1.809178e+01
8190.0000 1.574507e+01
8191.2500 3.307896e+01
8192.5000 2.290284e+01
8193.7500 1.579383e+01
8195.0000 2.346189e+01
8196.2500 1.561260e+01
8197.5000 1.991626e+01
8198.7500 1.415687e+01
8200.0000 1.506754e+01
8201.2500 2.734741e+01
8202.5000 3.675174e+01
8203.7500 2.509668e+01
8205.0000 2.839498e+01
8206.2500 2.841228e+01
8207.5000 1.871296e+01
8208.7500 1.172044e+01
8210.0000 1.764718e+01
8211.2500 2.353434e+01
8212.5000 3.344507e+01
8213.7500 2.375921e+01
8215.0000 1.112026e+01
8216.2500 3.659776e+01
8217.5000 3.070862e+01
8218.7500 2.302719e+01
8220.0000 -4.615237e-01
8221.2500 1.266881e+01
8222.5000 2.178808e+01
8223.7500 5.407927e+01
8225.0000 4.481471e+01
8226.2500 1.193685e+01
8227.5000 2.470101e+01
8228.7500 2.884962e+01
8230.0000 2.395269e+01
8231.2500 4.528576e+01
8232.5000 4.382764e+01
8233.7500 8.046811e+00
8235.0000 4.723137e+01
8236.2500 2.652407e+01
8237.5000 2.926691e+01
8238.7500 -2.396882e-01
8240.0000 1.380884e+01
8241.2500 3.696280e+01
8242.5000 3.126545e+01
8243.7500 2.635541e+01
8245.0000 3.763278e+01
8246.2500 3.643740e+01
8247.5000 2.264983e+01
8248.7500 3.513283e+01
8250.0000 2.017334e+01
8251.2500 1.632625e+01
8252.5000 1.991582e+01
8253.7500 2.705611e+01
8255.0000 3.211547e+00
8256.2500 2.208335e+01
8257.5000 1.986422e+01
8258.7500 3.573317e+01
8260.0000 3.617854e+01
8261.2500 2.098379e+01
8262.5000 2.474179e+01
8263.7500 2.091751e+01
8265.0000 1.734028e+01
8266.2500 2.497509e+01
8267.5000 2.849375e+01
8268.7500 3.063863e+01
8270.0000 2.687698e+01
8271.2500 4.506123e+01
8272.5000 2.745481e+01
8273.7500 2.337593e+01
8275.0000 3.402390e+01
8276.2500 3.568148e+01
8277.5000 -1.101889e+01
8278.7500 -3.804639e+01
8280.0000 5.265273e+01
8281.2500 6.069792e+01
8282.5000 6.762466e+01
8283.7500 2.632001e+01
8285.0000 4.771392e+01
8286.2500 1.780696e+01
8287.5000 5.272488e+01
8288.7500 2.054033e+01
8290.0000 2.653108e+01
8291.2500 8.551848e+00
8292.5000 1.775313e+01
8293.7500 1.929514e+01
8295.0000 5.245447e+01
8296.2500 3.514985e+01
8297.5000 7.215801e+00
8298.7500 4.088522e+01
8300.0000 -3.515850e+01
8301.2500 4.948747e+01
8302.5000 3.050104e+01
8303.7500 2.034683e+01
8305.0000 2.760302e+00
8306.2500 2.413868e+01
8307.5000 2.847069e+01
8308.7500 3.615953e+01
8310.0000 3.563673e+01
8311.2500 -9.244220e+00
8312.5000 5.296301e+01
8313.7500 2.975946e+01
8315.0000 1.984081e+01
8316.2500 2.757782e+01
8317.5000 4.169522e+01
8318.7500 1.704163e+01
8320.0000 1.659623e+01
8321.2500 2.406879e+01
8322.5000 2.912498e+01
8323.7500 3.542276e+01
8325.0000 4.508643e+01
8326.2500 2.359770e+01
8327.5000 2.172316e+01
8328.7500 1.726166e+01
8330.0000 4.076503e+01
8331.2500 3.301844e+01
8332.5000 3.912929e+01
8333.7500 1.361505e+01
8335.0000 2.660049e+01
8336.2500 1.217562e+01
8337.5000 3.040268e+01
8338.7500 5.883584e+00
8340.0000 2.802738e+00
8341.2500 3.872452e+00
8342.5000 1.501428e+01
8343.7500 2.804990e+01
8345.0000 2.882396e+01
8346.2500 3.593217e+01
8347.5000 3.967348e+01
8348.7500 2.816142e+01
8350.0000 4.907801e+01
8351.2500 6.378665e+00
8352.5000 3.844159e+01
8353.7500 1.785507e+01
8355.0000 5.416186e+01
8356.2500 3.437278e+01
8357.5000 2.874732e+01
8358.7500 4.493897e+01
8360.0000 4.447506e+01
8361.2500 -7.979893e+00
8362.5000 2.495121e+01
8363.7500 -2.213965e+01
8365.0000 1.589008e+01
8366.2500 5.115720e+00
8367.5000 2.979316e+01
8368.7500 4.278488e+01
8370.0000 2.501860e+01
8371.2500 3.518036e+01
8372.5000 3.769790e+01
8373.7500 4.026400e+01
8375.0000 3.932092e+01
8376.2500 4.192551e+01
8377.5000 6.073025e+01
8378.7500 8.569808e+00
8380.0000 7.119180e+01
8381.2500 -4.827218e-01
8382.5000 6.047590e+01
8383.7500 2.136503e+01
8385.0000 2.557673e+01
8386.2500 2.566906e+01
8387.5000 2.744048e+01
8388.7500 2.582249e+01
8390.0000 2.398797e+01
8391.2500 8.112350e+00
8392.5000 3.216275e+01
8393.7500 2.305275e+01
8395.0000 3.466750e+01
8396.2500 1.764377e+01
8397.5000 2.843651e+01
8398.7500 2.587608e+01
8400.0000 4.116345e+01
8401.2500 3.437983e+01
8402.5000 2.017553e+01
8403.7500 3.609023e+01
8405.0000 2.458201e+01
8406.2500 3.935302e+01
8407.5000 1.548339e+01
8408.7500 1.459675e+01
8410.0000 2.912604e+01
8411.2500 3.363726e+01
8412.5000 2.226340e+01
8413.7500 2.713552e+00
8415.0000 4.620571e+01
8416.2500 -8.564305e+00
8417.5000 9.931840e-01
8418.7500 2.209667e+01
8420.0000 2.680720e+01
8421.2500 2.303087e+01
8422.5000 1.247581e+01
8423.7500 2.621054e+01
8425.0000 2.967273e+01
8426.2500 4.525599e+01
8427.5000 5.688408e+01
8428.7500 2.168026e+01
8430.0000 2.540766e+01
8431.2500 3.855899e+01
8432.5000 2.622404e+01
8433.7500 1.621663e+01
8435.0000 2.122143e+01
8436.2500 1.861432e+01
8437.5000 2.866433e+01
8438.7500 3.822108e+01
8440.0000 1.909513e+01
8441.2500 3.510273e+01
8442.5000 1.919952e+01
8443.7500 3.207153e+01
8445.0000 2.463681e+01
8446.2500 2.542906e+01
8447.5000 3.231742e+01
8448.7500 2.741623e+01
8450.0000 2.617816e+01
8451.2500 8.881821e+01
8452.5000 4.726376e+01
8453.7500 3.278242e+01
8455.0000 3.164873e+01
8456.2500 2.718758e+01
8457.5000 3.870072e+01
8458.7500 4.449327e+01
8460.0000 1.876750e+01
8461.2500 3.040982e+01
8462.5000 7.427313e+01
8463.7500 3.190749e+01
8465.0000 2.824237e+01
8466.2500 3.826668e+01
8467.5000 1.045916e+02
8468.7500 2.050944e+01
8470.0000 1.516682e+00
8471.2500 5.239098e+01
8472.5000 3.122820e+01
8473.7500 2.195832e+01
8475.0000 -5.184821e+00
8476.2500 1.894849e+01
8477.5000 3.484463e+01
8478.7500 1.460003e+01
8480.0000 2.663028e+01
8481.2500 1.873663e+01
8482.5000 1.900862e+01
8483.7500 3.830663e+01
8485.0000 3.637663e+01
8486.2500 8.347270e+00
8487.5000 1.082170e+01
8488.7500 1.062704e+01
8490.0000 4.947797e+01
8491.2500 4.332390e+01
8492.5000 9.562300e-01
8493.7500 -1.081931e+00
8495.0000 3.965576e+01
8496.2500 2.446863e+01
8497.5000 4.076708e+01
8498.7500 3.325246e+01
8500.0000 3.085937e+01
8501.2500 4.434807e+01
8502.5000 5.243264e+01
8503.7500 6.479612e+01
8505.0000 2.996362e+01
8506.2500 -1.462616e+01
8507.5000 3.186939e+01
8508.7500 2.555745e+01
8510.0000 2.717687e+01
8511.2500 3.688752e+01
8512.5000 2.062919e+01
8513.7500 2.717566e+01
8515.0000 3.043076e+01
8516.2500 3.170465e+01
8517.5000 2.931846e+01
8518.7500 2.025184e+01
8520.0000 1.386285e+01
8521.2500 2.726482e+01
8522.5000 2.693880e+01
8523.7500 3.755264e+01
8525.0000 1.654751e+01
8526.2500 2.136483e+01
8527.5000 2.581431e+01
8528.7500 3.552940e+01
8530.0000 2.499379e+01
8531.2500 1.262298e+01
8532.5000 1.620930e+01
8533.7500 2.259064e+01
8535.0000 3.447961e+01
8536.2500 2.160817e+01
8537.5000 2.745033e+01
8538.7500 1.884915e+01
8540.0000 3.745176e+01
8541.2500 2.868064e+01
8542.5000 2.752880e+01
8543.7500 1.407487e+01
8545.0000 3.243706e+01
8546.2500 2.251202e+01
8547.5000 -1.746205e+01
8548.7500 -4.258329e+01
8550.0000 -8.295662e+00
8551.2500 1.134039e+01
8552.5000 3.851286e+01
8553.7500 3.339042e+01
8555.0000 2.201680e+01
8556.2500 2.539198e+01
8557.5000 2.639502e+01
8558.7500 3.316828e+01
8560.0000 2.698378e+01
8561.2500 2.822615e+01
8562.5000 1.126314e+01
8563.7500 1.100492e-01
8565.0000 3.607872e+01
8566.2500 3.848168e+01
8567.5000 2.926344e+01
8568.7500 1.893619e+01
8570.0000 2.553287e+01
8571.2500 3.361025e+01
8572.5000 2.131115e+01
8573.7500 1.435679e+01
8575.0000 1.533094e+01
8576.2500 1.311841e+01
8577.5000 1.982524e+01
8578.7500 2.544825e+01
8580.0000 8.685471e+00
8581.2500 1.749605e+01
8582.5000 2.792043e+01
8583.7500 3.150319e+01
8585.0000 2.000297e+01
8586.2500 -6.881120e+00
8587.5000 -7.281299e+00
8588.7500 1.776665e+01
8590.0000 1.637089e+01
8591.2500 3.725863e+01
8592.5000 1.020780e+01
8593.7500 2.006227e+01
8595.0000 1.489809e+01
8596.2500 5.858132e+01
8597.5000 4.841400e+01
8598.7500 8.464102e+00
8600.0000 1.732342e+01
8601.2500 1.685533e+01
8602.5000 3.103054e+01
8603.7500 2.608641e+01
8605.0000 4.677545e+01
8606.2500 1.697136e+01
8607.5000 3.786624e+01
8608.7500 3.664496e+01
8610.0000 4.150303e+01
8611.2500 6.265262e+00
8612.5000 2.023617e+01
8613.7500 2.047992e+01
8615.0000 1.615670e+01
8616.2500 3.304717e+00
8617.5000 6.828165e+01
8618.7500 8.605354e+00
8620.0000 2.686109e+01
8621.2500 5.992812e+00
8622.5000 2.879154e+01
8623.7500 1.691066e+01
8625.0000 9.226591e+00
8626.2500 -4.921871e+00
8627.5000 5.624001e+01
8628.7500 1.572505e+01
8630.0000 -1.819128e+01
8631.2500 2.859394e-01
8632.5000 1.050891e+01
8633.7500 2.207291e+00
8635.0000 6.619694e+01
8636.2500 2.121234e+01
8637.5000 1.337500e+00
8638.7500 3.725814e+01
8640.0000 8.091564e+00
8641.2500 -1.615921e+01
8642.5000 -1.233665e+00
8643.7500 2.898734e+01
8645.0000 2.772731e+01
8646.2500 4.281543e+01
8647.5000 4.018073e+01
8648.7500 2.195891e+01
8650.0000 4.821069e+01
8651.2500 2.479666e+01
8652.5000 6.306931e+00
8653.7500 3.668521e+01
8655.0000 2.225376e+01
8656.2500 3.342154e+01
8657.5000 1.948789e+01
8658.7500 7.240146e+00
8660.0000 3.294276e+01
8661.2500 5.231515e+01
8662.5000 3.467580e+01
8663.7500 2.317650e+01
8665.0000 6.067224e+00
8666.2500 1.614851e+01
8667.5000 1.190262e+01
8668.7500 2.309356e+01
8670.0000 -2.367388e+00
8671.2500 -1.153402e+00
8672.5000 2.652486e+01
8673.7500 -1.649301e+01
8675.0000 -5.354788e+01
8676.2500 -1.658883e+01
8677.5000 1.304290e+01
8678.7500 4.933407e+01
8680.0000 3.302113e+01
8681.2500 -1.719159e+01
8682.5000 8.008224e+00
8683.7500 2.095582e+01
8685.0000 1.739458e+01
8686.2500 4.010043e+01
8687.5000 1.298329e+01
8688.7500 2.530435e+01
8690.0000 3.196178e+01
8691.2500 1.954614e+00
8692.5000 1.911193e+01
8693.7500 3.235744e+00
8695.0000 2.681244e+01
8696.2500 1.052531e+01
8697.5000 1.957522e+01
8698.7500 1.232576e+01
8700.0000 1.970010e+01
8701.2500 3.135166e+01
8702.5000 2.670788e+01
8703.7500 5.637776e+01
8705.0000 3.978007e+01
8706.2500 3.479475e+01
8707.5000 3.069068e+01
8708.7500 2.136464e+01
8710.0000 3.129943e+01
8711.2500 1.643824e+01
8712.5000 1.702163e+01
8713.7500 3.618451e+01
8715.0000 1.579052e+01
8716.2500 1.424488e+01
8717.5000 3.816197e+01
8718.7500 9.995562e+00
8720.0000 2.527442e+01
8721.2500 7.649972e+00
8722.5000 3.968066e+01
8723.7500 1.737164e+01
8725.0000 2.736164e+01
8726.2500 2.779302e+01
8727.5000 2.570700e+01
8728.7500 2.522696e+01
8730.0000 2.217565e+01
8731.2500 3.823536e+01
8732.5000 1.911864e+01
8733.7500 2.701497e+01
8735.0000 -3.336291e+00
8736.2500 2.688683e+01
8737.5000 2.021611e+01
8738.7500 1.972756e+01
8740.0000 3.622290e+01
8741.2500 1.311648e+01
8742.5000 2.460733e+01
8743.7500 2.615624e+01
8745.0000 4.050677e+01
8746.2500 1.848095e+01
8747.5000 8.567795e+00
8748.7500 2.176872e+01
8750.0000 2.564029e+01
8751.2500 2.304955e+01
8752.5000 1.806526e+01
8753.7500 1.718652e+01
8755.0000 1.980116e+01
8756.2500 5.174202e+01
8757.5000 4.328296e+01
8758.7500 -1.085703e+00
8760.0000 -2.951750e+00
8761.2500 1.759829e+01
8762.5000 -5.314674e+01
8763.7500 2.745865e+01
8765.0000 2.683540e+01
8766.2500 4.899307e+01
8767.5000 3.920732e+01
8768.7500 -7.010096e+00
8770.0000 3.986813e+01
8771.2500 1.494557e+01
8772.5000 -5.689960e-01
8773.7500 8.681110e+00
8775.0000 2.153214e+01
8776.2500 -1.322978e+01
8777.5000 4.235261e+01
8778.7500 -9.325311e+00
8780.0000 -1.452025e+01
8781.2500 2.339282e+01
8782.5000 2.498538e+01
8783.7500 1.028143e+01
8785.0000 4.512807e+00
8786.2500 8.911826e+00
8787.5000 5.056738e+01
8788.7500 3.402845e+01
8790.0000 1.006525e+00
8791.2500 6.442477e+01
8792.5000 1.969505e+01
8793.7500 1.461297e+01
8795.0000 2.619578e+01
8796.2500 3.100846e+01
8797.5000 7.465468e+00
8798.7500 2.005512e+01
8800.0000 1.849078e+01
8801.2500 2.377788e+01
8802.5000 2.035773e+01
8803.7500 6.672038e+00
8805.0000 3.531094e+01
8806.2500 1.694693e+01
8807.5000 3.354015e+01
8808.7500 1.761016e+01
8810.0000 -9.771224e+00
8811.2500 1.950601e+01
8812.5000 2.857967e+01
8813.7500 9.565679e+00
8815.0000 6.777824e+00
8816.2500 3.060976e+01
8817.5000 2.162684e+01
8818.7500 1.458142e+01
8820.0000 7.969384e+00
8821.2500 3.582510e+00
8822.5000 -1.563499e+01
8823.7500 1.013449e+01
8825.0000 8.162321e+01
8826.2500 5.658104e+00
8827.5000 4.310096e+01
8828.7500 -1.479847e+01
8830.0000 6.479107e+01
8831.2500 3.089239e+01
8832.5000 2.937416e+01
8833.7500 8.128066e+00
8835.0000 -5.585185e+01
8836.2500 1.090701e+02
8837.5000 -5.623857e+01
8838.7500 3.213298e+01
8840.0000 2.985500e+01
8841.2500 1.905731e+01
8842.5000 1.092836e+01
8843.7500 2.182984e+01
8845.0000 -3.425809e+00
8846.2500 -8.144976e+00
8847.5000 3.312742e+00
8848.7500 1.424480e+01
8850.0000 3.078572e+01
8851.2500 2.065435e+01
8852.5000 3.266944e+01
8853.7500 1.264434e+01
8855.0000 4.715838e+00
8856.2500 1.131989e+01
8857.5000 1.529673e+01
8858.7500 1.552389e+01
8860.0000 1.025117e+01
8861.2500 2.337865e+01
8862.5000 4.563802e+01
8863.7500 5.371210e+01
8865.0000 4.095383e+01
8866.2500 6.960131e+00
8867.5000 7.020389e+01
8868.7500 4.434942e+01
8870.0000 3.490179e+01
8871.2500 1.660665e+01
8872.5000 7.975820e+00
8873.7500 4.950128e+00
8875.0000 2.531046e+01
8876.2500 2.514089e+01
8877.5000 3.416608e+01
8878.7500 3.632013e+01
8880.0000 1.789122e+01
8881.2500 6.547142e+00
8882.5000 1.206066e+01
8883.7500 1.195616e+02
8885.0000 1.163069e+01
8886.2500 4.625842e+01
8887.5000 5.534360e+00
8888.7500 1.462523e+01
8890.0000 1.794721e+01
8891.2500 8.236391e+00
8892.5000 1.415171e+01
8893.7500 3.568395e+00
8895.0000 2.479987e+01
8896.2500 9.609464e+00
8897.5000 1.805420e+01
8898.7500 -1.295690e+00
8900.0000 2.613251e+01
8901.2500 7.479494e+01
8902.5000 8.380197e+01
8903.7500 -8.551628e+01
8905.0000 3.697313e+01
8906.2500 6.120060e+01
8907.5000 2.043429e+01
8908.7500 1.946405e+01
8910.0000 3.213576e+01
8911.2500 2.248228e+01
8912.5000 -1.405545e+01
8913.7500 1.649345e+01
8915.0000 1.294817e+01
8916.2500 7.392326e+00
8917.5000 -6.829259e+01
8918.7500 3.691424e+01
8920.0000 4.849666e+00
8921.2500 1.274008e+02
8922.5000 4.711565e+01
8923.7500 -6.587486e+00
8925.0000 -1.752012e+01
8926.2500 6.437685e+00
8927.5000 -8.245785e+00
8928.7500 7.633711e+00
8930.0000 2.188816e+01
8931.2500 2.223681e+01
8932.5000 1.212823e+00
8933.7500 3.268561e+01
8935.0000 2.230482e+01
8936.2500 2.498492e+01
8937.5000 2.120478e+01
8938.7500 4.066122e+01
8940.0000 2.299250e+01
8941.2500 2.296432e+01
8942.5000 5.613987e+01
8943.7500 1.969696e+01
8945.0000 2.781446e+01
8946.2500 4.897400e+01
8947.5000 3.528332e+01
8948.7500 1.442367e+01
8950.0000 4.266536e+01
8951.2500 3.550248e+01
8952.5000 1.920789e+01
8953.7500 5.934131e+00
8955.0000 7.833533e+01
8956.2500 9.590280e+01
8957.5000 4.070614e+01
8958.7500 2.619280e+00
8960.0000 4.256226e+01
8961.2500 6.615709e+01
8962.5000 3.450143e+00
8963.7500 2.277456e+01
8965.0000 2.312098e+01
8966.2500 2.376375e+01
8967.5000 -1.021748e+01
8968.7500 7.274341e+00
8970.0000 3.119964e+01
8971.2500 3.487636e+01
8972.5000 2.264693e+01
8973.7500 2.564115e+01
8975.0000 1.971332e+01
8976.2500 1.138883e+01
8977.5000 1.045592e+01
8978.7500 1.806777e+00
8980.0000 -9.498187e+00
8981.2500 3.593026e+01
8982.5000 2.813876e+01
8983.7500 2.682051e+01
8985.0000 2.152119e+01
8986.2500 -2.498081e+01
8987.5000 -4.664528e+01
8988.7500 1.375257e+01
8990.0000 4.499205e+01
8991.2500 4.406325e+01
8992.5000 3.408293e+01
8993.7500 7.952829e+00
8995.0000 1.601959e+01
8996.2500 5.020511e+00
8997.5000 3.496107e+01
8998.7500 2.889987e+01
9000.0000 -1.435816e+02
9001.2500 4.915639e+01
9002.5000 4.105188e+01
9003.7500 7.799872e+01
9005.0000 4.948864e+01
9006.2500 1.302133e+01
9007.5000 1.794510e+01
9008.7500 2.537629e+01
9010.0000 1.427208e+01
9011.2500 1.016127e+01
9012.5000 1.158756e+01
9013.7500 6.274863e+00
9015.0000 2.609246e+01
9016.2500 1.834601e+01
9017.5000 1.763997e+01
9018.7500 1.779705e+01
9020.0000 3.262122e+01
9021.2500 3.154166e+01
9022.5000 1.534053e+01
9023.7500 3.394754e+01
9025.0000 2.484418e+01
9026.2500 3.576118e+01
9027.5000 -1.971158e+00
9028.7500 1.731050e+01
9030.0000 1.301813e+00
9031.2500 1.856203e+01
9032.5000 2.753227e+01
9033.7500 1.647348e+01
9035.0000 2.599191e+01
9036.2500 -1.142767e+01
9037.5000 2.199034e+01
9038.7500 1.018422e+02
9040.0000 2.378874e+01
9041.2500 2.752888e+01
9042.5000 1.334409e+01
9043.7500 4.423626e+01
9045.0000 2.284418e+01
9046.2500 4.860581e+01
9047.5000 2.530576e+01
9048.7500 -6.166421e+01
9050.0000 2.845130e+01
9051.2500 2.378767e+01
9052.5000 5.599722e+01
9053.7500 1.498749e+01
9055.0000 1.571764e+01
9056.2500 2.018773e+01
9057.5000 2.120512e+01
9058.7500 2.171597e+01
9060.0000 2.971202e+01
9061.2500 2.236873e+01
9062.5000 2.297116e+01
9063.7500 1.715503e+01
9065.0000 7.542027e+00
9066.2500 1.980845e+01
9067.5000 3.296043e+01
9068.7500 2.302438e+01
9070.0000 1.722576e+00
9071.2500 3.609438e+01
9072.5000 5.187970e+01
9073.7500 2.902608e+01
9075.0000 2.906539e+01
9076.2500 4.908799e+01
9077.5000 2.904395e+01
9078.7500 1.523099e+01
9080.0000 2.307926e+01
9081.2500 1.385996e+01
9082.5000 3.260865e+01
9083.7500 1.776455e+01
9085.0000 3.044731e+01
9086.2500 1.880106e+01
9087.5000 2.203223e+01
9088.7500 3.329089e+01
9090.0000 2.883818e+01
9091.2500 -3.262242e+00
9092.5000 3.012314e+01
9093.7500 -3.713240e+01
9095.0000 1.267532e+01
9096.2500 2.520944e+01
9097.5000 -4.998228e+00
9098.7500 2.630306e+01
9100.0000 3.312353e+01
9101.2500 -4.566858e+00
9102.5000 -2.523407e+01
9103.7500 4.305653e+01
9105.0000 2.640073e+01
9106.2500 2.032545e+01
9107.5000 2.468159e+00
9108.7500 4.546598e+01
9110.0000 5.746928e+01
9111.2500 3.909558e+01
9112.5000 5.027293e+01
9113.7500 3.891525e+01
9115.0000 2.054012e+01
9116.2500 1.818378e+01
9117.5000 1.373699e+01
9118.7500 2.895065e+01
9120.0000 3.951346e+01
9121.2500 3.020166e+01
9122.5000 3.814647e+01
9123.7500 2.429108e+01
9125.0000 2.225653e+01
9126.2500 1.952991e+01
9127.5000 3.282784e+01
9128.7500 2.770296e+01
9130.0000 9.168042e+00
9131.2500 1.901707e+01
9132.5000 2.115198e+01
9133.7500 3.884753e+01
9135.0000 -4.380853e+00
9136.2500 1.577360e+01
9137.5000 1.668675e+01
9138.7500 1.790899e+01
9140.0000 7.523653e+00
9141.2500 2.731945e+01
9142.5000 2.595415e+01
9143.7500 2.625199e+01
9145.0000 2.714323e+01
9146.2500 2.185142e+01
9147.5000 4.356052e+01
9148.7500 3.393774e+01
9150.0000 1.545147e+01
9151.2500 -3.231897e+01
9152.5000 -9.647239e+00
9153.7500 2.444980e+01
9155.0000 5.589885e+01
9156.2500 1.777719e+01
9157.5000 1.275775e+01
9158.7500 1.478679e+01
9160.0000 1.572275e+01
9161.2500 4.797206e+01
9162.5000 3.512156e+01
9163.7500 3.979967e+01
9165.0000 3.428539e+01
9166.2500 7.817396e+00
9167.5000 4.347501e+01
9168.7500 2.403432e+01
9170.0000 3.171225e+01
9171.2500 4.486919e+01
9172.5000 7.674761e-01
9173.7500 1.848055e+01
9175.0000 3.538851e+01
9176.2500 1.715613e+01
9177.5000 3.950306e+01
9178.7500 1.889742e+01
9180.0000 1.381322e+01
9181.2500 4.090257e+01
9182.5000 4.686075e+01
9183.7500 3.458150e+01
9185.0000 2.379282e+01
9186.2500 3.751668e+00
9187.5000 1.623173e+01
9188.7500 2.475873e+01
9190.0000 3.524852e+01
9191.2500 4.360137e+01
9192.5000 2.309064e+01
9193.7500 2.970665e+01
9195.0000 3.162174e+01
9196.2500 1.097931e+01
9197.5000 2.134474e+01
9198.7500 3.117108e+01
9200.0000 9.905558e+00
9201.2500 3.687731e+00
9202.5000 1.154529e+01
9203.7500 5.541138e+01
9205.0000 2.416318e+01
9206.2500 1.016645e+01
9207.5000 3.767021e+00
9208.7500 3.372960e+01
9210.0000 2.024336e+01
9211.2500 3.108728e+01
9212.5000 3.716284e+01
9213.7500 3.148203e+01
9215.0000 3.607318e+01
9216.2500 -5.656882e+00
9217.5000 5.377570e+01
9218.7500 4.410427e+01
9220.0000 3.066047e+01
9221.2500 2.601661e+01
9222.5000 3.234838e+01
9223.7500 2.611271e+01
9225.0000 2.840339e+01
9226.2500 5.627335e+01
9227.5000 5.488531e+01
9228.7500 3.801991e+01
9230.0000 5.068607e+00
9231.2500 3.041072e+01
9232.5000 4.872604e+01
9233.7500 3.461794e+01
9235.0000 3.424596e+01
9236.2500 1.572998e+01
9237.5000 2.430191e+01
9238.7500 3.206404e+01
9240.0000 1.832050e+01
9241.2500 3.904512e+01
9242.5000 1.163726e+01
9243.7500 1.859485e+01
9245.0000 6.964924e+00
9246.2500 2.096850e+01
9247.5000 2.258606e+01
9248.7500 2.901107e+01
9250.0000 1.304034e+01
9251.2500 2.658103e+01
9252.5000 -7.966899e+00
9253.7500 2.002450e+01
9255.0000 3.515155e+01
9256.2500 4.468370e+01
9257.5000 7.812429e+00
9258.7500 9.863506e+00
9260.0000 1.603161e+01
9261.2500 1.010163e+01
9262.5000 2.279406e+01
9263.7500 3.982820e+01
9265.0000 6.507693e+01
9266.2500 2.643234e+01
9267.5000 4.502428e+00
9268.7500 2.228045e+01
9270.0000 2.818684e+01
9271.2500 1.577672e+01
9272.5000 1.966615e+01
9273.7500 3.710154e+01
9275.0000 3.364672e+01
9276.2500 3.471171e+01
9277.5000 3.074984e+01
9278.7500 3.926511e+01
9280.0000 2.569137e+01
9281.2500 4.948379e+01
9282.5000 3.574146e+01
9283.7500 2.667360e+01
9285.0000 1.250434e+01
9286.2500 4.542955e+01
9287.5000 2.165453e+01
9288.7500 3.907180e+01
9290.0000 2.000837e+01
9291.2500 4.177044e+01
9292.5000 1.187139e+01
9293.7500 -1.945692e+01
9295.0000 2.754309e+01
9296.2500 -1.108581e+01
9297.5000 1.082692e+01
9298.7500 3.438805e+01
9300.0000 1.322020e+01
9301.2500 -3.948367e+00
9302.5000 -4.108453e+01
9303.7500 -1.398979e+02
9305.0000 -1.433834e+02
9306.2500 -5.540237e+01
9307.5000 -1.292175e+02
9308.7500 -2.728389e+02
9310.0000 -1.574832e+02
9311.2500 -5.427279e+02
9312.5000 1.773046e+02
9313.7500 1.634634e+02
9315.0000 -5.244307e+02
9316.2500 -8.088934e+01
9317.5000 -4.906373e+01
9318.7500 -3.147601e+01
9320.0000 -9.089552e+01
9321.2500 -2.426015e+01
9322.5000 -3.588107e+02
9323.7500 -2.251671e+02
9325.0000 -2.562383e+02
9326.2500 -3.236506e+01
9327.5000 -1.711814e+01
9328.7500 4.455666e+01
9330.0000 -5.318204e+01
9331.2500 -6.151247e+00
9332.5000 -5.550719e+01
9333.7500 -3.238331e+01
9335.0000 -1.094721e+02
9336.2500 -1.973567e+02
9337.5000 3.328161e+01
9338.7500 -1.066934e+01
9340.0000 -7.358292e+01
9341.2500 -1.817368e+01
9342.5000 -4.159804e+01
9343.7500 7.030289e+00
9345.0000 -3.909190e+00
9346.2500 3.963646e+01
9347.5000 -1.586905e+01
9348.7500 -2.534312e+01
9350.0000 -1.043559e+01
