# original catalogue: arc_list.txt
# original data-cube: ../muse_ne/MACSJ0416_NE_DATACUBE_FINAL_caminha_zap.fits
# source ID: 3
# number of extracted pixels: 25
# extracted position: 64.039078 -24.070264
# wavelenth[Angstrom], flux[10**(-20)*erg/s/cm**2/Angstrom]
4750.0000 1.570378e+01
4751.2500 3.371751e+01
4752.5000 2.701393e+01
4753.7500 4.251458e+01
4755.0000 -3.598196e+00
4756.2500 4.974089e+01
4757.5000 2.385403e+00
4758.7500 -1.171972e+01
4760.0000 1.941079e+01
4761.2500 2.961774e+01
4762.5000 4.188596e+01
4763.7500 2.169928e+01
4765.0000 1.199775e+01
4766.2500 2.233793e+01
4767.5000 1.929909e+01
4768.7500 4.183537e+01
4770.0000 3.955940e+01
4771.2500 9.355027e+00
4772.5000 8.080851e+00
4773.7500 -2.186482e+01
4775.0000 5.673005e+01
4776.2500 2.144004e+01
4777.5000 1.707050e+01
4778.7500 1.637751e+01
4780.0000 5.324164e+00
4781.2500 -7.689439e+00
4782.5000 1.117079e+01
4783.7500 -2.927892e+00
4785.0000 -7.096027e+00
4786.2500 -1.758938e+00
4787.5000 4.099492e+00
4788.7500 2.465103e+01
4790.0000 2.104680e+01
4791.2500 4.438350e+01
4792.5000 9.656474e+00
4793.7500 2.147058e+01
4795.0000 1.344816e+01
4796.2500 -2.089950e+01
4797.5000 -8.985449e+00
4798.7500 -2.783195e+01
4800.0000 6.255309e+01
4801.2500 7.484558e+00
4802.5000 2.421784e+01
4803.7500 -8.576799e+00
4805.0000 3.739871e+01
4806.2500 2.779054e+01
4807.5000 4.176998e+01
4808.7500 -5.940003e+00
4810.0000 -2.954910e+01
4811.2500 -7.557357e+00
4812.5000 2.370843e+01
4813.7500 2.336515e+01
4815.0000 -3.300568e+00
4816.2500 5.030198e+00
4817.5000 1.566293e+01
4818.7500 1.615714e+01
4820.0000 -9.720264e+00
4821.2500 2.565484e+01
4822.5000 1.528866e+01
4823.7500 6.879249e+00
4825.0000 -4.462874e+00
4826.2500 -7.878434e+00
4827.5000 -7.607619e+00
4828.7500 5.128068e+01
4830.0000 3.408005e+01
4831.2500 1.616036e+01
4832.5000 3.319261e+01
4833.7500 4.924879e+01
4835.0000 8.854320e+00
4836.2500 2.853860e+01
4837.5000 1.422634e+01
4838.7500 3.786445e+01
4840.0000 5.971059e+00
4841.2500 1.602718e+01
4842.5000 -1.917915e+01
4843.7500 2.312523e+01
4845.0000 -5.111103e+00
4846.2500 4.113966e+01
4847.5000 5.330538e+00
4848.7500 -1.429663e+00
4850.0000 9.036221e+00
4851.2500 -1.099818e+01
4852.5000 2.930354e+01
4853.7500 4.361915e+00
4855.0000 -7.022620e+00
4856.2500 1.813637e+00
4857.5000 3.435981e+01
4858.7500 3.411111e+01
4860.0000 -1.084899e+01
4861.2500 7.661997e+00
4862.5000 7.730191e+00
4863.7500 -1.218458e+01
4865.0000 5.027806e+01
4866.2500 5.665586e+01
4867.5000 9.638162e+00
4868.7500 5.331619e+01
4870.0000 2.548700e+01
4871.2500 3.972268e+01
4872.5000 4.011305e+01
4873.7500 4.199085e+01
4875.0000 2.817307e+01
4876.2500 2.062035e+00
4877.5000 -3.131340e+00
4878.7500 3.444172e+00
4880.0000 1.654394e+01
4881.2500 2.725592e+01
4882.5000 4.654860e+01
4883.7500 4.282825e+00
4885.0000 3.313553e+01
4886.2500 -1.935841e+00
4887.5000 2.457957e+01
4888.7500 -1.236706e+00
4890.0000 1.777817e+01
4891.2500 2.291770e+01
4892.5000 1.117970e+00
4893.7500 4.683468e+00
4895.0000 5.276984e+01
4896.2500 3.561486e+01
4897.5000 3.160800e+01
4898.7500 6.866084e+01
4900.0000 6.663080e+01
4901.2500 2.707941e+01
4902.5000 2.858340e+01
4903.7500 2.762507e-01
4905.0000 1.552785e+01
4906.2500 1.659857e+01
4907.5000 4.486080e+01
4908.7500 5.284388e+01
4910.0000 6.789769e+00
4911.2500 1.615108e+01
4912.5000 1.700102e+01
4913.7500 3.407014e+01
4915.0000 5.021916e+01
4916.2500 4.609055e+00
4917.5000 8.069615e+00
4918.7500 1.573045e+01
4920.0000 -1.168334e+00
4921.2500 4.542327e+01
4922.5000 3.323084e+01
4923.7500 -7.912412e+00
4925.0000 1.103190e+01
4926.2500 1.132900e+00
4927.5000 -3.684541e+00
4928.7500 2.217982e+01
4930.0000 2.868756e+01
4931.2500 3.268611e+01
4932.5000 2.275005e+01
4933.7500 2.013692e+01
4935.0000 7.057463e+00
4936.2500 3.109202e+01
4937.5000 5.420956e+01
4938.7500 -2.370902e+00
4940.0000 3.809514e+00
4941.2500 2.441256e+01
4942.5000 -1.319772e+01
4943.7500 1.037622e+01
4945.0000 -3.853626e+00
4946.2500 5.654618e+00
4947.5000 9.160281e+00
4948.7500 1.058419e+01
4950.0000 1.673940e+01
4951.2500 5.514677e+01
4952.5000 3.765840e+01
4953.7500 2.512381e+01
4955.0000 1.436934e+01
4956.2500 3.370464e+01
4957.5000 9.962170e+00
4958.7500 3.443443e+01
4960.0000 2.479934e+01
4961.2500 2.075775e+01
4962.5000 3.149852e+01
4963.7500 2.732241e+01
4965.0000 -1.955416e+00
4966.2500 2.897640e+01
4967.5000 1.187693e+01
4968.7500 1.294897e+01
4970.0000 2.165890e+01
4971.2500 1.274793e+01
4972.5000 1.153169e+01
4973.7500 -8.980275e+00
4975.0000 2.783807e+01
4976.2500 1.745650e+01
4977.5000 4.563264e+01
4978.7500 2.257542e+01
4980.0000 7.623426e+00
4981.2500 2.223707e+00
4982.5000 1.673218e+01
4983.7500 9.356785e-02
4985.0000 1.559283e+00
4986.2500 3.135291e+01
4987.5000 3.674243e+01
4988.7500 2.144780e+01
4990.0000 4.294356e+01
4991.2500 1.174360e+01
4992.5000 3.999267e+01
4993.7500 1.933632e+01
4995.0000 1.186258e+01
4996.2500 2.937928e+01
4997.5000 2.491280e+01
4998.7500 -1.638853e+01
5000.0000 1.025434e+01
5001.2500 1.894092e+01
5002.5000 2.021459e+01
5003.7500 1.602027e+00
5005.0000 -5.858955e+00
5006.2500 3.263980e+01
5007.5000 5.527576e+01
5008.7500 -3.220406e+00
5010.0000 6.494019e+00
5011.2500 4.179288e+01
5012.5000 1.918243e+01
5013.7500 4.268079e+01
5015.0000 4.461765e+01
5016.2500 2.102501e+01
5017.5000 1.781094e+01
5018.7500 -9.354975e+00
5020.0000 -7.668288e+00
5021.2500 2.512195e+01
5022.5000 -4.374339e+00
5023.7500 -1.084732e+01
5025.0000 -5.060821e+00
5026.2500 2.476261e+01
5027.5000 7.490654e+00
5028.7500 1.394053e+01
5030.0000 8.740847e+00
5031.2500 4.345280e+01
5032.5000 -8.866289e+00
5033.7500 -1.601466e+01
5035.0000 9.512776e+00
5036.2500 -9.109500e-01
5037.5000 1.302894e+01
5038.7500 1.393005e+01
5040.0000 2.809602e+01
5041.2500 3.658870e+01
5042.5000 1.870551e+01
5043.7500 1.348855e+00
5045.0000 1.711560e+01
5046.2500 1.450500e+00
5047.5000 2.676413e+01
5048.7500 3.881007e+01
5050.0000 3.000925e+01
5051.2500 3.143530e+01
5052.5000 3.461877e+01
5053.7500 1.590681e+01
5055.0000 3.302205e+01
5056.2500 2.055418e+00
5057.5000 2.761122e+00
5058.7500 3.973854e+01
5060.0000 -2.744312e+00
5061.2500 3.646820e+01
5062.5000 3.845755e+01
5063.7500 2.038554e+01
5065.0000 3.132610e+01
5066.2500 3.649753e+01
5067.5000 6.606559e+00
5068.7500 7.172022e+00
5070.0000 2.498850e+01
5071.2500 1.850267e+01
5072.5000 -1.020443e+01
5073.7500 1.784980e+01
5075.0000 1.377834e+01
5076.2500 4.466232e+01
5077.5000 1.028978e+01
5078.7500 6.397366e+00
5080.0000 3.583685e-01
5081.2500 1.630489e+01
5082.5000 4.048812e+01
5083.7500 1.572194e+01
5085.0000 3.335009e+01
5086.2500 4.431704e+01
5087.5000 4.336223e+01
5088.7500 -2.764991e+00
5090.0000 6.747943e+00
5091.2500 2.656585e+01
5092.5000 2.221711e+01
5093.7500 7.931526e+00
5095.0000 1.176872e+01
5096.2500 -5.469782e+00
5097.5000 2.298447e+01
5098.7500 1.802209e+01
5100.0000 1.901972e+01
5101.2500 4.448141e+01
5102.5000 1.547644e+01
5103.7500 1.098783e+01
5105.0000 8.650702e+00
5106.2500 1.209765e+01
5107.5000 2.989750e+01
5108.7500 1.858401e+01
5110.0000 5.389784e+00
5111.2500 7.793436e+00
5112.5000 4.489421e+01
5113.7500 2.199759e+01
5115.0000 1.358928e+01
5116.2500 -5.302412e+00
5117.5000 2.023285e+01
5118.7500 3.118616e+01
5120.0000 2.803443e+01
5121.2500 2.253024e+01
5122.5000 2.861290e+01
5123.7500 2.657344e+01
5125.0000 -4.743849e+00
5126.2500 3.177147e+00
5127.5000 4.184998e+01
5128.7500 3.070056e+01
5130.0000 1.637511e+01
5131.2500 2.969794e+01
5132.5000 4.172006e+01
5133.7500 -8.323609e+00
5135.0000 2.236273e+01
5136.2500 4.436694e+01
5137.5000 5.179829e+00
5138.7500 1.854127e+01
5140.0000 5.027144e+01
5141.2500 1.163043e+01
5142.5000 1.120767e+01
5143.7500 5.208837e+01
5145.0000 1.721878e+01
5146.2500 1.663678e+01
5147.5000 2.097985e+01
5148.7500 1.150132e+01
5150.0000 1.500403e+01
5151.2500 5.070071e+00
5152.5000 -7.723382e+00
5153.7500 3.326083e+01
5155.0000 2.096954e+01
5156.2500 1.467155e+01
5157.5000 1.074596e+01
5158.7500 3.942642e+01
5160.0000 1.174993e+01
5161.2500 6.438275e+00
5162.5000 3.564454e+01
5163.7500 3.027783e+01
5165.0000 2.368414e+01
5166.2500 1.752361e+01
5167.5000 2.048145e+01
5168.7500 3.040859e+01
5170.0000 2.771700e+01
5171.2500 2.827596e+01
5172.5000 5.552396e+00
5173.7500 2.384740e+01
5175.0000 2.225719e+01
5176.2500 5.437773e+00
5177.5000 2.838767e+01
5178.7500 3.611938e+01
5180.0000 3.163659e+01
5181.2500 4.030148e+01
5182.5000 3.421507e+01
5183.7500 3.150220e+01
5185.0000 1.063316e+01
5186.2500 1.164665e+01
5187.5000 2.148782e+01
5188.7500 1.330014e+01
5190.0000 1.450647e+01
5191.2500 1.007980e+01
5192.5000 2.186111e+01
5193.7500 3.880637e+01
5195.0000 1.805389e+01
5196.2500 3.717052e+00
5197.5000 2.888767e+01
5198.7500 2.196838e+01
5200.0000 -1.491057e+01
5201.2500 1.982595e+01
5202.5000 2.693899e+01
5203.7500 3.330261e+00
5205.0000 6.513664e+00
5206.2500 1.758084e+01
5207.5000 2.486482e+01
5208.7500 1.777163e+01
5210.0000 -2.275216e+01
5211.2500 1.148909e+00
5212.5000 3.393348e+00
5213.7500 1.329458e+01
5215.0000 6.660933e+00
5216.2500 2.011584e+01
5217.5000 -2.204428e+00
5218.7500 3.695125e+01
5220.0000 2.101837e+01
5221.2500 4.263875e+01
5222.5000 3.095311e+01
5223.7500 3.374359e+01
5225.0000 3.172545e+01
5226.2500 -1.247723e+01
5227.5000 1.483168e+01
5228.7500 2.794147e+01
5230.0000 4.813589e+01
5231.2500 -8.615938e+00
5232.5000 1.235298e+01
5233.7500 5.146502e+00
5235.0000 1.585453e+01
5236.2500 4.669651e+01
5237.5000 3.270147e+01
5238.7500 3.438013e+01
5240.0000 -1.495323e+01
5241.2500 1.479053e+01
5242.5000 2.762671e+01
5243.7500 3.969093e+01
5245.0000 6.635871e+00
5246.2500 2.163057e+01
5247.5000 1.957744e+01
5248.7500 3.540757e+01
5250.0000 3.100445e+01
5251.2500 2.524271e+01
5252.5000 3.039927e+01
5253.7500 9.971183e+00
5255.0000 -1.007908e+01
5256.2500 1.077072e+01
5257.5000 7.465821e+00
5258.7500 3.034691e+01
5260.0000 2.463943e+01
5261.2500 1.543172e+01
5262.5000 1.802982e+01
5263.7500 2.339294e+01
5265.0000 1.701571e+01
5266.2500 3.331884e+01
5267.5000 5.500795e+01
5268.7500 2.635756e+01
5270.0000 8.017681e-01
5271.2500 2.279437e+01
5272.5000 1.744373e+01
5273.7500 1.983135e+01
5275.0000 2.776154e+01
5276.2500 3.519520e+01
5277.5000 1.316424e+01
5278.7500 2.876762e+01
5280.0000 -1.114597e+01
5281.2500 1.732983e+01
5282.5000 3.195922e+01
5283.7500 -3.022547e+00
5285.0000 2.767634e+01
5286.2500 4.744906e+01
5287.5000 5.485091e+01
5288.7500 1.157638e+01
5290.0000 1.469206e+00
5291.2500 -5.221871e+00
5292.5000 8.150171e+00
5293.7500 1.592889e+01
5295.0000 2.497297e+01
5296.2500 3.067498e+01
5297.5000 1.395365e+00
5298.7500 8.234054e+00
5300.0000 2.464927e+01
5301.2500 3.202513e+01
5302.5000 1.906071e+01
5303.7500 1.917636e+01
5305.0000 6.679602e+00
5306.2500 2.054328e+01
5307.5000 1.626216e+01
5308.7500 3.691460e+01
5310.0000 1.538370e+01
5311.2500 2.047990e+01
5312.5000 3.931690e+01
5313.7500 3.316572e+01
5315.0000 3.135826e+00
5316.2500 1.564905e+01
5317.5000 1.387975e+01
5318.7500 -6.310071e+00
5320.0000 5.135340e+00
5321.2500 -2.565430e+00
5322.5000 5.220821e+01
5323.7500 2.119422e+01
5325.0000 9.695419e+00
5326.2500 2.438433e+01
5327.5000 7.954605e+00
5328.7500 1.770931e+01
5330.0000 1.320427e+01
5331.2500 2.635822e+01
5332.5000 3.205904e+00
5333.7500 2.472499e+01
5335.0000 3.838791e+01
5336.2500 4.881329e-01
5337.5000 4.831847e+00
5338.7500 3.137798e+01
5340.0000 3.262904e+01
5341.2500 3.187641e+01
5342.5000 2.000115e+01
5343.7500 2.267115e+01
5345.0000 3.191971e+01
5346.2500 7.247950e+00
5347.5000 3.713787e+01
5348.7500 1.426995e+00
5350.0000 9.242657e+00
5351.2500 -2.840178e+00
5352.5000 4.060476e+01
5353.7500 3.088486e+01
5355.0000 3.643043e+01
5356.2500 2.887655e+01
5357.5000 -3.566444e+00
5358.7500 -3.795481e+00
5360.0000 2.524263e+01
5361.2500 4.159283e+01
5362.5000 2.121175e+01
5363.7500 2.021233e+01
5365.0000 1.034418e+01
5366.2500 9.808105e+00
5367.5000 1.512180e+01
5368.7500 1.380595e+00
5370.0000 4.205086e+00
5371.2500 -3.931860e+00
5372.5000 7.112670e+00
5373.7500 -5.251246e+00
5375.0000 2.088856e+01
5376.2500 7.489903e+00
5377.5000 -1.033521e+00
5378.7500 4.008437e+00
5380.0000 -8.259956e+00
5381.2500 1.396601e+01
5382.5000 1.979346e+01
5383.7500 1.150744e+01
5385.0000 1.532116e+01
5386.2500 2.747478e+01
5387.5000 4.128390e+01
5388.7500 3.008177e+01
5390.0000 2.946492e+01
5391.2500 3.994691e-02
5392.5000 1.562926e+01
5393.7500 2.607607e+01
5395.0000 9.075312e+00
5396.2500 1.515441e+01
5397.5000 -1.403616e+00
5398.7500 2.397345e+01
5400.0000 9.240965e+00
5401.2500 1.260257e+01
5402.5000 1.709741e+01
5403.7500 2.336988e+01
5405.0000 4.891376e+01
5406.2500 3.821692e+01
5407.5000 8.623568e+00
5408.7500 1.451946e+01
5410.0000 3.030813e+01
5411.2500 5.025348e+01
5412.5000 2.378035e+01
5413.7500 2.608347e+01
5415.0000 -8.784843e+00
5416.2500 2.627496e+01
5417.5000 1.076032e+01
5418.7500 2.971268e+01
5420.0000 9.514913e+00
5421.2500 2.537034e+01
5422.5000 -5.507196e+00
5423.7500 8.180597e+00
5425.0000 3.896487e+01
5426.2500 2.691292e+01
5427.5000 4.790735e+01
5428.7500 2.793124e+01
5430.0000 2.474802e+01
5431.2500 3.528106e+01
5432.5000 1.096975e+01
5433.7500 2.221128e+01
5435.0000 2.238455e+01
5436.2500 1.136788e+00
5437.5000 3.361219e+01
5438.7500 3.947898e+01
5440.0000 4.599829e+01
5441.2500 7.316151e+00
5442.5000 1.019387e+01
5443.7500 2.125831e+01
5445.0000 1.624897e+00
5446.2500 2.330975e+01
5447.5000 2.361180e+01
5448.7500 2.953540e+01
5450.0000 1.732629e+01
5451.2500 7.010758e+00
5452.5000 2.815863e+01
5453.7500 5.618406e+01
5455.0000 3.002230e+01
5456.2500 1.093336e+01
5457.5000 4.771722e+00
5458.7500 1.466279e+01
5460.0000 2.314565e+01
5461.2500 2.951472e+01
5462.5000 2.147105e+01
5463.7500 1.553335e+01
5465.0000 1.769512e+01
5466.2500 2.361089e+01
5467.5000 2.138423e+01
5468.7500 2.073057e+01
5470.0000 4.443117e+01
5471.2500 3.132906e+01
5472.5000 3.767409e+01
5473.7500 2.636744e+01
5475.0000 2.784158e+01
5476.2500 1.185736e+01
5477.5000 1.733955e+01
5478.7500 1.121063e+01
5480.0000 2.351554e+01
5481.2500 3.581436e+01
5482.5000 3.613366e+01
5483.7500 2.676185e+01
5485.0000 9.297212e+00
5486.2500 1.149659e+01
5487.5000 -2.906952e-01
5488.7500 2.035146e+01
5490.0000 1.400076e+01
5491.2500 1.044343e+00
5492.5000 4.274466e+01
5493.7500 5.721229e+00
5495.0000 1.734991e+01
5496.2500 9.520514e+00
5497.5000 3.062132e+00
5498.7500 2.991798e+00
5500.0000 1.157827e+01
5501.2500 -4.321908e+00
5502.5000 1.222658e+01
5503.7500 3.703231e+00
5505.0000 3.892283e+00
5506.2500 3.050744e+01
5507.5000 1.697777e+01
5508.7500 2.548102e+01
5510.0000 3.065446e+01
5511.2500 2.774091e+01
5512.5000 2.540719e+00
5513.7500 4.291797e+01
5515.0000 -5.778310e+00
5516.2500 3.705304e+01
5517.5000 3.670029e+01
5518.7500 3.031264e+01
5520.0000 3.295806e+01
5521.2500 4.523392e+01
5522.5000 1.401744e+01
5523.7500 -3.987824e+00
5525.0000 2.591680e+01
5526.2500 5.122241e+01
5527.5000 -1.881460e+01
5528.7500 -2.041570e-01
5530.0000 3.662624e+01
5531.2500 1.086373e+01
5532.5000 3.507856e+01
5533.7500 4.159789e+01
5535.0000 3.534068e+00
5536.2500 2.302826e+01
5537.5000 3.457892e+00
5538.7500 1.362491e+01
5540.0000 1.384621e+01
5541.2500 3.624539e+01
5542.5000 -2.236185e+00
5543.7500 -1.191137e+00
5545.0000 -2.113327e+00
5546.2500 9.647442e+00
5547.5000 1.841409e+01
5548.7500 1.485317e+01
5550.0000 1.137465e+01
5551.2500 3.078532e+00
5552.5000 -7.889571e+00
5553.7500 -4.791212e+00
5555.0000 1.585779e+01
5556.2500 5.815698e+00
5557.5000 2.796214e+01
5558.7500 2.341235e+01
5560.0000 5.733735e+00
5561.2500 1.223546e+01
5562.5000 -1.469548e+00
5563.7500 4.478639e+01
5565.0000 1.459298e+01
5566.2500 2.079607e+01
5567.5000 1.684326e+01
5568.7500 1.248165e+01
5570.0000 2.125558e+01
5571.2500 2.071187e+01
5572.5000 8.366942e+00
5573.7500 1.188341e+01
5575.0000 1.354790e+01
5576.2500 1.307989e+01
5577.5000 1.356045e+01
5578.7500 1.329878e+01
5580.0000 1.088223e+01
5581.2500 3.213144e+01
5582.5000 1.625558e+01
5583.7500 1.446624e+01
5585.0000 1.443884e+01
5586.2500 2.841392e+01
5587.5000 1.589421e+01
5588.7500 1.096891e+01
5590.0000 3.613171e+01
5591.2500 4.826691e+01
5592.5000 6.874062e+00
5593.7500 1.404714e+01
5595.0000 1.439784e+01
5596.2500 3.561104e+01
5597.5000 1.333630e+01
5598.7500 3.193080e+01
5600.0000 3.938173e+00
5601.2500 4.964363e+00
5602.5000 1.314173e+01
5603.7500 2.213605e+01
5605.0000 2.777080e+01
5606.2500 9.941792e+00
5607.5000 2.155290e+01
5608.7500 2.553362e+01
5610.0000 -2.397699e+00
5611.2500 -3.373435e+00
5612.5000 2.226072e+01
5613.7500 1.871161e+01
5615.0000 -1.459680e+01
5616.2500 3.514854e+01
5617.5000 1.903972e+01
5618.7500 -5.438601e+00
5620.0000 2.606899e+01
5621.2500 3.271236e+01
5622.5000 1.714689e+01
5623.7500 7.921546e+00
5625.0000 2.518183e+01
5626.2500 1.083816e+01
5627.5000 6.678601e+00
5628.7500 -9.924816e+00
5630.0000 1.366540e+01
5631.2500 2.101258e+01
5632.5000 2.044394e+00
5633.7500 1.912738e+01
5635.0000 1.649239e+01
5636.2500 3.023403e+01
5637.5000 1.951168e+01
5638.7500 2.591445e+01
5640.0000 1.949231e+01
5641.2500 3.586375e+00
5642.5000 2.757738e+01
5643.7500 3.574818e+01
5645.0000 1.337051e+01
5646.2500 2.281267e+01
5647.5000 2.702329e+01
5648.7500 3.682230e+01
5650.0000 1.658843e+01
5651.2500 2.595862e+01
5652.5000 2.953891e+01
5653.7500 1.615027e+01
5655.0000 2.959804e+01
5656.2500 3.354173e+01
5657.5000 2.833780e+01
5658.7500 3.388232e+01
5660.0000 4.180687e+01
5661.2500 2.596490e+01
5662.5000 1.327061e+01
5663.7500 3.600040e+01
5665.0000 1.695906e+01
5666.2500 1.709882e+01
5667.5000 3.444024e+01
5668.7500 2.870598e+01
5670.0000 2.323501e+01
5671.2500 3.060016e+01
5672.5000 2.106761e+01
5673.7500 3.227985e+01
5675.0000 2.510128e+01
5676.2500 2.058193e+01
5677.5000 3.610565e+00
5678.7500 1.648380e+01
5680.0000 3.150979e+01
5681.2500 3.472875e+01
5682.5000 1.293172e+01
5683.7500 3.117839e+01
5685.0000 1.006141e+01
5686.2500 3.110737e+01
5687.5000 3.171817e+01
5688.7500 -2.319278e+00
5690.0000 -6.016820e+00
5691.2500 2.683166e+01
5692.5000 1.754141e+01
5693.7500 3.664613e+01
5695.0000 2.687491e+01
5696.2500 1.640317e+01
5697.5000 2.226558e+01
5698.7500 4.170744e+00
5700.0000 1.736468e+01
5701.2500 -2.215923e+00
5702.5000 1.993904e+01
5703.7500 4.958729e+01
5705.0000 4.306288e+01
5706.2500 1.579977e+01
5707.5000 3.593253e+01
5708.7500 3.623134e+01
5710.0000 3.260431e+01
5711.2500 5.419880e+01
5712.5000 4.630581e+01
5713.7500 1.703798e+01
5715.0000 1.111541e+00
5716.2500 2.265269e+01
5717.5000 2.938243e+01
5718.7500 1.861812e+01
5720.0000 4.092867e+01
5721.2500 3.116705e+00
5722.5000 2.185433e+01
5723.7500 -6.141458e-01
5725.0000 3.083791e+01
5726.2500 2.781691e+01
5727.5000 1.145478e+01
5728.7500 1.923960e+01
5730.0000 4.513966e+01
5731.2500 3.784118e+01
5732.5000 2.708845e+01
5733.7500 4.666087e+01
5735.0000 8.681898e+00
5736.2500 2.286862e+01
5737.5000 4.379667e+01
5738.7500 3.195899e+01
5740.0000 5.271217e+01
5741.2500 2.876074e+01
5742.5000 2.086552e+01
5743.7500 1.243431e+01
5745.0000 1.411216e+01
5746.2500 3.680749e+01
5747.5000 2.648853e+01
5748.7500 2.517712e+01
5750.0000 3.975109e+01
5751.2500 3.315740e+01
5752.5000 2.720447e+01
5753.7500 7.869747e+00
5755.0000 4.884188e+00
5756.2500 7.477373e+00
5757.5000 1.894558e+01
5758.7500 3.879557e+01
5760.0000 1.382942e+01
5761.2500 2.589597e+01
5762.5000 3.258303e+01
5763.7500 4.320869e+01
5765.0000 2.875389e+01
5766.2500 3.173678e+01
5767.5000 1.724758e+01
5768.7500 9.950755e+00
5770.0000 1.550105e+01
5771.2500 2.994898e+01
5772.5000 1.847693e+01
5773.7500 4.938159e+01
5775.0000 1.656369e+01
5776.2500 2.243804e+01
5777.5000 2.576243e+01
5778.7500 2.987885e+01
5780.0000 3.658559e+01
5781.2500 1.617133e+01
5782.5000 3.447304e+01
5783.7500 2.600489e+01
5785.0000 -1.995858e+00
5786.2500 1.705247e+01
5787.5000 4.001368e+01
5788.7500 1.923912e+01
5790.0000 1.079148e+01
5791.2500 -1.022006e+01
5792.5000 1.129474e+00
5793.7500 3.665727e+01
5795.0000 4.052907e+01
5796.2500 3.922946e+01
5797.5000 4.115858e+01
5798.7500 2.168848e+01
5800.0000 3.155871e+01
5801.2500 1.638630e+01
5802.5000 1.832505e+01
5803.7500 2.219814e+01
5805.0000 3.478137e+01
5806.2500 3.308279e+01
5807.5000 4.575400e+01
5808.7500 -1.921409e+01
5810.0000 1.626199e+01
5811.2500 8.716881e+00
5812.5000 2.493244e+01
5813.7500 3.820227e+01
5815.0000 3.722069e+01
5816.2500 1.965998e+01
5817.5000 1.803646e+01
5818.7500 1.286295e+01
5820.0000 -5.270458e-02
5821.2500 2.669590e+01
5822.5000 2.328638e+01
5823.7500 2.859773e+01
5825.0000 5.309913e+00
5826.2500 2.309827e+01
5827.5000 2.078996e+01
5828.7500 2.328767e+01
5830.0000 2.827617e+01
5831.2500 2.881359e+01
5832.5000 3.779423e+01
5833.7500 3.405155e+01
5835.0000 1.992360e+01
5836.2500 2.886986e+01
5837.5000 2.997349e+01
5838.7500 2.992068e+01
5840.0000 3.574827e+01
5841.2500 5.596576e+01
5842.5000 4.442217e+01
5843.7500 3.616526e+01
5845.0000 1.578124e+01
5846.2500 5.181177e+00
5847.5000 8.871017e+00
5848.7500 1.316886e+01
5850.0000 1.089804e+01
5851.2500 1.723404e+01
5852.5000 3.719077e+01
5853.7500 2.093791e+01
5855.0000 1.603376e+01
5856.2500 1.576291e+01
5857.5000 2.098032e+01
5858.7500 1.137419e+01
5860.0000 3.497475e+00
5861.2500 -2.005792e+01
5862.5000 1.907436e+01
5863.7500 -8.533037e-02
5865.0000 -4.146423e+00
5866.2500 2.750865e+01
5867.5000 2.781300e+00
5868.7500 2.163781e+01
5870.0000 3.909956e+01
5871.2500 4.370814e+01
5872.5000 5.384678e+00
5873.7500 1.441315e+01
5875.0000 3.835022e+01
5876.2500 -1.470420e+00
5877.5000 2.822824e+01
5878.7500 2.939356e+01
5880.0000 3.700072e+01
5881.2500 7.203795e+00
5882.5000 -1.112383e+01
5883.7500 4.669440e+01
5885.0000 3.938946e+01
5886.2500 5.152749e+01
5887.5000 4.190143e+01
5888.7500 1.533115e+01
5890.0000 1.256216e+01
5891.2500 4.123854e+01
5892.5000 2.118227e+01
5893.7500 4.273161e+00
5895.0000 1.961529e+01
5896.2500 1.701105e+01
5897.5000 1.875496e+01
5898.7500 3.844761e+00
5900.0000 2.366095e+01
5901.2500 3.263237e+01
5902.5000 4.197913e+01
5903.7500 -1.104621e+01
5905.0000 3.226225e+01
5906.2500 3.517299e+01
5907.5000 7.249264e+00
5908.7500 2.513987e+01
5910.0000 7.840547e+00
5911.2500 7.619944e-01
5912.5000 1.827669e+01
5913.7500 5.030747e+00
5915.0000 2.763300e+01
5916.2500 -2.487223e+00
5917.5000 1.260110e+01
5918.7500 2.466388e+01
5920.0000 3.017832e+01
5921.2500 2.483827e+01
5922.5000 4.867092e+01
5923.7500 1.225214e+01
5925.0000 5.085413e+01
5926.2500 2.306978e+01
5927.5000 2.200767e+01
5928.7500 3.537056e+01
5930.0000 -8.205893e+00
5931.2500 -7.593484e+00
5932.5000 3.387030e+01
5933.7500 1.683432e+01
5935.0000 1.489567e+01
5936.2500 1.684743e+01
5937.5000 2.320201e+01
5938.7500 3.137617e+01
5940.0000 3.426943e+01
5941.2500 1.765751e+01
5942.5000 2.207197e+01
5943.7500 3.937346e+01
5945.0000 4.770196e+01
5946.2500 3.849990e+01
5947.5000 2.146447e+01
5948.7500 5.866143e+01
5950.0000 3.889067e+01
5951.2500 2.409477e+01
5952.5000 1.764938e+01
5953.7500 2.771775e+01
5955.0000 7.007295e+00
5956.2500 3.105675e+01
5957.5000 1.438448e+01
5958.7500 2.034268e+01
5960.0000 1.221243e+01
5961.2500 3.169901e+01
5962.5000 8.578671e+00
5963.7500 4.850284e+01
5965.0000 3.386113e+01
5966.2500 1.986659e+01
5967.5000 3.371949e+01
5968.7500 1.744925e+01
5970.0000 3.370439e+01
5971.2500 2.267767e+01
5972.5000 8.850959e+00
5973.7500 3.026215e+01
5975.0000 4.952510e+01
5976.2500 1.727524e+01
5977.5000 5.136777e+01
5978.7500 3.678674e+01
5980.0000 2.714034e+01
5981.2500 3.185148e+00
5982.5000 3.165273e+01
5983.7500 2.680385e+01
5985.0000 2.340454e+01
5986.2500 1.813695e+01
5987.5000 1.460062e+01
5988.7500 1.813847e+01
5990.0000 2.853321e+01
5991.2500 1.113055e+01
5992.5000 -5.291500e+00
5993.7500 6.135709e+00
5995.0000 3.000828e+01
5996.2500 2.476224e+01
5997.5000 3.087034e+01
5998.7500 2.145160e+01
6000.0000 4.363358e+01
6001.2500 1.431777e+01
6002.5000 1.013770e+01
6003.7500 2.414462e+01
6005.0000 1.094823e+01
6006.2500 1.062761e+01
6007.5000 1.058839e+01
6008.7500 3.962216e+01
6010.0000 2.058286e+01
6011.2500 3.916264e+01
6012.5000 2.533904e+01
6013.7500 -1.650967e+00
6015.0000 1.654300e+01
6016.2500 -7.908447e-01
6017.5000 9.899449e+00
6018.7500 8.854754e+00
6020.0000 1.595211e+01
6021.2500 3.840235e+01
6022.5000 3.234931e+01
6023.7500 2.907854e+01
6025.0000 2.280885e+01
6026.2500 2.455080e+01
6027.5000 2.315300e+01
6028.7500 1.075661e+01
6030.0000 1.316061e+01
6031.2500 1.697552e+01
6032.5000 6.839006e+00
6033.7500 1.320993e+01
6035.0000 3.624189e+01
6036.2500 1.015329e+01
6037.5000 9.661117e+00
6038.7500 2.683366e+01
6040.0000 2.928028e+01
6041.2500 -5.545277e+00
6042.5000 1.463770e+01
6043.7500 1.923291e+01
6045.0000 -2.655340e+00
6046.2500 1.979155e+01
6047.5000 1.637915e+01
6048.7500 3.990053e+01
6050.0000 3.180279e+01
6051.2500 3.735457e+01
6052.5000 3.437732e+01
6053.7500 1.882380e+01
6055.0000 1.940442e+01
6056.2500 4.598393e+01
6057.5000 2.362603e+01
6058.7500 1.295795e+01
6060.0000 -1.130424e+01
6061.2500 4.356907e+01
6062.5000 3.650138e+01
6063.7500 3.194689e+01
6065.0000 2.906920e+01
6066.2500 4.558231e+01
6067.5000 1.559024e+01
6068.7500 4.695529e+01
6070.0000 4.424478e+01
6071.2500 3.711808e+01
6072.5000 3.475816e+01
6073.7500 3.153537e+01
6075.0000 1.690628e+01
6076.2500 1.998949e+01
6077.5000 3.920342e+01
6078.7500 2.914780e+01
6080.0000 2.116048e+01
6081.2500 3.433127e+01
6082.5000 3.401445e+01
6083.7500 2.402236e+01
6085.0000 2.788656e+01
6086.2500 2.501832e+01
6087.5000 1.869904e+01
6088.7500 1.657744e+01
6090.0000 2.237359e+01
6091.2500 5.132763e+01
6092.5000 2.244986e+01
6093.7500 2.535554e+01
6095.0000 2.641169e+01
6096.2500 1.548860e+01
6097.5000 3.921420e+01
6098.7500 8.955522e+00
6100.0000 1.878333e+01
6101.2500 1.037479e+01
6102.5000 3.065208e+01
6103.7500 2.022335e+01
6105.0000 3.748513e+01
6106.2500 2.629059e+01
6107.5000 4.428170e+00
6108.7500 8.683119e+00
6110.0000 3.134633e+01
6111.2500 3.613869e+01
6112.5000 3.125278e+01
6113.7500 2.452966e+01
6115.0000 1.562671e+01
6116.2500 9.603472e+00
6117.5000 2.454198e+01
6118.7500 2.907769e+01
6120.0000 2.239499e+01
6121.2500 2.619510e+01
6122.5000 1.385544e+01
6123.7500 1.255475e+01
6125.0000 3.530342e+01
6126.2500 1.044759e+01
6127.5000 3.378459e+01
6128.7500 3.268330e+01
6130.0000 3.019072e+01
6131.2500 1.829977e+01
6132.5000 3.104073e+01
6133.7500 2.075934e+01
6135.0000 1.680868e+01
6136.2500 2.477029e+01
6137.5000 2.004556e+01
6138.7500 8.325189e+00
6140.0000 2.188206e+01
6141.2500 2.643295e+01
6142.5000 2.816232e+01
6143.7500 5.878917e+01
6145.0000 1.979029e+01
6146.2500 5.971812e+00
6147.5000 1.177004e+01
6148.7500 1.269352e+01
6150.0000 6.224383e+00
6151.2500 2.258096e+01
6152.5000 2.100154e+01
6153.7500 1.220577e+01
6155.0000 1.951051e+01
6156.2500 2.495939e+01
6157.5000 1.384124e+01
6158.7500 2.905553e+01
6160.0000 1.587522e-02
6161.2500 1.414929e+01
6162.5000 8.533684e+00
6163.7500 2.314676e+01
6165.0000 1.310281e+01
6166.2500 4.055398e+01
6167.5000 1.975252e+01
6168.7500 1.539506e+01
6170.0000 4.376536e+01
6171.2500 3.582652e+01
6172.5000 2.092543e+01
6173.7500 9.388884e+00
6175.0000 3.675601e+01
6176.2500 2.031290e+01
6177.5000 2.478112e+01
6178.7500 2.961827e+01
6180.0000 2.562775e+01
6181.2500 9.435534e+00
6182.5000 3.287122e+01
6183.7500 3.688790e+01
6185.0000 3.161572e+01
6186.2500 1.618895e+01
6187.5000 2.330998e+01
6188.7500 3.276155e+01
6190.0000 3.987234e+01
6191.2500 5.269716e+01
6192.5000 1.929084e+01
6193.7500 3.926334e+01
6195.0000 2.212345e+01
6196.2500 2.299493e+01
6197.5000 1.011963e+01
6198.7500 3.973871e+01
6200.0000 4.991442e+00
6201.2500 1.020645e+01
6202.5000 4.035887e+01
6203.7500 3.468222e+01
6205.0000 3.525508e+01
6206.2500 2.632317e+01
6207.5000 3.336338e+01
6208.7500 3.765635e+01
6210.0000 1.221842e+01
6211.2500 3.450330e+01
6212.5000 1.678353e+01
6213.7500 3.863080e+01
6215.0000 2.599717e+01
6216.2500 2.478013e+01
6217.5000 1.234116e+01
6218.7500 1.617979e+01
6220.0000 3.252149e+01
6221.2500 -4.484649e+00
6222.5000 3.118134e+01
6223.7500 2.511289e+01
6225.0000 4.926138e+01
6226.2500 1.714254e+01
6227.5000 3.614618e+01
6228.7500 7.400456e+00
6230.0000 1.411704e+01
6231.2500 2.752638e+01
6232.5000 1.952980e+01
6233.7500 2.934883e+01
6235.0000 2.668703e+01
6236.2500 -1.124042e+01
6237.5000 2.379000e+01
6238.7500 -6.162887e-01
6240.0000 2.480513e+01
6241.2500 2.544559e+01
6242.5000 2.537892e+01
6243.7500 2.188674e+01
6245.0000 2.089227e+01
6246.2500 2.843176e+01
6247.5000 2.286930e+01
6248.7500 2.140959e+01
6250.0000 4.151133e+01
6251.2500 2.705125e+01
6252.5000 2.547490e+01
6253.7500 3.738204e+01
6255.0000 2.710654e+01
6256.2500 -2.825157e+01
6257.5000 6.834428e+00
6258.7500 4.789084e+01
6260.0000 1.657150e+01
6261.2500 2.135756e+01
6262.5000 3.278759e+01
6263.7500 2.590959e+01
6265.0000 1.901142e+01
6266.2500 -3.547818e+00
6267.5000 1.409086e+01
6268.7500 2.649361e+01
6270.0000 2.251566e+01
6271.2500 -3.569382e+00
6272.5000 5.345714e+00
6273.7500 3.810445e+01
6275.0000 1.871528e+01
6276.2500 2.467153e+01
6277.5000 2.729987e+01
6278.7500 2.162323e+01
6280.0000 8.163993e+00
6281.2500 2.541278e+01
6282.5000 1.735061e+01
6283.7500 1.786261e+01
6285.0000 2.690827e+01
6286.2500 3.359249e+01
6287.5000 5.788799e+01
6288.7500 -1.690816e+01
6290.0000 1.468447e+01
6291.2500 1.869410e+01
6292.5000 -3.285311e+00
6293.7500 6.200564e+00
6295.0000 1.451174e+01
6296.2500 3.636800e+01
6297.5000 1.335481e+01
6298.7500 2.340440e+01
6300.0000 1.039758e+01
6301.2500 2.334939e+01
6302.5000 -2.223812e+01
6303.7500 1.714094e+01
6305.0000 -3.696953e+00
6306.2500 1.978113e+01
6307.5000 -9.168436e+00
6308.7500 1.097363e+01
6310.0000 3.774216e+01
6311.2500 2.339000e+01
6312.5000 6.147732e+00
6313.7500 3.347219e+01
6315.0000 3.123671e+01
6316.2500 1.748241e+01
6317.5000 2.224125e+01
6318.7500 7.532560e+00
6320.0000 3.944410e+01
6321.2500 3.049698e+01
6322.5000 2.349194e+01
6323.7500 1.507432e+01
6325.0000 3.515887e+01
6326.2500 1.884370e+01
6327.5000 1.549003e+01
6328.7500 3.057508e+01
6330.0000 2.111268e+01
6331.2500 2.345490e+01
6332.5000 2.214631e+01
6333.7500 2.258961e+01
6335.0000 2.637735e+01
6336.2500 1.257252e+01
6337.5000 1.583822e+01
6338.7500 2.207469e+01
6340.0000 3.941076e+01
6341.2500 2.125597e+01
6342.5000 2.484388e+01
6343.7500 2.170919e+01
6345.0000 3.233506e+01
6346.2500 2.906125e+01
6347.5000 3.171515e+01
6348.7500 2.314053e+01
6350.0000 1.743433e+01
6351.2500 1.602864e+01
6352.5000 2.189784e+01
6353.7500 7.294187e+00
6355.0000 1.289997e+01
6356.2500 2.728448e+01
6357.5000 -6.086633e+00
6358.7500 2.042799e+01
6360.0000 2.628523e+01
6361.2500 2.033157e+01
6362.5000 6.102808e+00
6363.7500 1.519755e+01
6365.0000 1.305875e+01
6366.2500 1.683803e+01
6367.5000 1.592978e+01
6368.7500 1.359381e+01
6370.0000 2.428946e+01
6371.2500 1.391268e+01
6372.5000 2.923108e+01
6373.7500 2.957596e+00
6375.0000 1.617731e+01
6376.2500 2.701635e+01
6377.5000 2.844879e+01
6378.7500 2.290950e+01
6380.0000 2.817950e+01
6381.2500 2.602590e+01
6382.5000 2.386369e+01
6383.7500 3.238440e+01
6385.0000 2.061540e+01
6386.2500 2.154329e+01
6387.5000 1.288090e+01
6388.7500 3.459684e+01
6390.0000 1.144636e+01
6391.2500 -1.501780e+00
6392.5000 1.755330e+01
6393.7500 4.668098e+01
6395.0000 2.678579e+01
6396.2500 1.824900e+01
6397.5000 3.397194e+01
6398.7500 2.373955e+01
6400.0000 5.242589e+00
6401.2500 1.371949e+01
6402.5000 1.600634e+01
6403.7500 3.144839e+01
6405.0000 9.115471e+00
6406.2500 1.308062e+01
6407.5000 2.905167e+01
6408.7500 8.411453e+00
6410.0000 2.265090e+01
6411.2500 2.421776e+01
6412.5000 1.474214e+01
6413.7500 8.177423e+00
6415.0000 3.034400e+00
6416.2500 2.277672e+01
6417.5000 2.682350e+01
6418.7500 3.439168e+01
6420.0000 2.823936e+01
6421.2500 2.084027e+01
6422.5000 1.023381e+01
6423.7500 2.450778e+01
6425.0000 3.443613e+01
6426.2500 3.075229e+01
6427.5000 2.422807e+01
6428.7500 1.795944e+01
6430.0000 1.602855e+01
6431.2500 3.111254e+01
6432.5000 3.480788e+01
6433.7500 2.123255e+01
6435.0000 1.674508e+01
6436.2500 2.834081e+01
6437.5000 1.573394e+01
6438.7500 2.033644e+01
6440.0000 2.643425e+01
6441.2500 2.053152e+01
6442.5000 4.446655e+01
6443.7500 1.447343e+01
6445.0000 2.307389e+01
6446.2500 1.761633e+01
6447.5000 1.443457e+01
6448.7500 3.021486e+01
6450.0000 2.055693e+01
6451.2500 3.295943e+01
6452.5000 3.705882e+01
6453.7500 2.396996e+01
6455.0000 2.797723e+01
6456.2500 2.058552e+01
6457.5000 1.714091e+01
6458.7500 2.067149e+01
6460.0000 3.485399e+01
6461.2500 2.631566e+01
6462.5000 8.945789e+00
6463.7500 3.756798e+00
6465.0000 3.484574e+01
6466.2500 2.378482e+01
6467.5000 3.462447e+01
6468.7500 -2.542392e+01
6470.0000 1.983103e+01
6471.2500 4.415342e+01
6472.5000 7.168322e+00
6473.7500 1.765375e+01
6475.0000 3.077295e+01
6476.2500 8.264024e+00
6477.5000 1.872975e+01
6478.7500 1.489996e+00
6480.0000 1.222082e+01
6481.2500 3.974663e+01
6482.5000 1.936004e+01
6483.7500 1.472322e+01
6485.0000 3.042815e+01
6486.2500 3.840563e+01
6487.5000 3.780309e+01
6488.7500 2.201477e+01
6490.0000 2.822181e+01
6491.2500 2.963742e+01
6492.5000 2.623345e+01
6493.7500 2.116467e+01
6495.0000 2.421256e+01
6496.2500 5.233578e+00
6497.5000 1.066588e+01
6498.7500 1.457166e+01
6500.0000 7.167966e+00
6501.2500 1.141930e+01
6502.5000 1.794125e+01
6503.7500 3.494445e+01
6505.0000 1.841322e+01
6506.2500 -1.124577e+00
6507.5000 3.370099e+01
6508.7500 3.775043e+01
6510.0000 4.898055e+00
6511.2500 2.572817e+01
6512.5000 3.339610e+01
6513.7500 -1.330121e+00
6515.0000 1.732533e+01
6516.2500 3.757938e+01
6517.5000 1.074561e+01
6518.7500 2.329217e+01
6520.0000 2.018053e+01
6521.2500 3.570334e+01
6522.5000 2.032629e+01
6523.7500 2.394793e+01
6525.0000 1.940610e+01
6526.2500 1.812965e+01
6527.5000 3.557543e+01
6528.7500 2.704930e+01
6530.0000 2.604853e+01
6531.2500 3.792791e+01
6532.5000 2.253145e+01
6533.7500 1.026244e+01
6535.0000 1.353577e+01
6536.2500 2.792967e+01
6537.5000 2.357587e+01
6538.7500 1.659918e+01
6540.0000 3.670866e+01
6541.2500 3.932675e+01
6542.5000 2.981549e+01
6543.7500 -4.550045e-01
6545.0000 2.106650e+01
6546.2500 1.667759e+01
6547.5000 1.626828e+01
6548.7500 3.083183e+01
6550.0000 1.427179e+01
6551.2500 1.767877e+01
6552.5000 -2.160476e-01
6553.7500 1.606569e+01
6555.0000 -2.642735e-01
6556.2500 2.354197e+01
6557.5000 2.606545e+01
6558.7500 2.713587e+01
6560.0000 2.090269e+01
6561.2500 1.617450e+01
6562.5000 1.028065e+01
6563.7500 5.281623e+01
6565.0000 9.481367e+00
6566.2500 1.415651e+01
6567.5000 1.908347e+01
6568.7500 3.522421e+01
6570.0000 2.369542e+01
6571.2500 1.161919e+01
6572.5000 1.226790e+01
6573.7500 2.373450e+01
6575.0000 2.498835e+01
6576.2500 1.144614e+01
6577.5000 7.812198e+00
6578.7500 1.063688e+01
6580.0000 1.282572e+01
6581.2500 2.016272e+01
6582.5000 2.904969e+01
6583.7500 4.104474e+01
6585.0000 3.394656e+01
6586.2500 1.722264e+01
6587.5000 1.594625e+01
6588.7500 2.229980e+01
6590.0000 3.004144e+01
6591.2500 2.606163e+01
6592.5000 1.155979e+01
6593.7500 2.457180e+01
6595.0000 6.105094e+00
6596.2500 3.031079e+01
6597.5000 8.843945e+00
6598.7500 1.000330e+01
6600.0000 2.297641e+01
6601.2500 2.645983e+01
6602.5000 2.329626e+01
6603.7500 3.898115e+01
6605.0000 3.199388e+01
6606.2500 3.493129e+01
6607.5000 2.635051e+01
6608.7500 3.127004e+01
6610.0000 1.202630e+01
6611.2500 2.928236e+01
6612.5000 2.484193e+01
6613.7500 1.812098e+01
6615.0000 1.847324e+01
6616.2500 1.679512e+01
6617.5000 5.454556e+00
6618.7500 2.675294e+01
6620.0000 2.083823e+01
6621.2500 3.407585e+01
6622.5000 3.235704e+01
6623.7500 2.061879e+01
6625.0000 1.034647e+00
6626.2500 2.407770e+01
6627.5000 2.077226e+01
6628.7500 3.944362e+00
6630.0000 6.515017e+00
6631.2500 1.730130e+01
6632.5000 1.706444e+01
6633.7500 2.863124e+01
6635.0000 1.950085e+01
6636.2500 1.180996e+01
6637.5000 2.346352e+01
6638.7500 1.452709e+01
6640.0000 3.782586e+01
6641.2500 3.119117e+01
6642.5000 2.474353e+01
6643.7500 2.967277e+01
6645.0000 2.571843e+01
6646.2500 1.264955e+01
6647.5000 1.939255e+01
6648.7500 2.987965e+01
6650.0000 2.054225e+01
6651.2500 2.147813e+01
6652.5000 1.476901e+01
6653.7500 1.621750e+01
6655.0000 1.723069e+01
6656.2500 1.746679e+01
6657.5000 3.074259e+01
6658.7500 1.932539e+01
6660.0000 2.169250e+01
6661.2500 1.965562e+01
6662.5000 9.500353e+00
6663.7500 3.148674e+01
6665.0000 3.007694e+01
6666.2500 2.510548e+01
6667.5000 3.812977e+01
6668.7500 3.308624e+01
6670.0000 1.021518e+01
6671.2500 3.269372e+01
6672.5000 2.250335e+01
6673.7500 2.038347e+01
6675.0000 1.197488e+01
6676.2500 1.739131e+01
6677.5000 4.023376e+01
6678.7500 1.758921e+01
6680.0000 8.319653e+00
6681.2500 2.342101e+01
6682.5000 1.876926e+01
6683.7500 1.945280e+01
6685.0000 2.284504e+01
6686.2500 2.253724e+01
6687.5000 2.641958e+01
6688.7500 2.687277e+01
6690.0000 1.295219e+01
6691.2500 2.368175e+01
6692.5000 3.161108e+01
6693.7500 3.014725e+01
6695.0000 2.843010e+01
6696.2500 2.812161e+01
6697.5000 2.157218e+01
6698.7500 3.736681e+01
6700.0000 3.021498e+01
6701.2500 1.830839e+01
6702.5000 2.465116e+01
6703.7500 2.024900e+01
6705.0000 3.664356e+01
6706.2500 2.178628e+01
6707.5000 5.296885e+00
6708.7500 1.078961e+01
6710.0000 2.103521e+01
6711.2500 3.614263e+01
6712.5000 3.106514e+01
6713.7500 8.034448e+00
6715.0000 1.434582e+01
6716.2500 1.696567e+01
6717.5000 3.248198e+01
6718.7500 1.877427e+01
6720.0000 3.699067e+01
6721.2500 2.638614e+01
6722.5000 2.764825e+01
6723.7500 2.390832e+01
6725.0000 2.542420e+01
6726.2500 7.204022e+00
6727.5000 1.915098e+01
6728.7500 2.645124e+01
6730.0000 3.899825e+01
6731.2500 3.054187e+01
6732.5000 4.747952e+01
6733.7500 2.794986e+01
6735.0000 1.140172e+01
6736.2500 3.496313e+01
6737.5000 1.989451e+01
6738.7500 2.666661e+01
6740.0000 1.701145e+01
6741.2500 2.684410e+01
6742.5000 3.230558e+01
6743.7500 2.273831e+01
6745.0000 1.662297e+01
6746.2500 2.357285e+01
6747.5000 2.098158e+01
6748.7500 6.991229e+00
6750.0000 2.209913e+01
6751.2500 2.158240e+01
6752.5000 2.633180e+01
6753.7500 8.079428e+00
6755.0000 1.780255e+01
6756.2500 3.763285e+01
6757.5000 1.358688e+01
6758.7500 9.990067e+00
6760.0000 2.884797e+01
6761.2500 1.640452e+01
6762.5000 1.455900e+01
6763.7500 2.456290e+01
6765.0000 2.315047e+01
6766.2500 3.225900e+01
6767.5000 3.379044e+01
6768.7500 1.446338e+01
6770.0000 3.111703e+01
6771.2500 2.306347e+01
6772.5000 3.063208e+01
6773.7500 1.398844e+01
6775.0000 2.385170e+01
6776.2500 2.331238e+01
6777.5000 2.464889e+01
6778.7500 2.561874e+01
6780.0000 3.257072e+01
6781.2500 2.418683e+01
6782.5000 1.438370e+01
6783.7500 2.775530e+01
6785.0000 3.015269e+01
6786.2500 2.908755e+01
6787.5000 2.574274e+01
6788.7500 1.522680e+01
6790.0000 1.891650e+01
6791.2500 3.400821e+01
6792.5000 2.932842e+01
6793.7500 2.118554e+01
6795.0000 2.442570e+01
6796.2500 1.917271e+01
6797.5000 2.705187e+01
6798.7500 1.551138e+01
6800.0000 1.697011e+01
6801.2500 2.419633e+01
6802.5000 2.907470e+01
6803.7500 1.288823e+01
6805.0000 2.308875e+01
6806.2500 3.420863e+01
6807.5000 1.789918e+01
6808.7500 1.743019e+01
6810.0000 2.081911e+01
6811.2500 2.717204e+01
6812.5000 2.964415e+01
6813.7500 7.782703e+00
6815.0000 1.021334e+01
6816.2500 3.059395e+01
6817.5000 2.132148e+01
6818.7500 2.180005e+01
6820.0000 1.612699e+01
6821.2500 1.172217e+01
6822.5000 3.174335e+01
6823.7500 2.333546e+01
6825.0000 1.860849e+01
6826.2500 2.212040e+00
6827.5000 1.830027e+01
6828.7500 -1.596395e+01
6830.0000 4.166158e+01
6831.2500 3.506561e+01
6832.5000 4.742195e+01
6833.7500 2.497704e+01
6835.0000 -9.506938e+00
6836.2500 1.066732e+01
6837.5000 3.417314e+01
6838.7500 2.540941e+01
6840.0000 2.405807e+01
6841.2500 1.779551e+01
6842.5000 4.474120e+01
6843.7500 1.952524e+01
6845.0000 2.247989e+01
6846.2500 8.296801e+00
6847.5000 1.536920e+01
6848.7500 1.489045e+01
6850.0000 2.362041e+01
6851.2500 2.223661e+01
6852.5000 2.364325e+01
6853.7500 2.112267e+01
6855.0000 2.067844e+01
6856.2500 2.978703e+01
6857.5000 3.555967e+01
6858.7500 1.654555e+01
6860.0000 2.418757e+01
6861.2500 1.315446e+01
6862.5000 3.561527e+01
6863.7500 9.278877e+00
6865.0000 2.998701e+01
6866.2500 3.218673e+01
6867.5000 3.328922e+01
6868.7500 1.535306e+00
6870.0000 1.125412e+01
6871.2500 2.047014e+01
6872.5000 1.999841e+01
6873.7500 1.319168e+01
6875.0000 2.877734e+01
6876.2500 2.683609e+01
6877.5000 3.317816e+01
6878.7500 2.629350e+01
6880.0000 2.952985e+01
6881.2500 1.344027e+01
6882.5000 3.024150e+01
6883.7500 3.256333e+01
6885.0000 2.688460e+01
6886.2500 2.322484e+01
6887.5000 2.494869e+01
6888.7500 5.074698e+01
6890.0000 4.195261e+01
6891.2500 3.453056e+01
6892.5000 1.798146e+01
6893.7500 2.825902e+01
6895.0000 3.264366e+01
6896.2500 3.446935e+00
6897.5000 5.221200e+00
6898.7500 2.155459e+01
6900.0000 3.503334e+01
6901.2500 1.478198e+01
6902.5000 1.363837e+01
6903.7500 1.191563e+01
6905.0000 7.511823e+00
6906.2500 1.441271e+01
6907.5000 3.068682e+01
6908.7500 2.928290e+01
6910.0000 3.297455e+01
6911.2500 7.549062e+00
6912.5000 2.646494e+01
6913.7500 2.643154e+01
6915.0000 1.340437e+01
6916.2500 3.306013e+01
6917.5000 3.616290e+01
6918.7500 2.054733e+01
6920.0000 2.310864e+01
6921.2500 4.718076e+00
6922.5000 9.879321e+00
6923.7500 5.599261e+00
6925.0000 7.260112e+00
6926.2500 2.029181e+01
6927.5000 2.317586e+01
6928.7500 2.814125e+01
6930.0000 3.231144e+01
6931.2500 1.136777e+01
6932.5000 2.498703e+01
6933.7500 2.374674e+01
6935.0000 3.475180e+01
6936.2500 3.980521e+01
6937.5000 1.141891e+01
6938.7500 3.034234e+01
6940.0000 4.530742e+01
6941.2500 3.209021e+01
6942.5000 3.345965e+00
6943.7500 2.298772e+01
6945.0000 2.138879e+01
6946.2500 1.635104e+00
6947.5000 -2.420702e+01
6948.7500 3.388272e+01
6950.0000 -1.575216e+01
6951.2500 1.796742e+01
6952.5000 1.283077e+01
6953.7500 3.497538e+01
6955.0000 5.111268e+00
6956.2500 5.938147e+00
6957.5000 2.932869e+01
6958.7500 1.813627e+01
6960.0000 1.830526e+01
6961.2500 2.419479e+01
6962.5000 2.333491e-01
6963.7500 5.587133e+00
6965.0000 7.894840e+00
6966.2500 1.234864e+01
6967.5000 5.004513e+01
6968.7500 2.254072e+01
6970.0000 9.646467e+00
6971.2500 2.820634e+01
6972.5000 2.167338e+01
6973.7500 1.375490e+01
6975.0000 1.570024e+01
6976.2500 8.739515e+00
6977.5000 4.366051e+01
6978.7500 4.321917e+01
6980.0000 1.505482e+00
6981.2500 1.685870e+01
6982.5000 3.229965e+01
6983.7500 2.089242e+01
6985.0000 2.423972e+01
6986.2500 2.095490e+01
6987.5000 1.857757e+01
6988.7500 4.809868e+00
6990.0000 5.859129e+00
6991.2500 2.539161e+01
6992.5000 2.433591e+01
6993.7500 2.462675e+01
6995.0000 1.931685e+01
6996.2500 2.946121e+01
6997.5000 1.491981e+01
6998.7500 1.021094e+01
7000.0000 -8.165050e-01
7001.2500 1.939755e+01
7002.5000 2.091525e+01
7003.7500 1.635528e+01
7005.0000 2.764940e+01
7006.2500 2.317671e+01
7007.5000 1.102917e+01
7008.7500 1.656989e+01
7010.0000 1.474658e+01
7011.2500 3.152505e+01
7012.5000 2.714108e+01
7013.7500 -2.283747e+00
7015.0000 3.069569e+01
7016.2500 2.480838e+01
7017.5000 3.744424e+01
7018.7500 1.109889e+01
7020.0000 2.619636e+01
7021.2500 1.371098e+01
7022.5000 1.829774e+01
7023.7500 2.212424e+01
7025.0000 6.516660e-01
7026.2500 1.865670e+01
7027.5000 1.896177e+01
7028.7500 2.160298e+01
7030.0000 2.046399e+01
7031.2500 1.121322e+01
7032.5000 1.076006e+01
7033.7500 4.403739e+00
7035.0000 3.038355e+01
7036.2500 4.642573e+01
7037.5000 2.476420e+01
7038.7500 2.125641e+01
7040.0000 2.172932e+01
7041.2500 4.366467e+01
7042.5000 1.117031e+01
7043.7500 2.824364e+01
7045.0000 1.674862e+01
7046.2500 1.716800e+01
7047.5000 1.749422e+01
7048.7500 2.404883e+01
7050.0000 2.918066e+01
7051.2500 3.390993e+01
7052.5000 2.875937e+01
7053.7500 2.662411e+01
7055.0000 2.198075e+01
7056.2500 1.727234e+01
7057.5000 2.726089e+01
7058.7500 1.856429e+01
7060.0000 1.744929e+01
7061.2500 2.170346e+01
7062.5000 4.453290e+01
7063.7500 8.160110e+00
7065.0000 9.383806e+00
7066.2500 1.956856e+01
7067.5000 2.989580e+01
7068.7500 3.698773e+01
7070.0000 3.314839e+01
7071.2500 1.155033e+01
7072.5000 1.843007e+01
7073.7500 3.401781e+01
7075.0000 1.764560e+01
7076.2500 1.214848e+01
7077.5000 3.299596e+01
7078.7500 2.032616e+01
7080.0000 2.900294e+01
7081.2500 3.066438e+01
7082.5000 2.194708e+01
7083.7500 4.352557e+00
7085.0000 2.561445e+01
7086.2500 2.312954e+00
7087.5000 1.969021e+01
7088.7500 1.494094e+01
7090.0000 1.679299e+01
7091.2500 7.287203e+00
7092.5000 1.666549e+01
7093.7500 1.439695e+01
7095.0000 3.128917e+01
7096.2500 2.157200e+01
7097.5000 2.392678e+01
7098.7500 3.228221e+01
7100.0000 3.294347e+01
7101.2500 2.265006e+01
7102.5000 2.160958e+01
7103.7500 1.691429e+01
7105.0000 9.088272e+00
7106.2500 2.144540e+01
7107.5000 1.753734e+01
7108.7500 2.484964e+01
7110.0000 2.405381e+01
7111.2500 4.143894e+01
7112.5000 3.057164e+01
7113.7500 1.986637e+01
7115.0000 -6.301509e-01
7116.2500 2.040680e+01
7117.5000 3.256133e+01
7118.7500 3.469088e+01
7120.0000 1.716167e+01
7121.2500 6.871168e+00
7122.5000 2.098650e+01
7123.7500 1.493256e+01
7125.0000 3.330912e+01
7126.2500 1.409721e+01
7127.5000 1.322550e+01
7128.7500 2.635340e+01
7130.0000 1.978596e+01
7131.2500 1.984747e+01
7132.5000 2.846054e+01
7133.7500 1.871863e+01
7135.0000 2.498325e+01
7136.2500 1.402426e+01
7137.5000 2.505962e+01
7138.7500 1.444017e+01
7140.0000 2.956876e+01
7141.2500 1.053199e+01
7142.5000 2.182536e+01
7143.7500 2.024523e+01
7145.0000 3.778849e+01
7146.2500 2.476035e+01
7147.5000 1.518535e+01
7148.7500 1.212668e+01
7150.0000 1.307743e+01
7151.2500 2.563332e+01
7152.5000 2.639386e+01
7153.7500 2.617193e+01
7155.0000 3.505814e+01
7156.2500 1.546802e+01
7157.5000 1.241036e+01
7158.7500 2.213770e+01
7160.0000 1.532058e+01
7161.2500 1.572180e+01
7162.5000 2.976182e+01
7163.7500 2.789776e+01
7165.0000 1.967770e+01
7166.2500 2.495160e+01
7167.5000 2.772656e+01
7168.7500 2.083742e+01
7170.0000 3.971125e+00
7171.2500 2.734283e+01
7172.5000 1.880664e+01
7173.7500 1.691648e+01
7175.0000 3.466862e+01
7176.2500 1.567504e+01
7177.5000 2.267667e+01
7178.7500 1.679264e+01
7180.0000 1.471262e+01
7181.2500 3.005659e+01
7182.5000 2.392370e+01
7183.7500 3.028168e+01
7185.0000 3.626632e+01
7186.2500 1.144851e+01
7187.5000 9.854985e+00
7188.7500 2.408031e+01
7190.0000 3.087952e+01
7191.2500 1.888538e+01
7192.5000 3.777868e+01
7193.7500 2.535193e+01
7195.0000 1.899190e+01
7196.2500 1.409501e+01
7197.5000 2.908231e+01
7198.7500 1.998056e+01
7200.0000 2.270982e+01
7201.2500 3.118683e+01
7202.5000 3.438564e+01
7203.7500 2.955128e+01
7205.0000 8.196567e+00
7206.2500 -1.385470e+00
7207.5000 2.260411e+01
7208.7500 2.977079e+01
7210.0000 3.614430e+01
7211.2500 2.644366e+01
7212.5000 2.894181e+01
7213.7500 2.415288e+01
7215.0000 1.950728e+01
7216.2500 3.958038e+01
7217.5000 3.065884e+01
7218.7500 2.744511e+01
7220.0000 2.513389e+01
7221.2500 1.028678e+01
7222.5000 2.372768e+01
7223.7500 2.116278e+01
7225.0000 9.106968e+00
7226.2500 2.547039e+01
7227.5000 3.169615e+01
7228.7500 1.906080e+01
7230.0000 2.402926e+01
7231.2500 3.464193e+01
7232.5000 1.115366e+01
7233.7500 3.983591e+01
7235.0000 5.006023e+01
7236.2500 3.494592e+00
7237.5000 1.032602e+01
7238.7500 1.466228e+01
7240.0000 5.640659e+01
7241.2500 4.226157e+01
7242.5000 -1.406894e+01
7243.7500 2.185917e+01
7245.0000 1.845755e+01
7246.2500 2.058904e+01
7247.5000 2.671336e+01
7248.7500 2.237930e+01
7250.0000 2.947031e+01
7251.2500 3.174021e+01
7252.5000 2.597489e+00
7253.7500 1.392110e+01
7255.0000 1.974664e+01
7256.2500 2.875708e+01
7257.5000 1.313187e+01
7258.7500 3.309201e+01
7260.0000 1.174186e+01
7261.2500 1.818292e+01
7262.5000 1.800778e+01
7263.7500 2.328082e+01
7265.0000 2.560677e+01
7266.2500 2.107965e+01
7267.5000 1.313867e+01
7268.7500 8.179357e+00
7270.0000 2.547529e+01
7271.2500 2.577592e+01
7272.5000 1.948785e+01
7273.7500 -3.120823e+01
7275.0000 5.203387e+01
7276.2500 -9.665020e+00
7277.5000 3.505221e+01
7278.7500 2.790947e+00
7280.0000 2.658049e+01
7281.2500 2.861399e+01
7282.5000 1.343778e+01
7283.7500 3.993431e+01
7285.0000 3.135458e+00
7286.2500 -5.240160e+00
7287.5000 2.299127e+01
7288.7500 2.854372e+01
7290.0000 1.075629e+01
7291.2500 1.860042e+01
7292.5000 3.899725e+01
7293.7500 2.151286e+01
7295.0000 1.028470e+01
7296.2500 2.624154e+01
7297.5000 1.049592e+01
7298.7500 1.697896e+01
7300.0000 1.773649e+01
7301.2500 4.071950e+00
7302.5000 2.828823e+01
7303.7500 2.745221e+01
7305.0000 3.253786e+01
7306.2500 1.409662e+01
7307.5000 1.543835e+01
7308.7500 1.826236e+01
7310.0000 2.597392e+01
7311.2500 2.891345e+01
7312.5000 2.802313e+01
7313.7500 -2.033967e+01
7315.0000 -7.552719e-02
7316.2500 -4.532999e+01
7317.5000 9.261937e-01
7318.7500 1.956866e+01
7320.0000 2.924043e+01
7321.2500 2.599574e+01
7322.5000 1.219904e+01
7323.7500 2.196831e+01
7325.0000 2.947684e+01
7326.2500 6.763026e+00
7327.5000 2.729698e+01
7328.7500 5.355312e+01
7330.0000 1.251480e+01
7331.2500 1.690913e+01
7332.5000 3.106991e+01
7333.7500 2.114324e+01
7335.0000 1.122664e+01
7336.2500 1.722216e+01
7337.5000 3.568550e+01
7338.7500 -6.965259e+01
7340.0000 5.369916e+00
7341.2500 -2.197978e+01
7342.5000 -1.992952e+01
7343.7500 2.443911e+01
7345.0000 3.572838e+00
7346.2500 3.161086e+01
7347.5000 2.262127e+01
7348.7500 1.899375e+01
7350.0000 2.664455e+01
7351.2500 2.178197e+01
7352.5000 3.074452e+01
7353.7500 2.113261e+01
7355.0000 2.679569e+01
7356.2500 4.171753e-02
7357.5000 1.139922e+01
7358.7500 1.301263e+01
7360.0000 1.480623e+01
7361.2500 3.264304e+01
7362.5000 2.378081e+01
7363.7500 1.770804e+01
7365.0000 6.557658e+00
7366.2500 3.153091e+01
7367.5000 -4.048604e+00
7368.7500 8.709755e+00
7370.0000 3.454060e+01
7371.2500 6.123190e+00
7372.5000 2.090030e+01
7373.7500 7.015623e+00
7375.0000 1.729610e+01
7376.2500 3.550333e+01
7377.5000 2.814010e+01
7378.7500 1.815279e+01
7380.0000 1.797764e+01
7381.2500 2.162612e+01
7382.5000 1.224196e+01
7383.7500 1.842562e+01
7385.0000 2.156239e+01
7386.2500 2.436671e+01
7387.5000 1.589125e+01
7388.7500 2.051818e+01
7390.0000 1.358133e+00
7391.2500 4.064334e+00
7392.5000 4.142093e+01
7393.7500 1.006155e+01
7395.0000 2.694156e+01
7396.2500 1.793514e+01
7397.5000 2.083750e+01
7398.7500 2.530874e+01
7400.0000 1.326870e+01
7401.2500 -6.716727e+00
7402.5000 3.689055e+01
7403.7500 1.482432e+01
7405.0000 1.486642e+01
7406.2500 1.910502e+01
7407.5000 1.667905e+01
7408.7500 1.918261e+01
7410.0000 1.693926e+01
7411.2500 2.151897e+01
7412.5000 2.691220e+01
7413.7500 1.312215e+01
7415.0000 2.372713e+01
7416.2500 2.316433e+01
7417.5000 1.515566e+01
7418.7500 2.792357e+01
7420.0000 2.049075e+01
7421.2500 2.054847e+01
7422.5000 2.624909e+01
7423.7500 2.551113e+01
7425.0000 2.718348e+01
7426.2500 3.309708e+01
7427.5000 2.073026e+01
7428.7500 2.066013e+01
7430.0000 4.090426e+01
7431.2500 5.209290e+00
7432.5000 8.184002e+00
7433.7500 2.786802e+01
7435.0000 2.200319e+01
7436.2500 7.848820e+00
7437.5000 3.391994e+01
7438.7500 6.551957e+00
7440.0000 1.253016e+01
7441.2500 1.640760e+01
7442.5000 3.322156e+01
7443.7500 3.029028e+01
7445.0000 1.182762e+01
7446.2500 3.830183e+01
7447.5000 1.506667e+01
7448.7500 1.398948e+01
7450.0000 1.873601e+01
7451.2500 2.043771e+01
7452.5000 1.665659e+01
7453.7500 2.250411e+01
7455.0000 2.171234e+01
7456.2500 1.665391e+01
7457.5000 2.417053e+01
7458.7500 1.232459e+01
7460.0000 1.140046e+01
7461.2500 1.565369e+01
7462.5000 -2.349108e+00
7463.7500 3.022239e+01
7465.0000 2.072852e+01
7466.2500 4.719666e+01
7467.5000 4.234414e+01
7468.7500 5.277638e+01
7470.0000 5.404056e+01
7471.2500 8.021505e+01
7472.5000 1.164318e+02
7473.7500 9.913848e+01
7475.0000 4.700795e+01
7476.2500 7.181113e+01
7477.5000 1.378551e+02
7478.7500 1.558189e+02
7480.0000 6.976367e+01
7481.2500 2.148069e+01
7482.5000 7.423269e+01
7483.7500 2.688711e+01
7485.0000 2.692655e+01
7486.2500 3.430011e+01
7487.5000 1.991351e+01
7488.7500 2.483941e+01
7490.0000 2.968113e+01
7491.2500 1.471469e+01
7492.5000 2.453695e+01
7493.7500 2.119648e+01
7495.0000 3.243245e+01
7496.2500 1.535793e+01
7497.5000 2.650930e+01
7498.7500 6.491926e+00
7500.0000 4.257560e+01
7501.2500 2.813337e+01
7502.5000 1.702434e+01
7503.7500 2.901413e+01
7505.0000 3.000141e+01
7506.2500 3.298706e+01
7507.5000 2.795170e+01
7508.7500 3.241924e+01
7510.0000 4.479972e+01
7511.2500 2.820863e+01
7512.5000 1.504426e+01
7513.7500 1.974813e+01
7515.0000 2.256739e+01
7516.2500 1.578766e+01
7517.5000 4.808258e+00
7518.7500 -3.991168e+00
7520.0000 2.135633e+01
7521.2500 4.057715e+01
7522.5000 -1.506637e+01
7523.7500 -2.440854e+01
7525.0000 -1.305318e+00
7526.2500 4.250846e+01
7527.5000 2.369942e+01
7528.7500 2.567728e+01
7530.0000 6.167747e+00
7531.2500 5.129506e+01
7532.5000 3.220319e+01
7533.7500 4.462741e+01
7535.0000 3.117678e+01
7536.2500 2.328761e+01
7537.5000 2.141215e+01
7538.7500 1.052220e+01
7540.0000 3.604126e+01
7541.2500 1.386560e+01
7542.5000 3.606719e+01
7543.7500 2.276495e+01
7545.0000 3.290632e+01
7546.2500 2.115462e+01
7547.5000 3.145472e+01
7548.7500 2.115207e+01
7550.0000 1.679370e+01
7551.2500 2.887769e+01
7552.5000 1.818278e+01
7553.7500 2.187445e+01
7555.0000 2.215924e+01
7556.2500 8.444238e+00
7557.5000 3.610583e+01
7558.7500 2.112419e+00
7560.0000 2.283053e+01
7561.2500 3.979873e+01
7562.5000 3.279930e+01
7563.7500 2.583003e+01
7565.0000 2.743445e+01
7566.2500 3.045336e+01
7567.5000 3.633750e+01
7568.7500 3.263183e+01
7570.0000 2.931161e+01
7571.2500 4.049031e+01
7572.5000 3.667133e+01
7573.7500 5.241725e+00
7575.0000 3.424197e+01
7576.2500 6.019337e-01
7577.5000 1.235108e+01
7578.7500 3.901561e+01
7580.0000 3.559714e+01
7581.2500 1.981023e+01
7582.5000 3.589487e+01
7583.7500 2.722529e+01
7585.0000 7.348147e+00
7586.2500 1.922120e+01
7587.5000 3.579729e+01
7588.7500 2.671087e+01
7590.0000 2.260950e+01
7591.2500 2.775495e+01
7592.5000 3.424343e+01
7593.7500 3.973579e+01
7595.0000 3.075561e+01
7596.2500 -6.805395e+00
7597.5000 9.405372e+00
7598.7500 2.375096e+01
7600.0000 2.026165e+01
7601.2500 7.757366e+00
7602.5000 5.309509e+01
7603.7500 5.752358e+01
7605.0000 4.883330e+01
7606.2500 5.424331e+00
7607.5000 4.461166e+01
7608.7500 9.683889e+00
7610.0000 4.073001e+01
7611.2500 4.962666e+01
7612.5000 5.292545e+01
7613.7500 2.876229e+01
7615.0000 2.441307e+01
7616.2500 2.131717e+01
7617.5000 -1.265455e+01
7618.7500 2.043786e+01
7620.0000 3.142964e+01
7621.2500 3.084335e+01
7622.5000 1.111164e+01
7623.7500 9.217225e+00
7625.0000 4.546795e+01
7626.2500 -9.023527e+00
7627.5000 4.021557e+01
7628.7500 5.644385e+01
7630.0000 -3.783940e+00
7631.2500 -9.907801e+00
7632.5000 1.698754e+01
7633.7500 4.592019e+01
7635.0000 1.266440e+01
7636.2500 3.269079e+01
7637.5000 4.634912e+01
7638.7500 3.187672e+01
7640.0000 2.321493e+01
7641.2500 1.084948e+01
7642.5000 3.754802e+01
7643.7500 2.831397e+01
7645.0000 6.891660e+00
7646.2500 5.563530e+01
7647.5000 3.691728e+01
7648.7500 3.041433e+01
7650.0000 2.715709e+01
7651.2500 4.232737e+01
7652.5000 2.552609e+01
7653.7500 3.024121e+01
7655.0000 1.730671e+01
7656.2500 4.145115e+01
7657.5000 3.637246e+01
7658.7500 3.184860e+01
7660.0000 2.754195e+01
7661.2500 5.304023e+01
7662.5000 4.306630e+01
7663.7500 3.069209e+01
7665.0000 3.834905e+01
7666.2500 5.310027e+01
7667.5000 3.401210e+01
7668.7500 4.127647e+01
7670.0000 3.283917e+01
7671.2500 2.691338e+01
7672.5000 2.804709e+01
7673.7500 2.815245e+01
7675.0000 3.289396e+01
7676.2500 2.807392e+01
7677.5000 1.940193e+01
7678.7500 4.183738e+01
7680.0000 1.116060e+01
7681.2500 1.775914e+01
7682.5000 6.215071e+00
7683.7500 2.541356e+01
7685.0000 1.201955e+01
7686.2500 -1.754082e+00
7687.5000 1.607895e+01
7688.7500 2.855007e+01
7690.0000 3.379759e+01
7691.2500 1.443857e+01
7692.5000 3.159944e+00
7693.7500 2.226501e+01
7695.0000 2.860835e+01
7696.2500 1.039354e+00
7697.5000 2.124501e+01
7698.7500 3.635552e+01
7700.0000 4.482552e+01
7701.2500 1.535795e+01
7702.5000 3.324077e+01
7703.7500 3.811486e+01
7705.0000 2.555639e+01
7706.2500 2.459919e+01
7707.5000 1.101965e+01
7708.7500 4.670930e+01
7710.0000 3.561126e+01
7711.2500 1.937514e+01
7712.5000 8.604165e+01
7713.7500 7.470576e+01
7715.0000 7.615401e+01
7716.2500 -1.676546e+01
7717.5000 -8.498264e+00
7718.7500 3.390737e+01
7720.0000 2.350677e+01
7721.2500 2.175329e+01
7722.5000 1.748246e+01
7723.7500 7.879326e-02
7725.0000 4.372224e+01
7726.2500 4.708317e+01
7727.5000 5.051851e+01
7728.7500 3.475300e+01
7730.0000 1.104125e+01
7731.2500 1.573378e+01
7732.5000 2.770514e+01
7733.7500 3.308222e+01
7735.0000 2.750851e+01
7736.2500 3.908900e+01
7737.5000 3.014881e+01
7738.7500 3.765476e+01
7740.0000 2.647618e+01
7741.2500 1.599797e+01
7742.5000 3.535681e+01
7743.7500 4.456783e+01
7745.0000 3.559380e+01
7746.2500 4.219590e+01
7747.5000 5.567926e+01
7748.7500 -7.029198e+01
7750.0000 7.322675e+01
7751.2500 2.918106e+01
7752.5000 1.753203e+01
7753.7500 3.536443e+01
7755.0000 1.745714e+01
7756.2500 9.476799e+00
7757.5000 6.968179e+01
7758.7500 6.497677e+01
7760.0000 5.965735e+01
7761.2500 4.055502e+01
7762.5000 1.043732e+01
7763.7500 3.731372e+01
7765.0000 3.445919e+01
7766.2500 2.683217e+01
7767.5000 4.088381e+01
7768.7500 3.179604e+01
7770.0000 1.282453e+01
7771.2500 3.332959e+01
7772.5000 3.393107e+01
7773.7500 1.651578e+01
7775.0000 -1.714413e+00
7776.2500 2.323188e+01
7777.5000 4.193320e+01
7778.7500 9.482154e-01
7780.0000 -8.179509e+00
7781.2500 4.134954e+01
7782.5000 2.503038e+01
7783.7500 4.857776e+01
7785.0000 3.215613e+01
7786.2500 4.040577e+01
7787.5000 2.939278e+01
7788.7500 4.537520e+01
7790.0000 4.735130e+00
7791.2500 4.136449e+01
7792.5000 -2.732347e+00
7793.7500 1.254647e+01
7795.0000 2.657367e+01
7796.2500 1.497967e+01
7797.5000 3.119979e+00
7798.7500 2.560979e+01
7800.0000 1.872007e+01
7801.2500 3.642607e+01
7802.5000 7.493062e+00
7803.7500 1.072092e+01
7805.0000 1.928970e+01
7806.2500 2.551032e+01
7807.5000 4.609506e+01
7808.7500 2.434938e+01
7810.0000 3.956882e+01
7811.2500 2.941881e+01
7812.5000 1.181896e+01
7813.7500 2.416161e+01
7815.0000 3.472224e+01
7816.2500 3.467281e+01
7817.5000 1.326571e+01
7818.7500 3.560098e+01
7820.0000 4.319078e+01
7821.2500 1.243551e+01
7822.5000 9.361397e+01
7823.7500 2.110518e+01
7825.0000 9.344853e+00
7826.2500 8.637232e+00
7827.5000 1.895801e+01
7828.7500 2.479323e+01
7830.0000 1.380737e+01
7831.2500 1.917457e+01
7832.5000 -1.726191e-01
7833.7500 7.926841e-01
7835.0000 2.310738e+01
7836.2500 2.158990e+01
7837.5000 2.614962e+01
7838.7500 3.513401e+01
7840.0000 -2.186893e+00
7841.2500 -9.406419e-01
7842.5000 3.221467e+01
7843.7500 2.583582e+01
7845.0000 2.457593e+01
7846.2500 3.633529e+01
7847.5000 2.924738e+01
7848.7500 2.627349e+01
7850.0000 3.649209e+01
7851.2500 9.978318e+01
7852.5000 6.438068e+01
7853.7500 5.730634e+01
7855.0000 7.308788e+01
7856.2500 3.593671e+01
7857.5000 2.426969e+01
7858.7500 -1.544801e+01
7860.0000 3.115128e+01
7861.2500 -1.929827e+01
7862.5000 3.602514e+01
7863.7500 4.203669e+01
7865.0000 3.836155e+01
7866.2500 2.580799e+01
7867.5000 4.943711e+01
7868.7500 2.572961e+01
7870.0000 3.868743e+01
7871.2500 3.066544e+01
7872.5000 3.443818e+01
7873.7500 2.073506e+01
7875.0000 2.015014e+01
7876.2500 2.246193e+01
7877.5000 1.656233e+00
7878.7500 7.392840e+01
7880.0000 1.682516e+01
7881.2500 3.679372e+01
7882.5000 1.573445e+01
7883.7500 8.340618e+00
7885.0000 2.239569e+01
7886.2500 2.317319e+01
7887.5000 2.927819e+01
7888.7500 2.879340e+01
7890.0000 -3.772275e+00
7891.2500 -1.090727e+01
7892.5000 2.755665e+01
7893.7500 2.340803e+01
7895.0000 3.220696e+01
7896.2500 2.027652e+01
7897.5000 2.441041e+01
7898.7500 6.139452e+01
7900.0000 2.916614e+01
7901.2500 1.618816e+01
7902.5000 3.807414e+00
7903.7500 2.355619e+01
7905.0000 1.964948e+01
7906.2500 2.895116e+01
7907.5000 4.682891e+01
7908.7500 9.603887e+00
7910.0000 3.327563e+01
7911.2500 6.942182e+01
7912.5000 3.313346e+01
7913.7500 2.302029e+01
7915.0000 1.274645e+01
7916.2500 3.647945e+01
7917.5000 3.316392e+01
7918.7500 3.788180e+01
7920.0000 -7.535183e+00
7921.2500 -1.687481e+01
7922.5000 -9.329505e+00
7923.7500 3.366423e+01
7925.0000 1.881173e+01
7926.2500 2.307640e+00
7927.5000 6.611460e+00
7928.7500 3.324596e+01
7930.0000 3.787237e+01
7931.2500 1.004261e+01
7932.5000 5.042077e+00
7933.7500 1.875459e+01
7935.0000 1.948540e+01
7936.2500 3.091109e+01
7937.5000 3.743599e+01
7938.7500 2.606851e+01
7940.0000 1.180696e+01
7941.2500 1.325605e+01
7942.5000 1.940342e+01
7943.7500 2.089380e+01
7945.0000 2.748320e+01
7946.2500 1.282957e+01
7947.5000 3.601203e+01
7948.7500 5.169046e+01
7950.0000 4.673579e+01
7951.2500 2.086689e+01
7952.5000 3.369509e+01
7953.7500 2.179572e+01
7955.0000 1.783047e+01
7956.2500 1.810543e+01
7957.5000 2.711029e+01
7958.7500 1.233425e+01
7960.0000 2.650438e+01
7961.2500 3.028687e+01
7962.5000 7.635821e+01
7963.7500 -5.205967e+01
7965.0000 4.191520e+01
7966.2500 -1.908784e+01
7967.5000 3.321777e+01
7968.7500 2.779244e+01
7970.0000 6.174545e+00
7971.2500 1.808165e+01
7972.5000 1.149031e+01
7973.7500 2.525602e+01
7975.0000 3.242936e+01
7976.2500 1.340657e+01
7977.5000 1.503451e+01
7978.7500 2.709176e+01
7980.0000 -7.684594e+00
7981.2500 -2.376577e+00
7982.5000 2.399192e+01
7983.7500 1.854622e+01
7985.0000 3.096731e+01
7986.2500 1.102195e+01
7987.5000 1.613493e+01
7988.7500 3.905974e+00
7990.0000 3.813631e+01
7991.2500 5.070065e+01
7992.5000 2.641218e+01
7993.7500 8.254052e+01
7995.0000 -3.294453e+01
7996.2500 1.765960e+01
7997.5000 3.807192e+01
7998.7500 3.008311e+01
8000.0000 3.879370e+01
8001.2500 3.866889e+01
8002.5000 2.883085e+01
8003.7500 3.405201e+01
8005.0000 1.916274e+01
8006.2500 3.024928e+01
8007.5000 2.479325e+01
8008.7500 3.143616e+01
8010.0000 2.528978e+01
8011.2500 3.743943e+01
8012.5000 8.628769e+01
8013.7500 -2.246513e+01
8015.0000 5.968917e+01
8016.2500 4.439434e+01
8017.5000 2.538043e+01
8018.7500 4.114631e+01
8020.0000 3.209019e+01
8021.2500 3.156535e+01
8022.5000 3.746477e+01
8023.7500 3.879003e+01
8025.0000 6.283556e+01
8026.2500 -5.586623e+01
8027.5000 3.303669e+00
8028.7500 1.617200e+01
8030.0000 4.592610e+01
8031.2500 1.047738e+01
8032.5000 7.153949e+00
8033.7500 2.991327e+01
8035.0000 3.684491e+01
8036.2500 1.369535e+01
8037.5000 3.867049e+01
8038.7500 1.032105e+01
8040.0000 1.224747e+01
8041.2500 2.065782e+01
8042.5000 2.166628e+01
8043.7500 1.727088e+01
8045.0000 1.698255e+01
8046.2500 2.631319e+01
8047.5000 1.056967e+01
8048.7500 3.827671e+01
8050.0000 1.448220e+01
8051.2500 1.915307e+01
8052.5000 6.573907e+01
8053.7500 3.677597e+01
8055.0000 2.507656e+01
8056.2500 2.843890e+01
8057.5000 1.428571e+01
8058.7500 2.612402e+01
8060.0000 2.697388e+01
8061.2500 2.345466e+01
8062.5000 -1.861802e+01
8063.7500 2.207966e+01
8065.0000 3.716402e+01
8066.2500 3.273780e+01
8067.5000 2.302808e+01
8068.7500 3.644796e+01
8070.0000 3.187407e+01
8071.2500 2.495231e+01
8072.5000 3.579098e+01
8073.7500 3.121597e+01
8075.0000 4.177938e+01
8076.2500 3.335627e+01
8077.5000 3.360377e+01
8078.7500 3.455925e+01
8080.0000 3.154205e+01
8081.2500 2.700955e+01
8082.5000 3.147165e+01
8083.7500 4.539795e+01
8085.0000 3.099509e+01
8086.2500 2.068513e+01
8087.5000 3.531555e+01
8088.7500 3.244108e+01
8090.0000 3.357589e+01
8091.2500 4.456078e+01
8092.5000 3.660047e+01
8093.7500 3.413877e+01
8095.0000 4.033471e+01
8096.2500 3.678636e+01
8097.5000 2.260406e+01
8098.7500 3.142521e+01
8100.0000 3.882033e+01
8101.2500 1.987024e+01
8102.5000 5.248539e+01
8103.7500 8.092527e+00
8105.0000 2.143915e+01
8106.2500 1.776717e+01
8107.5000 3.103335e+01
8108.7500 3.331753e+01
8110.0000 3.061389e+01
8111.2500 3.344684e+01
8112.5000 3.202296e+01
8113.7500 6.647060e+00
8115.0000 2.852915e+01
8116.2500 2.428773e+01
8117.5000 2.637929e+01
8118.7500 3.633858e+01
8120.0000 2.775950e+01
8121.2500 3.268480e+01
8122.5000 3.931359e+01
8123.7500 3.847612e+01
8125.0000 2.252889e+01
8126.2500 1.766872e+01
8127.5000 3.750705e+01
8128.7500 4.310614e+01
8130.0000 2.545024e+01
8131.2500 2.526139e+01
8132.5000 3.086241e+01
8133.7500 7.065399e-01
8135.0000 3.031141e+01
8136.2500 4.070852e+01
8137.5000 4.958172e+01
8138.7500 2.381840e+01
8140.0000 6.281585e+00
8141.2500 3.602113e+01
8142.5000 4.694856e+01
8143.7500 4.644748e+01
8145.0000 3.209783e+01
8146.2500 2.593090e+01
8147.5000 3.191558e+01
8148.7500 1.070539e+01
8150.0000 4.335764e+01
8151.2500 3.213369e+01
8152.5000 1.377689e+01
8153.7500 1.990244e+01
8155.0000 3.516751e+01
8156.2500 4.293094e+01
8157.5000 1.207588e+01
8158.7500 1.234492e+01
8160.0000 3.721338e+01
8161.2500 3.412439e+01
8162.5000 4.555515e+01
8163.7500 4.870261e+01
8165.0000 3.635143e+01
8166.2500 1.467189e+01
8167.5000 2.542247e+01
8168.7500 2.959394e+01
8170.0000 3.675568e+01
8171.2500 2.802042e+01
8172.5000 2.999974e+01
8173.7500 4.301922e+01
8175.0000 4.460314e+01
8176.2500 1.233526e+01
8177.5000 4.608237e+01
8178.7500 3.213803e+01
8180.0000 2.154447e+01
8181.2500 2.719574e+01
8182.5000 1.441309e+01
8183.7500 -1.109747e+00
8185.0000 4.488737e+01
8186.2500 4.604407e+01
8187.5000 2.675791e+01
8188.7500 4.542703e+01
8190.0000 2.017902e+01
8191.2500 3.037932e+01
8192.5000 1.880733e+01
8193.7500 2.437804e+01
8195.0000 5.260061e+01
8196.2500 2.469179e+01
8197.5000 2.479727e+01
8198.7500 1.761222e+01
8200.0000 2.688890e+01
8201.2500 4.304267e+01
8202.5000 3.131981e+01
8203.7500 3.348046e+01
8205.0000 3.783043e+01
8206.2500 3.509825e+01
8207.5000 3.099306e+01
8208.7500 1.844301e+01
8210.0000 2.634248e+01
8211.2500 2.988686e+01
8212.5000 1.864141e+01
8213.7500 3.095222e+01
8215.0000 3.565670e+01
8216.2500 2.224250e+01
8217.5000 3.149043e+01
8218.7500 3.873202e+01
8220.0000 1.707770e+01
8221.2500 1.791832e+01
8222.5000 3.955400e+01
8223.7500 3.740145e+01
8225.0000 4.887465e+01
8226.2500 5.313291e+01
8227.5000 1.671282e+01
8228.7500 3.981891e+01
8230.0000 3.275690e+01
8231.2500 2.306043e+01
8232.5000 2.012787e+01
8233.7500 1.220272e+01
8235.0000 2.095186e+01
8236.2500 4.289787e+01
8237.5000 4.445974e+01
8238.7500 2.348696e+01
8240.0000 3.860924e+01
8241.2500 4.086160e+01
8242.5000 9.846324e+00
8243.7500 2.215701e+01
8245.0000 2.054622e+01
8246.2500 3.206223e+01
8247.5000 1.000314e+01
8248.7500 4.124732e+01
8250.0000 4.367526e+01
8251.2500 3.031508e+01
8252.5000 3.685514e+01
8253.7500 2.736463e+01
8255.0000 3.081187e+01
8256.2500 2.687326e+01
8257.5000 1.363557e+01
8258.7500 3.079042e+01
8260.0000 3.231673e+01
8261.2500 2.577872e+01
8262.5000 2.580653e+01
8263.7500 1.952194e+01
8265.0000 2.659217e+01
8266.2500 8.900520e+00
8267.5000 7.537256e+00
8268.7500 3.047124e+01
8270.0000 2.399327e+01
8271.2500 2.399085e+01
8272.5000 3.348502e+01
8273.7500 3.161161e+01
8275.0000 1.709033e+01
8276.2500 5.077805e+01
8277.5000 4.094102e+01
8278.7500 4.086788e+01
8280.0000 1.753754e+01
8281.2500 1.750613e+01
8282.5000 4.266413e+01
8283.7500 2.899758e+01
8285.0000 3.537583e+01
8286.2500 1.382995e+01
8287.5000 5.389745e+01
8288.7500 1.605521e+01
8290.0000 4.757613e+01
8291.2500 3.541506e+01
8292.5000 3.449174e+01
8293.7500 3.593063e+01
8295.0000 4.241128e+01
8296.2500 4.467059e+01
8297.5000 2.448508e+01
8298.7500 3.863973e+01
8300.0000 -2.952054e+00
8301.2500 -1.422999e+01
8302.5000 2.751636e+01
8303.7500 3.544836e+01
8305.0000 2.160774e+01
8306.2500 3.850412e+01
8307.5000 2.003664e+01
8308.7500 4.295535e+01
8310.0000 -1.017952e+01
8311.2500 6.023590e+01
8312.5000 3.344086e+01
8313.7500 3.195826e+01
8315.0000 2.727412e+01
8316.2500 4.530986e+01
8317.5000 2.158195e+01
8318.7500 2.535005e+01
8320.0000 1.560559e+01
8321.2500 2.822123e+01
8322.5000 3.398973e+01
8323.7500 2.902990e+01
8325.0000 2.137063e+01
8326.2500 2.293926e+01
8327.5000 3.166465e+01
8328.7500 3.720888e+01
8330.0000 3.078049e+01
8331.2500 4.013797e+01
8332.5000 2.733810e+01
8333.7500 1.934381e+01
8335.0000 1.348734e+01
8336.2500 4.774043e+01
8337.5000 4.656036e+01
8338.7500 3.073358e+01
8340.0000 3.752076e+01
8341.2500 1.546128e+01
8342.5000 1.105598e+01
8343.7500 2.910509e+01
8345.0000 2.372095e+01
8346.2500 6.381462e+01
8347.5000 3.513188e-01
8348.7500 3.359726e+01
8350.0000 3.826218e+01
8351.2500 2.063291e+01
8352.5000 2.190194e+01
8353.7500 3.157478e+01
8355.0000 3.604221e+01
8356.2500 1.960958e+01
8357.5000 2.810238e+01
8358.7500 2.963970e+01
8360.0000 3.773576e+01
8361.2500 1.752639e+01
8362.5000 9.974077e+00
8363.7500 4.594979e+01
8365.0000 -2.203051e+01
8366.2500 3.273109e+01
8367.5000 2.302237e+01
8368.7500 1.303803e+01
8370.0000 2.741240e+01
8371.2500 1.845207e+01
8372.5000 3.645238e+01
8373.7500 3.468008e+01
8375.0000 1.250215e+01
8376.2500 2.981099e+01
8377.5000 2.954304e+01
8378.7500 1.018471e+01
8380.0000 3.004309e+01
8381.2500 4.615186e+01
8382.5000 5.580410e+01
8383.7500 2.925529e+01
8385.0000 1.915789e+01
8386.2500 2.936357e+01
8387.5000 2.062536e+01
8388.7500 3.165356e+01
8390.0000 1.057849e+01
8391.2500 2.791191e+01
8392.5000 1.818124e+01
8393.7500 2.575174e+01
8395.0000 1.269020e+01
8396.2500 4.385599e+01
8397.5000 3.075612e+01
8398.7500 1.811508e+01
8400.0000 2.457726e+01
8401.2500 -1.783890e+01
8402.5000 4.444954e+01
8403.7500 1.146399e+01
8405.0000 1.734658e+01
8406.2500 1.140514e+01
8407.5000 3.506359e+01
8408.7500 1.258726e+01
8410.0000 3.296873e+01
8411.2500 1.506108e+01
8412.5000 1.945559e+01
8413.7500 1.378713e+01
8415.0000 3.606181e+01
8416.2500 1.107388e+01
8417.5000 -4.069785e+00
8418.7500 3.222938e+01
8420.0000 3.053867e+01
8421.2500 2.847342e+01
8422.5000 1.472070e+01
8423.7500 2.284995e+01
8425.0000 2.963652e+01
8426.2500 -1.942693e+00
8427.5000 1.795395e+01
8428.7500 2.145189e+01
8430.0000 2.217278e+01
8431.2500 2.011733e+01
8432.5000 1.383457e+01
8433.7500 3.327605e+01
8435.0000 2.063615e+01
8436.2500 1.617509e+01
8437.5000 2.594552e+01
8438.7500 1.825719e+01
8440.0000 1.838879e+01
8441.2500 3.946864e+01
8442.5000 3.111104e+01
8443.7500 2.083672e+01
8445.0000 3.387375e+01
8446.2500 2.141745e+01
8447.5000 2.233414e+01
8448.7500 2.366921e+01
8450.0000 -8.072309e+00
8451.2500 1.796623e+01
8452.5000 7.486826e+01
8453.7500 3.097576e+01
8455.0000 1.237328e+01
8456.2500 2.513354e+01
8457.5000 2.409896e+01
8458.7500 2.020054e+01
8460.0000 4.020971e+01
8461.2500 2.027526e+01
8462.5000 8.017149e+01
8463.7500 2.886619e+01
8465.0000 2.819089e+01
8466.2500 2.291204e+01
8467.5000 2.936844e+01
8468.7500 2.703866e+01
8470.0000 2.865284e+01
8471.2500 2.833608e+01
8472.5000 2.498800e+01
8473.7500 3.284695e+01
8475.0000 5.106301e+01
8476.2500 2.908247e+01
8477.5000 3.818884e+01
8478.7500 2.983565e+01
8480.0000 2.578240e+01
8481.2500 2.077021e+01
8482.5000 2.188866e+01
8483.7500 2.433905e+01
8485.0000 2.099585e+01
8486.2500 3.099107e+01
8487.5000 1.922891e+01
8488.7500 2.547132e+01
8490.0000 2.993932e+01
8491.2500 3.807429e+01
8492.5000 -3.869036e+01
8493.7500 -5.454167e+01
8495.0000 4.845200e+01
8496.2500 3.138210e+01
8497.5000 1.658751e+01
8498.7500 2.895756e+01
8500.0000 3.451387e+01
8501.2500 5.436996e+01
8502.5000 7.764558e+01
8503.7500 1.367611e+01
8505.0000 4.354374e+01
8506.2500 1.394008e+00
8507.5000 2.796963e+01
8508.7500 3.649215e+01
8510.0000 1.109300e+01
8511.2500 2.032089e+01
8512.5000 3.108039e+01
8513.7500 4.251553e+01
8515.0000 3.717151e+01
8516.2500 2.856797e+01
8517.5000 2.768920e+01
8518.7500 1.610734e+01
8520.0000 2.563139e+01
8521.2500 4.355674e+01
8522.5000 2.736016e+01
8523.7500 2.443244e+01
8525.0000 2.290157e+01
8526.2500 2.385463e+01
8527.5000 2.326484e+01
8528.7500 3.805139e+01
8530.0000 2.138257e+01
8531.2500 2.309801e+01
8532.5000 3.010448e+01
8533.7500 2.706701e+01
8535.0000 2.197471e+01
8536.2500 2.702781e+01
8537.5000 4.645533e+01
8538.7500 4.028529e+01
8540.0000 4.798645e+01
8541.2500 1.251086e+01
8542.5000 2.840484e+01
8543.7500 4.427322e+01
8545.0000 1.922004e+01
8546.2500 1.859043e+01
8547.5000 5.459179e+01
8548.7500 3.421148e+00
8550.0000 5.498474e+00
8551.2500 1.803480e+01
8552.5000 1.025953e+01
8553.7500 4.770427e+01
8555.0000 3.012621e+01
8556.2500 3.606210e+01
8557.5000 4.397849e+01
8558.7500 2.849833e+01
8560.0000 1.940012e+01
8561.2500 1.931656e+01
8562.5000 2.323024e+01
8563.7500 2.900180e+01
8565.0000 2.800769e+01
8566.2500 3.067892e+01
8567.5000 2.311348e+01
8568.7500 2.407855e+01
8570.0000 4.740561e+01
8571.2500 3.174386e+01
8572.5000 1.054887e+01
8573.7500 3.806768e+01
8575.0000 3.983934e+01
8576.2500 1.106322e+01
8577.5000 2.964178e+01
8578.7500 2.171386e+01
8580.0000 2.996059e+01
8581.2500 3.159021e+01
8582.5000 2.184410e+01
8583.7500 2.151653e+01
8585.0000 1.488528e+01
8586.2500 1.774288e+01
8587.5000 3.757074e+01
8588.7500 -1.427416e+01
8590.0000 2.628081e+01
8591.2500 3.078949e+01
8592.5000 3.162478e+01
8593.7500 2.411665e+01
8595.0000 5.638673e+01
8596.2500 5.751809e+01
8597.5000 4.250085e+01
8598.7500 3.475040e+01
8600.0000 2.985958e+01
8601.2500 3.394500e+01
8602.5000 5.001363e+00
8603.7500 3.622237e+01
8605.0000 2.251497e+01
8606.2500 1.559527e+01
8607.5000 4.999350e+01
8608.7500 4.400524e+01
8610.0000 3.211117e+01
8611.2500 2.811582e+01
8612.5000 3.313986e+01
8613.7500 1.457575e+01
8615.0000 8.975563e+00
8616.2500 2.029801e+01
8617.5000 7.715858e+00
8618.7500 7.130652e+00
8620.0000 2.781464e+01
8621.2500 1.016178e+01
8622.5000 3.698923e+01
8623.7500 3.145182e+01
8625.0000 -8.603077e+00
8626.2500 -1.282794e+01
8627.5000 4.316562e+01
8628.7500 -1.327051e+01
8630.0000 1.073362e+01
8631.2500 -1.222359e+01
8632.5000 3.823602e+01
8633.7500 -2.141086e+01
8635.0000 6.088898e+01
8636.2500 -6.099597e+00
8637.5000 1.640580e+01
8638.7500 2.706305e+01
8640.0000 1.840681e+01
8641.2500 4.019571e+01
8642.5000 -1.591458e+00
8643.7500 1.995897e+01
8645.0000 4.007540e+01
8646.2500 5.535877e+01
8647.5000 2.075455e+01
8648.7500 7.397476e+00
8650.0000 9.926830e+00
8651.2500 9.366312e+00
8652.5000 4.498450e+01
8653.7500 1.822829e+01
8655.0000 1.584227e+01
8656.2500 9.080591e+00
8657.5000 -4.421447e+00
8658.7500 5.538947e+00
8660.0000 1.935887e+01
8661.2500 9.270509e+00
8662.5000 -1.485943e+01
8663.7500 -2.424579e+01
8665.0000 5.342387e+01
8666.2500 3.342051e+01
8667.5000 3.672461e+01
8668.7500 6.078861e+01
8670.0000 1.513842e+01
8671.2500 9.809052e+00
8672.5000 9.964645e+00
8673.7500 1.500557e+01
8675.0000 5.708270e+01
8676.2500 7.129945e+00
8677.5000 3.492233e+01
8678.7500 3.739318e+01
8680.0000 1.456984e+01
8681.2500 8.792351e+00
8682.5000 2.804693e+01
8683.7500 2.603056e+01
8685.0000 1.658293e+01
8686.2500 4.097256e+01
8687.5000 1.297106e+01
8688.7500 2.598881e+01
8690.0000 4.166518e+01
8691.2500 -2.741089e+00
8692.5000 3.239515e+01
8693.7500 2.710034e+01
8695.0000 9.429837e+00
8696.2500 7.740375e+00
8697.5000 3.312562e+01
8698.7500 1.829868e+00
8700.0000 -4.120152e+00
8701.2500 2.240633e+01
8702.5000 4.074272e+01
8703.7500 4.395711e+01
8705.0000 4.993155e+01
8706.2500 2.629544e+01
8707.5000 1.703201e+01
8708.7500 2.219875e+01
8710.0000 1.649545e+01
8711.2500 2.299279e+01
8712.5000 1.980848e+01
8713.7500 2.608643e+01
8715.0000 2.072762e+01
8716.2500 1.471416e+01
8717.5000 2.032026e+01
8718.7500 3.699474e+01
8720.0000 2.195133e+01
8721.2500 1.268391e+01
8722.5000 2.300168e+01
8723.7500 6.548270e+00
8725.0000 4.751848e-01
8726.2500 3.769326e+01
8727.5000 3.141979e+01
8728.7500 1.542516e+01
8730.0000 1.998276e+01
8731.2500 9.400486e+00
8732.5000 1.512078e+01
8733.7500 6.712799e+00
8735.0000 2.773339e+01
8736.2500 3.798693e+01
8737.5000 1.342756e+01
8738.7500 2.567296e+01
8740.0000 2.212426e+01
8741.2500 1.233412e+01
8742.5000 2.438309e+00
8743.7500 3.596262e+01
8745.0000 3.714484e+01
8746.2500 2.644365e+01
8747.5000 3.758417e+01
8748.7500 3.953393e+01
8750.0000 2.274743e+01
8751.2500 2.190836e+00
8752.5000 2.034128e+01
8753.7500 2.474540e+01
8755.0000 4.810960e+01
8756.2500 -3.645006e+00
8757.5000 -4.696703e-01
8758.7500 -6.404372e+01
8760.0000 -8.305887e+01
8761.2500 -9.348828e+01
8762.5000 8.406494e+01
8763.7500 -1.268031e+00
8765.0000 9.450801e+00
8766.2500 -1.033038e+01
8767.5000 1.573024e+01
8768.7500 1.707952e+01
8770.0000 5.002733e+00
8771.2500 -1.263687e+01
8772.5000 1.473805e+01
8773.7500 1.580495e+00
8775.0000 -1.688623e+01
8776.2500 -4.669861e+01
8777.5000 6.448401e+01
8778.7500 -8.197382e+01
8780.0000 -6.696081e+01
8781.2500 8.123794e+00
8782.5000 8.880688e+00
8783.7500 2.318643e+01
8785.0000 9.014616e+00
8786.2500 3.713056e+01
8787.5000 3.246965e+01
8788.7500 -2.199549e+01
8790.0000 -1.326137e+01
8791.2500 4.431069e+01
8792.5000 -7.020256e+00
8793.7500 2.038298e+01
8795.0000 3.560166e+00
8796.2500 2.068542e+01
8797.5000 -3.799428e-02
8798.7500 1.722742e+01
8800.0000 1.334932e+01
8801.2500 1.635046e+01
8802.5000 2.086584e+01
8803.7500 2.323413e+01
8805.0000 2.983578e+01
8806.2500 1.604480e+00
8807.5000 4.220934e+01
8808.7500 2.267315e+01
8810.0000 5.719959e+01
8811.2500 -7.902067e-01
8812.5000 8.392504e+00
8813.7500 7.819287e+00
8815.0000 -4.964822e+00
8816.2500 2.108714e+01
8817.5000 2.523663e+01
8818.7500 2.804977e+01
8820.0000 3.459238e+01
8821.2500 1.767519e+01
8822.5000 -5.068747e+00
8823.7500 -5.461504e+01
8825.0000 7.079649e+01
8826.2500 1.995080e+01
8827.5000 -3.830703e+00
8828.7500 7.877264e+00
8830.0000 -3.501669e+01
8831.2500 2.069298e+00
8832.5000 -7.898561e+00
8833.7500 8.432094e+00
8835.0000 1.942775e+01
8836.2500 -5.095082e+01
8837.5000 9.914023e+00
8838.7500 -2.105716e+01
8840.0000 -8.359178e+00
8841.2500 1.489879e+01
8842.5000 9.035951e+00
8843.7500 -7.719053e+00
8845.0000 2.273518e+00
8846.2500 4.042374e+00
8847.5000 4.362238e+01
8848.7500 -1.060289e+01
8850.0000 2.692113e+01
8851.2500 -6.480264e+00
8852.5000 1.056081e+01
8853.7500 3.284064e+01
8855.0000 4.473302e+01
8856.2500 1.430977e+01
8857.5000 -4.654493e-01
8858.7500 1.942578e+01
8860.0000 2.252218e+00
8861.2500 6.191603e+00
8862.5000 -2.881972e-01
8863.7500 3.094416e+01
8865.0000 1.594126e+01
8866.2500 1.487463e+01
8867.5000 -3.121229e+01
8868.7500 1.497226e+01
8870.0000 6.779488e+00
8871.2500 6.009201e-01
8872.5000 4.207973e+01
8873.7500 8.623270e+00
8875.0000 3.189063e+01
8876.2500 2.990189e+01
8877.5000 1.981192e+01
8878.7500 2.386273e+01
8880.0000 -5.482142e+00
8881.2500 -9.059027e+00
8882.5000 -1.392354e+01
8883.7500 -2.094765e+01
8885.0000 1.913128e+01
8886.2500 2.049106e+01
8887.5000 6.257574e+01
8888.7500 -9.827686e+00
8890.0000 -2.604880e+01
8891.2500 1.255616e+01
8892.5000 1.767156e+01
8893.7500 1.600837e+01
8895.0000 8.585627e+00
8896.2500 -4.353964e-02
8897.5000 1.070735e+01
8898.7500 -1.174098e+01
8900.0000 2.091071e+00
8901.2500 -1.979819e+01
8902.5000 -1.158217e+01
8903.7500 7.030547e+01
8905.0000 -3.636701e+00
8906.2500 1.546465e+01
8907.5000 4.180388e+01
8908.7500 2.376763e+01
8910.0000 4.032553e+00
8911.2500 4.515372e+00
8912.5000 3.533809e+01
8913.7500 9.464739e+00
8915.0000 -1.343163e+01
8916.2500 -2.393054e+01
8917.5000 -3.326335e+01
8918.7500 4.543363e+00
8920.0000 2.671359e+00
8921.2500 -5.024059e+01
8922.5000 -3.523203e+01
8923.7500 -1.215199e+00
8925.0000 -4.328985e+00
8926.2500 2.509006e+01
8927.5000 2.417850e+01
8928.7500 1.452691e+01
8930.0000 2.927026e+01
8931.2500 3.014394e+01
8932.5000 2.736922e+01
8933.7500 9.509775e+00
8935.0000 4.322406e+00
8936.2500 1.145761e+01
8937.5000 1.265625e+01
8938.7500 2.021345e+01
8940.0000 -1.937300e+01
8941.2500 -1.762251e+00
8942.5000 4.693353e+01
8943.7500 7.306268e+01
8945.0000 5.446557e+01
8946.2500 1.030981e+01
8947.5000 -1.041715e+00
8948.7500 2.059478e+01
8950.0000 1.293763e+01
8951.2500 2.741490e+01
8952.5000 2.397225e+01
8953.7500 -8.430562e+00
8955.0000 -5.528074e+01
8956.2500 7.566080e+01
8957.5000 -1.119399e+01
8958.7500 4.273388e+01
8960.0000 -9.935805e+00
8961.2500 1.611012e+01
8962.5000 -1.429490e+01
8963.7500 1.344784e+01
8965.0000 3.943756e+01
8966.2500 7.345647e+00
8967.5000 2.610939e+01
8968.7500 5.254653e+01
8970.0000 4.075109e+01
8971.2500 2.699161e+01
8972.5000 1.926221e+01
8973.7500 4.285145e+01
8975.0000 1.618191e+01
8976.2500 2.115687e+01
8977.5000 2.097968e+01
8978.7500 1.473454e+01
8980.0000 2.964939e+01
8981.2500 1.054936e+01
8982.5000 2.645521e+01
8983.7500 2.335160e+01
8985.0000 7.209787e+00
8986.2500 2.622935e+01
8987.5000 5.700854e+00
8988.7500 4.295963e+01
8990.0000 2.858330e+01
8991.2500 3.363985e+01
8992.5000 3.664582e+01
8993.7500 3.160199e+01
8995.0000 2.825698e+01
8996.2500 9.378834e+00
8997.5000 -4.054177e+00
8998.7500 -1.192567e+01
9000.0000 3.418929e+01
9001.2500 3.744185e+01
9002.5000 9.001517e+01
9003.7500 1.639006e+01
9005.0000 5.951560e+00
9006.2500 3.395569e+01
9007.5000 3.285437e+01
9008.7500 1.141119e+01
9010.0000 4.415611e+00
9011.2500 2.632253e+01
9012.5000 1.507820e+01
9013.7500 2.530087e+01
9015.0000 8.117167e+00
9016.2500 2.435531e+01
9017.5000 3.220116e+01
9018.7500 3.155303e+01
9020.0000 4.511380e+01
9021.2500 3.121309e+01
9022.5000 1.632181e+01
9023.7500 3.367275e+01
9025.0000 2.417465e+01
9026.2500 1.407591e+01
9027.5000 3.976551e+01
9028.7500 1.280069e+01
9030.0000 3.344337e+01
9031.2500 2.532570e+01
9032.5000 1.817398e+01
9033.7500 7.075735e+00
9035.0000 3.697775e+01
9036.2500 3.395779e+01
9037.5000 7.726545e+01
9038.7500 4.000618e+01
9040.0000 9.471839e+00
9041.2500 7.247961e-01
9042.5000 4.082769e+00
9043.7500 2.983383e+00
9045.0000 1.186085e+01
9046.2500 -5.267696e+00
9047.5000 6.712487e+01
9048.7500 4.526946e+01
9050.0000 4.703643e+01
9051.2500 -1.392651e+01
9052.5000 -8.756664e+00
9053.7500 4.546405e+01
9055.0000 3.186631e+01
9056.2500 2.680621e+01
9057.5000 1.294880e+01
9058.7500 2.676473e+00
9060.0000 9.470941e+00
9061.2500 2.518610e+01
9062.5000 1.656821e+01
9063.7500 1.325966e+01
9065.0000 1.547875e+01
9066.2500 3.438254e+01
9067.5000 3.602425e+01
9068.7500 1.575729e+01
9070.0000 2.000732e+01
9071.2500 2.461020e+01
9072.5000 8.310308e+00
9073.7500 1.822530e+01
9075.0000 2.018722e+01
9076.2500 4.832001e+00
9077.5000 1.178625e+01
9078.7500 3.168427e+01
9080.0000 3.177820e+01
9081.2500 1.212541e+01
9082.5000 1.176782e+01
9083.7500 5.601131e+01
9085.0000 3.563605e+01
9086.2500 3.136555e+01
9087.5000 1.137095e+01
9088.7500 2.738146e+01
9090.0000 3.491198e+01
9091.2500 -2.922804e+01
9092.5000 1.258800e+01
9093.7500 2.196242e+01
9095.0000 7.198152e+00
9096.2500 1.330426e+01
9097.5000 3.586171e+01
9098.7500 1.441337e+01
9100.0000 7.049607e+01
9101.2500 3.141737e+01
9102.5000 -1.570823e+01
9103.7500 2.637733e+01
9105.0000 3.929750e+01
9106.2500 4.434577e+01
9107.5000 -2.294093e+00
9108.7500 6.494143e+00
9110.0000 3.471076e+01
9111.2500 4.437727e+01
9112.5000 2.491185e+01
9113.7500 2.311798e+01
9115.0000 4.443997e+01
9116.2500 1.276621e+01
9117.5000 3.290226e+01
9118.7500 2.401762e+01
9120.0000 2.852884e+01
9121.2500 2.915513e+01
9122.5000 2.151683e+01
9123.7500 1.999978e+01
9125.0000 -1.156744e+00
9126.2500 1.011862e+01
9127.5000 4.164434e+01
9128.7500 3.649154e+01
9130.0000 4.153857e+01
9131.2500 7.151259e+00
9132.5000 1.729161e+01
9133.7500 3.969453e+01
9135.0000 3.181784e+01
9136.2500 2.774281e+01
9137.5000 1.433211e+01
9138.7500 3.006890e+01
9140.0000 4.628457e+01
9141.2500 2.292629e+01
9142.5000 2.591030e+01
9143.7500 4.389277e+01
9145.0000 1.395966e+01
9146.2500 4.351391e+01
9147.5000 7.665308e+00
9148.7500 2.848678e+01
9150.0000 1.670737e+01
9151.2500 9.189141e+00
9152.5000 1.541966e+01
9153.7500 3.419975e+01
9155.0000 3.314622e+01
9156.2500 2.861367e+01
9157.5000 1.971757e+01
9158.7500 4.237413e+00
9160.0000 1.678626e+01
9161.2500 2.782906e+01
9162.5000 2.521718e+01
9163.7500 2.285658e+01
9165.0000 3.491196e+01
9166.2500 3.141529e+01
9167.5000 3.434292e+01
9168.7500 2.815496e+01
9170.0000 4.824704e+01
9171.2500 3.803210e+01
9172.5000 2.200728e+01
9173.7500 3.332000e+01
9175.0000 1.580267e+01
9176.2500 3.940700e+01
9177.5000 2.685471e+01
9178.7500 3.730333e+01
9180.0000 2.026302e+01
9181.2500 2.558445e+01
9182.5000 1.844521e+01
9183.7500 2.744912e+01
9185.0000 3.432764e+01
9186.2500 2.539862e+01
9187.5000 4.457166e+01
9188.7500 3.134669e+00
9190.0000 3.120589e+01
9191.2500 1.413128e+01
9192.5000 2.285519e+01
9193.7500 3.587814e+01
9195.0000 2.260672e+01
9196.2500 2.730864e+00
9197.5000 2.108327e+01
9198.7500 4.026788e+01
9200.0000 3.562427e+01
9201.2500 3.098067e+01
9202.5000 1.868519e+01
9203.7500 5.398002e+01
9205.0000 1.601881e+01
9206.2500 2.685316e+01
9207.5000 1.537860e+01
9208.7500 3.778382e+01
9210.0000 5.758448e+01
9211.2500 -1.496814e+00
9212.5000 2.676902e+01
9213.7500 2.034256e+01
9215.0000 6.199810e+01
9216.2500 3.879091e+01
9217.5000 2.462465e+00
9218.7500 2.705216e+01
9220.0000 3.736016e+01
9221.2500 4.054393e+01
9222.5000 5.803313e+00
9223.7500 9.238020e+01
9225.0000 3.250869e+01
9226.2500 7.187234e+00
9227.5000 3.686008e+01
9228.7500 2.837328e+01
9230.0000 1.919903e+01
9231.2500 2.186669e+01
9232.5000 3.224537e+01
9233.7500 4.145261e+01
9235.0000 4.770035e+01
9236.2500 3.965413e+01
9237.5000 3.498593e+01
9238.7500 4.951167e+01
9240.0000 1.294263e+01
9241.2500 1.485825e+01
9242.5000 2.714517e+01
9243.7500 4.120350e+01
9245.0000 3.198548e+01
9246.2500 2.983217e+01
9247.5000 3.533090e+01
9248.7500 2.096374e+01
9250.0000 2.105362e+01
9251.2500 5.036152e+01
9252.5000 1.342229e+01
9253.7500 3.607517e+01
9255.0000 2.235520e+01
9256.2500 2.331559e+01
9257.5000 3.065728e+01
9258.7500 2.892306e+01
9260.0000 -2.756572e+00
9261.2500 9.615346e+00
9262.5000 6.488835e+00
9263.7500 -4.620905e-01
9265.0000 5.764364e+01
9266.2500 1.525826e+01
9267.5000 3.885392e+00
9268.7500 3.093661e+01
9270.0000 2.204189e+01
9271.2500 1.641225e+01
9272.5000 2.393227e+01
9273.7500 3.415865e+01
9275.0000 2.001518e+01
9276.2500 1.000447e+01
9277.5000 3.026022e+01
9278.7500 2.690034e+01
9280.0000 1.946431e+01
9281.2500 4.072748e+01
9282.5000 8.909658e+00
9283.7500 2.796210e+01
9285.0000 3.955033e+01
9286.2500 3.564151e+01
9287.5000 4.010831e+01
9288.7500 2.478410e+01
9290.0000 3.243356e+01
9291.2500 3.374882e+01
9292.5000 3.455680e+01
9293.7500 1.981686e+01
9295.0000 5.792527e+00
9296.2500 3.004469e+00
9297.5000 1.971125e+01
9298.7500 1.938944e+01
9300.0000 -2.121626e+00
9301.2500 -1.868529e+01
9302.5000 -2.685350e+01
9303.7500 -1.177615e+02
9305.0000 -1.194509e+02
9306.2500 -8.065825e+01
9307.5000 -2.097038e+01
9308.7500 -2.190827e+02
9310.0000 -2.118429e+02
9311.2500 -4.336187e+02
9312.5000 1.640711e+02
9313.7500 1.525547e+02
9315.0000 -3.937296e+02
9316.2500 -7.432175e+01
9317.5000 -7.607176e+01
9318.7500 -9.117412e+01
9320.0000 -5.237852e+01
9321.2500 -6.971690e+01
9322.5000 -3.490370e+02
9323.7500 -1.904462e+02
9325.0000 -2.177125e+02
9326.2500 -1.460451e+02
9327.5000 -2.595063e+01
9328.7500 3.111559e+01
9330.0000 -4.037459e+01
9331.2500 3.105741e+01
9332.5000 -8.148563e+00
9333.7500 -2.763954e+01
9335.0000 -5.289596e+01
9336.2500 1.728297e+01
9337.5000 9.303425e+01
9338.7500 -8.032994e+01
9340.0000 -8.591421e+01
9341.2500 4.025071e+01
9342.5000 2.976428e+01
9343.7500 6.605023e+01
9345.0000 6.934774e+00
9346.2500 7.114872e+01
9347.5000 1.365456e+01
9348.7500 4.090158e+01
9350.0000 8.068495e+01
