# original catalogue: arc_list.txt
# original data-cube: ../muse_ne/MACSJ0416_NE_DATACUBE_FINAL_caminha_zap.fits
# source ID: 10
# number of extracted pixels: 25
# extracted position: 64.038076 -24.069532
# wavelenth[Angstrom], flux[10**(-20)*erg/s/cm**2/Angstrom]
4750.0000 -1.760867e+00
4751.2500 3.489402e+01
4752.5000 1.717875e+01
4753.7500 -4.514827e+01
4755.0000 -1.353280e+01
4756.2500 1.035752e+01
4757.5000 2.335236e+01
4758.7500 -1.413219e+01
4760.0000 -6.467500e-01
4761.2500 7.971739e+00
4762.5000 5.566053e+01
4763.7500 1.304777e+01
4765.0000 4.103341e+01
4766.2500 1.767810e+01
4767.5000 -4.942889e+01
4768.7500 -9.631151e+00
4770.0000 5.164688e+01
4771.2500 4.869833e+00
4772.5000 -4.156740e+01
4773.7500 -7.164608e+00
4775.0000 3.170034e+01
4776.2500 7.021617e+00
4777.5000 -7.459746e+00
4778.7500 -3.819149e+00
4780.0000 3.055846e+00
4781.2500 -3.982500e+01
4782.5000 -3.123960e+01
4783.7500 -6.548355e+00
4785.0000 -4.608231e+00
4786.2500 9.776535e+00
4787.5000 -1.430928e+01
4788.7500 -3.817553e+01
4790.0000 -8.620143e+00
4791.2500 5.515842e-01
4792.5000 2.827000e+00
4793.7500 -2.383724e+01
4795.0000 1.285760e+01
4796.2500 1.813104e+01
4797.5000 -4.771150e+00
4798.7500 7.606684e+00
4800.0000 -5.357833e+00
4801.2500 8.554958e+00
4802.5000 6.057225e+00
4803.7500 -6.000545e+00
4805.0000 1.509940e+01
4806.2500 1.932862e+01
4807.5000 1.012845e+01
4808.7500 1.083975e+01
4810.0000 8.030990e+00
4811.2500 2.567978e+01
4812.5000 -9.035530e+00
4813.7500 -1.655509e+01
4815.0000 5.691776e-01
4816.2500 4.722175e+00
4817.5000 3.069451e+01
4818.7500 3.447012e+01
4820.0000 2.155010e+01
4821.2500 4.336388e+01
4822.5000 -2.098943e+01
4823.7500 -1.232622e+01
4825.0000 2.816111e+01
4826.2500 -9.460199e-01
4827.5000 1.702351e+01
4828.7500 -1.370282e+01
4830.0000 7.481755e+00
4831.2500 2.909374e+01
4832.5000 5.063881e+01
4833.7500 -5.060126e+00
4835.0000 -1.700639e+01
4836.2500 -1.331588e+01
4837.5000 -1.580848e+01
4838.7500 4.964167e+00
4840.0000 -7.210967e+00
4841.2500 -1.078669e+01
4842.5000 1.691145e+00
4843.7500 -1.735937e+01
4845.0000 5.941414e+00
4846.2500 -3.365374e+00
4847.5000 1.500842e+01
4848.7500 2.681559e+00
4850.0000 -8.676419e+00
4851.2500 1.378051e+01
4852.5000 -1.020481e+01
4853.7500 3.132489e+00
4855.0000 -8.326399e-01
4856.2500 -1.808253e+00
4857.5000 -3.502869e+00
4858.7500 -2.304315e+00
4860.0000 -2.417034e+01
4861.2500 2.456769e+00
4862.5000 1.269100e+01
4863.7500 -4.147255e+00
4865.0000 3.504620e+00
4866.2500 -8.606833e+00
4867.5000 -1.430012e+01
4868.7500 -1.386374e+01
4870.0000 -4.665180e+01
4871.2500 2.609710e+01
4872.5000 -3.824014e+00
4873.7500 -1.376826e+01
4875.0000 -3.438862e+00
4876.2500 1.868595e+01
4877.5000 2.624966e+01
4878.7500 3.535275e+01
4880.0000 -8.242137e+00
4881.2500 -3.461343e+01
4882.5000 1.586791e+01
4883.7500 7.830687e+00
4885.0000 -8.405921e+00
4886.2500 3.631666e+00
4887.5000 6.891444e-01
4888.7500 1.027219e+01
4890.0000 -2.915032e+01
4891.2500 4.022574e+00
4892.5000 -3.439112e-01
4893.7500 -3.765269e+01
4895.0000 -3.082558e+01
4896.2500 -8.373442e+00
4897.5000 -8.020411e+00
4898.7500 1.461609e+01
4900.0000 -1.652286e+01
4901.2500 -7.026455e+00
4902.5000 -1.604350e+01
4903.7500 -7.003623e+00
4905.0000 -1.547818e+01
4906.2500 3.689745e+00
4907.5000 6.261388e+00
4908.7500 1.529929e+01
4910.0000 1.287105e+01
4911.2500 8.638424e-01
4912.5000 3.569929e+00
4913.7500 3.121149e+00
4915.0000 -4.820886e+00
4916.2500 2.368024e+01
4917.5000 -9.810802e+00
4918.7500 2.369483e+01
4920.0000 7.798412e+00
4921.2500 -3.767980e+00
4922.5000 3.973393e-01
4923.7500 7.116945e+00
4925.0000 7.070614e+00
4926.2500 -9.338536e+00
4927.5000 3.366822e+00
4928.7500 9.076519e-01
4930.0000 -7.907788e+00
4931.2500 3.044958e+00
4932.5000 1.417034e+01
4933.7500 2.015225e+00
4935.0000 -1.213349e+01
4936.2500 2.077768e+01
4937.5000 3.560111e+01
4938.7500 -3.049673e+01
4940.0000 1.596613e+01
4941.2500 -1.573931e+00
4942.5000 -3.250611e+00
4943.7500 2.505304e+00
4945.0000 -3.171533e+01
4946.2500 1.103042e+01
4947.5000 8.173910e+00
4948.7500 1.940996e+00
4950.0000 9.466383e+00
4951.2500 -1.151927e+01
4952.5000 5.691934e+00
4953.7500 1.434224e+00
4955.0000 -6.588268e-02
4956.2500 -2.463971e+01
4957.5000 3.014126e+00
4958.7500 -1.110067e+01
4960.0000 -3.206829e+00
4961.2500 1.756099e+01
4962.5000 6.229513e-01
4963.7500 9.949336e+00
4965.0000 1.630510e+01
4966.2500 2.647951e+01
4967.5000 8.721588e+00
4968.7500 -1.094606e+01
4970.0000 -5.215432e+00
4971.2500 4.746697e+00
4972.5000 -1.796862e+01
4973.7500 -2.090250e+01
4975.0000 -6.729188e+00
4976.2500 -4.862813e+00
4977.5000 3.321837e+01
4978.7500 2.545426e+01
4980.0000 1.375071e+01
4981.2500 -1.324742e+01
4982.5000 4.640231e+00
4983.7500 -8.092356e+00
4985.0000 2.059598e+01
4986.2500 3.675027e-01
4987.5000 -2.264075e+01
4988.7500 -1.598276e+01
4990.0000 2.461021e+01
4991.2500 2.041801e+01
4992.5000 -1.111207e-01
4993.7500 1.577632e+01
4995.0000 -2.797393e+01
4996.2500 1.805678e+01
4997.5000 -1.472504e+01
4998.7500 -6.977884e+00
5000.0000 -2.285033e+01
5001.2500 -9.114973e+00
5002.5000 2.549401e+01
5003.7500 8.900194e+00
5005.0000 -6.084783e-01
5006.2500 -7.098727e+00
5007.5000 2.371803e+01
5008.7500 -7.304587e+00
5010.0000 -9.087482e+00
5011.2500 -7.939515e+00
5012.5000 -1.152263e+01
5013.7500 3.336881e+00
5015.0000 -1.403199e+01
5016.2500 5.282567e-01
5017.5000 -2.082553e+01
5018.7500 4.452453e+00
5020.0000 2.860230e+01
5021.2500 4.103086e-01
5022.5000 3.975270e+01
5023.7500 7.025608e+00
5025.0000 1.511171e+01
5026.2500 -2.758889e+01
5027.5000 1.657157e+01
5028.7500 -4.283900e-01
5030.0000 2.753781e+00
5031.2500 -2.366680e+01
5032.5000 1.593941e+01
5033.7500 2.457095e+01
5035.0000 1.740767e+01
5036.2500 1.500314e+01
5037.5000 1.204463e+01
5038.7500 -6.465785e+00
5040.0000 -1.783809e+01
5041.2500 -1.384451e+01
5042.5000 3.686612e+01
5043.7500 -2.578551e+00
5045.0000 -9.219073e+00
5046.2500 1.208563e+01
5047.5000 2.111308e+01
5048.7500 1.047970e+01
5050.0000 2.246143e+01
5051.2500 4.346679e+00
5052.5000 2.592896e+01
5053.7500 2.343660e+01
5055.0000 8.971260e+00
5056.2500 -8.589260e+00
5057.5000 -2.509904e+00
5058.7500 1.785997e+01
5060.0000 2.351843e+01
5061.2500 6.352728e+00
5062.5000 1.899835e+01
5063.7500 -4.394046e+00
5065.0000 -2.420921e+00
5066.2500 2.179565e+01
5067.5000 1.668313e+00
5068.7500 -1.035756e+01
5070.0000 -2.793607e+01
5071.2500 1.681030e+01
5072.5000 2.032569e+01
5073.7500 1.261322e-02
5075.0000 -3.024872e+01
5076.2500 -1.909616e+00
5077.5000 4.309544e+00
5078.7500 5.590504e+00
5080.0000 1.926137e+01
5081.2500 -9.984444e+00
5082.5000 -1.640350e+01
5083.7500 1.378017e+01
5085.0000 1.554295e+01
5086.2500 7.792925e+00
5087.5000 -7.191744e+00
5088.7500 6.020708e+00
5090.0000 2.277711e+00
5091.2500 2.084569e+01
5092.5000 1.062797e+01
5093.7500 -5.381038e+00
5095.0000 1.573187e+01
5096.2500 6.700340e+00
5097.5000 -1.784605e+00
5098.7500 -9.947703e-01
5100.0000 1.566676e+01
5101.2500 1.623162e+00
5102.5000 -1.978610e+01
5103.7500 9.290038e+00
5105.0000 -5.424825e+00
5106.2500 4.349039e+00
5107.5000 1.708590e+01
5108.7500 3.257973e+01
5110.0000 1.292091e+01
5111.2500 1.855278e+01
5112.5000 1.864844e+01
5113.7500 6.238751e+00
5115.0000 8.142154e+00
5116.2500 1.488154e+01
5117.5000 -8.692339e+00
5118.7500 2.189543e-01
5120.0000 -6.092225e+00
5121.2500 -2.109732e+01
5122.5000 1.387002e+01
5123.7500 9.148497e+00
5125.0000 -1.731179e+01
5126.2500 -1.381270e+00
5127.5000 7.969835e+00
5128.7500 1.809871e+01
5130.0000 2.179942e+01
5131.2500 1.415856e+01
5132.5000 3.018312e+01
5133.7500 2.042224e+00
5135.0000 -5.978807e+00
5136.2500 1.258642e+01
5137.5000 6.513521e+00
5138.7500 1.468738e+01
5140.0000 3.451066e+01
5141.2500 8.313093e-01
5142.5000 1.248833e+01
5143.7500 1.367956e+01
5145.0000 -2.737006e+01
5146.2500 -2.900561e+01
5147.5000 1.026775e+01
5148.7500 1.823304e+01
5150.0000 1.037878e+00
5151.2500 2.913982e+01
5152.5000 1.029792e+01
5153.7500 2.011116e+01
5155.0000 1.349683e+01
5156.2500 4.776492e+00
5157.5000 1.801100e+01
5158.7500 7.292275e+00
5160.0000 2.091022e+01
5161.2500 -5.938504e+00
5162.5000 9.908722e+00
5163.7500 1.186428e+01
5165.0000 1.352707e+01
5166.2500 -3.578798e+00
5167.5000 7.429545e-01
5168.7500 4.346101e+00
5170.0000 1.139488e+01
5171.2500 -5.167544e-01
5172.5000 -7.557543e+00
5173.7500 1.181968e+01
5175.0000 1.385231e+01
5176.2500 -1.009424e+01
5177.5000 2.529749e+01
5178.7500 1.837061e+01
5180.0000 -2.150158e+01
5181.2500 3.605927e+00
5182.5000 1.932122e+01
5183.7500 4.441576e+00
5185.0000 3.834821e-01
5186.2500 -4.859824e+00
5187.5000 -2.061463e+01
5188.7500 9.699333e+00
5190.0000 -3.879067e+00
5191.2500 5.138693e-01
5192.5000 6.631727e+00
5193.7500 9.753456e+00
5195.0000 -2.458660e+01
5196.2500 1.323946e+00
5197.5000 2.920565e+01
5198.7500 1.693564e+01
5200.0000 1.985083e+01
5201.2500 -2.732849e+01
5202.5000 -2.113944e+01
5203.7500 3.219824e+01
5205.0000 2.029087e+00
5206.2500 5.038831e+00
5207.5000 1.146066e+01
5208.7500 7.119200e+00
5210.0000 4.560322e+00
5211.2500 1.390902e+01
5212.5000 6.149008e+00
5213.7500 -5.416025e+00
5215.0000 -3.001041e+00
5216.2500 -2.213378e+01
5217.5000 1.975703e+01
5218.7500 4.701981e+00
5220.0000 2.889614e+00
5221.2500 -2.958965e-02
5222.5000 -2.517705e+01
5223.7500 -4.673665e+00
5225.0000 -4.091131e+00
5226.2500 1.043826e+01
5227.5000 4.929031e+00
5228.7500 6.421402e+00
5230.0000 2.409649e+01
5231.2500 -2.435184e+01
5232.5000 3.085366e+01
5233.7500 1.273070e+01
5235.0000 3.381506e+00
5236.2500 9.555769e+00
5237.5000 3.958201e+01
5238.7500 5.364781e+00
5240.0000 -7.858886e+00
5241.2500 -2.500991e+01
5242.5000 -3.405161e+00
5243.7500 -9.533890e+00
5245.0000 -1.256644e+01
5246.2500 8.823604e+00
5247.5000 -4.579504e+00
5248.7500 8.550945e+00
5250.0000 1.678537e+01
5251.2500 1.829156e+01
5252.5000 -5.845706e+00
5253.7500 2.349776e+01
5255.0000 2.330255e+01
5256.2500 2.462542e+01
5257.5000 3.401498e+01
5258.7500 -1.000269e+01
5260.0000 3.574948e+01
5261.2500 3.179535e+01
5262.5000 1.353730e+01
5263.7500 -2.610853e+00
5265.0000 -2.811051e+00
5266.2500 1.912678e+01
5267.5000 2.207453e+01
5268.7500 1.213031e+01
5270.0000 -1.787694e+00
5271.2500 -5.991548e-01
5272.5000 -1.138076e+01
5273.7500 -8.991928e+00
5275.0000 -1.166529e+01
5276.2500 1.581562e+00
5277.5000 -3.471328e+00
5278.7500 -1.339720e+01
5280.0000 7.656095e+00
5281.2500 -2.401581e+00
5282.5000 1.475121e+01
5283.7500 1.248608e+01
5285.0000 2.147437e+01
5286.2500 -9.669637e+00
5287.5000 1.755814e+00
5288.7500 1.606124e+01
5290.0000 1.153820e+01
5291.2500 3.071152e+01
5292.5000 6.242148e+01
5293.7500 4.880891e+00
5295.0000 1.167787e+01
5296.2500 -9.684660e+00
5297.5000 -1.514147e+01
5298.7500 -2.212370e+01
5300.0000 2.215511e+01
5301.2500 -5.639591e-01
5302.5000 4.781395e+00
5303.7500 1.563008e+01
5305.0000 1.644814e+00
5306.2500 1.141774e+00
5307.5000 7.231133e+00
5308.7500 2.081102e+01
5310.0000 -2.968240e+00
5311.2500 2.110614e+00
5312.5000 7.050929e+00
5313.7500 -2.347292e+00
5315.0000 1.468271e+01
5316.2500 7.255873e+00
5317.5000 -7.893643e+00
5318.7500 -3.777347e-01
5320.0000 -9.714083e-01
5321.2500 1.613890e+01
5322.5000 -1.344347e+01
5323.7500 -2.816375e+01
5325.0000 1.586184e+01
5326.2500 7.014717e-01
5327.5000 -5.565320e+00
5328.7500 -3.055880e+01
5330.0000 1.385364e+01
5331.2500 -2.326299e+00
5332.5000 2.698011e+01
5333.7500 4.921428e+00
5335.0000 2.332926e+00
5336.2500 -1.667308e+01
5337.5000 6.734385e+00
5338.7500 2.395151e+01
5340.0000 1.316453e+01
5341.2500 1.217328e+01
5342.5000 2.149609e+00
5343.7500 -6.732058e+00
5345.0000 -1.416173e+01
5346.2500 6.811753e+00
5347.5000 2.631371e+00
5348.7500 6.308845e+00
5350.0000 3.234040e+00
5351.2500 4.891124e+00
5352.5000 2.552491e+01
5353.7500 1.444611e+01
5355.0000 1.810285e+01
5356.2500 1.658862e+01
5357.5000 1.316511e+01
5358.7500 5.473008e+00
5360.0000 8.677497e+00
5361.2500 1.010345e+01
5362.5000 1.358007e+01
5363.7500 1.428166e+01
5365.0000 1.519643e+01
5366.2500 9.277201e+00
5367.5000 2.693554e+01
5368.7500 1.634334e+00
5370.0000 2.807074e+01
5371.2500 6.120151e+00
5372.5000 -1.289566e+01
5373.7500 6.085247e+00
5375.0000 2.313972e+01
5376.2500 -2.822455e+01
5377.5000 -5.995191e+00
5378.7500 1.783798e+01
5380.0000 1.800684e+01
5381.2500 1.140409e+01
5382.5000 1.069876e+01
5383.7500 -1.086968e+00
5385.0000 1.719511e+01
5386.2500 1.769757e+00
5387.5000 2.404845e+00
5388.7500 2.361439e+01
5390.0000 1.091749e+01
5391.2500 3.874965e-01
5392.5000 1.710091e+01
5393.7500 4.986346e+01
5395.0000 2.284691e+01
5396.2500 9.587778e+00
5397.5000 3.033499e+01
5398.7500 8.918489e+00
5400.0000 -3.494346e-02
5401.2500 2.536420e+00
5402.5000 1.103030e+01
5403.7500 1.617523e+00
5405.0000 8.331546e+00
5406.2500 3.362631e+00
5407.5000 2.230623e+01
5408.7500 1.449799e+01
5410.0000 1.599579e+01
5411.2500 -4.868020e+00
5412.5000 1.834337e+01
5413.7500 1.765480e+01
5415.0000 3.294111e+00
5416.2500 3.356804e+01
5417.5000 1.192634e+01
5418.7500 1.004296e+01
5420.0000 -2.466782e+01
5421.2500 2.830893e+00
5422.5000 4.990969e+00
5423.7500 2.362810e+01
5425.0000 5.993126e+00
5426.2500 1.316404e-01
5427.5000 -6.449101e+00
5428.7500 -2.284343e+01
5430.0000 1.722077e+01
5431.2500 -1.149962e+01
5432.5000 2.127762e+01
5433.7500 1.203583e+01
5435.0000 5.465816e+00
5436.2500 1.205240e+01
5437.5000 2.362224e+01
5438.7500 1.605520e+01
5440.0000 1.854789e+00
5441.2500 -5.487323e+00
5442.5000 -2.739625e+00
5443.7500 2.380001e+01
5445.0000 1.459141e+01
5446.2500 1.333122e+01
5447.5000 1.894180e+01
5448.7500 1.259323e+01
5450.0000 8.856281e+00
5451.2500 1.864711e+01
5452.5000 2.399478e+01
5453.7500 1.789445e+01
5455.0000 2.282967e+00
5456.2500 1.412895e+01
5457.5000 2.895538e+01
5458.7500 -2.077252e+00
5460.0000 -8.649567e+00
5461.2500 -5.157644e+00
5462.5000 -5.953308e-01
5463.7500 1.847535e+00
5465.0000 6.474455e+00
5466.2500 6.159550e+00
5467.5000 -1.349815e+00
5468.7500 1.206556e+00
5470.0000 2.857683e-01
5471.2500 6.801676e+00
5472.5000 1.898312e+01
5473.7500 -7.628135e+00
5475.0000 1.608617e+01
5476.2500 3.054626e+01
5477.5000 1.354948e+01
5478.7500 2.424996e+01
5480.0000 2.242508e+01
5481.2500 1.113518e+01
5482.5000 2.922316e+01
5483.7500 -8.102213e+00
5485.0000 -1.178366e-01
5486.2500 1.440007e+01
5487.5000 1.998906e+01
5488.7500 2.046649e+01
5490.0000 1.060811e+01
5491.2500 1.588989e+01
5492.5000 -4.197189e+00
5493.7500 5.334005e+00
5495.0000 1.035334e+01
5496.2500 1.955598e+01
5497.5000 1.940975e+00
5498.7500 1.828182e+01
5500.0000 7.632627e+00
5501.2500 2.325566e+01
5502.5000 -1.126947e+00
5503.7500 -1.445902e+01
5505.0000 2.977892e+01
5506.2500 2.931891e+01
5507.5000 2.087632e+01
5508.7500 1.269753e+00
5510.0000 2.312594e+01
5511.2500 5.055774e+00
5512.5000 2.394112e+01
5513.7500 -1.352545e+01
5515.0000 1.464457e+01
5516.2500 2.674421e+01
5517.5000 -8.066386e+00
5518.7500 1.019528e+01
5520.0000 2.794414e+01
5521.2500 2.332733e+01
5522.5000 -2.818671e+00
5523.7500 1.574848e+01
5525.0000 1.667901e+01
5526.2500 -1.055665e+01
5527.5000 5.400666e+00
5528.7500 2.479249e+01
5530.0000 2.322285e+01
5531.2500 1.859063e+01
5532.5000 2.533529e+01
5533.7500 1.034013e+01
5535.0000 -4.546441e+00
5536.2500 2.191060e+01
5537.5000 1.913149e+01
5538.7500 3.998603e+01
5540.0000 1.384662e+01
5541.2500 -1.311263e+01
5542.5000 4.365194e-02
5543.7500 1.022743e+01
5545.0000 -1.803658e+01
5546.2500 1.899539e+01
5547.5000 -8.621419e+00
5548.7500 1.495864e+01
5550.0000 -1.023850e+01
5551.2500 2.533594e+01
5552.5000 8.250156e+00
5553.7500 1.467928e+01
5555.0000 2.267686e+01
5556.2500 -7.758691e+00
5557.5000 -1.820219e-01
5558.7500 -6.827097e+00
5560.0000 5.507267e+00
5561.2500 1.741978e+01
5562.5000 -3.469543e-01
5563.7500 2.317649e+01
5565.0000 2.883225e+00
5566.2500 1.386885e+01
5567.5000 1.677765e+01
5568.7500 -1.596610e+01
5570.0000 1.466890e+01
5571.2500 9.344220e+00
5572.5000 -5.476820e+00
5573.7500 8.812389e+00
5575.0000 6.957088e+00
5576.2500 7.329540e+00
5577.5000 8.486643e+00
5578.7500 8.079294e+00
5580.0000 1.051123e+01
5581.2500 6.180522e+00
5582.5000 1.266063e+01
5583.7500 3.260604e+01
5585.0000 2.642171e+01
5586.2500 7.826115e+00
5587.5000 4.557895e+00
5588.7500 9.198603e+00
5590.0000 8.884403e+00
5591.2500 -1.343235e+00
5592.5000 1.256519e+01
5593.7500 1.313693e+01
5595.0000 2.371169e+01
5596.2500 7.190585e+00
5597.5000 3.555704e+01
5598.7500 2.979044e+01
5600.0000 3.363813e+00
5601.2500 8.195792e+00
5602.5000 -7.080909e+00
5603.7500 3.197961e+00
5605.0000 -3.882910e+00
5606.2500 5.016641e+01
5607.5000 3.353453e+01
5608.7500 8.545028e+00
5610.0000 1.483810e+01
5611.2500 4.708965e+00
5612.5000 7.414511e+00
5613.7500 -3.172989e-01
5615.0000 -1.041257e+01
5616.2500 2.643314e+01
5617.5000 -3.018588e+00
5618.7500 -1.405661e+01
5620.0000 2.357271e+01
5621.2500 3.788464e+01
5622.5000 -1.240140e+01
5623.7500 7.568568e+00
5625.0000 1.516271e+00
5626.2500 1.544629e+01
5627.5000 2.007959e+01
5628.7500 2.516188e+01
5630.0000 1.858084e+00
5631.2500 1.078435e+01
5632.5000 5.880454e+00
5633.7500 1.765079e+01
5635.0000 7.319344e+00
5636.2500 1.659286e+01
5637.5000 8.994385e+00
5638.7500 7.849831e+00
5640.0000 8.783879e+00
5641.2500 9.227935e+00
5642.5000 1.654527e+01
5643.7500 4.093282e+00
5645.0000 1.405646e+01
5646.2500 2.287597e+01
5647.5000 1.317812e+01
5648.7500 2.301904e+00
5650.0000 2.246060e-01
5651.2500 2.717498e+01
5652.5000 1.927596e+01
5653.7500 1.964309e+00
5655.0000 8.693167e+00
5656.2500 5.543051e+00
5657.5000 1.740516e+01
5658.7500 1.035942e+01
5660.0000 5.885470e+00
5661.2500 -1.161785e+01
5662.5000 1.807534e+01
5663.7500 9.693249e+00
5665.0000 -1.773278e+00
5666.2500 2.097216e+01
5667.5000 2.612968e+01
5668.7500 1.424394e+01
5670.0000 1.600770e+01
5671.2500 8.001656e+00
5672.5000 -5.682832e+00
5673.7500 1.864161e+01
5675.0000 4.520960e-01
5676.2500 1.192414e+01
5677.5000 3.603607e+01
5678.7500 3.430046e+01
5680.0000 2.808552e+01
5681.2500 1.100438e+01
5682.5000 -3.381681e+00
5683.7500 2.663044e+00
5685.0000 3.071415e+01
5686.2500 8.436720e+00
5687.5000 1.193446e+01
5688.7500 2.160448e+00
5690.0000 1.414076e+01
5691.2500 2.604110e+00
5692.5000 1.039328e+01
5693.7500 2.464402e+00
5695.0000 8.782921e+00
5696.2500 2.645357e+01
5697.5000 1.934777e+01
5698.7500 2.960852e+01
5700.0000 2.897230e+01
5701.2500 2.083234e+01
5702.5000 1.690948e+01
5703.7500 4.508362e+00
5705.0000 -3.650529e+00
5706.2500 2.131002e+01
5707.5000 3.125432e+01
5708.7500 2.238416e+01
5710.0000 -2.054599e+00
5711.2500 -2.314145e+01
5712.5000 1.701881e+01
5713.7500 1.437354e+01
5715.0000 1.844067e+01
5716.2500 1.115780e+01
5717.5000 5.365504e+00
5718.7500 1.744520e+01
5720.0000 1.349668e+01
5721.2500 1.340388e+01
5722.5000 2.650825e+01
5723.7500 1.373025e+01
5725.0000 -7.211249e-01
5726.2500 5.322906e+00
5727.5000 -1.252143e+01
5728.7500 1.955397e+01
5730.0000 -3.793004e+00
5731.2500 2.623980e+01
5732.5000 2.074833e+01
5733.7500 -1.849707e+01
5735.0000 1.945737e+01
5736.2500 5.935659e+00
5737.5000 2.916817e+01
5738.7500 3.901054e+01
5740.0000 1.492192e+01
5741.2500 2.546664e+01
5742.5000 7.634714e+00
5743.7500 4.815724e+00
5745.0000 -2.939526e+00
5746.2500 3.710961e+01
5747.5000 2.098318e+01
5748.7500 1.584251e+01
5750.0000 9.595506e+00
5751.2500 1.325932e+00
5752.5000 1.656694e+01
5753.7500 1.369853e+01
5755.0000 2.227627e+00
5756.2500 3.152586e+01
5757.5000 -3.997781e-01
5758.7500 6.816461e+00
5760.0000 3.525678e+01
5761.2500 7.975778e+00
5762.5000 3.977201e+01
5763.7500 1.167289e+01
5765.0000 1.035436e+01
5766.2500 4.766578e+01
5767.5000 2.163842e+01
5768.7500 -5.988551e+00
5770.0000 1.487779e+01
5771.2500 1.494463e+01
5772.5000 3.025986e+01
5773.7500 1.649665e+01
5775.0000 -3.149129e+00
5776.2500 1.259226e+01
5777.5000 2.137106e+01
5778.7500 2.328407e+01
5780.0000 1.223244e+01
5781.2500 6.915323e+00
5782.5000 1.519731e+01
5783.7500 3.580728e+01
5785.0000 3.015925e+01
5786.2500 7.242846e+00
5787.5000 -7.943516e+00
5788.7500 2.860029e+01
5790.0000 3.593671e+01
5791.2500 1.265296e+01
5792.5000 1.687598e+01
5793.7500 1.166109e+01
5795.0000 2.206745e+01
5796.2500 4.381833e+01
5797.5000 1.761254e+01
5798.7500 5.533283e+00
5800.0000 1.328424e+01
5801.2500 6.461109e+00
5802.5000 3.470410e+01
5803.7500 1.753525e+01
5805.0000 1.028005e+01
5806.2500 1.814546e+01
5807.5000 1.083532e+00
5808.7500 6.253587e+00
5810.0000 1.760879e+01
5811.2500 1.631463e+01
5812.5000 2.523735e+01
5813.7500 1.996636e+01
5815.0000 2.231104e+01
5816.2500 1.508143e+01
5817.5000 1.477013e+01
5818.7500 3.335670e+01
5820.0000 3.660144e+00
5821.2500 3.164808e+01
5822.5000 1.124033e+01
5823.7500 3.522189e+00
5825.0000 1.049206e+01
5826.2500 1.833037e+01
5827.5000 1.166476e+01
5828.7500 1.092206e+01
5830.0000 1.497091e+01
5831.2500 8.285090e+00
5832.5000 1.698329e+01
5833.7500 -5.648327e-02
5835.0000 7.427018e+00
5836.2500 -3.814261e+00
5837.5000 -1.786107e+01
5838.7500 2.370477e+01
5840.0000 6.459558e+00
5841.2500 -2.297943e+01
5842.5000 -9.253069e+00
5843.7500 2.140282e+01
5845.0000 1.503406e+01
5846.2500 4.429276e+01
5847.5000 1.290120e+01
5848.7500 3.495665e+00
5850.0000 -1.018549e+00
5851.2500 -1.125453e+01
5852.5000 3.521919e+00
5853.7500 2.033124e+00
5855.0000 1.195097e+00
5856.2500 3.461321e+01
5857.5000 1.797259e+01
5858.7500 1.567784e+01
5860.0000 2.740700e+01
5861.2500 1.240825e+01
5862.5000 2.122798e+00
5863.7500 1.061117e+01
5865.0000 1.568698e+01
5866.2500 2.822021e+01
5867.5000 2.860718e+01
5868.7500 4.001855e+01
5870.0000 2.998932e+01
5871.2500 1.312834e+01
5872.5000 3.363643e+00
5873.7500 3.219920e+01
5875.0000 1.682210e+01
5876.2500 2.587276e+01
5877.5000 1.011867e+01
5878.7500 1.635435e+01
5880.0000 9.468545e+00
5881.2500 -1.582325e+00
5882.5000 2.835285e+01
5883.7500 4.732705e+01
5885.0000 -5.601826e+00
5886.2500 4.584091e-01
5887.5000 1.431306e+01
5888.7500 1.851033e+01
5890.0000 1.262808e+01
5891.2500 2.893690e+01
5892.5000 1.347009e+01
5893.7500 -5.102105e-01
5895.0000 1.733089e+01
5896.2500 1.121162e+01
5897.5000 1.535820e+01
5898.7500 4.238256e+00
5900.0000 -5.883970e-01
5901.2500 1.549836e+01
5902.5000 -1.556372e+00
5903.7500 4.198184e+01
5905.0000 3.824801e+01
5906.2500 4.004826e+01
5907.5000 4.056599e+01
5908.7500 5.921350e+00
5910.0000 1.991215e+01
5911.2500 1.018581e+01
5912.5000 3.049734e+00
5913.7500 -4.979152e+00
5915.0000 2.528391e+01
5916.2500 1.096043e+01
5917.5000 1.242272e+01
5918.7500 6.215767e+00
5920.0000 1.423578e+01
5921.2500 1.305861e+01
5922.5000 -1.205212e+00
5923.7500 -3.341650e+00
5925.0000 1.463477e+01
5926.2500 9.187434e+00
5927.5000 2.304888e+01
5928.7500 2.276900e+01
5930.0000 3.381055e+01
5931.2500 1.197784e+01
5932.5000 2.545500e+00
5933.7500 -4.092731e+00
5935.0000 3.784554e+00
5936.2500 6.434625e+00
5937.5000 -4.580784e+00
5938.7500 1.863224e+01
5940.0000 3.433623e+01
5941.2500 2.006368e+01
5942.5000 3.621082e+00
5943.7500 2.028114e+01
5945.0000 1.432245e+01
5946.2500 2.521172e+01
5947.5000 2.527458e+01
5948.7500 2.558288e+01
5950.0000 1.609464e+01
5951.2500 1.041188e+01
5952.5000 -1.618339e+01
5953.7500 2.264415e+01
5955.0000 -6.527156e-01
5956.2500 6.111406e+00
5957.5000 7.243268e+00
5958.7500 1.583732e+00
5960.0000 7.569578e+00
5961.2500 1.110290e+01
5962.5000 1.913298e+01
5963.7500 5.773412e+00
5965.0000 1.921319e+01
5966.2500 1.903329e+01
5967.5000 1.224037e+01
5968.7500 4.245184e+00
5970.0000 2.472118e+01
5971.2500 1.970257e+01
5972.5000 1.548656e+01
5973.7500 1.024858e+01
5975.0000 2.927610e+01
5976.2500 -1.820087e+01
5977.5000 7.906672e+00
5978.7500 5.395720e+00
5980.0000 1.585506e+01
5981.2500 3.366624e+01
5982.5000 1.084944e+01
5983.7500 4.247595e-01
5985.0000 1.646422e+01
5986.2500 1.283447e+01
5987.5000 9.110789e+00
5988.7500 4.893542e+00
5990.0000 2.059737e+01
5991.2500 4.594553e+00
5992.5000 1.823268e+01
5993.7500 1.931008e+01
5995.0000 2.082753e+01
5996.2500 2.188384e+01
5997.5000 -1.432109e+00
5998.7500 1.495628e+01
6000.0000 1.678861e+01
6001.2500 2.054710e+01
6002.5000 1.777293e+01
6003.7500 1.739202e+01
6005.0000 1.237704e+01
6006.2500 -1.106427e+00
6007.5000 9.975674e+00
6008.7500 2.793917e+01
6010.0000 -5.930103e+00
6011.2500 2.825034e+01
6012.5000 1.248946e+01
6013.7500 2.497490e+01
6015.0000 4.122792e+00
6016.2500 3.061027e+01
6017.5000 2.406510e+01
6018.7500 -2.108896e+00
6020.0000 3.754048e+01
6021.2500 1.301227e+01
6022.5000 1.151017e+01
6023.7500 2.407035e+01
6025.0000 1.682807e+01
6026.2500 -4.863044e+00
6027.5000 1.077833e+01
6028.7500 4.658791e+00
6030.0000 3.551642e+01
6031.2500 2.879713e+00
6032.5000 -5.768846e-01
6033.7500 3.070875e+01
6035.0000 4.375290e+00
6036.2500 1.836152e+01
6037.5000 2.423251e+01
6038.7500 3.849386e+00
6040.0000 1.946633e+01
6041.2500 2.181703e+01
6042.5000 5.005785e+00
6043.7500 3.170474e+00
6045.0000 1.470347e+01
6046.2500 -2.579896e+00
6047.5000 2.716096e+01
6048.7500 2.314010e+01
6050.0000 4.018305e+01
6051.2500 3.743985e+01
6052.5000 1.592112e+01
6053.7500 8.836892e+00
6055.0000 2.346788e+01
6056.2500 6.480586e+00
6057.5000 1.599424e+00
6058.7500 2.869659e+01
6060.0000 7.004770e+00
6061.2500 2.698813e+00
6062.5000 1.774607e+01
6063.7500 1.756897e+01
6065.0000 2.883787e+01
6066.2500 2.392910e+01
6067.5000 2.445109e+01
6068.7500 2.084003e+01
6070.0000 1.603603e+01
6071.2500 3.546724e+01
6072.5000 1.525779e+01
6073.7500 1.614854e+01
6075.0000 -2.869195e+00
6076.2500 1.603747e+01
6077.5000 1.313599e+01
6078.7500 4.292386e+00
6080.0000 2.666767e+01
6081.2500 1.452477e+01
6082.5000 1.976861e+01
6083.7500 2.819519e+01
6085.0000 2.257924e+01
6086.2500 1.212126e+01
6087.5000 1.881457e+01
6088.7500 3.500390e+01
6090.0000 2.069367e+01
6091.2500 1.825040e+01
6092.5000 1.722793e+01
6093.7500 7.140501e+00
6095.0000 2.075828e+01
6096.2500 2.963602e+01
6097.5000 1.161609e+01
6098.7500 2.046588e+01
6100.0000 -1.937028e+00
6101.2500 1.778360e+01
6102.5000 -3.393304e+00
6103.7500 3.032883e+01
6105.0000 1.557176e+01
6106.2500 6.585707e+00
6107.5000 3.159311e+01
6108.7500 3.339981e+01
6110.0000 2.577748e+00
6111.2500 2.029377e+01
6112.5000 4.000817e+01
6113.7500 2.815019e+01
6115.0000 1.868034e+01
6116.2500 1.764076e+01
6117.5000 1.518493e+01
6118.7500 1.273902e+01
6120.0000 1.919583e+01
6121.2500 1.404319e+01
6122.5000 2.378187e+01
6123.7500 2.303599e+01
6125.0000 1.825599e+01
6126.2500 2.565387e+01
6127.5000 5.428486e+00
6128.7500 2.149905e+01
6130.0000 1.643757e+01
6131.2500 1.770866e+01
6132.5000 -1.556961e+01
6133.7500 5.648162e+00
6135.0000 9.128420e+00
6136.2500 1.905256e+01
6137.5000 1.608907e+01
6138.7500 -2.231672e+00
6140.0000 1.563607e+01
6141.2500 1.618046e+01
6142.5000 1.856130e+01
6143.7500 3.036596e+01
6145.0000 9.442680e+00
6146.2500 -9.923979e+00
6147.5000 1.738849e+01
6148.7500 -1.057022e+01
6150.0000 2.670304e+01
6151.2500 1.163919e+01
6152.5000 2.294562e+01
6153.7500 1.635563e+01
6155.0000 6.411560e+00
6156.2500 1.054930e+01
6157.5000 1.055469e+01
6158.7500 9.864782e+00
6160.0000 1.378288e+01
6161.2500 3.593629e+01
6162.5000 5.447617e+00
6163.7500 6.728687e+00
6165.0000 1.992248e+01
6166.2500 4.499267e+00
6167.5000 3.914902e+01
6168.7500 2.184302e+01
6170.0000 1.350238e+01
6171.2500 8.560930e+00
6172.5000 -2.280517e+00
6173.7500 2.330425e+01
6175.0000 1.408593e+01
6176.2500 2.361528e+01
6177.5000 1.017491e+01
6178.7500 2.420958e+01
6180.0000 1.663046e+01
6181.2500 1.955741e+01
6182.5000 9.908439e+00
6183.7500 3.531237e+01
6185.0000 -8.560419e+00
6186.2500 3.159154e+01
6187.5000 1.567638e+01
6188.7500 2.484236e+01
6190.0000 1.929560e+01
6191.2500 2.550333e+01
6192.5000 3.206329e+01
6193.7500 2.752293e+01
6195.0000 1.531787e+01
6196.2500 3.633049e+00
6197.5000 1.979009e+01
6198.7500 3.155240e+01
6200.0000 1.700444e+01
6201.2500 2.765078e+01
6202.5000 2.472649e+01
6203.7500 1.082952e+01
6205.0000 -1.080869e+01
6206.2500 1.121465e+01
6207.5000 1.090130e+01
6208.7500 1.191507e+01
6210.0000 1.622805e+01
6211.2500 2.725536e+01
6212.5000 3.003668e+01
6213.7500 2.096397e+01
6215.0000 2.536925e+01
6216.2500 1.802160e+01
6217.5000 1.283527e+01
6218.7500 1.918062e+01
6220.0000 5.087978e+00
6221.2500 8.860239e+00
6222.5000 1.942859e+01
6223.7500 4.127705e+01
6225.0000 4.851740e+00
6226.2500 5.515385e+00
6227.5000 2.189231e+01
6228.7500 1.917242e+01
6230.0000 2.027377e+01
6231.2500 3.110781e+01
6232.5000 -3.144581e-01
6233.7500 -3.096181e+00
6235.0000 3.032105e+01
6236.2500 7.690129e+00
6237.5000 -1.086102e+01
6238.7500 3.099438e+01
6240.0000 3.871360e-02
6241.2500 9.252299e+00
6242.5000 2.344070e+01
6243.7500 1.670723e+00
6245.0000 -5.544443e+00
6246.2500 4.166503e+00
6247.5000 1.041331e+01
6248.7500 -4.098634e+00
6250.0000 1.788133e+01
6251.2500 1.036370e+01
6252.5000 6.685318e+00
6253.7500 2.517029e+01
6255.0000 -4.019935e+00
6256.2500 -1.233164e+01
6257.5000 1.909217e+01
6258.7500 -2.907751e+01
6260.0000 9.416722e+00
6261.2500 1.602947e+01
6262.5000 3.776210e+00
6263.7500 -1.249634e+00
6265.0000 2.662243e+01
6266.2500 2.399645e+01
6267.5000 3.670125e+00
6268.7500 1.555141e+00
6270.0000 2.843635e+01
6271.2500 2.148166e+01
6272.5000 1.845512e+01
6273.7500 8.080266e+00
6275.0000 1.523871e+01
6276.2500 9.075258e+00
6277.5000 2.933105e+01
6278.7500 -3.594488e+00
6280.0000 2.236306e+01
6281.2500 2.177299e+01
6282.5000 1.555151e+01
6283.7500 7.502554e+00
6285.0000 2.068832e+01
6286.2500 -6.848762e+00
6287.5000 4.511735e+00
6288.7500 2.175760e+01
6290.0000 3.288300e+01
6291.2500 2.438930e+01
6292.5000 2.550879e+01
6293.7500 5.015749e+01
6295.0000 9.923771e+00
6296.2500 1.172846e+01
6297.5000 2.127899e+01
6298.7500 1.744565e+01
6300.0000 1.311711e+01
6301.2500 1.671480e+01
6302.5000 -8.165207e+00
6303.7500 2.339993e+01
6305.0000 -3.916791e+00
6306.2500 -2.151372e-01
6307.5000 2.053786e+01
6308.7500 1.072350e+01
6310.0000 1.599925e+01
6311.2500 3.505500e+01
6312.5000 1.381701e+01
6313.7500 1.988539e+01
6315.0000 1.997740e+01
6316.2500 2.335379e+01
6317.5000 2.351520e+01
6318.7500 1.025631e+01
6320.0000 -5.395052e+00
6321.2500 3.230070e+00
6322.5000 1.598141e+01
6323.7500 4.170891e+00
6325.0000 5.970997e+00
6326.2500 3.075317e+01
6327.5000 2.812012e+01
6328.7500 2.021600e+01
6330.0000 8.853237e+00
6331.2500 -3.433141e+00
6332.5000 4.896420e+01
6333.7500 3.480288e+01
6335.0000 6.254083e+00
6336.2500 1.672315e+01
6337.5000 2.277694e+01
6338.7500 2.266167e+01
6340.0000 2.621105e+01
6341.2500 1.497681e+01
6342.5000 2.733481e+01
6343.7500 5.061112e+00
6345.0000 7.385413e+00
6346.2500 6.231142e+00
6347.5000 1.970926e+01
6348.7500 2.435170e+01
6350.0000 1.984524e+01
6351.2500 4.340066e+00
6352.5000 3.177862e+01
6353.7500 2.302141e+01
6355.0000 1.675116e+01
6356.2500 2.106209e+01
6357.5000 5.459655e+00
6358.7500 3.972821e+01
6360.0000 1.524116e+01
6361.2500 3.772492e+01
6362.5000 1.029088e+01
6363.7500 1.899913e+01
6365.0000 1.845254e+00
6366.2500 1.319649e+01
6367.5000 1.513845e+01
6368.7500 2.868610e+01
6370.0000 2.026064e+01
6371.2500 8.838953e+00
6372.5000 1.642776e+01
6373.7500 1.170934e+01
6375.0000 1.619422e-01
6376.2500 8.726192e+00
6377.5000 1.214888e+01
6378.7500 2.803570e+01
6380.0000 3.077050e+01
6381.2500 1.278953e+01
6382.5000 2.149414e+01
6383.7500 2.327449e+01
6385.0000 2.757294e+01
6386.2500 5.488815e+00
6387.5000 5.306055e+00
6388.7500 2.127263e+01
6390.0000 2.752083e+01
6391.2500 1.545871e+00
6392.5000 1.798308e+01
6393.7500 1.493384e+00
6395.0000 1.198060e+01
6396.2500 6.166607e+00
6397.5000 1.655105e+01
6398.7500 3.120519e+01
6400.0000 3.907226e+01
6401.2500 1.829300e+01
6402.5000 1.539910e+01
6403.7500 2.697135e+00
6405.0000 1.905823e+01
6406.2500 2.502548e+01
6407.5000 2.082718e+01
6408.7500 3.418235e+01
6410.0000 1.939726e+01
6411.2500 9.318414e+00
6412.5000 2.418641e+01
6413.7500 1.599416e+01
6415.0000 3.027180e+01
6416.2500 1.962177e+01
6417.5000 8.207778e+00
6418.7500 1.356435e+01
6420.0000 2.163170e+01
6421.2500 1.854733e+01
6422.5000 -6.127472e-01
6423.7500 6.124049e+00
6425.0000 9.646446e+00
6426.2500 1.895654e+01
6427.5000 4.593038e+01
6428.7500 5.159636e+00
6430.0000 1.792260e+01
6431.2500 2.118886e+01
6432.5000 1.909707e+01
6433.7500 2.531073e+01
6435.0000 3.116866e+01
6436.2500 1.803543e+01
6437.5000 1.633967e+01
6438.7500 2.275964e+01
6440.0000 2.026808e+01
6441.2500 -5.284828e+00
6442.5000 -3.352021e+00
6443.7500 -7.486584e+00
6445.0000 2.557833e+01
6446.2500 1.754884e+01
6447.5000 1.712558e+01
6448.7500 5.326717e+00
6450.0000 1.639933e+01
6451.2500 2.135823e+00
6452.5000 1.262938e+01
6453.7500 4.240059e+01
6455.0000 2.157558e+01
6456.2500 1.310480e+01
6457.5000 1.603053e+01
6458.7500 -5.296963e+00
6460.0000 2.015292e+01
6461.2500 2.592877e+01
6462.5000 1.050550e+01
6463.7500 1.743525e+01
6465.0000 -2.570510e-01
6466.2500 1.187338e+01
6467.5000 2.865882e+01
6468.7500 2.858578e+00
6470.0000 1.302661e+01
6471.2500 2.394412e+01
6472.5000 1.816246e+01
6473.7500 2.584980e+01
6475.0000 9.485905e+00
6476.2500 -1.322204e+01
6477.5000 1.257056e+01
6478.7500 6.508970e+00
6480.0000 9.425216e+00
6481.2500 9.845786e+00
6482.5000 9.324802e+00
6483.7500 1.129586e+01
6485.0000 3.425384e+01
6486.2500 1.321406e+01
6487.5000 2.465315e+01
6488.7500 2.369098e+01
6490.0000 3.275988e+01
6491.2500 5.332803e+00
6492.5000 1.823244e+01
6493.7500 6.563023e+00
6495.0000 8.222377e-01
6496.2500 -5.553607e+00
6497.5000 3.579619e+01
6498.7500 9.403702e+00
6500.0000 -3.459872e+01
6501.2500 1.105635e+01
6502.5000 2.131875e+01
6503.7500 2.466914e+01
6505.0000 2.110655e+01
6506.2500 2.157218e+00
6507.5000 1.181238e+01
6508.7500 1.671410e+01
6510.0000 2.150167e+01
6511.2500 -1.467040e+00
6512.5000 2.235666e+01
6513.7500 2.721062e+00
6515.0000 4.622014e+00
6516.2500 1.688019e+01
6517.5000 2.336563e+01
6518.7500 1.984985e+01
6520.0000 2.098377e+01
6521.2500 1.557505e+01
6522.5000 4.413356e+01
6523.7500 1.239028e+01
6525.0000 1.280857e+01
6526.2500 8.831718e-01
6527.5000 1.486340e+01
6528.7500 3.081785e+01
6530.0000 1.124368e+01
6531.2500 -1.661718e+01
6532.5000 3.842003e+01
6533.7500 1.440031e+00
6535.0000 -6.142651e+00
6536.2500 2.901896e+01
6537.5000 -7.435983e-02
6538.7500 8.708384e+00
6540.0000 3.484003e+01
6541.2500 2.981508e+01
6542.5000 -5.705173e-01
6543.7500 2.483998e+01
6545.0000 -5.558218e+00
6546.2500 1.107758e+01
6547.5000 3.824471e+01
6548.7500 4.025829e+01
6550.0000 2.334940e+01
6551.2500 2.059620e+01
6552.5000 8.704807e+00
6553.7500 1.249547e+01
6555.0000 -1.712215e+01
6556.2500 9.886718e+00
6557.5000 2.632174e+01
6558.7500 9.838913e+00
6560.0000 9.778896e+00
6561.2500 -1.194680e+01
6562.5000 -2.419667e+00
6563.7500 -1.213984e+01
6565.0000 -3.867437e+00
6566.2500 1.005391e+01
6567.5000 9.839867e+00
6568.7500 2.925897e+01
6570.0000 3.122471e+00
6571.2500 3.342200e+00
6572.5000 1.503202e+01
6573.7500 7.249260e+00
6575.0000 1.196028e+01
6576.2500 6.977435e+00
6577.5000 2.543963e+01
6578.7500 -8.724185e+00
6580.0000 2.623050e+01
6581.2500 1.145894e+01
6582.5000 2.061721e+01
6583.7500 2.959115e+01
6585.0000 2.104780e+01
6586.2500 1.330379e+01
6587.5000 1.857455e+01
6588.7500 2.553068e+01
6590.0000 1.823562e+01
6591.2500 2.090749e+01
6592.5000 7.394947e+00
6593.7500 -5.940284e+00
6595.0000 2.690072e+01
6596.2500 3.672582e+01
6597.5000 2.451798e+01
6598.7500 2.438671e+01
6600.0000 2.202020e+01
6601.2500 2.417164e+01
6602.5000 2.090152e+01
6603.7500 1.918102e+01
6605.0000 2.916735e+00
6606.2500 1.026158e+01
6607.5000 3.216795e+01
6608.7500 2.125744e+01
6610.0000 1.002427e+01
6611.2500 7.184680e+00
6612.5000 1.501262e+01
6613.7500 1.995387e+01
6615.0000 3.693173e+01
6616.2500 3.112517e+01
6617.5000 1.182029e+01
6618.7500 2.598848e+01
6620.0000 2.235490e+01
6621.2500 3.097071e+01
6622.5000 2.201142e+01
6623.7500 1.437210e+01
6625.0000 2.111829e+01
6626.2500 1.641062e+01
6627.5000 2.773071e+01
6628.7500 1.190065e+01
6630.0000 2.222332e+01
6631.2500 1.984347e+01
6632.5000 2.793396e+01
6633.7500 1.826284e+01
6635.0000 2.357197e+01
6636.2500 1.836255e+01
6637.5000 1.678706e+01
6638.7500 1.102304e+01
6640.0000 2.085801e+01
6641.2500 3.500735e+01
6642.5000 2.490799e+01
6643.7500 2.503546e+01
6645.0000 1.698957e+01
6646.2500 2.262350e+01
6647.5000 7.435233e+00
6648.7500 1.793969e+01
6650.0000 2.813546e+01
6651.2500 5.054090e+00
6652.5000 3.146175e+01
6653.7500 1.622272e+01
6655.0000 1.087731e+01
6656.2500 6.498028e+00
6657.5000 1.872450e+01
6658.7500 9.011965e+00
6660.0000 1.822470e+01
6661.2500 2.067458e+01
6662.5000 1.618151e+01
6663.7500 1.720791e+01
6665.0000 3.087477e+01
6666.2500 8.953564e+00
6667.5000 4.018867e+01
6668.7500 3.483064e+01
6670.0000 2.392764e+01
6671.2500 2.675651e+01
6672.5000 2.601023e+01
6673.7500 2.865395e+00
6675.0000 1.862043e+01
6676.2500 2.217836e+01
6677.5000 1.793253e+01
6678.7500 2.122988e+01
6680.0000 2.330402e+01
6681.2500 2.505729e+01
6682.5000 2.599081e+01
6683.7500 1.718696e+01
6685.0000 2.977776e+01
6686.2500 3.857217e+00
6687.5000 1.444549e+01
6688.7500 9.585113e+00
6690.0000 1.958939e+01
6691.2500 2.013118e+01
6692.5000 4.994021e+00
6693.7500 8.420228e+00
6695.0000 2.405184e+01
6696.2500 2.485899e+01
6697.5000 1.988384e+01
6698.7500 1.550934e+01
6700.0000 3.321963e+01
6701.2500 2.441451e+00
6702.5000 1.385396e+01
6703.7500 2.045744e+01
6705.0000 2.354223e+01
6706.2500 2.179120e+00
6707.5000 2.127982e+01
6708.7500 1.415396e+01
6710.0000 2.085955e+01
6711.2500 1.329325e+01
6712.5000 2.131075e+01
6713.7500 1.818822e+01
6715.0000 2.077033e+01
6716.2500 2.218521e+01
6717.5000 1.387092e+01
6718.7500 1.731152e+01
6720.0000 2.354565e+01
6721.2500 3.925054e+01
6722.5000 1.533817e+01
6723.7500 1.194924e+01
6725.0000 2.154343e+01
6726.2500 2.107245e+01
6727.5000 3.629645e+01
6728.7500 1.394270e+01
6730.0000 1.371982e+01
6731.2500 1.783740e+01
6732.5000 2.089651e+01
6733.7500 2.446661e+01
6735.0000 4.176831e+01
6736.2500 2.563077e+01
6737.5000 1.839174e+01
6738.7500 1.787614e+01
6740.0000 2.923828e+01
6741.2500 2.087725e+01
6742.5000 3.060612e+01
6743.7500 3.311242e+01
6745.0000 1.970830e+01
6746.2500 1.585864e+01
6747.5000 3.353509e+01
6748.7500 2.820904e+01
6750.0000 9.115444e+00
6751.2500 5.272563e+00
6752.5000 1.932307e+01
6753.7500 7.796420e+00
6755.0000 1.450073e+01
6756.2500 8.183807e+00
6757.5000 1.998854e+01
6758.7500 4.317780e+00
6760.0000 1.730129e+01
6761.2500 1.222891e+01
6762.5000 -2.345480e+00
6763.7500 1.803645e+01
6765.0000 1.262236e+01
6766.2500 2.642942e+01
6767.5000 1.912075e+01
6768.7500 1.766842e+01
6770.0000 1.918913e+01
6771.2500 2.648263e+01
6772.5000 1.171146e+01
6773.7500 1.917565e+01
6775.0000 2.667603e+01
6776.2500 1.253480e+01
6777.5000 3.183429e+01
6778.7500 1.384129e+01
6780.0000 1.066871e+01
6781.2500 2.979312e+01
6782.5000 2.139091e+01
6783.7500 1.395998e+01
6785.0000 1.537341e+00
6786.2500 1.655401e+01
6787.5000 2.327774e+01
6788.7500 2.482401e+01
6790.0000 2.647215e+01
6791.2500 1.317107e+01
6792.5000 1.994626e+01
6793.7500 1.847076e+01
6795.0000 2.750773e+01
6796.2500 2.873183e+01
6797.5000 1.000577e+01
6798.7500 2.472054e+01
6800.0000 2.798347e+01
6801.2500 4.123243e+01
6802.5000 3.166387e+01
6803.7500 2.758080e+01
6805.0000 2.206576e+01
6806.2500 5.609610e+00
6807.5000 3.198264e+01
6808.7500 1.491668e+01
6810.0000 1.297424e+01
6811.2500 1.176176e+01
6812.5000 1.838118e+01
6813.7500 2.186261e+01
6815.0000 2.010714e+01
6816.2500 4.844768e+00
6817.5000 1.092905e+01
6818.7500 1.692123e+01
6820.0000 9.303089e+00
6821.2500 1.924739e+01
6822.5000 5.787268e+00
6823.7500 1.180659e+01
6825.0000 1.466531e+01
6826.2500 2.140683e+01
6827.5000 1.763839e+01
6828.7500 2.095121e+01
6830.0000 2.642772e+00
6831.2500 -1.997126e+01
6832.5000 5.868734e+00
6833.7500 1.932301e+01
6835.0000 2.669967e+01
6836.2500 -8.437883e+00
6837.5000 1.461869e+01
6838.7500 1.074691e+01
6840.0000 2.209845e+01
6841.2500 2.778861e+01
6842.5000 1.282442e+01
6843.7500 1.038262e+01
6845.0000 2.526239e+01
6846.2500 1.387300e+01
6847.5000 4.364022e+00
6848.7500 1.052378e+01
6850.0000 4.389881e+00
6851.2500 2.074303e+01
6852.5000 3.582776e+01
6853.7500 2.213946e+01
6855.0000 2.461812e+01
6856.2500 3.281736e+01
6857.5000 1.324060e+01
6858.7500 2.973512e+01
6860.0000 3.268639e+01
6861.2500 2.078746e+01
6862.5000 4.257048e+01
6863.7500 1.525687e+00
6865.0000 1.579281e+01
6866.2500 3.301134e+01
6867.5000 2.570709e+01
6868.7500 2.710979e+00
6870.0000 -7.187089e+00
6871.2500 4.575581e+01
6872.5000 -6.508251e+00
6873.7500 2.189057e+01
6875.0000 1.783190e+01
6876.2500 1.966654e+01
6877.5000 2.568449e+01
6878.7500 3.245569e+00
6880.0000 1.392863e+01
6881.2500 2.702038e+01
6882.5000 2.204321e+01
6883.7500 2.779197e+01
6885.0000 1.829503e+01
6886.2500 2.084088e+01
6887.5000 2.360331e+01
6888.7500 -1.951895e+00
6890.0000 2.508973e+01
6891.2500 -6.424835e+00
6892.5000 2.938122e+01
6893.7500 1.899783e+01
6895.0000 3.312714e+01
6896.2500 2.410896e+01
6897.5000 3.788808e+00
6898.7500 3.058554e+00
6900.0000 2.137148e+01
6901.2500 1.955434e+01
6902.5000 1.855596e+01
6903.7500 1.770731e+01
6905.0000 9.865753e+00
6906.2500 1.761868e+01
6907.5000 1.774751e+01
6908.7500 8.101740e+00
6910.0000 2.756193e+01
6911.2500 -1.607184e+01
6912.5000 5.105756e+01
6913.7500 1.279487e+01
6915.0000 2.286288e+00
6916.2500 2.219101e+01
6917.5000 2.026451e+01
6918.7500 1.558258e+01
6920.0000 3.973602e+01
6921.2500 -1.108167e+01
6922.5000 -1.242701e+01
6923.7500 5.338848e+01
6925.0000 -8.388156e+00
6926.2500 1.055586e+01
6927.5000 2.220973e+01
6928.7500 1.353813e+01
6930.0000 3.109669e+01
6931.2500 2.072622e+01
6932.5000 3.096254e+01
6933.7500 2.406264e+01
6935.0000 2.448069e+01
6936.2500 1.317062e+01
6937.5000 1.170682e+01
6938.7500 2.303667e+01
6940.0000 2.550534e+01
6941.2500 1.750784e+01
6942.5000 -9.616982e+00
6943.7500 9.429235e+00
6945.0000 1.491038e+01
6946.2500 2.178893e+01
6947.5000 5.212337e+00
6948.7500 7.492187e+00
6950.0000 9.369996e+00
6951.2500 2.817392e+01
6952.5000 2.786641e+01
6953.7500 1.827498e+01
6955.0000 8.821606e+00
6956.2500 1.439142e+01
6957.5000 3.373048e+00
6958.7500 1.568482e+01
6960.0000 8.240196e+00
6961.2500 2.485696e+01
6962.5000 1.326319e+01
6963.7500 8.611589e+00
6965.0000 2.783518e+01
6966.2500 2.517247e+01
6967.5000 8.366764e+00
6968.7500 1.590716e+01
6970.0000 3.599712e+01
6971.2500 1.624828e+01
6972.5000 3.116734e+01
6973.7500 2.690922e+01
6975.0000 1.630917e+01
6976.2500 2.646503e+01
6977.5000 3.686671e+00
6978.7500 2.144279e+01
6980.0000 -1.368720e+01
6981.2500 2.982115e+01
6982.5000 2.539465e+01
6983.7500 3.241498e+01
6985.0000 9.066498e+00
6986.2500 3.462404e+01
6987.5000 3.012034e+01
6988.7500 2.939004e+01
6990.0000 1.591880e+01
6991.2500 7.669546e+00
6992.5000 3.021048e+01
6993.7500 2.414742e+01
6995.0000 2.003104e+01
6996.2500 2.325037e+01
6997.5000 2.873243e+01
6998.7500 2.173082e+01
7000.0000 5.426584e+00
7001.2500 1.259293e+01
7002.5000 4.848635e+00
7003.7500 1.016983e+01
7005.0000 1.787961e+01
7006.2500 1.537915e+01
7007.5000 1.648611e+01
7008.7500 1.780140e+01
7010.0000 1.707227e+01
7011.2500 4.627259e+01
7012.5000 6.195404e+00
7013.7500 1.312021e+01
7015.0000 2.351296e+01
7016.2500 2.450210e+01
7017.5000 1.151209e+01
7018.7500 1.656227e+01
7020.0000 1.326604e+01
7021.2500 9.274843e+00
7022.5000 1.216445e+01
7023.7500 2.584921e+01
7025.0000 1.912212e+01
7026.2500 2.945589e+01
7027.5000 2.046251e+01
7028.7500 8.305707e+00
7030.0000 3.537851e+01
7031.2500 6.353475e+00
7032.5000 1.521761e+01
7033.7500 2.327825e+01
7035.0000 2.996776e+01
7036.2500 1.753753e+01
7037.5000 1.653652e+01
7038.7500 7.316310e+00
7040.0000 2.970556e+01
7041.2500 2.751607e+00
7042.5000 5.440376e+00
7043.7500 2.472458e+01
7045.0000 8.223783e+00
7046.2500 5.003378e+00
7047.5000 7.476507e+00
7048.7500 1.328204e+01
7050.0000 5.725366e+00
7051.2500 1.762634e+01
7052.5000 6.872617e+00
7053.7500 1.445019e+01
7055.0000 2.147441e+01
7056.2500 1.327356e+01
7057.5000 1.954685e+01
7058.7500 3.011024e+01
7060.0000 1.039001e+01
7061.2500 1.466827e+00
7062.5000 2.463318e+01
7063.7500 1.573159e+01
7065.0000 2.158649e+01
7066.2500 2.454969e+01
7067.5000 1.900640e+01
7068.7500 1.293154e+01
7070.0000 1.084750e+01
7071.2500 1.421814e+01
7072.5000 1.427774e+01
7073.7500 1.233617e+01
7075.0000 3.655118e+01
7076.2500 7.759947e+00
7077.5000 1.942608e+01
7078.7500 3.184312e+01
7080.0000 7.216281e+00
7081.2500 2.371448e-02
7082.5000 -5.729977e-01
7083.7500 2.656375e+01
7085.0000 2.318489e+01
7086.2500 1.203195e+01
7087.5000 5.546959e+00
7088.7500 1.012766e+01
7090.0000 1.387758e-01
7091.2500 1.306508e+01
7092.5000 2.148940e+01
7093.7500 1.988914e+01
7095.0000 2.955798e+01
7096.2500 1.241321e+01
7097.5000 2.804222e+01
7098.7500 2.221017e+01
7100.0000 1.503308e+01
7101.2500 2.312708e+01
7102.5000 1.179401e+01
7103.7500 1.386666e+01
7105.0000 1.160717e+01
7106.2500 1.980209e+01
7107.5000 1.210510e+01
7108.7500 -4.510262e+00
7110.0000 2.493435e+01
7111.2500 1.888703e+01
7112.5000 1.894710e+01
7113.7500 8.322956e+00
7115.0000 6.661345e+00
7116.2500 2.964216e+01
7117.5000 5.672708e+00
7118.7500 2.857583e+01
7120.0000 2.119293e+01
7121.2500 2.408084e+01
7122.5000 1.705961e+01
7123.7500 1.275400e+01
7125.0000 1.760554e+01
7126.2500 1.077461e+01
7127.5000 3.692380e+00
7128.7500 3.370372e+01
7130.0000 1.835747e+01
7131.2500 1.905932e+01
7132.5000 2.386835e+01
7133.7500 1.216935e+01
7135.0000 1.217662e+01
7136.2500 3.046545e+00
7137.5000 1.640746e+01
7138.7500 2.740972e+01
7140.0000 2.031923e+01
7141.2500 1.094550e+01
7142.5000 9.430502e+00
7143.7500 3.412681e+00
7145.0000 2.967711e+01
7146.2500 5.158140e+00
7147.5000 2.204744e+01
7148.7500 2.744943e+01
7150.0000 3.600152e+01
7151.2500 1.542718e+01
7152.5000 2.331068e+01
7153.7500 2.283788e+01
7155.0000 1.287974e+01
7156.2500 1.826157e+01
7157.5000 1.611298e+01
7158.7500 1.840479e+01
7160.0000 1.594123e+01
7161.2500 2.331483e+01
7162.5000 2.841276e+01
7163.7500 2.384274e+01
7165.0000 2.053410e+01
7166.2500 1.850351e+01
7167.5000 1.938443e+01
7168.7500 1.412666e+01
7170.0000 2.162128e+01
7171.2500 9.717044e+00
7172.5000 5.394345e+00
7173.7500 2.352306e+01
7175.0000 3.339861e+00
7176.2500 1.124985e+01
7177.5000 2.052258e+01
7178.7500 1.835275e+01
7180.0000 1.380960e+01
7181.2500 1.901344e+01
7182.5000 8.422701e+00
7183.7500 9.261526e+00
7185.0000 5.932943e+00
7186.2500 8.958704e-01
7187.5000 1.467626e+01
7188.7500 1.466401e+01
7190.0000 5.432552e+00
7191.2500 1.250033e+01
7192.5000 2.402848e+01
7193.7500 2.043927e+01
7195.0000 2.988446e+01
7196.2500 1.996400e+01
7197.5000 7.043169e+00
7198.7500 1.911489e+01
7200.0000 3.125828e+01
7201.2500 3.118976e+01
7202.5000 1.706331e+01
7203.7500 1.431571e+01
7205.0000 1.400560e+01
7206.2500 1.048882e+01
7207.5000 1.405361e+01
7208.7500 1.241258e+01
7210.0000 1.617179e+01
7211.2500 8.318543e+00
7212.5000 1.083720e+01
7213.7500 8.454529e+00
7215.0000 8.235309e+00
7216.2500 2.546356e+01
7217.5000 2.449988e+01
7218.7500 -8.041667e-01
7220.0000 1.163532e+01
7221.2500 1.009431e+01
7222.5000 6.872828e+00
7223.7500 1.222614e+01
7225.0000 3.442509e+01
7226.2500 2.764396e+01
7227.5000 2.041749e+01
7228.7500 1.825586e+01
7230.0000 2.089209e+01
7231.2500 1.860961e+01
7232.5000 1.628078e+01
7233.7500 1.664098e+01
7235.0000 -5.047208e-01
7236.2500 3.855583e+00
7237.5000 -3.498369e+00
7238.7500 1.841505e+01
7240.0000 8.090408e+01
7241.2500 -9.805079e+00
7242.5000 -1.447827e+01
7243.7500 9.165385e-01
7245.0000 1.119177e+01
7246.2500 -1.117232e+01
7247.5000 3.266461e+01
7248.7500 2.510718e+01
7250.0000 7.468028e-01
7251.2500 -1.709592e+01
7252.5000 1.864777e+01
7253.7500 -2.497460e+01
7255.0000 4.316964e+00
7256.2500 1.747472e+01
7257.5000 1.772833e+01
7258.7500 7.429166e+00
7260.0000 2.182141e+01
7261.2500 2.088723e+01
7262.5000 2.656742e+01
7263.7500 3.366688e+01
7265.0000 2.173592e+01
7266.2500 2.316212e+01
7267.5000 1.894175e+01
7268.7500 1.525029e+01
7270.0000 3.203222e+01
7271.2500 1.372306e+01
7272.5000 9.591444e+00
7273.7500 1.569700e+00
7275.0000 4.219351e+01
7276.2500 -1.854637e+01
7277.5000 3.748317e+01
7278.7500 1.008237e+01
7280.0000 2.219994e+01
7281.2500 1.504476e+01
7282.5000 -1.905123e+01
7283.7500 -1.978675e+01
7285.0000 3.738170e+00
7286.2500 -3.025221e+00
7287.5000 1.098927e+01
7288.7500 2.206428e+01
7290.0000 2.696970e+01
7291.2500 2.074892e+01
7292.5000 1.138917e+01
7293.7500 2.015044e+00
7295.0000 1.964259e+01
7296.2500 4.612308e+00
7297.5000 9.974800e+00
7298.7500 2.963693e+01
7300.0000 1.006397e+01
7301.2500 -4.694743e+00
7302.5000 2.064826e+01
7303.7500 1.998831e+01
7305.0000 1.831653e+01
7306.2500 2.098763e+01
7307.5000 9.850282e+00
7308.7500 1.280759e+01
7310.0000 2.112951e+01
7311.2500 1.386628e+01
7312.5000 1.248787e+01
7313.7500 -9.682886e+00
7315.0000 1.049300e+01
7316.2500 -5.526686e+01
7317.5000 -7.877388e-01
7318.7500 1.386989e+01
7320.0000 3.400443e+01
7321.2500 1.210882e+01
7322.5000 1.101257e+01
7323.7500 2.367926e+01
7325.0000 2.371694e+01
7326.2500 1.276938e+01
7327.5000 -7.547018e+00
7328.7500 1.055250e+01
7330.0000 4.532836e+01
7331.2500 -1.193867e+01
7332.5000 1.927793e+01
7333.7500 1.481648e+01
7335.0000 1.301980e+01
7336.2500 7.986593e+00
7337.5000 1.785021e+01
7338.7500 -3.983187e+01
7340.0000 -7.563219e+00
7341.2500 -6.804385e+00
7342.5000 6.161127e+00
7343.7500 5.397782e+01
7345.0000 1.803359e+01
7346.2500 2.844136e+01
7347.5000 1.279475e+01
7348.7500 1.720429e+01
7350.0000 2.325765e+01
7351.2500 1.404815e+01
7352.5000 2.811963e+01
7353.7500 1.740626e+01
7355.0000 1.617040e+01
7356.2500 1.364955e+01
7357.5000 2.398365e+01
7358.7500 -1.089690e+01
7360.0000 3.194279e+01
7361.2500 5.983511e+00
7362.5000 2.989409e+01
7363.7500 2.314824e+01
7365.0000 2.924486e+01
7366.2500 3.762875e+01
7367.5000 -3.303498e+01
7368.7500 -2.270818e+00
7370.0000 9.337042e+00
7371.2500 2.775267e+00
7372.5000 1.854934e+01
7373.7500 8.838008e+00
7375.0000 2.359383e+01
7376.2500 2.095188e+01
7377.5000 2.034926e+01
7378.7500 2.061213e+01
7380.0000 1.545069e+01
7381.2500 3.368984e+00
7382.5000 1.247377e+01
7383.7500 2.537164e+01
7385.0000 7.436644e+00
7386.2500 1.201602e+01
7387.5000 6.475346e+00
7388.7500 2.718662e+01
7390.0000 6.128397e+00
7391.2500 -8.950859e+00
7392.5000 -1.302779e+01
7393.7500 1.229575e+01
7395.0000 2.798101e+01
7396.2500 1.807007e+01
7397.5000 2.226726e+01
7398.7500 1.972929e+01
7400.0000 5.880087e+00
7401.2500 5.604690e+01
7402.5000 4.839501e+01
7403.7500 2.724306e+01
7405.0000 8.839149e+00
7406.2500 7.337438e+00
7407.5000 8.251174e+00
7408.7500 2.657077e+01
7410.0000 1.880279e+01
7411.2500 1.272419e+01
7412.5000 1.346761e+01
7413.7500 2.651870e+01
7415.0000 3.095425e+01
7416.2500 2.928517e+01
7417.5000 2.425376e+01
7418.7500 2.843652e+01
7420.0000 1.264091e+01
7421.2500 2.560548e+01
7422.5000 2.044001e+01
7423.7500 1.853467e+01
7425.0000 1.593116e+01
7426.2500 2.033335e+01
7427.5000 1.385770e+01
7428.7500 1.858538e+01
7430.0000 3.939430e+01
7431.2500 2.377956e+01
7432.5000 1.317245e+01
7433.7500 2.549934e+01
7435.0000 1.978944e+01
7436.2500 1.017035e+01
7437.5000 -7.221661e+00
7438.7500 2.184909e+01
7440.0000 1.964812e+01
7441.2500 2.030957e+01
7442.5000 2.457291e+01
7443.7500 1.829542e+01
7445.0000 2.272742e+01
7446.2500 2.323388e+01
7447.5000 2.724933e+01
7448.7500 3.127467e+01
7450.0000 3.524367e+01
7451.2500 1.274327e+01
7452.5000 7.313701e+00
7453.7500 1.223634e+01
7455.0000 1.700819e+01
7456.2500 1.815005e+01
7457.5000 1.307333e+01
7458.7500 2.174281e+01
7460.0000 1.461083e+01
7461.2500 3.585131e+01
7462.5000 2.415578e+00
7463.7500 4.343646e+00
7465.0000 9.917717e+00
7466.2500 2.825429e+01
7467.5000 1.855840e+01
7468.7500 2.220439e+01
7470.0000 8.049796e+00
7471.2500 1.096308e+01
7472.5000 9.090107e+01
7473.7500 5.899352e+01
7475.0000 3.613906e+01
7476.2500 3.532534e+01
7477.5000 9.010319e+01
7478.7500 1.033971e+02
7480.0000 1.598899e+01
7481.2500 1.812102e+01
7482.5000 2.509299e+01
7483.7500 3.952258e+01
7485.0000 1.857700e+01
7486.2500 8.916008e+00
7487.5000 1.659653e+01
7488.7500 1.901906e+01
7490.0000 1.396853e+01
7491.2500 1.266266e+01
7492.5000 5.182993e+00
7493.7500 5.283964e+00
7495.0000 1.977678e+01
7496.2500 1.979204e+01
7497.5000 2.754413e+01
7498.7500 2.776265e+01
7500.0000 2.850721e+01
7501.2500 2.685719e+01
7502.5000 2.926027e+01
7503.7500 1.984995e+01
7505.0000 1.293111e+01
7506.2500 6.399976e+00
7507.5000 2.904046e+01
7508.7500 2.302141e+01
7510.0000 2.476845e+01
7511.2500 2.174194e+01
7512.5000 3.159224e+01
7513.7500 1.480180e+01
7515.0000 1.673287e+01
7516.2500 2.421301e+01
7517.5000 4.927175e+01
7518.7500 1.018468e+01
7520.0000 1.226808e+01
7521.2500 2.086640e+01
7522.5000 1.497937e+01
7523.7500 1.790959e+01
7525.0000 -3.284424e+01
7526.2500 2.348626e+01
7527.5000 2.358588e+01
7528.7500 1.566127e+01
7530.0000 -9.633714e+00
7531.2500 -1.466036e+01
7532.5000 5.399475e+00
7533.7500 2.603541e+01
7535.0000 3.724486e+01
7536.2500 1.511486e+01
7537.5000 7.405807e+00
7538.7500 1.857346e+01
7540.0000 3.531245e+01
7541.2500 1.681810e+01
7542.5000 5.894436e+00
7543.7500 3.402020e+01
7545.0000 1.673573e+01
7546.2500 3.847150e+01
7547.5000 1.790656e+01
7548.7500 2.512119e+01
7550.0000 3.126989e+01
7551.2500 1.655100e+01
7552.5000 2.228825e+01
7553.7500 2.265139e+01
7555.0000 2.062136e+01
7556.2500 2.538971e+01
7557.5000 5.874847e+01
7558.7500 1.444130e+01
7560.0000 1.202237e+01
7561.2500 4.563624e+00
7562.5000 1.137623e+01
7563.7500 1.647750e+01
7565.0000 -4.061964e+00
7566.2500 2.281707e+01
7567.5000 2.277832e+01
7568.7500 1.242427e+01
7570.0000 -9.436298e+00
7571.2500 4.313734e+01
7572.5000 8.842812e+00
7573.7500 1.688730e+00
7575.0000 1.816693e+01
7576.2500 9.345545e+00
7577.5000 4.041020e+00
7578.7500 3.247824e+01
7580.0000 2.339067e+01
7581.2500 2.437988e+01
7582.5000 1.221341e+01
7583.7500 -2.368579e+00
7585.0000 5.058108e+01
7586.2500 4.025716e+01
7587.5000 1.525861e+01
7588.7500 2.126083e+01
7590.0000 1.035254e+01
7591.2500 2.079216e+01
7592.5000 3.852036e+01
7593.7500 3.563584e+01
7595.0000 4.551255e+01
7596.2500 -4.718772e+01
7597.5000 -5.671413e+00
7598.7500 2.390887e+01
7600.0000 -1.857080e+01
7601.2500 5.849782e+00
7602.5000 -1.145976e+01
7603.7500 -1.287679e+01
7605.0000 3.709364e+01
7606.2500 2.702225e+01
7607.5000 -7.276110e+00
7608.7500 4.299230e+01
7610.0000 2.279395e+01
7611.2500 2.988416e+01
7612.5000 4.531335e+01
7613.7500 2.274522e+01
7615.0000 1.752403e+01
7616.2500 2.679614e+01
7617.5000 1.881802e+01
7618.7500 4.585880e+01
7620.0000 1.507202e+01
7621.2500 3.928104e+01
7622.5000 3.054400e+01
7623.7500 2.204808e+01
7625.0000 4.064396e+01
7626.2500 -4.807641e+00
7627.5000 6.112200e+01
7628.7500 5.068756e+01
7630.0000 -2.964107e+01
7631.2500 2.371956e+01
7632.5000 1.314483e+01
7633.7500 2.571034e+01
7635.0000 2.800911e+01
7636.2500 2.123996e+01
7637.5000 3.866267e+01
7638.7500 1.801655e+01
7640.0000 2.746249e+01
7641.2500 3.994630e+01
7642.5000 1.668759e+01
7643.7500 2.302312e+01
7645.0000 2.581397e+01
7646.2500 2.432423e+01
7647.5000 3.978323e+01
7648.7500 3.942260e+01
7650.0000 2.590641e+01
7651.2500 8.005286e+00
7652.5000 4.305773e+01
7653.7500 2.648156e+01
7655.0000 1.645025e+01
7656.2500 2.599236e+01
7657.5000 2.035036e+01
7658.7500 2.666883e+01
7660.0000 2.816685e+01
7661.2500 4.574254e+01
7662.5000 2.108966e+01
7663.7500 1.565385e+01
7665.0000 3.468124e+01
7666.2500 1.105666e+01
7667.5000 2.858905e+01
7668.7500 1.513681e+01
7670.0000 2.613351e+01
7671.2500 2.653668e+01
7672.5000 2.498535e+01
7673.7500 8.188026e+00
7675.0000 8.694862e+00
7676.2500 1.906044e+01
7677.5000 9.721207e+00
7678.7500 2.884114e+01
7680.0000 3.036157e+01
7681.2500 1.925417e+01
7682.5000 8.641451e+00
7683.7500 4.783123e+00
7685.0000 1.529086e+01
7686.2500 2.060564e+01
7687.5000 1.614498e+01
7688.7500 2.513477e+01
7690.0000 1.029867e+01
7691.2500 1.896077e+01
7692.5000 3.220085e+00
7693.7500 2.137857e+00
7695.0000 9.741013e+00
7696.2500 2.159222e+01
7697.5000 2.817799e+01
7698.7500 4.730077e+01
7700.0000 2.645132e+01
7701.2500 2.874800e+01
7702.5000 2.167525e+01
7703.7500 2.074557e+01
7705.0000 7.652729e+00
7706.2500 5.622547e+00
7707.5000 -2.424535e+00
7708.7500 2.134288e+01
7710.0000 5.538036e+01
7711.2500 -5.557516e+01
7712.5000 9.467482e+01
7713.7500 1.539570e+01
7715.0000 2.867295e+01
7716.2500 4.962617e+01
7717.5000 1.149550e+01
7718.7500 7.019696e+00
7720.0000 1.920898e+01
7721.2500 1.041959e+01
7722.5000 9.037096e+00
7723.7500 1.442116e+01
7725.0000 1.436664e+01
7726.2500 1.841271e+01
7727.5000 3.272796e+00
7728.7500 2.926101e+01
7730.0000 2.992496e+01
7731.2500 1.452988e+01
7732.5000 1.609793e+01
7733.7500 3.349878e+00
7735.0000 6.368820e+00
7736.2500 1.749637e+01
7737.5000 1.462024e+01
7738.7500 4.360204e+01
7740.0000 2.979156e+01
7741.2500 2.040577e+01
7742.5000 1.737476e+01
7743.7500 2.838760e+01
7745.0000 1.541072e+01
7746.2500 6.750687e+00
7747.5000 2.997542e+01
7748.7500 1.340351e+01
7750.0000 2.536534e+01
7751.2500 3.733821e+01
7752.5000 4.749245e+01
7753.7500 1.418936e+01
7755.0000 -2.341496e+00
7756.2500 1.992411e+01
7757.5000 3.478888e+01
7758.7500 -3.220650e+01
7760.0000 8.601211e+01
7761.2500 3.286531e+01
7762.5000 2.120477e+01
7763.7500 2.859597e+01
7765.0000 1.079545e+01
7766.2500 2.593826e+01
7767.5000 1.359634e+01
7768.7500 1.058997e+01
7770.0000 -1.220128e+00
7771.2500 5.690680e+00
7772.5000 1.847944e+00
7773.7500 3.262468e+01
7775.0000 2.587951e+01
7776.2500 2.374802e+01
7777.5000 2.916755e+01
7778.7500 -1.888203e+01
7780.0000 1.707049e+01
7781.2500 -2.629786e+00
7782.5000 2.544809e+01
7783.7500 2.399276e+01
7785.0000 1.156496e+01
7786.2500 1.867045e+01
7787.5000 2.512221e+01
7788.7500 1.515903e+01
7790.0000 -1.161765e+01
7791.2500 3.993893e+01
7792.5000 -1.469380e+01
7793.7500 1.647475e+00
7795.0000 6.188250e+01
7796.2500 4.100594e+01
7797.5000 2.376503e+01
7798.7500 2.786534e+01
7800.0000 1.324094e+01
7801.2500 9.552291e+00
7802.5000 6.659370e+00
7803.7500 1.793111e+01
7805.0000 1.994647e+01
7806.2500 1.471209e+01
7807.5000 -3.535394e+01
7808.7500 1.987397e+01
7810.0000 -1.343760e+01
7811.2500 3.000347e+01
7812.5000 2.642122e+01
7813.7500 1.490916e+01
7815.0000 1.214927e+01
7816.2500 1.842010e+01
7817.5000 2.150464e+01
7818.7500 3.791151e+01
7820.0000 6.049451e+01
7821.2500 -3.927345e-01
7822.5000 9.255615e+00
7823.7500 2.320084e+01
7825.0000 1.594985e+01
7826.2500 2.998568e+01
7827.5000 2.054409e+00
7828.7500 1.880064e+01
7830.0000 2.038762e+01
7831.2500 1.586406e+01
7832.5000 2.428441e+01
7833.7500 2.859550e+01
7835.0000 2.023535e+01
7836.2500 -3.893003e+00
7837.5000 2.609147e+01
7838.7500 9.970533e+00
7840.0000 1.278845e+01
7841.2500 4.985738e+01
7842.5000 2.331684e+01
7843.7500 3.753605e+01
7845.0000 3.160209e+01
7846.2500 2.744012e+01
7847.5000 8.710139e+00
7848.7500 9.819015e+00
7850.0000 3.829301e+01
7851.2500 8.371325e+01
7852.5000 2.151405e+01
7853.7500 8.271595e+01
7855.0000 8.927749e+00
7856.2500 2.596101e+01
7857.5000 7.467870e+00
7858.7500 -1.049233e+01
7860.0000 2.325148e+01
7861.2500 1.033159e+01
7862.5000 6.408710e+00
7863.7500 6.165460e+00
7865.0000 2.048409e+01
7866.2500 1.880911e+01
7867.5000 2.021459e+00
7868.7500 2.594443e+01
7870.0000 2.170849e+01
7871.2500 -1.451059e+01
7872.5000 9.921441e+00
7873.7500 2.334965e+01
7875.0000 1.018063e+01
7876.2500 1.024298e+01
7877.5000 7.468110e+00
7878.7500 2.574367e+01
7880.0000 -2.292033e+01
7881.2500 -1.682615e+01
7882.5000 -5.554068e+00
7883.7500 1.659652e+01
7885.0000 7.008551e-01
7886.2500 2.940342e+01
7887.5000 1.331447e+01
7888.7500 -2.062419e+01
7890.0000 1.269447e+01
7891.2500 7.888888e+00
7892.5000 3.771924e+01
7893.7500 2.741489e+01
7895.0000 4.210157e+00
7896.2500 2.263064e+00
7897.5000 3.476025e+01
7898.7500 7.067636e+00
7900.0000 1.129502e+01
7901.2500 2.299792e+01
7902.5000 6.026776e-01
7903.7500 2.923988e+01
7905.0000 2.024444e+01
7906.2500 2.541995e+01
7907.5000 1.392663e+01
7908.7500 2.009521e+01
7910.0000 3.432418e+01
7911.2500 3.543118e+01
7912.5000 4.067236e+01
7913.7500 3.399149e+00
7915.0000 4.104695e+00
7916.2500 2.116012e+01
7917.5000 -4.387630e+00
7918.7500 7.105513e+00
7920.0000 2.325609e+01
7921.2500 2.565865e+01
7922.5000 1.575474e+01
7923.7500 3.285798e+01
7925.0000 4.301195e-01
7926.2500 2.717763e-02
7927.5000 2.422983e+01
7928.7500 1.905216e+01
7930.0000 -4.133191e+01
7931.2500 -2.489910e+01
7932.5000 -1.506652e+01
7933.7500 2.944876e+01
7935.0000 2.071161e+01
7936.2500 1.256965e+01
7937.5000 -4.704093e+00
7938.7500 -1.623368e+00
7940.0000 8.841838e+00
7941.2500 3.508905e+01
7942.5000 8.404258e+00
7943.7500 2.938265e+01
7945.0000 2.078125e+01
7946.2500 4.151025e+01
7947.5000 1.672029e+01
7948.7500 2.179298e+01
7950.0000 2.346799e+01
7951.2500 1.951854e+01
7952.5000 7.274744e+00
7953.7500 7.095478e+00
7955.0000 2.150693e+00
7956.2500 2.816097e+01
7957.5000 2.603305e+01
7958.7500 -1.270417e+01
7960.0000 1.799064e+01
7961.2500 1.559446e+01
7962.5000 3.513042e+01
7963.7500 -1.896315e+01
7965.0000 -1.469358e+01
7966.2500 -7.725398e+01
7967.5000 4.550196e+00
7968.7500 1.376947e+01
7970.0000 2.331857e+01
7971.2500 8.966181e+00
7972.5000 9.546400e+00
7973.7500 1.310814e+01
7975.0000 1.003061e+01
7976.2500 2.609314e+01
7977.5000 2.262371e+01
7978.7500 -4.259984e+01
7980.0000 -6.612256e+00
7981.2500 -1.764154e+01
7982.5000 2.290997e+01
7983.7500 2.807442e+01
7985.0000 1.977851e+01
7986.2500 3.921828e+01
7987.5000 1.753952e+01
7988.7500 1.459839e+01
7990.0000 3.108847e+01
7991.2500 7.729534e+01
7992.5000 1.520179e+01
7993.7500 8.659100e+01
7995.0000 -5.421970e+01
7996.2500 4.017420e+01
7997.5000 1.063454e+01
7998.7500 3.016191e+01
8000.0000 2.661350e+01
8001.2500 2.470755e+01
8002.5000 1.807566e+01
8003.7500 2.337940e+01
8005.0000 1.120847e+01
8006.2500 2.610159e+01
8007.5000 2.811897e+01
8008.7500 2.158328e+01
8010.0000 1.600604e+01
8011.2500 2.688744e+01
8012.5000 6.323374e+00
8013.7500 -3.452976e+01
8015.0000 9.843678e+00
8016.2500 1.480936e+01
8017.5000 1.590134e+01
8018.7500 6.762225e+00
8020.0000 1.892779e+01
8021.2500 8.583383e+00
8022.5000 3.512173e+01
8023.7500 3.881448e+01
8025.0000 -1.289703e+01
8026.2500 -4.229576e+01
8027.5000 -2.894220e+01
8028.7500 1.219626e+01
8030.0000 1.302861e+01
8031.2500 1.555971e+01
8032.5000 3.434893e+00
8033.7500 3.041689e+01
8035.0000 1.456382e+01
8036.2500 2.263631e+01
8037.5000 9.429368e+00
8038.7500 2.525978e+01
8040.0000 3.783247e+01
8041.2500 2.582704e+01
8042.5000 1.829272e+01
8043.7500 2.579690e+01
8045.0000 2.337221e+01
8046.2500 1.152265e+01
8047.5000 1.633246e+01
8048.7500 1.192382e+01
8050.0000 2.283906e+01
8051.2500 3.302918e+01
8052.5000 4.564066e+01
8053.7500 2.032092e+01
8055.0000 2.090207e+01
8056.2500 3.088306e+01
8057.5000 2.146885e+01
8058.7500 3.624782e+01
8060.0000 8.329677e+00
8061.2500 2.254199e+01
8062.5000 -1.998586e+01
8063.7500 2.820490e+01
8065.0000 2.290962e+01
8066.2500 1.411141e+01
8067.5000 1.822299e+01
8068.7500 2.466263e+01
8070.0000 1.628720e+01
8071.2500 1.998107e+01
8072.5000 3.304070e+00
8073.7500 3.034173e+01
8075.0000 2.646509e+01
8076.2500 2.056315e+01
8077.5000 2.037580e+01
8078.7500 2.244646e+01
8080.0000 2.698459e+01
8081.2500 2.439890e+01
8082.5000 1.290153e+01
8083.7500 1.134444e+01
8085.0000 4.281221e+01
8086.2500 1.741372e+01
8087.5000 1.160391e+01
8088.7500 2.867705e+01
8090.0000 1.980732e+01
8091.2500 1.716662e+01
8092.5000 3.646467e+01
8093.7500 -5.664339e+00
8095.0000 2.030801e+01
8096.2500 3.105896e+01
8097.5000 3.199902e+01
8098.7500 1.438353e+01
8100.0000 3.936653e+01
8101.2500 2.176958e+01
8102.5000 -1.579128e+01
8103.7500 1.993570e+01
8105.0000 4.532554e+01
8106.2500 2.900172e+01
8107.5000 3.916064e+01
8108.7500 2.003799e+01
8110.0000 1.687763e+01
8111.2500 9.854145e+00
8112.5000 3.940302e+01
8113.7500 2.640692e+01
8115.0000 1.479507e+01
8116.2500 3.079652e+01
8117.5000 2.569769e+01
8118.7500 4.406226e+01
8120.0000 2.434394e+01
8121.2500 1.903079e+01
8122.5000 1.369394e+01
8123.7500 2.831656e+01
8125.0000 2.570531e+01
8126.2500 1.359962e+01
8127.5000 4.368580e+01
8128.7500 2.027627e+01
8130.0000 1.170301e+01
8131.2500 2.465577e+01
8132.5000 3.004657e+01
8133.7500 7.817756e+00
8135.0000 1.788276e+01
8136.2500 1.420016e+01
8137.5000 4.591382e+01
8138.7500 3.460351e+01
8140.0000 3.026682e+01
8141.2500 1.192976e+01
8142.5000 1.118801e+01
8143.7500 3.169635e+01
8145.0000 2.103969e+01
8146.2500 3.681458e+01
8147.5000 1.107819e+01
8148.7500 9.873384e+00
8150.0000 2.198176e+01
8151.2500 2.583268e+01
8152.5000 2.269471e+01
8153.7500 4.019674e+01
8155.0000 2.374826e+01
8156.2500 1.914726e+01
8157.5000 1.548705e+01
8158.7500 3.133165e+01
8160.0000 2.151008e+01
8161.2500 2.038838e+01
8162.5000 1.413988e+01
8163.7500 4.172880e+01
8165.0000 2.138375e+01
8166.2500 1.540552e+01
8167.5000 3.302308e+01
8168.7500 2.553751e+01
8170.0000 4.455383e+01
8171.2500 2.759039e+01
8172.5000 2.532605e+01
8173.7500 1.453204e+01
8175.0000 1.538588e+01
8176.2500 2.495831e+01
8177.5000 1.217387e+01
8178.7500 3.572757e+01
8180.0000 2.867944e+01
8181.2500 3.385875e+01
8182.5000 3.383278e+01
8183.7500 4.339996e+01
8185.0000 3.707514e+01
8186.2500 2.984137e+01
8187.5000 1.650423e+01
8188.7500 1.943237e+01
8190.0000 2.615545e+01
8191.2500 3.094558e+01
8192.5000 2.388534e+01
8193.7500 3.459916e+01
8195.0000 3.320878e+01
8196.2500 2.825286e+01
8197.5000 3.299377e+01
8198.7500 1.955694e+01
8200.0000 2.936205e+01
8201.2500 2.148536e+01
8202.5000 1.818347e+01
8203.7500 2.569110e+01
8205.0000 7.706550e+00
8206.2500 2.591945e+01
8207.5000 2.455455e+01
8208.7500 3.704953e+01
8210.0000 3.805589e+01
8211.2500 2.507113e+01
8212.5000 2.164178e+01
8213.7500 4.397828e+01
8215.0000 3.579994e+01
8216.2500 1.521618e+01
8217.5000 2.591663e+01
8218.7500 9.668196e+00
8220.0000 1.651427e+01
8221.2500 2.773864e+01
8222.5000 2.592115e+01
8223.7500 4.029548e+00
8225.0000 1.485886e+01
8226.2500 3.356479e+01
8227.5000 2.018393e+01
8228.7500 1.590465e+01
8230.0000 2.893750e+01
8231.2500 1.689448e+01
8232.5000 1.341904e+00
8233.7500 1.783530e+01
8235.0000 2.260401e+01
8236.2500 2.992103e+01
8237.5000 3.717829e+01
8238.7500 3.335614e+01
8240.0000 4.694405e+01
8241.2500 3.252836e+01
8242.5000 2.476133e+01
8243.7500 1.807002e+01
8245.0000 3.204539e+01
8246.2500 3.172503e+01
8247.5000 2.138952e+01
8248.7500 2.388201e+01
8250.0000 2.696003e+01
8251.2500 2.065097e+01
8252.5000 3.022440e+01
8253.7500 1.942946e+01
8255.0000 2.206337e+01
8256.2500 3.886363e+01
8257.5000 3.400268e+01
8258.7500 1.839029e+01
8260.0000 2.115095e+01
8261.2500 9.929945e+00
8262.5000 1.351373e+00
8263.7500 2.611489e+01
8265.0000 2.026048e+01
8266.2500 5.820912e+00
8267.5000 3.439060e+01
8268.7500 3.035716e+01
8270.0000 4.396377e+01
8271.2500 -5.580365e+00
8272.5000 3.569333e+01
8273.7500 4.743242e+01
8275.0000 2.613826e+01
8276.2500 2.332536e+01
8277.5000 5.336003e+00
8278.7500 -5.405610e+01
8280.0000 5.255696e+01
8281.2500 6.807664e+01
8282.5000 -4.418965e+01
8283.7500 1.622521e+01
8285.0000 2.147554e-01
8286.2500 1.504915e+01
8287.5000 2.740754e+01
8288.7500 1.738206e+01
8290.0000 -3.782359e+01
8291.2500 3.585314e+00
8292.5000 2.876452e+01
8293.7500 3.072662e+01
8295.0000 -5.190201e+01
8296.2500 -5.603570e+01
8297.5000 2.221715e+01
8298.7500 3.018898e+01
8300.0000 -3.638245e+01
8301.2500 3.114685e+01
8302.5000 5.027544e+01
8303.7500 3.354106e+01
8305.0000 3.155707e+01
8306.2500 1.729633e+01
8307.5000 2.658841e+01
8308.7500 3.006154e+01
8310.0000 4.128318e+00
8311.2500 6.198258e+00
8312.5000 9.471375e+00
8313.7500 2.845770e+01
8315.0000 1.984187e+01
8316.2500 2.686473e+01
8317.5000 1.099895e+01
8318.7500 2.072052e+01
8320.0000 2.078118e+01
8321.2500 4.376649e+01
8322.5000 3.103160e+01
8323.7500 2.578655e+01
8325.0000 3.166311e+01
8326.2500 2.375252e+01
8327.5000 3.686280e+00
8328.7500 1.050922e+01
8330.0000 2.510891e+01
8331.2500 3.621355e+01
8332.5000 2.909771e+01
8333.7500 2.929490e+01
8335.0000 1.996668e+01
8336.2500 2.789985e+01
8337.5000 1.631448e+01
8338.7500 2.893777e+01
8340.0000 6.546010e+00
8341.2500 3.614558e+01
8342.5000 1.453727e+01
8343.7500 2.668568e+01
8345.0000 2.571188e+01
8346.2500 1.255093e+01
8347.5000 4.420854e+01
8348.7500 1.659682e+01
8350.0000 2.365149e+01
8351.2500 3.144441e+01
8352.5000 1.505162e+01
8353.7500 4.553082e+01
8355.0000 2.254161e+01
8356.2500 4.011497e+01
8357.5000 7.119020e+00
8358.7500 3.086970e+01
8360.0000 2.813874e+01
8361.2500 1.445260e+01
8362.5000 6.404884e+00
8363.7500 -2.336163e+01
8365.0000 4.971740e+01
8366.2500 5.657961e+01
8367.5000 2.332755e+01
8368.7500 3.948191e+01
8370.0000 2.746697e+01
8371.2500 1.393559e+01
8372.5000 3.046582e+01
8373.7500 1.966747e+01
8375.0000 1.325280e+01
8376.2500 1.794155e+01
8377.5000 1.508356e+01
8378.7500 2.295927e+01
8380.0000 3.536514e+01
8381.2500 2.428541e+01
8382.5000 2.314746e+01
8383.7500 1.835787e+01
8385.0000 2.976896e+01
8386.2500 1.562854e+01
8387.5000 2.247696e+01
8388.7500 1.533850e+01
8390.0000 -2.083270e+00
8391.2500 3.578910e+01
8392.5000 4.140825e+01
8393.7500 1.563380e+01
8395.0000 1.494303e+01
8396.2500 2.115529e+01
8397.5000 2.478234e+01
8398.7500 2.142466e+01
8400.0000 3.782034e+01
8401.2500 5.962601e+01
8402.5000 2.029396e+01
8403.7500 1.190882e+01
8405.0000 1.765793e+01
8406.2500 2.552744e+01
8407.5000 1.891680e+01
8408.7500 9.026334e+00
8410.0000 1.691229e+01
8411.2500 3.266009e+01
8412.5000 2.492218e+01
8413.7500 -2.852791e+01
8415.0000 3.428059e+01
8416.2500 4.032855e+01
8417.5000 3.968433e+01
8418.7500 2.432055e+01
8420.0000 1.695444e+01
8421.2500 3.752129e+01
8422.5000 5.249350e+01
8423.7500 2.734213e+01
8425.0000 4.939792e+01
8426.2500 -1.270030e+01
8427.5000 7.908735e+01
8428.7500 2.474845e+01
8430.0000 1.999939e+01
8431.2500 2.979550e+01
8432.5000 4.665207e+01
8433.7500 1.412571e+01
8435.0000 -5.489165e+00
8436.2500 1.635311e+01
8437.5000 2.876188e+01
8438.7500 6.551796e+00
8440.0000 1.402541e+01
8441.2500 1.538573e+01
8442.5000 4.867029e+00
8443.7500 1.728221e+01
8445.0000 1.188855e+01
8446.2500 6.780856e+00
8447.5000 1.248054e+01
8448.7500 2.858537e+01
8450.0000 5.126553e+01
8451.2500 2.206563e+01
8452.5000 3.607622e+01
8453.7500 5.004773e+01
8455.0000 4.285776e+01
8456.2500 1.422895e+01
8457.5000 1.959182e+01
8458.7500 3.914705e+01
8460.0000 1.185898e+01
8461.2500 1.638088e+01
8462.5000 2.581889e+01
8463.7500 1.820337e+01
8465.0000 2.738857e+01
8466.2500 2.657011e+01
8467.5000 4.182915e+01
8468.7500 2.264315e+01
8470.0000 3.663045e+01
8471.2500 2.795523e+01
8472.5000 3.344657e+01
8473.7500 4.182824e+01
8475.0000 4.937933e+01
8476.2500 2.692057e+01
8477.5000 1.775949e+01
8478.7500 3.048771e+01
8480.0000 1.244900e+01
8481.2500 3.195123e+01
8482.5000 2.132643e+01
8483.7500 8.875084e+00
8485.0000 2.416520e+01
8486.2500 7.817005e+00
8487.5000 1.259232e+01
8488.7500 2.588994e+01
8490.0000 3.814509e+01
8491.2500 2.626701e+01
8492.5000 4.485363e+01
8493.7500 4.295394e+01
8495.0000 2.871640e+01
8496.2500 2.499678e+01
8497.5000 1.670575e+01
8498.7500 2.256766e+01
8500.0000 1.527301e+01
8501.2500 1.819360e+00
8502.5000 2.040921e+01
8503.7500 4.903749e+01
8505.0000 2.396553e+01
8506.2500 -3.197176e+01
8507.5000 4.282984e+01
8508.7500 8.141647e+00
8510.0000 3.108199e+01
8511.2500 3.346917e+01
8512.5000 2.716622e+01
8513.7500 2.003598e+01
8515.0000 2.887892e+01
8516.2500 3.059822e+01
8517.5000 2.361336e+01
8518.7500 1.976079e+01
8520.0000 1.681829e+01
8521.2500 2.807396e+01
8522.5000 1.866409e+01
8523.7500 2.681987e+01
8525.0000 1.725576e+01
8526.2500 3.658610e+01
8527.5000 2.496836e+01
8528.7500 2.847552e+01
8530.0000 3.238104e+01
8531.2500 2.582689e+01
8532.5000 -7.986046e-01
8533.7500 2.204208e+01
8535.0000 2.494414e+01
8536.2500 3.018102e+01
8537.5000 1.047363e+01
8538.7500 5.480868e+01
8540.0000 2.563185e+01
8541.2500 1.267001e+01
8542.5000 3.897625e+01
8543.7500 4.967939e+00
8545.0000 2.722625e+01
8546.2500 1.982420e+01
8547.5000 3.919535e+01
8548.7500 2.093689e+00
8550.0000 4.805666e+01
8551.2500 1.610390e+01
8552.5000 2.876003e+01
8553.7500 2.330060e+01
8555.0000 3.615505e+01
8556.2500 2.814189e+01
8557.5000 1.567779e+01
8558.7500 2.399170e+01
8560.0000 1.656211e+01
8561.2500 2.456866e+01
8562.5000 2.061814e+01
8563.7500 1.242721e+01
8565.0000 2.619425e+01
8566.2500 2.962618e+01
8567.5000 2.557116e+01
8568.7500 2.621059e+01
8570.0000 1.628764e+01
8571.2500 2.528639e+01
8572.5000 1.962691e+01
8573.7500 2.958925e+01
8575.0000 1.660173e+01
8576.2500 2.024044e+01
8577.5000 1.255805e+01
8578.7500 2.972287e+01
8580.0000 4.534832e+01
8581.2500 4.706697e+01
8582.5000 3.712323e+01
8583.7500 3.115370e+01
8585.0000 2.465132e+01
8586.2500 2.588685e+01
8587.5000 3.237432e+01
8588.7500 1.420344e+01
8590.0000 2.781797e+01
8591.2500 2.658850e+01
8592.5000 9.549851e+00
8593.7500 1.344906e+01
8595.0000 3.503615e+01
8596.2500 2.278259e+01
8597.5000 9.180308e+00
8598.7500 2.280140e+01
8600.0000 2.811460e+01
8601.2500 3.686272e+01
8602.5000 2.073247e+01
8603.7500 3.145120e+01
8605.0000 4.258438e+01
8606.2500 3.742945e+01
8607.5000 3.833725e+01
8608.7500 3.046481e+01
8610.0000 3.586112e+01
8611.2500 3.639090e+01
8612.5000 3.832634e+01
8613.7500 7.686500e+00
8615.0000 2.309079e+01
8616.2500 2.252627e+01
8617.5000 2.133153e+01
8618.7500 2.310381e+01
8620.0000 9.086123e+00
8621.2500 1.355683e+01
8622.5000 -4.948348e+00
8623.7500 1.775739e+01
8625.0000 3.940767e+01
8626.2500 4.218987e-01
8627.5000 -1.140233e+01
8628.7500 -4.165583e+00
8630.0000 1.849449e+01
8631.2500 1.588865e+01
8632.5000 3.547814e+01
8633.7500 -2.733470e+01
8635.0000 -4.788326e+01
8636.2500 -8.131879e+00
8637.5000 1.789254e+01
8638.7500 3.024364e+01
8640.0000 4.614002e+01
8641.2500 -1.732378e+01
8642.5000 -1.110781e+01
8643.7500 1.475991e+01
8645.0000 1.125936e+01
8646.2500 2.106696e+01
8647.5000 3.464666e+01
8648.7500 4.497046e+00
8650.0000 7.411176e+00
8651.2500 3.216725e+01
8652.5000 4.808355e+00
8653.7500 2.503344e+01
8655.0000 -1.369617e+00
8656.2500 5.191587e+00
8657.5000 -8.698845e+00
8658.7500 1.331438e+01
8660.0000 -1.180887e+00
8661.2500 9.010539e+00
8662.5000 -2.068568e+01
8663.7500 2.371216e+01
8665.0000 2.107616e+00
8666.2500 -1.601275e+01
8667.5000 7.691131e-01
8668.7500 6.802273e+00
8670.0000 3.792543e+01
8671.2500 2.991570e+01
8672.5000 -1.942281e+00
8673.7500 -1.886506e+00
8675.0000 -1.597443e+00
8676.2500 4.387175e+01
8677.5000 3.250735e+01
8678.7500 1.868866e+01
8680.0000 9.514973e+00
8681.2500 2.142836e+01
8682.5000 3.289702e+01
8683.7500 3.430680e+01
8685.0000 5.562369e+01
8686.2500 -6.020116e+00
8687.5000 3.481201e+01
8688.7500 -2.839065e+00
8690.0000 1.242168e+01
8691.2500 1.037543e+01
8692.5000 -3.017907e+00
8693.7500 2.414829e+01
8695.0000 1.848714e+01
8696.2500 9.104799e+00
8697.5000 2.577079e+01
8698.7500 -7.832837e+00
8700.0000 2.195715e+01
8701.2500 3.268058e+00
8702.5000 4.135650e+01
8703.7500 3.960441e+01
8705.0000 3.778989e+01
8706.2500 3.780249e+01
8707.5000 2.267887e+01
8708.7500 1.180845e+01
8710.0000 1.060193e+00
8711.2500 2.849929e+01
8712.5000 2.631373e+01
8713.7500 1.124188e+01
8715.0000 9.332172e+00
8716.2500 1.522777e+01
8717.5000 2.840999e+01
8718.7500 3.369249e+01
8720.0000 3.048471e+01
8721.2500 1.486187e+01
8722.5000 2.491102e+01
8723.7500 7.073486e+00
8725.0000 3.327812e+01
8726.2500 3.700076e+01
8727.5000 2.084109e+01
8728.7500 2.111032e+01
8730.0000 1.923425e+01
8731.2500 2.116721e+01
8732.5000 1.018963e+01
8733.7500 2.927624e+01
8735.0000 3.134526e+01
8736.2500 1.861022e+01
8737.5000 2.523191e+01
8738.7500 1.496226e+01
8740.0000 1.464477e+01
8741.2500 9.567842e+00
8742.5000 3.176619e+01
8743.7500 1.422745e+01
8745.0000 1.714653e+01
8746.2500 2.052254e+01
8747.5000 1.184838e+01
8748.7500 1.635540e+01
8750.0000 1.124794e+01
8751.2500 1.865415e+01
8752.5000 2.036940e+01
8753.7500 8.918620e+00
8755.0000 9.067186e+00
8756.2500 -8.499585e+00
8757.5000 1.253902e+01
8758.7500 4.548424e+01
8760.0000 1.767036e+01
8761.2500 2.195843e+01
8762.5000 -2.691245e+01
8763.7500 2.587680e+01
8765.0000 5.569691e+00
8766.2500 5.777350e+01
8767.5000 -4.937553e-02
8768.7500 -5.980792e+01
8770.0000 -1.874743e-01
8771.2500 1.500140e+01
8772.5000 -4.539546e+00
8773.7500 2.331661e+01
8775.0000 8.342886e+01
8776.2500 -1.770889e+01
8777.5000 5.230410e+01
8778.7500 -1.247203e+02
8780.0000 6.149147e+00
8781.2500 4.378852e+01
8782.5000 2.443666e+01
8783.7500 3.128996e+01
8785.0000 -1.428189e+00
8786.2500 1.246880e+01
8787.5000 1.980246e+01
8788.7500 2.088210e+01
8790.0000 5.107058e+01
8791.2500 -4.801829e+01
8792.5000 2.953098e+01
8793.7500 2.536474e+01
8795.0000 2.712131e+01
8796.2500 1.430808e+01
8797.5000 8.035540e+00
8798.7500 -1.748062e+00
8800.0000 2.287460e+01
8801.2500 1.695027e+01
8802.5000 -3.205231e+00
8803.7500 1.564071e+01
8805.0000 6.173929e+00
8806.2500 1.892422e+01
8807.5000 1.376752e+01
8808.7500 1.102643e+01
8810.0000 9.850003e+00
8811.2500 -1.873884e-01
8812.5000 3.131289e+01
8813.7500 1.742106e+01
8815.0000 5.004695e+01
8816.2500 2.802327e+01
8817.5000 1.513314e+01
8818.7500 5.735655e+00
8820.0000 -2.113339e+00
8821.2500 -1.324646e+01
8822.5000 2.392034e+00
8823.7500 -3.711790e+01
8825.0000 5.184424e+01
8826.2500 -1.286716e+00
8827.5000 2.341024e+01
8828.7500 1.574588e+01
8830.0000 1.668264e+01
8831.2500 1.124151e+01
8832.5000 -3.266214e+00
8833.7500 -1.089726e+01
8835.0000 -4.634051e+00
8836.2500 -6.451569e+01
8837.5000 8.956245e+00
8838.7500 5.798516e+01
8840.0000 2.575983e+01
8841.2500 2.666706e+01
8842.5000 9.259157e+00
8843.7500 -1.114400e+01
8845.0000 6.487314e+00
8846.2500 2.077954e+01
8847.5000 2.880497e+01
8848.7500 7.072068e+01
8850.0000 1.977111e+01
8851.2500 -2.764461e+00
8852.5000 8.393888e+00
8853.7500 1.218881e+01
8855.0000 6.931026e+00
8856.2500 9.492409e+00
8857.5000 2.207269e+01
8858.7500 7.569993e+00
8860.0000 3.127365e+00
8861.2500 1.373242e+00
8862.5000 1.072024e+01
8863.7500 2.015778e+01
8865.0000 2.878166e+01
8866.2500 9.710033e+01
8867.5000 2.656862e+01
8868.7500 1.631196e+01
8870.0000 -6.150998e-01
8871.2500 2.123598e+01
8872.5000 2.164639e+01
8873.7500 1.409120e+01
8875.0000 2.039113e+01
8876.2500 1.481057e+01
8877.5000 2.515108e+01
8878.7500 9.384348e+00
8880.0000 1.404410e+01
8881.2500 1.667092e+00
8882.5000 7.619092e+00
8883.7500 3.026214e+01
8885.0000 -1.450521e+01
8886.2500 3.907124e+01
8887.5000 -1.584130e+01
8888.7500 1.424905e+01
8890.0000 6.244673e+00
8891.2500 1.504050e+01
8892.5000 2.796705e+01
8893.7500 4.578578e+00
8895.0000 -3.928284e+00
8896.2500 -1.385810e+01
8897.5000 1.417974e+01
8898.7500 1.335319e+01
8900.0000 2.628605e+01
8901.2500 -2.869914e+01
8902.5000 4.965813e+01
8903.7500 4.510926e+00
8905.0000 7.429576e-02
8906.2500 5.872263e+01
8907.5000 6.181988e+00
8908.7500 3.904920e+00
8910.0000 1.893995e+01
8911.2500 1.991502e+01
8912.5000 4.161843e+00
8913.7500 -2.646576e+00
8915.0000 1.461048e+01
8916.2500 -1.713075e+01
8917.5000 -9.315137e+01
8918.7500 5.299610e+00
8920.0000 2.104921e+01
8921.2500 2.085258e+01
8922.5000 6.114868e+01
8923.7500 -5.465833e+00
8925.0000 2.251453e+01
8926.2500 2.113979e+01
8927.5000 3.112750e-01
8928.7500 1.729199e+01
8930.0000 1.306014e+01
8931.2500 1.600837e+01
8932.5000 -8.049035e+00
8933.7500 7.939214e+00
8935.0000 3.240776e+01
8936.2500 3.243994e+00
8937.5000 1.896815e+01
8938.7500 1.105182e+01
8940.0000 1.633996e+01
8941.2500 4.987448e+01
8942.5000 8.803730e+00
8943.7500 5.054675e+01
8945.0000 2.915284e+01
8946.2500 2.963256e+01
8947.5000 2.573345e+01
8948.7500 3.450011e+01
8950.0000 1.531559e+01
8951.2500 3.478853e+00
8952.5000 1.168993e+01
8953.7500 2.175100e+00
8955.0000 1.128096e+00
8956.2500 -3.239439e+01
8957.5000 7.375922e-01
8958.7500 4.879850e+01
8960.0000 7.772251e+01
8961.2500 1.515550e+01
8962.5000 1.886444e+01
8963.7500 4.960358e-01
8965.0000 2.079503e+01
8966.2500 1.913544e+01
8967.5000 2.205220e+00
8968.7500 2.537474e+01
8970.0000 1.216407e+01
8971.2500 2.839288e+01
8972.5000 1.411552e+01
8973.7500 2.586559e+01
8975.0000 2.504725e+01
8976.2500 1.445478e+01
8977.5000 5.638824e+00
8978.7500 2.631830e+01
8980.0000 1.245776e+01
8981.2500 1.209874e+01
8982.5000 1.651941e+01
8983.7500 1.916636e+01
8985.0000 1.318048e+01
8986.2500 -2.692673e+00
8987.5000 2.467174e+01
8988.7500 2.841841e+01
8990.0000 -9.973365e+00
8991.2500 2.395028e+01
8992.5000 2.115933e+01
8993.7500 4.605278e+01
8995.0000 3.172157e+01
8996.2500 1.879557e+01
8997.5000 2.117233e+01
8998.7500 -8.191689e+00
9000.0000 5.572363e+01
9001.2500 2.000061e+01
9002.5000 1.503310e+00
9003.7500 2.115235e+01
9005.0000 3.481622e+01
9006.2500 2.673278e+01
9007.5000 3.697321e+00
9008.7500 2.577488e+01
9010.0000 3.715029e+01
9011.2500 2.876860e+01
9012.5000 1.298177e+01
9013.7500 4.308736e+01
9015.0000 3.192763e+01
9016.2500 9.732718e+00
9017.5000 5.420828e+00
9018.7500 2.029071e+01
9020.0000 3.474875e+01
9021.2500 -2.100596e+00
9022.5000 -8.482948e+00
9023.7500 2.907019e+01
9025.0000 3.000323e+01
9026.2500 3.615168e+01
9027.5000 4.821550e+01
9028.7500 2.943267e+01
9030.0000 1.542006e+01
9031.2500 1.560187e+01
9032.5000 2.687918e+01
9033.7500 3.024207e+01
9035.0000 1.534943e+01
9036.2500 2.022007e+01
9037.5000 2.032251e+01
9038.7500 2.675547e+01
9040.0000 4.340960e+01
9041.2500 1.264501e+01
9042.5000 1.810032e+01
9043.7500 -7.526191e+00
9045.0000 1.466553e+01
9046.2500 2.541476e+01
9047.5000 3.008159e+01
9048.7500 6.466127e+00
9050.0000 1.252038e+01
9051.2500 1.324385e+01
9052.5000 2.258926e+01
9053.7500 2.135635e+01
9055.0000 2.868382e+01
9056.2500 3.582540e+01
9057.5000 4.505341e+01
9058.7500 2.245789e+01
9060.0000 3.979002e+01
9061.2500 1.550344e+01
9062.5000 3.684709e+01
9063.7500 1.344550e+01
9065.0000 1.633947e+01
9066.2500 1.525731e+01
9067.5000 4.770902e+01
9068.7500 2.089038e+01
9070.0000 2.358501e+01
9071.2500 3.192896e+01
9072.5000 2.136923e+01
9073.7500 2.218351e+01
9075.0000 3.798721e+01
9076.2500 1.536387e+01
9077.5000 1.997242e+01
9078.7500 9.091359e-01
9080.0000 3.407271e+01
9081.2500 2.881596e+01
9082.5000 1.596639e+01
9083.7500 2.195962e+01
9085.0000 1.262385e+01
9086.2500 1.071224e+01
9087.5000 1.129761e+01
9088.7500 2.214626e+01
9090.0000 2.295735e+01
9091.2500 1.286249e+01
9092.5000 3.344362e+01
9093.7500 3.983578e+01
9095.0000 1.823618e+01
9096.2500 1.803219e+01
9097.5000 4.279723e+01
9098.7500 4.669952e+01
9100.0000 2.699521e+01
9101.2500 -7.424280e+00
9102.5000 1.529576e+01
9103.7500 2.751696e+01
9105.0000 1.830654e+01
9106.2500 8.194665e+00
9107.5000 3.003478e+01
9108.7500 3.166124e+01
9110.0000 2.387500e+01
9111.2500 4.272211e+01
9112.5000 4.905527e+01
9113.7500 3.566282e+01
9115.0000 2.567950e+01
9116.2500 2.638495e+01
9117.5000 3.097149e+01
9118.7500 1.711928e+01
9120.0000 5.651482e+00
9121.2500 2.662240e+01
9122.5000 2.825130e+01
9123.7500 2.110311e+01
9125.0000 2.299585e+01
9126.2500 1.313050e+01
9127.5000 2.339049e+01
9128.7500 2.769621e+01
9130.0000 2.350014e+01
9131.2500 2.521500e+01
9132.5000 3.822265e+01
9133.7500 2.629985e+01
9135.0000 1.276534e+01
9136.2500 1.985139e+01
9137.5000 1.304360e+01
9138.7500 2.610321e+01
9140.0000 1.581196e+01
9141.2500 3.229409e+01
9142.5000 4.697792e+01
9143.7500 2.394579e+01
9145.0000 3.194039e+01
9146.2500 3.426056e+01
9147.5000 2.164747e+01
9148.7500 2.230570e+01
9150.0000 1.862376e+01
9151.2500 5.659293e+00
9152.5000 8.925854e+00
9153.7500 2.088416e+01
9155.0000 3.078375e+01
9156.2500 2.678360e+01
9157.5000 7.028497e-01
9158.7500 1.381024e+01
9160.0000 2.516762e+01
9161.2500 1.863297e+01
9162.5000 6.638232e+01
9163.7500 4.247165e+01
9165.0000 4.392202e+01
9166.2500 3.735722e+01
9167.5000 4.731098e+01
9168.7500 2.071621e+01
9170.0000 4.667945e+01
9171.2500 2.749739e+01
9172.5000 3.022507e+01
9173.7500 3.619575e+01
9175.0000 1.775445e+01
9176.2500 1.609655e+01
9177.5000 1.172175e+01
9178.7500 2.741588e+01
9180.0000 3.379260e+01
9181.2500 1.577546e+01
9182.5000 1.942455e+01
9183.7500 3.197549e+01
9185.0000 1.544698e+01
9186.2500 3.775605e+00
9187.5000 2.545065e+01
9188.7500 9.300119e+00
9190.0000 4.735903e+00
9191.2500 1.494353e+01
9192.5000 3.767891e+01
9193.7500 1.388979e+01
9195.0000 1.643900e+01
9196.2500 1.886377e+01
9197.5000 -1.629279e-01
9198.7500 -1.555614e+01
9200.0000 1.195998e+01
9201.2500 3.425702e+01
9202.5000 7.560434e-01
9203.7500 2.583578e+01
9205.0000 3.290233e+01
9206.2500 2.270678e+01
9207.5000 3.647155e+01
9208.7500 5.027747e+01
9210.0000 3.259094e+01
9211.2500 2.910790e+01
9212.5000 2.990388e+01
9213.7500 2.134140e+01
9215.0000 2.379997e+01
9216.2500 3.873897e+01
9217.5000 1.420406e+01
9218.7500 7.111571e+00
9220.0000 1.793772e+01
9221.2500 3.064708e+01
9222.5000 1.201485e+01
9223.7500 2.343257e+01
9225.0000 5.583581e+01
9226.2500 1.466122e+01
9227.5000 2.390486e+01
9228.7500 5.954998e+00
9230.0000 1.719828e+01
9231.2500 3.002122e+01
9232.5000 3.322510e+01
9233.7500 2.126799e+01
9235.0000 4.608862e+01
9236.2500 6.269364e+01
9237.5000 4.076873e+01
9238.7500 1.703834e+01
9240.0000 1.255595e+01
9241.2500 6.910856e+00
9242.5000 2.742248e+01
9243.7500 1.008476e+01
9245.0000 3.096839e+01
9246.2500 1.188147e+01
9247.5000 3.111046e+01
9248.7500 2.171316e+01
9250.0000 3.104333e+01
9251.2500 5.730848e+01
9252.5000 1.617710e+01
9253.7500 3.085011e+01
9255.0000 2.207266e+01
9256.2500 2.504588e+01
9257.5000 8.678991e+00
9258.7500 4.442264e+00
9260.0000 2.482810e+01
9261.2500 1.923859e+01
9262.5000 -2.674069e+01
9263.7500 1.776426e+00
9265.0000 1.420272e+01
9266.2500 3.559443e+01
9267.5000 1.365970e+01
9268.7500 3.323321e+01
9270.0000 2.546254e+01
9271.2500 2.286337e+01
9272.5000 5.391973e+00
9273.7500 3.138455e+01
9275.0000 -5.082974e-01
9276.2500 1.635591e+01
9277.5000 -1.806886e+00
9278.7500 3.601582e+01
9280.0000 2.142273e+01
9281.2500 1.178030e+01
9282.5000 1.961639e+01
9283.7500 4.295815e-01
9285.0000 1.870880e+01
9286.2500 -6.053474e-01
9287.5000 1.859178e+01
9288.7500 1.755434e+01
9290.0000 1.773073e+01
9291.2500 -5.892749e+00
9292.5000 1.728216e+01
9293.7500 1.492562e+01
9295.0000 -1.504306e+01
9296.2500 2.443366e+01
9297.5000 -2.921625e+00
9298.7500 -2.094312e+01
9300.0000 -1.216192e+00
9301.2500 -7.569562e+00
9302.5000 -2.742588e+00
9303.7500 4.291158e+01
9305.0000 4.321572e+01
9306.2500 -1.307615e+02
9307.5000 9.736265e+01
9308.7500 -3.880992e+01
9310.0000 -9.904462e+01
9311.2500 -1.243456e+02
9312.5000 9.669004e+01
9313.7500 1.725209e+02
9315.0000 -3.425483e+02
9316.2500 -6.218416e+01
9317.5000 4.272325e+01
9318.7500 -3.223491e+01
9320.0000 2.476933e+01
9321.2500 4.047277e+01
9322.5000 -3.022636e+02
9323.7500 -1.039939e+02
9325.0000 -2.272703e+02
9326.2500 -1.228256e+02
9327.5000 5.471111e+01
9328.7500 -1.373717e+01
9330.0000 -2.568525e+00
9331.2500 -2.191468e+01
9332.5000 2.451785e+01
9333.7500 1.395790e+01
9335.0000 -2.672583e+01
9336.2500 -9.172827e+01
9337.5000 4.926517e+01
9338.7500 -6.512711e+00
9340.0000 -4.782120e+01
9341.2500 3.214916e+01
9342.5000 6.402272e+00
9343.7500 -4.394530e+01
9345.0000 -6.252887e+01
9346.2500 2.570888e+01
9347.5000 2.711559e+01
9348.7500 -5.262779e+01
9350.0000 3.556523e+01
