# original catalogue: arc_list.txt
# original data-cube: ../muse_ne/MACSJ0416_NE_DATACUBE_FINAL_caminha_zap.fits
# source ID: spock1
# number of extracted pixels: 25
# extracted position: 64.038565 -24.069939
# wavelenth[Angstrom], flux[10**(-20)*erg/s/cm**2/Angstrom]
4750.0000 8.145121e+00
4751.2500 4.868571e+01
4752.5000 1.099831e+01
4753.7500 4.441562e+01
4755.0000 5.230734e+01
4756.2500 -3.602313e+01
4757.5000 -2.241622e+01
4758.7500 2.115052e+01
4760.0000 -1.534815e+01
4761.2500 -1.808178e+01
4762.5000 5.363898e+01
4763.7500 1.565590e+01
4765.0000 5.489344e+01
4766.2500 1.984199e+01
4767.5000 1.883828e+01
4768.7500 3.754956e+01
4770.0000 3.837026e+01
4771.2500 -4.365126e+00
4772.5000 1.258559e+01
4773.7500 2.867335e+01
4775.0000 3.426902e+01
4776.2500 1.183184e+01
4777.5000 5.483715e+00
4778.7500 -6.210396e+00
4780.0000 4.499993e+01
4781.2500 2.548206e+01
4782.5000 3.727022e+01
4783.7500 4.058643e+01
4785.0000 2.387234e+01
4786.2500 2.575480e+01
4787.5000 -8.544225e-01
4788.7500 3.936170e+01
4790.0000 5.521819e+01
4791.2500 -1.004610e+00
4792.5000 1.410828e+01
4793.7500 3.647602e+01
4795.0000 1.440263e+01
4796.2500 6.683987e+01
4797.5000 2.923212e+01
4798.7500 1.782744e+01
4800.0000 6.216584e+00
4801.2500 3.695419e+01
4802.5000 3.525118e+01
4803.7500 -3.225121e-01
4805.0000 2.934400e+01
4806.2500 1.500583e+01
4807.5000 1.273480e+01
4808.7500 5.699484e+01
4810.0000 3.922992e+00
4811.2500 4.114293e+00
4812.5000 4.759572e+01
4813.7500 -3.811224e+00
4815.0000 2.168307e+01
4816.2500 9.640854e+00
4817.5000 2.367211e+01
4818.7500 1.330857e+01
4820.0000 -3.562309e+01
4821.2500 3.169726e+01
4822.5000 -2.439965e+01
4823.7500 1.075534e+00
4825.0000 -1.621238e+01
4826.2500 3.639911e+01
4827.5000 -2.235391e+01
4828.7500 3.810040e+00
4830.0000 -1.127808e+01
4831.2500 -8.683309e+00
4832.5000 -2.173178e-01
4833.7500 9.594255e+00
4835.0000 7.501870e+00
4836.2500 5.870768e+01
4837.5000 6.876048e+01
4838.7500 4.838125e+01
4840.0000 3.456585e+01
4841.2500 -2.058785e+01
4842.5000 5.962883e+00
4843.7500 6.777433e+00
4845.0000 1.664092e+01
4846.2500 -4.050061e+00
4847.5000 6.007048e+01
4848.7500 5.417909e+00
4850.0000 1.777405e+01
4851.2500 -1.981944e+01
4852.5000 9.078380e-01
4853.7500 2.638438e+01
4855.0000 -4.614962e+00
4856.2500 -5.152155e+00
4857.5000 1.865448e+00
4858.7500 1.990803e+00
4860.0000 -2.510585e+01
4861.2500 4.475359e+01
4862.5000 2.905247e+01
4863.7500 -5.506675e+00
4865.0000 1.615995e+01
4866.2500 2.892426e+00
4867.5000 2.071993e+01
4868.7500 -3.076516e+00
4870.0000 -1.619766e+00
4871.2500 1.728036e+00
4872.5000 -7.700759e+00
4873.7500 1.207970e+01
4875.0000 2.302980e+01
4876.2500 2.758118e+01
4877.5000 -6.482442e+00
4878.7500 1.895968e+01
4880.0000 8.231087e+00
4881.2500 1.168408e+01
4882.5000 6.772197e+00
4883.7500 3.753611e+01
4885.0000 2.267575e+01
4886.2500 -1.779991e+01
4887.5000 3.582625e+01
4888.7500 1.910445e+01
4890.0000 5.087348e+01
4891.2500 2.651686e+01
4892.5000 3.231307e+01
4893.7500 1.726014e+01
4895.0000 6.032141e+00
4896.2500 1.806503e+01
4897.5000 2.614256e+01
4898.7500 2.191340e+01
4900.0000 -1.062773e+01
4901.2500 2.684084e+00
4902.5000 -1.558513e+01
4903.7500 2.163814e+01
4905.0000 5.548564e+01
4906.2500 1.562805e+01
4907.5000 2.037874e+01
4908.7500 1.503871e+01
4910.0000 3.544242e+01
4911.2500 2.115715e+01
4912.5000 1.873467e+01
4913.7500 1.356086e+01
4915.0000 2.561967e+01
4916.2500 -3.235464e-01
4917.5000 9.315524e+00
4918.7500 1.661328e+01
4920.0000 3.009249e+01
4921.2500 5.489350e+01
4922.5000 -8.539039e+00
4923.7500 1.297380e+01
4925.0000 4.324685e+01
4926.2500 7.727177e+00
4927.5000 9.433935e+00
4928.7500 7.240826e+00
4930.0000 1.605509e+01
4931.2500 1.978293e+01
4932.5000 2.341434e+01
4933.7500 1.457346e+01
4935.0000 -7.300722e-01
4936.2500 1.980530e+01
4937.5000 2.745905e+01
4938.7500 -1.451640e+00
4940.0000 1.519455e+01
4941.2500 2.024755e+01
4942.5000 1.056070e+01
4943.7500 -4.379377e-01
4945.0000 2.045855e+01
4946.2500 3.408329e+01
4947.5000 1.054390e+01
4948.7500 -1.268211e+01
4950.0000 8.293861e+00
4951.2500 -1.200950e+01
4952.5000 -3.764669e+01
4953.7500 1.029239e+01
4955.0000 4.733917e+01
4956.2500 7.851816e+00
4957.5000 1.108336e+01
4958.7500 1.872167e+01
4960.0000 9.201689e+00
4961.2500 1.329975e+00
4962.5000 1.117281e+01
4963.7500 3.462114e+01
4965.0000 3.689110e+01
4966.2500 1.203503e+01
4967.5000 2.947261e+01
4968.7500 -2.840756e+00
4970.0000 1.929643e+01
4971.2500 2.860743e+01
4972.5000 2.090980e+01
4973.7500 1.590479e+01
4975.0000 2.444705e+01
4976.2500 2.748083e+00
4977.5000 1.720109e+01
4978.7500 2.047111e+01
4980.0000 1.912617e+01
4981.2500 1.532364e-02
4982.5000 3.183688e+01
4983.7500 1.327852e+01
4985.0000 -7.495942e+00
4986.2500 1.021581e+01
4987.5000 5.229886e+00
4988.7500 2.969416e+01
4990.0000 5.328095e+01
4991.2500 4.724954e-01
4992.5000 -1.020277e+01
4993.7500 4.452790e+00
4995.0000 1.468038e+01
4996.2500 8.056868e+00
4997.5000 2.568749e+01
4998.7500 -1.350084e+00
5000.0000 1.084161e+01
5001.2500 2.820542e+00
5002.5000 -2.605703e+00
5003.7500 1.426913e+01
5005.0000 1.344255e+01
5006.2500 -1.581532e+01
5007.5000 2.812047e+01
5008.7500 2.110411e+01
5010.0000 2.530915e+01
5011.2500 8.225006e+00
5012.5000 -8.590327e+00
5013.7500 1.272361e+01
5015.0000 -7.420931e+00
5016.2500 1.658879e+01
5017.5000 7.014176e+00
5018.7500 -3.651845e-01
5020.0000 1.329538e+01
5021.2500 3.769554e+01
5022.5000 1.216044e+01
5023.7500 1.629221e+01
5025.0000 5.403340e+00
5026.2500 -4.875253e+00
5027.5000 6.750714e+00
5028.7500 3.176519e+01
5030.0000 2.345692e+01
5031.2500 1.916095e+01
5032.5000 2.306897e+01
5033.7500 2.555152e+01
5035.0000 1.198015e+01
5036.2500 -5.753392e+00
5037.5000 2.597050e+01
5038.7500 1.308058e+01
5040.0000 1.224981e+01
5041.2500 -3.696699e+00
5042.5000 8.361678e+00
5043.7500 5.120693e+00
5045.0000 8.475367e+00
5046.2500 -1.407706e+01
5047.5000 1.013928e+01
5048.7500 2.863286e+01
5050.0000 9.925809e+00
5051.2500 2.363236e+01
5052.5000 3.350227e+01
5053.7500 1.161794e+01
5055.0000 6.032139e+00
5056.2500 -9.453059e+00
5057.5000 4.586065e+00
5058.7500 2.122441e+01
5060.0000 1.849725e+01
5061.2500 1.419494e+01
5062.5000 1.363587e+01
5063.7500 -1.541631e+01
5065.0000 1.917698e+01
5066.2500 4.519683e+01
5067.5000 2.638280e+01
5068.7500 2.714532e+01
5070.0000 9.355617e+00
5071.2500 2.007924e+01
5072.5000 3.403333e+01
5073.7500 2.677735e+01
5075.0000 1.303335e+01
5076.2500 5.484567e+01
5077.5000 8.167184e+00
5078.7500 6.552036e+01
5080.0000 1.771574e+00
5081.2500 -2.309427e+01
5082.5000 1.380241e+01
5083.7500 2.130038e+01
5085.0000 3.902498e+01
5086.2500 -5.442438e+00
5087.5000 8.267589e-01
5088.7500 3.448112e+01
5090.0000 1.340622e+01
5091.2500 2.403962e+01
5092.5000 1.136764e+01
5093.7500 8.235580e+00
5095.0000 1.922691e+01
5096.2500 2.618162e+01
5097.5000 1.148318e+00
5098.7500 1.305566e+01
5100.0000 5.396972e-01
5101.2500 -2.211583e+00
5102.5000 4.356210e+01
5103.7500 1.799641e+01
5105.0000 2.080735e+01
5106.2500 2.785524e+01
5107.5000 3.328227e+00
5108.7500 6.420318e+00
5110.0000 2.296694e+01
5111.2500 2.519897e+01
5112.5000 4.210297e+01
5113.7500 2.889504e+01
5115.0000 4.552874e+01
5116.2500 1.092348e+01
5117.5000 3.751740e+00
5118.7500 2.900713e+01
5120.0000 5.887440e+00
5121.2500 1.466406e+01
5122.5000 4.832008e+01
5123.7500 -6.103785e+00
5125.0000 3.611164e+00
5126.2500 2.505500e+01
5127.5000 7.435275e+00
5128.7500 6.658923e+00
5130.0000 1.309353e+01
5131.2500 9.289662e+00
5132.5000 5.552909e+00
5133.7500 3.667485e+01
5135.0000 1.318845e+01
5136.2500 2.772684e+01
5137.5000 9.279065e+00
5138.7500 3.488463e+00
5140.0000 1.519277e+01
5141.2500 6.296162e+00
5142.5000 1.197679e+01
5143.7500 1.543313e+01
5145.0000 9.266478e+00
5146.2500 -3.351234e+01
5147.5000 -7.789670e+00
5148.7500 -7.687501e+00
5150.0000 1.244099e+01
5151.2500 2.605713e+01
5152.5000 -1.236472e+01
5153.7500 6.870664e-01
5155.0000 7.858361e+00
5156.2500 1.419502e+01
5157.5000 1.847460e+01
5158.7500 -1.459195e+01
5160.0000 9.755467e+00
5161.2500 4.635373e+00
5162.5000 2.800746e+01
5163.7500 1.262750e+01
5165.0000 -1.017737e+01
5166.2500 -1.580415e+01
5167.5000 1.381340e+01
5168.7500 3.076504e+01
5170.0000 3.380264e+01
5171.2500 2.280836e+01
5172.5000 9.202036e+00
5173.7500 1.109314e+01
5175.0000 3.232139e+01
5176.2500 3.827887e+00
5177.5000 -9.701151e+00
5178.7500 -9.369300e+00
5180.0000 2.357710e+01
5181.2500 1.622987e+01
5182.5000 2.244830e+01
5183.7500 6.681164e+00
5185.0000 -2.464034e+00
5186.2500 -9.871305e+00
5187.5000 2.248012e+01
5188.7500 -3.813996e+00
5190.0000 2.538659e+01
5191.2500 2.649783e+01
5192.5000 -3.933353e+00
5193.7500 2.896273e+00
5195.0000 4.762228e+00
5196.2500 -2.014973e+00
5197.5000 5.897332e+00
5198.7500 6.612576e+00
5200.0000 2.127243e+01
5201.2500 -4.311610e+00
5202.5000 2.014795e+01
5203.7500 7.964202e+00
5205.0000 1.100676e+01
5206.2500 4.511450e+01
5207.5000 5.699360e+01
5208.7500 4.984462e+01
5210.0000 1.424319e+01
5211.2500 1.440020e+00
5212.5000 1.144731e+01
5213.7500 1.283872e+01
5215.0000 2.399719e+01
5216.2500 3.806843e+01
5217.5000 1.200911e+00
5218.7500 4.945432e+00
5220.0000 8.051591e+00
5221.2500 2.325941e+01
5222.5000 1.964630e+01
5223.7500 2.110427e+01
5225.0000 8.432596e+00
5226.2500 7.282590e+00
5227.5000 3.306248e+00
5228.7500 -1.615427e+00
5230.0000 -6.136973e+00
5231.2500 9.499612e+00
5232.5000 -1.734507e+01
5233.7500 1.359581e+01
5235.0000 3.139119e+01
5236.2500 -1.768318e+00
5237.5000 5.316846e+01
5238.7500 2.250690e+01
5240.0000 3.627308e+01
5241.2500 2.510778e+01
5242.5000 3.432183e+01
5243.7500 1.523015e+01
5245.0000 1.290459e+01
5246.2500 1.413507e+01
5247.5000 9.939089e+00
5248.7500 -9.472843e+00
5250.0000 1.876367e+01
5251.2500 1.321221e+01
5252.5000 -8.077153e+00
5253.7500 -7.235994e-01
5255.0000 1.588900e+01
5256.2500 3.626624e+01
5257.5000 1.017990e+01
5258.7500 1.215789e+01
5260.0000 -1.097189e+01
5261.2500 4.945672e+00
5262.5000 1.227074e+01
5263.7500 2.969111e+01
5265.0000 1.193247e+01
5266.2500 -1.580587e+00
5267.5000 7.381142e+00
5268.7500 2.026611e+01
5270.0000 2.102947e+01
5271.2500 3.553349e+00
5272.5000 2.285417e+01
5273.7500 1.035771e+01
5275.0000 6.853176e+00
5276.2500 -3.118582e+00
5277.5000 -5.665007e+00
5278.7500 1.934118e+01
5280.0000 1.495433e+01
5281.2500 1.659580e+01
5282.5000 8.382784e+00
5283.7500 1.739175e+00
5285.0000 3.858206e+01
5286.2500 1.120078e+01
5287.5000 1.663000e+01
5288.7500 1.765354e+01
5290.0000 2.166112e+01
5291.2500 1.429483e+01
5292.5000 4.649014e+01
5293.7500 1.440876e+01
5295.0000 2.962461e+01
5296.2500 1.420300e+01
5297.5000 2.144477e+01
5298.7500 3.429705e+01
5300.0000 2.914655e+01
5301.2500 2.841893e+01
5302.5000 4.906421e+00
5303.7500 1.816348e+01
5305.0000 1.431353e+01
5306.2500 2.758677e+01
5307.5000 2.320523e+01
5308.7500 -5.857699e+00
5310.0000 -1.318718e+01
5311.2500 5.786296e+00
5312.5000 8.747974e+00
5313.7500 -1.095924e-01
5315.0000 3.837239e+01
5316.2500 4.281558e+01
5317.5000 3.376363e+01
5318.7500 2.425884e+01
5320.0000 1.723494e+01
5321.2500 -9.413254e+00
5322.5000 2.171315e+01
5323.7500 7.299643e+00
5325.0000 4.203788e+00
5326.2500 1.511736e+01
5327.5000 1.296589e+01
5328.7500 -8.399500e+00
5330.0000 1.712096e+01
5331.2500 2.034443e+01
5332.5000 1.112075e+01
5333.7500 1.053164e+01
5335.0000 3.053678e+01
5336.2500 -1.133903e+01
5337.5000 1.842629e+01
5338.7500 -2.449400e+01
5340.0000 1.244145e+01
5341.2500 2.830707e+01
5342.5000 2.842827e+01
5343.7500 2.975803e+01
5345.0000 1.991202e+01
5346.2500 -1.380721e+01
5347.5000 -9.497389e+00
5348.7500 2.763170e+01
5350.0000 -1.356515e-01
5351.2500 1.153645e+01
5352.5000 -2.742614e+01
5353.7500 1.284737e+01
5355.0000 -1.312102e+01
5356.2500 9.065938e+00
5357.5000 -4.116276e+00
5358.7500 3.123389e+01
5360.0000 2.672471e+01
5361.2500 1.535857e+01
5362.5000 3.613739e+01
5363.7500 1.889721e+01
5365.0000 1.732564e+01
5366.2500 1.441755e+01
5367.5000 4.491186e+01
5368.7500 2.918085e+01
5370.0000 6.220950e+00
5371.2500 1.353268e+00
5372.5000 -1.009486e+01
5373.7500 1.449358e+01
5375.0000 1.914762e+01
5376.2500 2.550393e+01
5377.5000 2.301056e+01
5378.7500 3.575859e+01
5380.0000 -2.088717e+00
5381.2500 7.940958e+00
5382.5000 1.322797e+01
5383.7500 -1.435565e+01
5385.0000 -1.112159e+00
5386.2500 2.015745e+01
5387.5000 4.223611e+01
5388.7500 2.003055e+01
5390.0000 2.026654e+01
5391.2500 1.273921e+01
5392.5000 1.981483e+01
5393.7500 1.589416e+01
5395.0000 3.109011e+01
5396.2500 1.949818e+01
5397.5000 -1.021861e+01
5398.7500 -6.070003e+00
5400.0000 6.413563e+00
5401.2500 3.716090e+01
5402.5000 1.194392e+01
5403.7500 -2.229116e+00
5405.0000 2.328699e+01
5406.2500 7.425464e+00
5407.5000 2.386637e+01
5408.7500 2.110537e+01
5410.0000 2.437048e+01
5411.2500 2.046848e+01
5412.5000 3.704441e+01
5413.7500 3.217821e+01
5415.0000 2.401084e+01
5416.2500 1.585085e+00
5417.5000 1.213918e+01
5418.7500 1.318243e+01
5420.0000 1.778584e+01
5421.2500 7.998457e+00
5422.5000 1.821348e+01
5423.7500 3.045635e+01
5425.0000 1.339730e+01
5426.2500 2.366607e+01
5427.5000 1.891798e+01
5428.7500 8.928813e+00
5430.0000 2.238286e+01
5431.2500 3.283829e+01
5432.5000 1.232360e+01
5433.7500 3.106520e+01
5435.0000 1.144259e+01
5436.2500 4.149687e+00
5437.5000 7.668777e+00
5438.7500 2.058533e+01
5440.0000 1.543526e+01
5441.2500 9.841520e+00
5442.5000 -4.526320e-01
5443.7500 3.939866e+00
5445.0000 2.391203e+01
5446.2500 3.143353e+00
5447.5000 5.569510e-01
5448.7500 2.219578e+01
5450.0000 1.081973e+01
5451.2500 1.037339e+01
5452.5000 2.337977e+01
5453.7500 1.156998e+01
5455.0000 1.608936e+01
5456.2500 2.513379e+01
5457.5000 5.105691e+01
5458.7500 -7.357868e-01
5460.0000 1.759345e+00
5461.2500 5.193877e+00
5462.5000 2.049270e+01
5463.7500 2.400673e+01
5465.0000 3.168599e+00
5466.2500 1.882019e+00
5467.5000 3.813538e+01
5468.7500 2.713519e+01
5470.0000 3.334700e+01
5471.2500 1.582992e+01
5472.5000 9.611443e+00
5473.7500 2.724379e+00
5475.0000 1.092716e+01
5476.2500 1.140170e+01
5477.5000 1.312713e+01
5478.7500 4.818419e+01
5480.0000 3.211624e+01
5481.2500 1.431815e+01
5482.5000 2.187712e+01
5483.7500 -2.138597e+00
5485.0000 -3.952633e+00
5486.2500 7.483469e+00
5487.5000 -2.711330e+00
5488.7500 1.642331e+01
5490.0000 2.756854e+01
5491.2500 1.633092e+01
5492.5000 8.847132e+00
5493.7500 2.581993e+01
5495.0000 1.700297e+01
5496.2500 1.541582e+01
5497.5000 1.616123e+01
5498.7500 4.056026e+01
5500.0000 3.565281e+01
5501.2500 1.248667e+01
5502.5000 2.917698e+01
5503.7500 1.057016e+01
5505.0000 2.660203e+01
5506.2500 1.227788e+01
5507.5000 2.149299e+01
5508.7500 -3.999676e+00
5510.0000 1.468494e+01
5511.2500 4.242243e-01
5512.5000 2.378260e+01
5513.7500 -6.358648e+00
5515.0000 7.621714e+00
5516.2500 1.009684e+01
5517.5000 2.917101e+01
5518.7500 6.657358e+00
5520.0000 2.959602e+01
5521.2500 4.875105e+00
5522.5000 3.539010e+01
5523.7500 1.704808e+01
5525.0000 1.708802e+00
5526.2500 -9.374296e+00
5527.5000 -2.796088e+00
5528.7500 7.241216e+00
5530.0000 3.458793e+00
5531.2500 3.926068e+01
5532.5000 2.198035e+01
5533.7500 2.070339e+01
5535.0000 4.404240e+00
5536.2500 1.461372e+01
5537.5000 1.697797e+01
5538.7500 3.260417e+01
5540.0000 -5.277556e+00
5541.2500 -2.532214e+01
5542.5000 3.578733e+01
5543.7500 3.205453e+01
5545.0000 1.901000e+01
5546.2500 4.031895e+01
5547.5000 -2.682030e+00
5548.7500 1.244820e+01
5550.0000 -1.065440e+01
5551.2500 2.082295e+00
5552.5000 2.140605e+01
5553.7500 4.208207e+01
5555.0000 8.333141e+00
5556.2500 1.415932e+01
5557.5000 3.733952e+01
5558.7500 1.377425e+01
5560.0000 -1.372958e+01
5561.2500 1.281484e+01
5562.5000 2.384005e+01
5563.7500 3.467436e+00
5565.0000 2.085315e+01
5566.2500 4.658220e+00
5567.5000 8.143289e+00
5568.7500 2.434236e+01
5570.0000 3.124210e+01
5571.2500 -1.768224e+01
5572.5000 1.483353e+01
5573.7500 1.310775e+01
5575.0000 1.083216e+01
5576.2500 1.155058e+01
5577.5000 1.196135e+01
5578.7500 1.185850e+01
5580.0000 1.484824e+01
5581.2500 1.566271e+01
5582.5000 -5.648577e-02
5583.7500 7.544216e+00
5585.0000 6.014704e+00
5586.2500 -4.568172e+00
5587.5000 1.367262e+01
5588.7500 3.103204e+00
5590.0000 3.564271e+01
5591.2500 3.005225e+01
5592.5000 1.368180e+01
5593.7500 2.090114e+01
5595.0000 1.789903e+01
5596.2500 3.166084e+01
5597.5000 -4.527708e+00
5598.7500 3.652123e+01
5600.0000 9.383686e+00
5601.2500 7.994225e+00
5602.5000 -2.065594e+00
5603.7500 4.854178e+00
5605.0000 1.258774e+01
5606.2500 2.342362e+01
5607.5000 3.834525e+01
5608.7500 4.180299e+01
5610.0000 3.919041e+01
5611.2500 2.809201e+01
5612.5000 1.100295e+01
5613.7500 1.563927e+01
5615.0000 1.152773e+01
5616.2500 3.873110e+01
5617.5000 2.328386e+01
5618.7500 2.960321e+00
5620.0000 4.410562e+01
5621.2500 4.685531e+01
5622.5000 5.232594e+01
5623.7500 2.297600e+01
5625.0000 6.040107e+00
5626.2500 3.866759e+01
5627.5000 4.414104e+01
5628.7500 1.536944e+01
5630.0000 8.268532e+00
5631.2500 2.218828e+01
5632.5000 1.478985e+01
5633.7500 -7.981203e+00
5635.0000 1.570619e+01
5636.2500 -7.496834e+00
5637.5000 1.565219e+01
5638.7500 8.095556e+00
5640.0000 1.395563e+01
5641.2500 1.305880e+01
5642.5000 2.569452e+01
5643.7500 3.297688e+01
5645.0000 8.100574e+00
5646.2500 9.387650e+00
5647.5000 1.497185e+01
5648.7500 2.928457e+01
5650.0000 1.965383e+01
5651.2500 2.847579e+01
5652.5000 8.434302e+00
5653.7500 9.076603e+00
5655.0000 -8.149500e+00
5656.2500 1.744810e+01
5657.5000 2.265543e+01
5658.7500 1.847278e+01
5660.0000 5.078885e+01
5661.2500 4.148660e+01
5662.5000 3.617220e+00
5663.7500 3.043155e+01
5665.0000 3.508873e+01
5666.2500 1.560890e+01
5667.5000 2.083810e+01
5668.7500 1.943553e+01
5670.0000 3.837672e+01
5671.2500 1.983255e+01
5672.5000 9.369457e+00
5673.7500 -1.077230e-01
5675.0000 3.658945e+01
5676.2500 9.073267e+00
5677.5000 1.453387e+01
5678.7500 4.018943e+00
5680.0000 -5.366330e+00
5681.2500 5.639560e+00
5682.5000 3.084187e+01
5683.7500 1.413736e+01
5685.0000 1.043486e+01
5686.2500 2.992803e+01
5687.5000 3.357496e+01
5688.7500 2.617927e+01
5690.0000 5.098692e+01
5691.2500 2.758345e+01
5692.5000 3.135698e+01
5693.7500 4.087485e+01
5695.0000 1.352105e+01
5696.2500 4.276721e+00
5697.5000 1.318964e+01
5698.7500 1.483840e+01
5700.0000 1.248679e+01
5701.2500 1.723249e+01
5702.5000 3.100574e+01
5703.7500 3.020977e+01
5705.0000 -2.121682e+01
5706.2500 1.392071e+01
5707.5000 2.370783e+01
5708.7500 -9.182547e-01
5710.0000 2.121963e+01
5711.2500 6.481945e+01
5712.5000 2.163927e+01
5713.7500 2.978735e+00
5715.0000 2.706648e+01
5716.2500 2.473134e+00
5717.5000 1.029085e+01
5718.7500 1.338258e+01
5720.0000 2.421591e+01
5721.2500 8.386207e-01
5722.5000 1.804079e+01
5723.7500 6.793514e+00
5725.0000 7.303964e+00
5726.2500 1.116534e+01
5727.5000 2.618230e+01
5728.7500 2.253387e+01
5730.0000 2.919522e+01
5731.2500 2.957622e+01
5732.5000 8.183242e+00
5733.7500 2.317697e+01
5735.0000 1.722233e+01
5736.2500 3.128358e+01
5737.5000 3.248481e+01
5738.7500 2.380939e+01
5740.0000 2.534197e+01
5741.2500 2.052387e+01
5742.5000 2.735247e+01
5743.7500 1.362850e+01
5745.0000 8.435288e+00
5746.2500 1.527177e+01
5747.5000 1.894816e+01
5748.7500 1.891483e+01
5750.0000 -1.666274e+01
5751.2500 -6.230747e+00
5752.5000 2.646746e+01
5753.7500 1.646073e+01
5755.0000 2.815896e+01
5756.2500 2.017768e+01
5757.5000 4.814214e+01
5758.7500 1.940697e+01
5760.0000 4.593326e+01
5761.2500 1.038600e+01
5762.5000 1.959704e+01
5763.7500 3.866216e+01
5765.0000 3.277519e+01
5766.2500 2.726992e+01
5767.5000 2.682224e+01
5768.7500 1.586847e+01
5770.0000 2.391378e+01
5771.2500 7.172221e+00
5772.5000 2.890853e+01
5773.7500 3.183220e+01
5775.0000 3.730590e+01
5776.2500 1.367444e+01
5777.5000 2.132484e+01
5778.7500 3.119250e+01
5780.0000 2.013398e+01
5781.2500 1.730034e+01
5782.5000 3.513489e+01
5783.7500 3.098274e+01
5785.0000 1.860537e+01
5786.2500 1.122677e+00
5787.5000 7.036467e+00
5788.7500 2.747927e+01
5790.0000 3.117448e+01
5791.2500 3.322147e+01
5792.5000 3.485839e+01
5793.7500 9.869750e+00
5795.0000 3.466586e+01
5796.2500 8.824826e+00
5797.5000 -7.809524e+00
5798.7500 1.131660e+01
5800.0000 1.389949e+01
5801.2500 3.575165e+01
5802.5000 1.669083e+01
5803.7500 -5.693403e+00
5805.0000 -1.438014e+01
5806.2500 2.562227e+01
5807.5000 8.012734e+00
5808.7500 2.672260e+01
5810.0000 2.407691e+01
5811.2500 2.520468e+01
5812.5000 2.562720e+01
5813.7500 4.023444e+00
5815.0000 2.252274e+01
5816.2500 2.080021e+01
5817.5000 1.780844e+01
5818.7500 1.466522e+01
5820.0000 1.467811e+01
5821.2500 2.790806e+01
5822.5000 9.340900e+00
5823.7500 4.481284e+01
5825.0000 1.040680e+01
5826.2500 2.985419e+01
5827.5000 1.523059e+01
5828.7500 5.062694e+01
5830.0000 2.322462e+01
5831.2500 5.540505e+01
5832.5000 7.272062e+00
5833.7500 -5.923171e+00
5835.0000 2.549308e+01
5836.2500 2.923309e+01
5837.5000 2.640648e+01
5838.7500 2.133182e+01
5840.0000 1.242735e+01
5841.2500 1.298151e+01
5842.5000 2.457242e+01
5843.7500 1.015021e+01
5845.0000 8.678653e+00
5846.2500 3.132778e+01
5847.5000 1.983936e+01
5848.7500 1.274771e+01
5850.0000 2.104386e+01
5851.2500 1.126933e+01
5852.5000 2.476694e+01
5853.7500 1.878495e+01
5855.0000 1.551690e+01
5856.2500 1.695997e+00
5857.5000 2.729959e+01
5858.7500 2.686036e+01
5860.0000 2.767569e+01
5861.2500 7.772927e+00
5862.5000 2.241028e+01
5863.7500 1.202452e+01
5865.0000 4.044117e+01
5866.2500 4.292844e+00
5867.5000 -4.617732e-01
5868.7500 7.124266e+00
5870.0000 2.025873e+01
5871.2500 8.769711e+00
5872.5000 1.369257e+01
5873.7500 1.467664e+01
5875.0000 1.987889e+00
5876.2500 2.655852e+01
5877.5000 3.128444e+01
5878.7500 3.210467e+01
5880.0000 3.872757e+00
5881.2500 2.011654e+01
5882.5000 3.511614e+01
5883.7500 3.877345e+01
5885.0000 8.780794e+00
5886.2500 2.398374e+00
5887.5000 1.122001e+01
5888.7500 1.718061e+01
5890.0000 1.576628e+01
5891.2500 2.891504e+01
5892.5000 2.854559e+01
5893.7500 2.495909e+01
5895.0000 9.770036e+00
5896.2500 1.637352e+01
5897.5000 1.591806e+01
5898.7500 2.204328e+01
5900.0000 1.491297e+01
5901.2500 1.482997e+01
5902.5000 2.025208e+01
5903.7500 1.544923e+01
5905.0000 1.686731e+01
5906.2500 1.356509e+01
5907.5000 1.039134e+01
5908.7500 2.152536e+01
5910.0000 1.634384e+01
5911.2500 4.593468e-01
5912.5000 2.256644e+01
5913.7500 1.054985e+01
5915.0000 -8.682137e+00
5916.2500 7.983799e+00
5917.5000 5.900920e+00
5918.7500 -2.183802e+01
5920.0000 7.848336e+00
5921.2500 2.496090e+01
5922.5000 7.673264e+00
5923.7500 1.579877e+01
5925.0000 4.929921e+00
5926.2500 1.508261e+00
5927.5000 2.001027e+01
5928.7500 1.559739e+01
5930.0000 1.757839e+01
5931.2500 2.113555e+01
5932.5000 1.427624e+01
5933.7500 2.670478e+01
5935.0000 -5.925070e+00
5936.2500 2.605579e+01
5937.5000 3.527842e+01
5938.7500 1.615005e+01
5940.0000 2.313535e+01
5941.2500 1.445216e+01
5942.5000 3.497993e+01
5943.7500 8.567974e+00
5945.0000 2.074327e+00
5946.2500 2.426266e+01
5947.5000 3.035954e+01
5948.7500 2.938901e+01
5950.0000 1.066958e+01
5951.2500 1.196839e+01
5952.5000 8.426720e+00
5953.7500 -1.578635e+00
5955.0000 -2.799962e+00
5956.2500 2.889465e+01
5957.5000 2.401307e+01
5958.7500 2.830013e+01
5960.0000 2.158609e+01
5961.2500 1.403143e+01
5962.5000 3.598325e+01
5963.7500 2.155422e+01
5965.0000 1.384411e+01
5966.2500 2.911732e+01
5967.5000 1.785159e+01
5968.7500 8.237737e-02
5970.0000 1.522125e+00
5971.2500 2.125711e+01
5972.5000 1.051081e+01
5973.7500 -8.847403e+00
5975.0000 3.447273e+01
5976.2500 2.190849e+01
5977.5000 2.989810e+01
5978.7500 1.615346e+01
5980.0000 2.755234e+00
5981.2500 9.766665e+00
5982.5000 5.504893e+00
5983.7500 2.709239e+01
5985.0000 1.502764e+01
5986.2500 2.546859e+01
5987.5000 4.998908e+01
5988.7500 1.710663e+01
5990.0000 3.065363e+01
5991.2500 5.354912e+01
5992.5000 2.911763e+01
5993.7500 1.342439e+01
5995.0000 2.035319e+01
5996.2500 2.073458e+01
5997.5000 -6.520245e+00
5998.7500 -4.055354e+00
6000.0000 3.724495e+01
6001.2500 -1.409650e+01
6002.5000 2.259283e+01
6003.7500 1.375411e+01
6005.0000 2.188946e+01
6006.2500 -2.231131e+00
6007.5000 1.047299e+01
6008.7500 1.461335e+01
6010.0000 2.071764e+01
6011.2500 1.793232e+01
6012.5000 2.836709e+00
6013.7500 -1.585155e+00
6015.0000 -6.304713e+00
6016.2500 6.913950e+00
6017.5000 1.204552e+01
6018.7500 1.796391e+01
6020.0000 7.055017e+00
6021.2500 3.314756e+01
6022.5000 2.043774e+01
6023.7500 1.362336e+01
6025.0000 2.647172e+01
6026.2500 9.156024e+00
6027.5000 1.180262e+01
6028.7500 4.949907e+00
6030.0000 2.867993e+01
6031.2500 1.289172e+01
6032.5000 1.883679e+01
6033.7500 9.132771e+00
6035.0000 7.657990e+00
6036.2500 1.371711e+00
6037.5000 2.277259e+01
6038.7500 1.321968e+01
6040.0000 2.371212e+01
6041.2500 3.079909e+01
6042.5000 2.388096e+01
6043.7500 2.076973e+01
6045.0000 2.925405e+01
6046.2500 2.790192e+01
6047.5000 1.478087e+01
6048.7500 1.229255e+00
6050.0000 -4.667592e+00
6051.2500 1.068809e+01
6052.5000 1.792286e+01
6053.7500 2.147758e+01
6055.0000 3.780429e+01
6056.2500 9.464652e+00
6057.5000 -6.498785e-01
6058.7500 1.380150e+01
6060.0000 1.371121e-02
6061.2500 2.923061e+01
6062.5000 1.266781e+01
6063.7500 1.353590e+01
6065.0000 1.679086e+01
6066.2500 1.592626e+00
6067.5000 -1.503050e+01
6068.7500 3.132340e+01
6070.0000 1.038122e+01
6071.2500 -4.765540e+00
6072.5000 8.523037e+00
6073.7500 4.457536e+00
6075.0000 3.502010e+01
6076.2500 3.160263e+01
6077.5000 1.537084e+01
6078.7500 5.811196e+00
6080.0000 2.646676e+01
6081.2500 2.546703e+01
6082.5000 2.877867e+01
6083.7500 1.783800e+01
6085.0000 1.034127e+01
6086.2500 5.241289e+00
6087.5000 2.543474e+01
6088.7500 1.042904e+01
6090.0000 1.611824e+01
6091.2500 2.878003e+01
6092.5000 1.291428e+01
6093.7500 1.585931e+01
6095.0000 1.940667e+01
6096.2500 2.038002e+01
6097.5000 1.683911e+00
6098.7500 -4.548233e+00
6100.0000 1.998928e+01
6101.2500 2.457712e+01
6102.5000 2.127762e+01
6103.7500 5.662080e+00
6105.0000 4.235762e+01
6106.2500 5.941676e+00
6107.5000 1.074331e+01
6108.7500 1.280347e+01
6110.0000 2.181158e+01
6111.2500 -1.034812e+01
6112.5000 2.594312e+01
6113.7500 3.766069e+01
6115.0000 1.501923e+01
6116.2500 1.585588e+01
6117.5000 2.763856e+01
6118.7500 3.682861e+01
6120.0000 1.857470e+01
6121.2500 1.352060e+01
6122.5000 9.395938e+00
6123.7500 1.979259e+01
6125.0000 3.114296e+01
6126.2500 1.679173e+01
6127.5000 2.471059e+01
6128.7500 6.904060e+00
6130.0000 1.086654e+01
6131.2500 1.117563e+01
6132.5000 8.682846e+00
6133.7500 1.897546e+01
6135.0000 3.399783e+01
6136.2500 3.145579e+01
6137.5000 2.747442e+01
6138.7500 8.018155e+00
6140.0000 3.137165e+01
6141.2500 1.381388e+01
6142.5000 2.884524e+01
6143.7500 2.099402e+01
6145.0000 2.193283e+01
6146.2500 1.253471e+01
6147.5000 1.982214e+01
6148.7500 1.094347e+01
6150.0000 1.676767e+01
6151.2500 1.543340e+01
6152.5000 1.003541e+01
6153.7500 7.883030e+00
6155.0000 3.128472e+01
6156.2500 3.146316e+01
6157.5000 3.238483e+00
6158.7500 1.347916e+01
6160.0000 3.032463e+01
6161.2500 2.456397e+01
6162.5000 2.648382e+01
6163.7500 7.641485e+00
6165.0000 1.234271e+01
6166.2500 2.913830e+00
6167.5000 1.216953e+01
6168.7500 2.480776e+01
6170.0000 8.118368e+00
6171.2500 -1.965022e+01
6172.5000 -1.549863e+01
6173.7500 2.443028e+01
6175.0000 2.860428e+01
6176.2500 9.121752e+00
6177.5000 3.643770e+00
6178.7500 1.374303e+01
6180.0000 6.692114e+00
6181.2500 1.950967e+01
6182.5000 1.440567e+01
6183.7500 1.860561e+01
6185.0000 3.255786e+01
6186.2500 2.392097e+01
6187.5000 6.017164e+00
6188.7500 3.291177e+01
6190.0000 7.191824e+00
6191.2500 3.898507e-01
6192.5000 8.900087e+00
6193.7500 1.611050e+01
6195.0000 2.548460e+01
6196.2500 2.660027e+01
6197.5000 2.056910e+01
6198.7500 3.666985e+01
6200.0000 3.939973e+00
6201.2500 3.091038e+01
6202.5000 1.712880e+01
6203.7500 1.594767e+01
6205.0000 1.441343e+01
6206.2500 3.445383e+01
6207.5000 1.243616e+01
6208.7500 1.002380e+01
6210.0000 4.069953e+01
6211.2500 9.421159e+00
6212.5000 1.958181e+01
6213.7500 3.456614e+01
6215.0000 1.865509e+01
6216.2500 1.771863e+01
6217.5000 2.946717e+01
6218.7500 6.921741e+00
6220.0000 4.101284e+01
6221.2500 3.221024e+01
6222.5000 7.303638e+00
6223.7500 3.906674e+00
6225.0000 2.739100e+01
6226.2500 1.794542e+01
6227.5000 3.443723e+01
6228.7500 2.086006e+01
6230.0000 3.991083e+01
6231.2500 -2.288537e+00
6232.5000 1.452691e+01
6233.7500 -2.435063e+01
6235.0000 2.529814e+01
6236.2500 -1.754592e+00
6237.5000 -9.401613e+00
6238.7500 1.001008e+01
6240.0000 2.315816e+01
6241.2500 2.021548e+01
6242.5000 2.377776e+01
6243.7500 1.796112e+01
6245.0000 1.654886e+01
6246.2500 9.992614e+00
6247.5000 2.478897e+01
6248.7500 3.023193e+01
6250.0000 1.493689e+01
6251.2500 3.307331e+01
6252.5000 1.801500e+01
6253.7500 1.390419e+01
6255.0000 4.623953e+00
6256.2500 -7.471708e+00
6257.5000 2.868903e+01
6258.7500 -1.980297e+01
6260.0000 4.873981e+00
6261.2500 2.794065e+01
6262.5000 3.039125e+01
6263.7500 5.538211e-01
6265.0000 2.064293e+01
6266.2500 -2.798747e+00
6267.5000 3.138654e+01
6268.7500 8.832644e+00
6270.0000 2.884193e+01
6271.2500 4.048597e+01
6272.5000 -1.787642e+00
6273.7500 7.191340e+00
6275.0000 3.173451e+01
6276.2500 -3.851611e+00
6277.5000 1.113633e+01
6278.7500 1.333802e+00
6280.0000 5.844139e+00
6281.2500 3.234418e+01
6282.5000 3.446235e+01
6283.7500 7.138281e-01
6285.0000 2.011520e+01
6286.2500 1.213297e+01
6287.5000 2.011507e+01
6288.7500 2.177526e+01
6290.0000 3.900224e+01
6291.2500 1.749543e+01
6292.5000 3.143229e+01
6293.7500 2.842051e+01
6295.0000 8.005089e+00
6296.2500 1.359205e+01
6297.5000 1.938548e+00
6298.7500 1.749950e+01
6300.0000 1.409129e+01
6301.2500 2.045545e+01
6302.5000 -1.108213e+00
6303.7500 2.288268e+01
6305.0000 1.720522e+01
6306.2500 2.773405e+01
6307.5000 -4.354030e+00
6308.7500 9.258370e+00
6310.0000 3.520061e+01
6311.2500 4.204605e+01
6312.5000 3.077589e+01
6313.7500 1.390302e+01
6315.0000 2.703878e+01
6316.2500 2.242003e+01
6317.5000 9.176013e+00
6318.7500 1.524914e+01
6320.0000 2.083592e-01
6321.2500 1.732882e+01
6322.5000 5.118309e+00
6323.7500 1.008598e+01
6325.0000 2.158772e+01
6326.2500 2.588584e+01
6327.5000 -8.786275e-01
6328.7500 -1.307475e+01
6330.0000 -2.607912e+01
6331.2500 1.913219e+00
6332.5000 2.040645e+01
6333.7500 2.133778e+01
6335.0000 2.875364e+01
6336.2500 4.143129e+01
6337.5000 6.704895e+00
6338.7500 1.100953e+01
6340.0000 1.551897e+01
6341.2500 1.951214e+01
6342.5000 2.482644e+01
6343.7500 2.744353e+01
6345.0000 2.107501e+01
6346.2500 1.313115e+01
6347.5000 9.835424e+00
6348.7500 2.248449e+01
6350.0000 9.089508e+00
6351.2500 1.631895e+00
6352.5000 3.144965e+00
6353.7500 1.842328e+01
6355.0000 -5.989727e+00
6356.2500 -1.166632e+01
6357.5000 -2.033475e+00
6358.7500 7.839490e+00
6360.0000 1.642417e+01
6361.2500 2.371226e+01
6362.5000 -5.584508e+00
6363.7500 2.177026e+01
6365.0000 -8.971943e-01
6366.2500 5.411868e-01
6367.5000 2.835290e+00
6368.7500 1.412772e+01
6370.0000 2.558981e+01
6371.2500 8.381456e+00
6372.5000 1.101206e+01
6373.7500 2.347088e+01
6375.0000 1.788817e+01
6376.2500 6.775220e+00
6377.5000 2.527332e+01
6378.7500 7.578570e+00
6380.0000 -5.152213e+00
6381.2500 1.896604e+01
6382.5000 3.299136e+01
6383.7500 2.503382e+01
6385.0000 2.659762e+01
6386.2500 -3.780683e+00
6387.5000 8.723578e+00
6388.7500 1.141248e+01
6390.0000 1.082031e+01
6391.2500 9.080038e+00
6392.5000 1.285096e+01
6393.7500 1.745214e+01
6395.0000 2.957501e+01
6396.2500 2.078624e+01
6397.5000 1.483928e+01
6398.7500 2.328996e+01
6400.0000 8.116438e+00
6401.2500 2.266146e+01
6402.5000 1.490666e+01
6403.7500 1.949524e+01
6405.0000 1.448943e+01
6406.2500 2.200313e+01
6407.5000 3.377259e+01
6408.7500 3.634367e+01
6410.0000 2.407019e+01
6411.2500 3.651498e+01
6412.5000 2.548567e+01
6413.7500 1.460952e+01
6415.0000 -1.913309e+00
6416.2500 -2.020487e+00
6417.5000 1.968815e+01
6418.7500 1.517885e+01
6420.0000 2.792428e+01
6421.2500 7.784737e+00
6422.5000 7.919417e+00
6423.7500 1.297126e+01
6425.0000 1.950164e+01
6426.2500 2.068566e+01
6427.5000 3.180083e+01
6428.7500 1.583639e+01
6430.0000 2.362255e+01
6431.2500 4.096527e+01
6432.5000 -4.473901e+00
6433.7500 2.207289e+01
6435.0000 4.636996e+01
6436.2500 2.317781e+01
6437.5000 1.823513e+01
6438.7500 5.787913e+00
6440.0000 1.676511e+01
6441.2500 2.552335e+01
6442.5000 8.526028e+00
6443.7500 1.955808e+01
6445.0000 9.902815e+00
6446.2500 1.928991e+01
6447.5000 3.039847e+01
6448.7500 1.724901e+01
6450.0000 1.835498e+01
6451.2500 1.156802e+01
6452.5000 2.340105e+01
6453.7500 2.595954e+01
6455.0000 2.901369e+01
6456.2500 3.965522e+01
6457.5000 3.640902e+01
6458.7500 1.796181e+01
6460.0000 2.257209e+00
6461.2500 2.438731e+01
6462.5000 1.160364e+01
6463.7500 -3.965349e+00
6465.0000 3.557712e+01
6466.2500 1.274791e+01
6467.5000 3.149997e+00
6468.7500 1.081234e+01
6470.0000 3.449834e+01
6471.2500 2.343835e+00
6472.5000 1.783576e+01
6473.7500 4.486587e+00
6475.0000 3.128776e+01
6476.2500 3.395951e+01
6477.5000 1.893617e+01
6478.7500 6.316930e+00
6480.0000 2.256061e+01
6481.2500 3.705217e+01
6482.5000 2.742558e+01
6483.7500 1.764251e+01
6485.0000 2.555395e+01
6486.2500 1.662283e+01
6487.5000 1.944756e+01
6488.7500 1.516825e+01
6490.0000 3.220584e+01
6491.2500 1.711318e+01
6492.5000 3.511616e+01
6493.7500 9.050265e+00
6495.0000 -8.603406e-01
6496.2500 1.730168e+01
6497.5000 4.073419e+01
6498.7500 1.205072e+01
6500.0000 -2.571893e+01
6501.2500 1.206403e+01
6502.5000 1.536396e+01
6503.7500 1.709415e+01
6505.0000 1.697996e+01
6506.2500 1.414531e+01
6507.5000 1.492029e+01
6508.7500 1.755804e+01
6510.0000 2.410541e+01
6511.2500 4.139709e+00
6512.5000 2.628951e+01
6513.7500 1.803509e+01
6515.0000 2.156910e+01
6516.2500 3.185964e+01
6517.5000 2.894741e+01
6518.7500 4.554881e+00
6520.0000 -3.294892e+00
6521.2500 2.029015e+01
6522.5000 3.408421e+01
6523.7500 5.707324e+00
6525.0000 6.701084e+00
6526.2500 2.513782e+01
6527.5000 3.013104e+01
6528.7500 1.073132e+01
6530.0000 1.121680e+01
6531.2500 2.591744e+01
6532.5000 3.435832e+01
6533.7500 3.671768e+01
6535.0000 2.607844e+00
6536.2500 2.819045e+00
6537.5000 2.896321e+01
6538.7500 8.960807e+00
6540.0000 2.533830e+01
6541.2500 1.607634e+01
6542.5000 1.177713e+01
6543.7500 1.706244e+01
6545.0000 -5.004613e+00
6546.2500 1.587766e+01
6547.5000 2.766104e+01
6548.7500 3.093313e+01
6550.0000 7.088191e+00
6551.2500 1.354192e+01
6552.5000 2.248215e+01
6553.7500 5.269230e+00
6555.0000 -6.373050e+00
6556.2500 1.743016e+01
6557.5000 3.821948e+01
6558.7500 3.586887e+01
6560.0000 8.994135e+00
6561.2500 1.212352e+01
6562.5000 -7.459114e+00
6563.7500 1.734718e+01
6565.0000 6.700939e+00
6566.2500 9.336443e+00
6567.5000 1.193561e+01
6568.7500 3.776349e+01
6570.0000 2.397098e+01
6571.2500 1.510160e+01
6572.5000 4.327928e+00
6573.7500 1.293374e+01
6575.0000 1.795694e+00
6576.2500 2.944502e+01
6577.5000 4.527749e+01
6578.7500 -1.127136e+00
6580.0000 2.160032e+01
6581.2500 1.932206e+01
6582.5000 2.674479e+01
6583.7500 3.034152e+01
6585.0000 1.624922e+01
6586.2500 9.257907e+00
6587.5000 1.905112e+01
6588.7500 2.724299e+01
6590.0000 3.267840e+01
6591.2500 1.092497e+01
6592.5000 3.014646e+01
6593.7500 2.244711e+01
6595.0000 5.682479e+00
6596.2500 2.685445e+01
6597.5000 2.170038e+01
6598.7500 1.445388e+01
6600.0000 1.742110e+01
6601.2500 9.941158e+00
6602.5000 -6.413977e+00
6603.7500 3.096347e+01
6605.0000 -1.654152e+00
6606.2500 1.444210e+01
6607.5000 1.826487e+01
6608.7500 1.548353e+01
6610.0000 1.519522e+01
6611.2500 1.757393e+01
6612.5000 1.799999e+01
6613.7500 3.330981e+01
6615.0000 1.177937e+01
6616.2500 1.859698e+01
6617.5000 1.010075e+01
6618.7500 2.734610e+01
6620.0000 2.319085e+01
6621.2500 1.108663e+01
6622.5000 1.860826e+01
6623.7500 3.356930e+01
6625.0000 2.273762e+01
6626.2500 1.260036e+01
6627.5000 3.030674e+01
6628.7500 9.979410e+00
6630.0000 1.422661e+01
6631.2500 1.027504e+01
6632.5000 1.617298e+01
6633.7500 1.319904e+01
6635.0000 1.735921e+01
6636.2500 3.160726e+01
6637.5000 3.290551e+01
6638.7500 6.028034e+00
6640.0000 2.334367e+01
6641.2500 2.652880e+01
6642.5000 2.491831e+01
6643.7500 4.819115e+00
6645.0000 2.874896e+01
6646.2500 1.212141e+01
6647.5000 1.182369e+01
6648.7500 1.978075e+01
6650.0000 2.302793e+01
6651.2500 2.128888e+01
6652.5000 1.525750e+01
6653.7500 8.280361e+00
6655.0000 2.451496e+01
6656.2500 2.110320e+01
6657.5000 2.145663e+01
6658.7500 1.308244e+01
6660.0000 1.998962e+01
6661.2500 1.555539e+01
6662.5000 1.660238e+01
6663.7500 1.530631e+01
6665.0000 2.955009e+01
6666.2500 1.818116e+01
6667.5000 2.968561e+01
6668.7500 1.409477e+01
6670.0000 2.495438e+01
6671.2500 1.338864e+01
6672.5000 8.128527e+00
6673.7500 2.690496e+01
6675.0000 1.515110e+01
6676.2500 1.720963e+01
6677.5000 2.020821e+01
6678.7500 2.008240e+01
6680.0000 2.066180e+01
6681.2500 1.968070e+01
6682.5000 2.588417e+01
6683.7500 1.944713e+01
6685.0000 1.525049e+01
6686.2500 3.081067e+01
6687.5000 2.606649e+01
6688.7500 1.757888e+01
6690.0000 2.816497e+01
6691.2500 2.018319e+01
6692.5000 2.329767e+01
6693.7500 2.040964e+01
6695.0000 2.740306e+01
6696.2500 1.122276e+01
6697.5000 1.785812e+01
6698.7500 2.103758e+01
6700.0000 6.318017e+00
6701.2500 2.422217e+01
6702.5000 2.635421e+01
6703.7500 3.432444e+01
6705.0000 1.506043e+01
6706.2500 9.825716e+00
6707.5000 1.252036e+01
6708.7500 2.327699e+01
6710.0000 1.981382e+01
6711.2500 2.002486e+01
6712.5000 1.291626e+01
6713.7500 1.931124e+01
6715.0000 2.206846e+01
6716.2500 1.946671e+01
6717.5000 2.856973e+01
6718.7500 2.653452e+01
6720.0000 1.218714e+01
6721.2500 1.932070e+01
6722.5000 2.740322e+01
6723.7500 2.547604e+01
6725.0000 2.048939e+01
6726.2500 1.205987e+01
6727.5000 1.488551e+01
6728.7500 1.936460e+01
6730.0000 1.347566e+01
6731.2500 1.835282e+01
6732.5000 1.023776e+01
6733.7500 1.460705e+01
6735.0000 1.502203e+01
6736.2500 1.298127e+01
6737.5000 1.875062e+01
6738.7500 3.573491e+01
6740.0000 3.270329e+00
6741.2500 4.108939e+00
6742.5000 1.285806e+01
6743.7500 1.856661e+01
6745.0000 6.486334e+00
6746.2500 1.621086e+01
6747.5000 1.533367e+01
6748.7500 3.210840e+01
6750.0000 2.976027e+01
6751.2500 1.019633e+01
6752.5000 7.150914e+00
6753.7500 1.280613e+01
6755.0000 8.600175e+00
6756.2500 1.600536e+01
6757.5000 3.817106e+01
6758.7500 1.945509e+01
6760.0000 1.508172e+01
6761.2500 4.445841e+00
6762.5000 1.526100e+01
6763.7500 1.437403e+01
6765.0000 3.039286e+01
6766.2500 1.709627e+01
6767.5000 2.482963e+01
6768.7500 2.363181e+01
6770.0000 8.535318e+00
6771.2500 2.431770e+01
6772.5000 3.879352e+01
6773.7500 2.020554e+01
6775.0000 2.247301e+01
6776.2500 1.708443e+01
6777.5000 3.116666e+01
6778.7500 2.430404e+01
6780.0000 2.261065e+01
6781.2500 1.752972e+01
6782.5000 1.660293e+01
6783.7500 4.206737e+01
6785.0000 3.483828e+01
6786.2500 2.970799e+01
6787.5000 3.109421e+01
6788.7500 2.824985e+01
6790.0000 3.186914e+01
6791.2500 2.711896e+01
6792.5000 3.438402e+01
6793.7500 1.000419e+01
6795.0000 1.692915e+01
6796.2500 1.355058e+01
6797.5000 1.826044e+01
6798.7500 1.875705e+01
6800.0000 2.582201e+01
6801.2500 2.031351e+01
6802.5000 2.687413e+01
6803.7500 1.251677e+01
6805.0000 9.143895e+00
6806.2500 3.993812e+01
6807.5000 5.682823e+00
6808.7500 1.819435e+01
6810.0000 1.269979e+01
6811.2500 1.907544e+01
6812.5000 2.448158e+01
6813.7500 1.320665e+01
6815.0000 2.098884e+01
6816.2500 1.926879e+01
6817.5000 1.701454e+01
6818.7500 1.139076e+01
6820.0000 2.551236e+01
6821.2500 1.875978e+01
6822.5000 1.321687e+01
6823.7500 6.289284e+00
6825.0000 2.965526e+01
6826.2500 2.951269e+01
6827.5000 -1.279889e+01
6828.7500 4.154135e+01
6830.0000 3.202238e+01
6831.2500 -1.202266e+01
6832.5000 2.851414e+01
6833.7500 -3.163727e+01
6835.0000 3.166669e+00
6836.2500 3.427860e+01
6837.5000 1.895732e+01
6838.7500 3.672606e+00
6840.0000 7.687251e+00
6841.2500 1.540588e+01
6842.5000 2.685105e+01
6843.7500 2.483967e+01
6845.0000 2.068324e+01
6846.2500 5.098331e+00
6847.5000 9.105334e+00
6848.7500 1.612556e+01
6850.0000 3.194975e+01
6851.2500 2.055248e+01
6852.5000 2.490594e+01
6853.7500 1.892025e+01
6855.0000 1.895518e+01
6856.2500 1.877629e+01
6857.5000 3.150564e+01
6858.7500 1.565886e+01
6860.0000 1.203939e+01
6861.2500 -1.186185e+01
6862.5000 1.020696e+01
6863.7500 1.796080e+01
6865.0000 2.761475e+01
6866.2500 3.213918e+01
6867.5000 1.773494e+01
6868.7500 1.514440e+01
6870.0000 2.432360e+01
6871.2500 5.578300e+01
6872.5000 6.077533e+00
6873.7500 3.099460e+01
6875.0000 2.421140e+01
6876.2500 2.092082e+01
6877.5000 3.038152e+01
6878.7500 1.619755e+01
6880.0000 1.554125e+01
6881.2500 2.907175e+01
6882.5000 4.806490e+01
6883.7500 1.524180e+01
6885.0000 3.732870e+01
6886.2500 2.642127e+01
6887.5000 1.286689e+01
6888.7500 3.054527e+01
6890.0000 6.615498e+00
6891.2500 1.588104e+01
6892.5000 2.982312e+01
6893.7500 3.871202e+01
6895.0000 5.295018e+00
6896.2500 -1.386634e+00
6897.5000 2.302519e+01
6898.7500 3.214756e+01
6900.0000 4.968446e+01
6901.2500 -1.035419e+01
6902.5000 2.741615e+01
6903.7500 1.763170e+00
6905.0000 3.354812e+01
6906.2500 1.867655e+01
6907.5000 1.522032e+01
6908.7500 1.884690e+01
6910.0000 2.505849e+01
6911.2500 2.971145e+01
6912.5000 1.298967e+01
6913.7500 -3.336529e+00
6915.0000 1.752267e+01
6916.2500 2.695152e+01
6917.5000 2.352452e+01
6918.7500 3.310171e+01
6920.0000 2.938566e+01
6921.2500 2.145139e+01
6922.5000 2.161573e+01
6923.7500 -1.066035e+01
6925.0000 -9.111062e+00
6926.2500 1.813840e+01
6927.5000 2.611508e+01
6928.7500 2.006065e+01
6930.0000 1.121903e+01
6931.2500 4.076607e+01
6932.5000 2.578444e+01
6933.7500 3.850196e+01
6935.0000 1.920026e+01
6936.2500 2.374615e+01
6937.5000 2.693944e+01
6938.7500 1.774998e+01
6940.0000 3.640652e+01
6941.2500 7.859345e+00
6942.5000 1.867226e+01
6943.7500 6.297026e+00
6945.0000 1.386766e+01
6946.2500 1.990135e+01
6947.5000 5.688529e+00
6948.7500 2.576796e+01
6950.0000 -2.104548e+01
6951.2500 1.683408e+01
6952.5000 6.392524e+00
6953.7500 -2.410189e+00
6955.0000 1.195700e+01
6956.2500 8.332611e+00
6957.5000 1.549690e+01
6958.7500 2.256367e+01
6960.0000 1.353971e+01
6961.2500 1.881615e+01
6962.5000 1.668055e+01
6963.7500 1.489375e+01
6965.0000 1.904869e+01
6966.2500 -2.304036e-01
6967.5000 1.460550e+01
6968.7500 1.599291e+01
6970.0000 2.343628e+01
6971.2500 2.020284e+01
6972.5000 1.866608e+01
6973.7500 3.002837e+01
6975.0000 2.473781e+01
6976.2500 3.129705e+00
6977.5000 3.584362e+00
6978.7500 4.971220e+01
6980.0000 1.632382e+01
6981.2500 6.740541e+00
6982.5000 2.865089e+01
6983.7500 1.804486e+01
6985.0000 1.766116e+01
6986.2500 1.318193e+01
6987.5000 1.565490e+01
6988.7500 9.593878e+00
6990.0000 2.376860e+01
6991.2500 1.733658e+01
6992.5000 1.191929e+01
6993.7500 1.559638e+01
6995.0000 2.428878e+01
6996.2500 2.902884e+01
6997.5000 2.902181e+01
6998.7500 3.026162e+01
7000.0000 2.729894e+01
7001.2500 2.994801e+01
7002.5000 2.871401e+01
7003.7500 3.328227e+01
7005.0000 5.887867e+00
7006.2500 2.037552e+01
7007.5000 2.273291e+01
7008.7500 -6.474781e+00
7010.0000 1.266396e+01
7011.2500 2.563486e+01
7012.5000 2.791996e+01
7013.7500 2.384963e+01
7015.0000 1.375311e+01
7016.2500 1.889652e+01
7017.5000 1.376827e+01
7018.7500 2.301885e+01
7020.0000 2.257303e+01
7021.2500 1.409878e+01
7022.5000 4.369388e+00
7023.7500 1.764532e+01
7025.0000 2.132571e+01
7026.2500 3.059053e+01
7027.5000 1.131510e+01
7028.7500 3.024036e+01
7030.0000 1.130409e+01
7031.2500 8.036980e+00
7032.5000 1.277266e+01
7033.7500 3.193491e+01
7035.0000 3.333765e+01
7036.2500 1.878403e+01
7037.5000 1.623949e+01
7038.7500 1.879755e+01
7040.0000 2.415152e+01
7041.2500 2.528236e+01
7042.5000 2.609867e+01
7043.7500 1.398323e+01
7045.0000 2.050141e+01
7046.2500 1.182329e+01
7047.5000 2.360211e+01
7048.7500 2.870041e+01
7050.0000 1.123882e+01
7051.2500 1.798252e+01
7052.5000 1.379892e+01
7053.7500 2.265784e+01
7055.0000 7.281338e+00
7056.2500 1.281653e+01
7057.5000 3.116606e+01
7058.7500 1.828114e+01
7060.0000 2.898659e+01
7061.2500 2.635648e+01
7062.5000 1.743208e+01
7063.7500 2.686080e+01
7065.0000 2.192936e+01
7066.2500 2.338072e+01
7067.5000 6.152852e+00
7068.7500 1.565549e+01
7070.0000 2.032714e+01
7071.2500 2.676489e+01
7072.5000 1.380315e+01
7073.7500 2.958878e+01
7075.0000 2.942290e+01
7076.2500 2.107915e+01
7077.5000 1.282371e+00
7078.7500 6.364106e+00
7080.0000 2.797494e+01
7081.2500 1.390465e+01
7082.5000 1.086892e+01
7083.7500 1.480006e+01
7085.0000 1.175732e+01
7086.2500 1.272565e+01
7087.5000 1.731215e+01
7088.7500 1.906551e+01
7090.0000 2.133116e+01
7091.2500 2.902473e+01
7092.5000 1.638647e+01
7093.7500 3.090541e+01
7095.0000 1.883663e+01
7096.2500 2.703844e+01
7097.5000 2.731063e+01
7098.7500 2.599527e+01
7100.0000 2.212428e+01
7101.2500 1.074446e+01
7102.5000 1.807209e+01
7103.7500 1.563850e+01
7105.0000 1.675514e+01
7106.2500 2.223534e+01
7107.5000 1.836565e+01
7108.7500 3.049501e+01
7110.0000 1.623598e+01
7111.2500 1.957793e+01
7112.5000 2.380106e+01
7113.7500 1.540317e+01
7115.0000 2.345070e+01
7116.2500 2.888174e+01
7117.5000 2.018170e+01
7118.7500 3.210808e+01
7120.0000 1.139323e+01
7121.2500 2.866037e+01
7122.5000 1.882847e+01
7123.7500 1.587245e+01
7125.0000 2.279283e+01
7126.2500 2.482572e+01
7127.5000 1.902306e+01
7128.7500 1.310574e+01
7130.0000 1.826721e+01
7131.2500 1.293452e+01
7132.5000 7.808126e+00
7133.7500 2.402403e+01
7135.0000 5.439209e+00
7136.2500 1.779984e+01
7137.5000 1.615946e+01
7138.7500 3.732194e+01
7140.0000 2.347296e+01
7141.2500 2.034061e+01
7142.5000 2.498413e+01
7143.7500 2.171935e+01
7145.0000 2.567191e+01
7146.2500 1.991008e+01
7147.5000 2.005245e+01
7148.7500 2.841643e+01
7150.0000 4.031881e+01
7151.2500 2.796290e+01
7152.5000 1.294228e+01
7153.7500 1.788722e+01
7155.0000 2.163766e+01
7156.2500 3.004557e+01
7157.5000 1.699975e+01
7158.7500 1.457098e+01
7160.0000 2.198111e+01
7161.2500 2.188107e+01
7162.5000 2.437610e+01
7163.7500 2.400756e+01
7165.0000 7.836477e+00
7166.2500 5.768654e+00
7167.5000 2.313736e+01
7168.7500 2.185591e+01
7170.0000 1.846737e+01
7171.2500 1.450750e+01
7172.5000 2.536416e+01
7173.7500 2.074272e+01
7175.0000 3.418349e+01
7176.2500 2.380732e+01
7177.5000 2.204267e+01
7178.7500 2.675678e+01
7180.0000 3.576992e+01
7181.2500 2.796519e+01
7182.5000 3.784047e+01
7183.7500 1.231164e+01
7185.0000 3.482138e+01
7186.2500 2.479389e+01
7187.5000 1.715676e+00
7188.7500 5.673283e+00
7190.0000 -4.320442e+00
7191.2500 2.192779e+01
7192.5000 1.503563e+01
7193.7500 2.273808e+01
7195.0000 2.257078e+01
7196.2500 2.678098e+01
7197.5000 2.942480e+01
7198.7500 4.629447e+01
7200.0000 3.159060e+01
7201.2500 2.354360e+00
7202.5000 3.704465e+01
7203.7500 3.161476e+01
7205.0000 2.093999e+01
7206.2500 3.851101e+01
7207.5000 9.394897e+00
7208.7500 1.795308e+01
7210.0000 1.014903e+01
7211.2500 2.145757e+01
7212.5000 1.704360e+01
7213.7500 7.984157e+00
7215.0000 3.358809e+01
7216.2500 2.406059e+01
7217.5000 1.165331e+01
7218.7500 2.161915e+01
7220.0000 2.694708e+01
7221.2500 1.755872e+01
7222.5000 4.072362e+01
7223.7500 7.556981e+00
7225.0000 2.305776e+01
7226.2500 2.802898e+01
7227.5000 1.364255e+01
7228.7500 1.970842e+01
7230.0000 2.440563e+01
7231.2500 2.631197e+01
7232.5000 2.375546e+01
7233.7500 3.522918e+00
7235.0000 2.533461e+00
7236.2500 3.466525e+01
7237.5000 -1.382818e+01
7238.7500 -5.482862e+01
7240.0000 2.423127e+01
7241.2500 8.143249e+01
7242.5000 2.732525e+01
7243.7500 -2.993023e+01
7245.0000 -1.045597e+01
7246.2500 1.466760e+01
7247.5000 3.312626e+01
7248.7500 1.688751e+01
7250.0000 1.330807e+01
7251.2500 -1.789904e+01
7252.5000 1.484665e+01
7253.7500 2.779001e+01
7255.0000 2.758130e+01
7256.2500 2.331751e+01
7257.5000 1.453184e+01
7258.7500 1.108415e+01
7260.0000 2.175014e+01
7261.2500 1.379510e+01
7262.5000 -2.361230e+00
7263.7500 1.763668e+01
7265.0000 1.760706e+01
7266.2500 2.368485e+01
7267.5000 1.309755e+01
7268.7500 1.633366e+01
7270.0000 2.566581e-01
7271.2500 2.052534e+01
7272.5000 7.484401e+00
7273.7500 4.074244e+01
7275.0000 -1.118871e+01
7276.2500 2.779963e+01
7277.5000 -2.747699e+00
7278.7500 1.148202e+01
7280.0000 1.089028e+01
7281.2500 2.996166e+01
7282.5000 -9.235649e+00
7283.7500 -1.910032e+01
7285.0000 3.993927e+01
7286.2500 1.472975e+01
7287.5000 2.270884e+01
7288.7500 1.655100e+01
7290.0000 2.169242e+01
7291.2500 2.611137e+01
7292.5000 1.505078e+00
7293.7500 1.132135e+01
7295.0000 3.856146e+01
7296.2500 -6.073148e+00
7297.5000 2.726699e+01
7298.7500 9.464628e+00
7300.0000 2.232455e+01
7301.2500 1.971280e+01
7302.5000 4.350535e+01
7303.7500 1.165563e+01
7305.0000 1.968046e+01
7306.2500 3.468455e+01
7307.5000 2.504495e+01
7308.7500 2.496234e+01
7310.0000 1.040511e+01
7311.2500 1.228444e+01
7312.5000 2.323432e+01
7313.7500 3.392605e+01
7315.0000 6.212106e+01
7316.2500 -1.579036e+01
7317.5000 3.898010e+01
7318.7500 1.538774e+01
7320.0000 3.611152e+01
7321.2500 2.234231e+01
7322.5000 2.079677e+01
7323.7500 2.760608e+01
7325.0000 4.084158e+00
7326.2500 3.015164e+01
7327.5000 -7.093369e+00
7328.7500 6.435730e+00
7330.0000 5.557424e+00
7331.2500 1.896796e+01
7332.5000 1.425495e+01
7333.7500 1.708467e+01
7335.0000 7.252085e+00
7336.2500 -1.582946e+00
7337.5000 4.014046e+01
7338.7500 1.080272e+01
7340.0000 2.196222e+01
7341.2500 -1.775545e+01
7342.5000 1.196936e+01
7343.7500 1.982245e+01
7345.0000 6.985118e+00
7346.2500 1.442864e+01
7347.5000 2.685961e+01
7348.7500 1.704110e+01
7350.0000 2.559842e+01
7351.2500 1.366518e+00
7352.5000 2.419795e+01
7353.7500 1.821000e+01
7355.0000 5.999990e+00
7356.2500 2.484345e+01
7357.5000 3.249065e+01
7358.7500 2.473499e+01
7360.0000 1.652092e+01
7361.2500 2.732198e+01
7362.5000 1.515763e+01
7363.7500 1.525184e+01
7365.0000 1.131370e+01
7366.2500 3.536667e+01
7367.5000 -2.534813e+01
7368.7500 7.716372e+01
7370.0000 2.916892e+01
7371.2500 1.828488e+01
7372.5000 2.542449e+01
7373.7500 2.695120e+00
7375.0000 9.668105e+00
7376.2500 8.518707e+00
7377.5000 1.144396e+01
7378.7500 2.411658e+01
7380.0000 1.431225e+01
7381.2500 1.571202e+01
7382.5000 9.744724e+00
7383.7500 1.805074e+01
7385.0000 1.704606e+01
7386.2500 1.049153e+01
7387.5000 5.898239e+00
7388.7500 1.151155e+01
7390.0000 6.550557e+00
7391.2500 8.941298e+00
7392.5000 9.513145e+00
7393.7500 2.590325e+01
7395.0000 9.348103e+00
7396.2500 1.824461e+01
7397.5000 1.883005e+01
7398.7500 3.545448e+01
7400.0000 2.664662e+01
7401.2500 5.811660e+01
7402.5000 4.741271e+01
7403.7500 1.892853e+01
7405.0000 2.933182e+01
7406.2500 1.662119e+01
7407.5000 1.046616e+01
7408.7500 1.671109e+01
7410.0000 1.934509e+01
7411.2500 3.541150e+01
7412.5000 2.842016e+01
7413.7500 2.118362e+01
7415.0000 2.475656e+01
7416.2500 3.985780e+01
7417.5000 2.862454e+01
7418.7500 2.407764e+01
7420.0000 2.975400e+01
7421.2500 1.997515e+01
7422.5000 3.628011e+01
7423.7500 2.964645e+01
7425.0000 2.259585e+01
7426.2500 1.651310e+01
7427.5000 1.974039e+01
7428.7500 1.864243e+01
7430.0000 4.480751e+00
7431.2500 2.706644e+01
7432.5000 1.472078e+01
7433.7500 2.479446e+01
7435.0000 2.537400e+01
7436.2500 2.318848e+01
7437.5000 2.552526e+01
7438.7500 2.153416e+01
7440.0000 2.872041e+01
7441.2500 2.497298e+01
7442.5000 2.507288e+01
7443.7500 2.168674e+01
7445.0000 2.879388e+01
7446.2500 1.369378e+01
7447.5000 2.363734e+01
7448.7500 3.219858e+01
7450.0000 1.990137e+01
7451.2500 1.314717e+01
7452.5000 8.837214e+00
7453.7500 1.933512e+01
7455.0000 1.443254e+01
7456.2500 1.630031e+01
7457.5000 1.382806e+01
7458.7500 3.172738e+01
7460.0000 1.549477e+01
7461.2500 1.132802e+01
7462.5000 1.188153e+01
7463.7500 1.924118e+01
7465.0000 2.302484e+01
7466.2500 7.838160e+00
7467.5000 1.605851e+01
7468.7500 2.860488e+01
7470.0000 4.191799e+01
7471.2500 6.322551e+01
7472.5000 1.355444e+02
7473.7500 9.032044e+01
7475.0000 1.682577e+01
7476.2500 7.433454e+01
7477.5000 1.590226e+02
7478.7500 1.528379e+02
7480.0000 4.409198e+01
7481.2500 1.004815e+01
7482.5000 2.590086e+01
7483.7500 4.448769e+00
7485.0000 -5.679184e+00
7486.2500 1.749215e+01
7487.5000 2.848610e+01
7488.7500 1.091229e+01
7490.0000 2.326609e+01
7491.2500 8.060534e+00
7492.5000 2.293172e+01
7493.7500 2.395797e+01
7495.0000 1.476654e+01
7496.2500 6.319981e+00
7497.5000 3.068096e+01
7498.7500 2.021689e+01
7500.0000 1.812568e+01
7501.2500 7.518139e+00
7502.5000 2.150969e+01
7503.7500 2.035008e+01
7505.0000 1.752480e+01
7506.2500 2.557505e+01
7507.5000 1.569559e+01
7508.7500 1.920823e+01
7510.0000 2.496661e+01
7511.2500 1.438740e+01
7512.5000 1.390163e+01
7513.7500 1.430738e+01
7515.0000 2.699357e+01
7516.2500 -2.296964e+00
7517.5000 6.135324e+00
7518.7500 2.468015e+01
7520.0000 1.977286e+01
7521.2500 3.892000e+01
7522.5000 5.122661e+01
7523.7500 -2.856355e+01
7525.0000 -3.297334e+01
7526.2500 3.337944e+01
7527.5000 2.400619e+01
7528.7500 4.431996e+01
7530.0000 5.989001e+01
7531.2500 2.514867e+01
7532.5000 1.802435e+01
7533.7500 2.623716e+01
7535.0000 1.371210e+01
7536.2500 2.940636e+01
7537.5000 3.472948e+01
7538.7500 3.368782e+01
7540.0000 2.616071e+01
7541.2500 2.428934e+01
7542.5000 1.813258e+01
7543.7500 1.284834e+01
7545.0000 3.556654e+01
7546.2500 1.974938e+01
7547.5000 3.138787e+01
7548.7500 3.628779e+01
7550.0000 3.537614e+01
7551.2500 2.839165e+01
7552.5000 3.015639e+01
7553.7500 3.466874e+01
7555.0000 2.056085e+01
7556.2500 1.945476e+01
7557.5000 3.372991e+01
7558.7500 3.410959e+01
7560.0000 1.990920e+01
7561.2500 1.370564e+01
7562.5000 8.376761e+00
7563.7500 2.579338e+01
7565.0000 2.386920e+01
7566.2500 3.527116e+01
7567.5000 2.698116e+01
7568.7500 2.360227e+01
7570.0000 1.499885e+01
7571.2500 2.020275e+01
7572.5000 2.094525e+01
7573.7500 3.602791e+01
7575.0000 2.693318e+01
7576.2500 2.697424e+01
7577.5000 2.000034e+01
7578.7500 2.926077e+01
7580.0000 3.896542e+01
7581.2500 3.332313e+01
7582.5000 2.257136e+01
7583.7500 1.389391e-01
7585.0000 3.703908e+01
7586.2500 4.688410e+01
7587.5000 3.911571e+01
7588.7500 2.062257e+01
7590.0000 2.781175e+01
7591.2500 2.861928e+01
7592.5000 5.277445e+01
7593.7500 2.109558e+01
7595.0000 8.035799e+00
7596.2500 -1.873661e+01
7597.5000 5.592762e+00
7598.7500 3.424137e+01
7600.0000 -4.853947e+00
7601.2500 2.367977e+01
7602.5000 2.254381e+01
7603.7500 4.057950e+01
7605.0000 1.335364e+01
7606.2500 4.360636e+00
7607.5000 3.489616e+01
7608.7500 4.906248e+01
7610.0000 3.955863e+00
7611.2500 6.821180e+00
7612.5000 7.425121e+00
7613.7500 2.103934e+01
7615.0000 3.020237e+01
7616.2500 2.375455e+01
7617.5000 -1.364521e+01
7618.7500 -4.510180e+00
7620.0000 7.647291e+00
7621.2500 2.992858e+01
7622.5000 1.585745e+01
7623.7500 1.557302e+01
7625.0000 2.982735e+01
7626.2500 1.651563e+01
7627.5000 8.868080e+00
7628.7500 1.685885e+01
7630.0000 1.083275e+00
7631.2500 4.314846e+00
7632.5000 1.885290e+01
7633.7500 3.022128e+01
7635.0000 4.312855e+00
7636.2500 2.997230e+01
7637.5000 4.657366e+01
7638.7500 1.845862e+01
7640.0000 -4.804458e+00
7641.2500 1.904255e+00
7642.5000 3.481147e+01
7643.7500 2.511211e+01
7645.0000 2.924960e+01
7646.2500 2.171125e+01
7647.5000 1.020094e+01
7648.7500 2.189198e+01
7650.0000 3.402894e+01
7651.2500 3.356804e+01
7652.5000 3.262287e+01
7653.7500 3.729448e+01
7655.0000 1.371276e+01
7656.2500 3.060011e+01
7657.5000 3.315180e+01
7658.7500 2.322326e+01
7660.0000 2.720497e+01
7661.2500 2.145205e+01
7662.5000 1.755728e+01
7663.7500 1.575402e+01
7665.0000 4.501713e+01
7666.2500 2.568892e+01
7667.5000 3.167463e+01
7668.7500 1.921478e+01
7670.0000 4.143264e+01
7671.2500 1.422085e+01
7672.5000 3.318895e+01
7673.7500 3.562568e+01
7675.0000 1.582525e+01
7676.2500 1.252510e+01
7677.5000 2.039744e+01
7678.7500 2.918858e+01
7680.0000 1.568831e+01
7681.2500 2.117212e+01
7682.5000 9.320283e+00
7683.7500 3.509060e+01
7685.0000 1.850261e+01
7686.2500 1.628430e+01
7687.5000 3.377551e+01
7688.7500 2.009983e+01
7690.0000 1.760244e+01
7691.2500 2.872184e+01
7692.5000 3.382582e+01
7693.7500 2.710406e+01
7695.0000 1.959133e+01
7696.2500 1.971738e+01
7697.5000 -1.113281e+01
7698.7500 1.983913e+01
7700.0000 3.081511e+01
7701.2500 -8.230133e+00
7702.5000 2.287803e+01
7703.7500 9.950207e+00
7705.0000 1.023123e+01
7706.2500 2.874266e+01
7707.5000 2.054749e+01
7708.7500 2.384643e+01
7710.0000 5.073606e+01
7711.2500 -6.037162e+01
7712.5000 5.170658e+01
7713.7500 8.228378e+01
7715.0000 1.718696e+01
7716.2500 4.377542e+01
7717.5000 1.258383e+01
7718.7500 4.162797e+01
7720.0000 5.486016e+01
7721.2500 2.283822e+01
7722.5000 -2.776000e+00
7723.7500 8.161527e+00
7725.0000 1.266026e+01
7726.2500 2.699457e+01
7727.5000 2.659810e+01
7728.7500 1.843608e+01
7730.0000 1.564989e+01
7731.2500 2.647166e+01
7732.5000 2.339220e+01
7733.7500 4.468006e+01
7735.0000 1.578365e+01
7736.2500 2.604644e+01
7737.5000 1.753752e+01
7738.7500 3.642542e+01
7740.0000 3.508900e+01
7741.2500 1.419971e+01
7742.5000 2.234692e+01
7743.7500 3.089511e+01
7745.0000 2.119454e+01
7746.2500 1.724349e+01
7747.5000 7.370789e+01
7748.7500 -1.445012e+01
7750.0000 2.429405e+01
7751.2500 1.039491e+01
7752.5000 2.416350e+01
7753.7500 4.335915e+01
7755.0000 2.833256e+01
7756.2500 1.974275e+01
7757.5000 3.867582e+01
7758.7500 2.376804e+01
7760.0000 6.366013e+01
7761.2500 -2.420869e-01
7762.5000 2.899735e+01
7763.7500 2.177131e+01
7765.0000 3.682384e+01
7766.2500 8.387204e+00
7767.5000 1.930005e+01
7768.7500 2.231544e+01
7770.0000 3.181080e+01
7771.2500 4.345590e+01
7772.5000 -1.335796e+00
7773.7500 -9.273590e+00
7775.0000 2.081665e+01
7776.2500 3.094122e+01
7777.5000 3.599779e+01
7778.7500 3.031713e+01
7780.0000 5.506927e+00
7781.2500 1.615068e+01
7782.5000 3.466809e+01
7783.7500 -9.890659e+00
7785.0000 2.250130e+01
7786.2500 2.523290e+01
7787.5000 2.781025e+01
7788.7500 8.827079e+00
7790.0000 6.041837e-01
7791.2500 3.406428e+01
7792.5000 -4.205468e+01
7793.7500 6.385601e+01
7795.0000 6.876334e+01
7796.2500 2.627335e+01
7797.5000 2.372008e+01
7798.7500 4.162452e+01
7800.0000 2.735635e+01
7801.2500 2.133650e+01
7802.5000 2.057034e+01
7803.7500 9.929827e+00
7805.0000 3.008422e+01
7806.2500 9.495449e+00
7807.5000 2.137931e+00
7808.7500 -1.801216e+01
7810.0000 1.409598e+01
7811.2500 3.755619e+01
7812.5000 5.315932e+00
7813.7500 1.149824e+01
7815.0000 2.099709e+01
7816.2500 3.119103e+01
7817.5000 2.843795e+01
7818.7500 6.191208e+01
7820.0000 9.937624e+00
7821.2500 4.408123e+01
7822.5000 1.424464e+01
7823.7500 4.980594e+01
7825.0000 1.919400e+01
7826.2500 9.010727e+00
7827.5000 1.336901e+01
7828.7500 3.162046e+00
7830.0000 4.375499e+01
7831.2500 1.386651e+01
7832.5000 1.494771e+01
7833.7500 3.101914e+01
7835.0000 2.419728e+01
7836.2500 3.041959e+01
7837.5000 4.326846e+01
7838.7500 4.447360e+01
7840.0000 8.132440e+00
7841.2500 -2.595954e+01
7842.5000 1.266606e+01
7843.7500 2.454644e+01
7845.0000 2.798623e+01
7846.2500 2.219061e+01
7847.5000 2.273474e+01
7848.7500 2.262924e+01
7850.0000 4.858511e+01
7851.2500 -8.407789e+00
7852.5000 5.708634e+01
7853.7500 6.389815e+01
7855.0000 1.779426e+01
7856.2500 4.806125e+01
7857.5000 2.210250e+01
7858.7500 2.462584e+01
7860.0000 2.553867e+01
7861.2500 -7.959863e+00
7862.5000 -7.699880e+00
7863.7500 3.958045e+01
7865.0000 4.494123e+01
7866.2500 3.947534e+01
7867.5000 1.627432e+01
7868.7500 2.374210e+01
7870.0000 4.139209e+01
7871.2500 -5.043522e+01
7872.5000 -9.261179e+00
7873.7500 1.982161e+01
7875.0000 2.071587e+01
7876.2500 4.465892e+01
7877.5000 -2.153609e+01
7878.7500 -8.326689e+00
7880.0000 1.786592e+01
7881.2500 1.825005e+00
7882.5000 1.096638e+01
7883.7500 8.593796e+00
7885.0000 2.874454e+01
7886.2500 3.542922e+01
7887.5000 1.270169e+01
7888.7500 4.910366e+01
7890.0000 -1.077442e+01
7891.2500 -8.362317e+00
7892.5000 1.983453e+01
7893.7500 1.744381e+01
7895.0000 3.143041e+01
7896.2500 2.317800e+01
7897.5000 1.938686e+01
7898.7500 1.482564e+01
7900.0000 1.952114e+01
7901.2500 2.719948e+01
7902.5000 2.823877e+01
7903.7500 2.149986e+01
7905.0000 2.681254e+01
7906.2500 5.055025e+01
7907.5000 1.668005e+01
7908.7500 2.195242e+01
7910.0000 4.553183e+01
7911.2500 4.651145e+01
7912.5000 2.282200e+01
7913.7500 3.150871e+01
7915.0000 7.347202e+01
7916.2500 1.962737e+01
7917.5000 2.580370e+01
7918.7500 4.323487e+01
7920.0000 3.159290e+01
7921.2500 2.859132e+01
7922.5000 2.821178e+01
7923.7500 7.694576e+00
7925.0000 1.064645e+01
7926.2500 2.506402e+01
7927.5000 3.498869e+01
7928.7500 4.499784e+01
7930.0000 4.944221e+01
7931.2500 -6.652483e+00
7932.5000 -1.662754e+01
7933.7500 3.156602e+01
7935.0000 2.122831e+01
7936.2500 2.027002e+01
7937.5000 2.985998e+01
7938.7500 3.997009e+01
7940.0000 3.373244e+01
7941.2500 2.066452e+01
7942.5000 2.380711e+01
7943.7500 2.093224e+01
7945.0000 1.992122e+01
7946.2500 2.065986e+01
7947.5000 7.300654e+00
7948.7500 5.600907e+01
7950.0000 1.647514e+01
7951.2500 1.224213e+00
7952.5000 3.873143e+01
7953.7500 6.035722e+00
7955.0000 2.043252e+01
7956.2500 -7.945685e-01
7957.5000 3.162795e+01
7958.7500 5.368681e+00
7960.0000 6.751166e+00
7961.2500 3.888425e+01
7962.5000 2.912932e+01
7963.7500 1.001283e+02
7965.0000 1.618612e+01
7966.2500 -8.910942e+00
7967.5000 2.633340e+01
7968.7500 2.147628e+01
7970.0000 2.306525e+01
7971.2500 6.549575e+00
7972.5000 3.269038e+01
7973.7500 1.097823e+01
7975.0000 9.792021e+00
7976.2500 -2.104597e+01
7977.5000 2.230901e+01
7978.7500 1.448804e+00
7980.0000 -2.690724e+01
7981.2500 -4.206410e-01
7982.5000 2.547787e+01
7983.7500 1.807993e+01
7985.0000 1.047683e+01
7986.2500 8.443278e+00
7987.5000 7.272338e+00
7988.7500 1.053996e+01
7990.0000 3.702597e+01
7991.2500 8.620779e+01
7992.5000 3.447422e+01
7993.7500 1.743362e+01
7995.0000 3.496311e+01
7996.2500 4.363738e+01
7997.5000 2.469340e+01
7998.7500 1.313595e+01
8000.0000 1.616768e+01
8001.2500 2.357936e+01
8002.5000 4.518389e-01
8003.7500 2.869245e+00
8005.0000 2.220054e+01
8006.2500 2.393789e+01
8007.5000 2.541016e+01
8008.7500 2.374336e+01
8010.0000 1.882323e+01
8011.2500 2.238470e+01
8012.5000 9.619655e+00
8013.7500 -1.725625e+00
8015.0000 4.678096e+01
8016.2500 3.470460e+01
8017.5000 9.759371e+00
8018.7500 2.482470e+00
8020.0000 1.620591e+01
8021.2500 4.342771e+01
8022.5000 1.026293e+01
8023.7500 3.980365e+01
8025.0000 -1.770144e+01
8026.2500 -3.147008e+01
8027.5000 4.461726e+01
8028.7500 3.847707e+01
8030.0000 4.150727e+01
8031.2500 2.995607e+01
8032.5000 3.342694e+01
8033.7500 5.046142e+01
8035.0000 1.505843e+01
8036.2500 1.726415e+01
8037.5000 3.710378e+01
8038.7500 3.137321e+01
8040.0000 2.909273e+01
8041.2500 2.769004e+01
8042.5000 3.524802e+01
8043.7500 2.138014e+01
8045.0000 3.176082e+01
8046.2500 3.375927e+01
8047.5000 4.100473e+01
8048.7500 3.612299e+01
8050.0000 4.431588e+01
8051.2500 5.464846e+01
8052.5000 2.020827e+01
8053.7500 2.820102e+01
8055.0000 2.145910e+01
8056.2500 2.287574e+01
8057.5000 3.406768e+01
8058.7500 4.044309e+01
8060.0000 4.476819e+01
8061.2500 2.898308e+00
8062.5000 3.475185e+01
8063.7500 3.092453e+01
8065.0000 4.106347e+01
8066.2500 2.344880e+01
8067.5000 2.309863e+01
8068.7500 2.483687e+01
8070.0000 3.555272e+01
8071.2500 2.823339e+01
8072.5000 2.294476e+01
8073.7500 3.242709e+01
8075.0000 3.016132e+01
8076.2500 5.653814e+01
8077.5000 2.069202e+01
8078.7500 1.466368e+01
8080.0000 5.251796e+01
8081.2500 2.936047e+01
8082.5000 2.442684e+01
8083.7500 1.670968e+01
8085.0000 1.157265e+01
8086.2500 1.682339e+01
8087.5000 3.049907e+01
8088.7500 1.957392e+01
8090.0000 3.650313e+01
8091.2500 3.350115e+01
8092.5000 9.607027e+00
8093.7500 2.563461e+01
8095.0000 3.872034e+01
8096.2500 4.079673e+01
8097.5000 2.610316e+01
8098.7500 2.368074e+01
8100.0000 3.979637e+01
8101.2500 5.068570e+01
8102.5000 2.561759e+01
8103.7500 3.254889e+01
8105.0000 2.783116e+01
8106.2500 2.352147e+01
8107.5000 2.309089e+01
8108.7500 5.233547e+01
8110.0000 3.188230e+01
8111.2500 4.347915e+01
8112.5000 2.275290e+01
8113.7500 1.792851e+01
8115.0000 -6.004447e+00
8116.2500 2.155369e+01
8117.5000 2.567811e+01
8118.7500 5.155815e+01
8120.0000 3.385589e+01
8121.2500 2.452976e+01
8122.5000 4.513407e+01
8123.7500 2.311862e+01
8125.0000 4.801669e+01
8126.2500 3.377040e+01
8127.5000 4.174805e+01
8128.7500 3.098069e+01
8130.0000 1.722292e+01
8131.2500 1.516042e+01
8132.5000 2.577728e+01
8133.7500 2.618495e+01
8135.0000 2.507591e+01
8136.2500 3.652231e+01
8137.5000 8.326144e+00
8138.7500 3.269536e+01
8140.0000 3.096652e+01
8141.2500 3.955016e+01
8142.5000 2.279495e+01
8143.7500 1.678967e+01
8145.0000 3.098583e+01
8146.2500 1.375901e+01
8147.5000 2.190975e+01
8148.7500 4.341370e+01
8150.0000 2.756774e+01
8151.2500 2.161989e+01
8152.5000 2.698638e+01
8153.7500 3.430235e+01
8155.0000 1.765410e+01
8156.2500 1.832259e+01
8157.5000 2.379947e+01
8158.7500 1.062972e+01
8160.0000 1.987677e+01
8161.2500 2.772540e+01
8162.5000 3.327697e+01
8163.7500 3.648742e+01
8165.0000 3.459492e+01
8166.2500 2.641476e+01
8167.5000 2.146552e+01
8168.7500 2.934892e+01
8170.0000 3.025177e+01
8171.2500 3.491804e+01
8172.5000 1.534495e+01
8173.7500 1.044828e+01
8175.0000 3.287394e+01
8176.2500 3.029362e+01
8177.5000 2.817127e+01
8178.7500 4.658096e+01
8180.0000 3.313089e+01
8181.2500 2.174917e+01
8182.5000 3.576984e+01
8183.7500 3.641928e+01
8185.0000 2.985967e+01
8186.2500 2.651308e+01
8187.5000 3.724940e+01
8188.7500 4.043391e+01
8190.0000 3.980141e+01
8191.2500 3.709772e+01
8192.5000 3.637548e+01
8193.7500 3.095595e+01
8195.0000 3.097926e+01
8196.2500 1.665309e+01
8197.5000 2.891218e+01
8198.7500 2.475730e+01
8200.0000 2.658753e+01
8201.2500 3.269972e+01
8202.5000 3.567608e+01
8203.7500 2.658015e+01
8205.0000 2.306878e+01
8206.2500 4.018227e+01
8207.5000 1.806555e+01
8208.7500 1.753030e+01
8210.0000 2.290180e+01
8211.2500 1.918398e+01
8212.5000 1.973065e+01
8213.7500 3.498036e+01
8215.0000 4.206432e+01
8216.2500 3.490464e+01
8217.5000 2.624197e+01
8218.7500 2.080783e+01
8220.0000 3.033839e+01
8221.2500 3.295481e+01
8222.5000 3.846564e+01
8223.7500 2.589482e+01
8225.0000 5.415620e+01
8226.2500 4.410880e+01
8227.5000 1.938641e+01
8228.7500 2.832787e+01
8230.0000 3.248374e+01
8231.2500 1.906567e+01
8232.5000 3.333512e+01
8233.7500 3.734357e+01
8235.0000 2.112727e+01
8236.2500 3.072682e+01
8237.5000 3.647816e+01
8238.7500 3.378886e+01
8240.0000 4.500694e+01
8241.2500 2.746828e+01
8242.5000 1.951704e+01
8243.7500 2.476931e-03
8245.0000 4.363715e+01
8246.2500 1.687651e+01
8247.5000 1.444966e+01
8248.7500 1.863077e+01
8250.0000 2.498096e+01
8251.2500 3.616675e+01
8252.5000 4.288027e+01
8253.7500 4.909426e+01
8255.0000 3.551550e+01
8256.2500 3.195001e+01
8257.5000 4.003175e+00
8258.7500 2.857849e+01
8260.0000 3.406025e+01
8261.2500 1.619445e+01
8262.5000 6.417624e+00
8263.7500 5.030201e+01
8265.0000 3.369624e+01
8266.2500 3.900296e+01
8267.5000 2.186001e+01
8268.7500 2.241822e+01
8270.0000 9.373395e+00
8271.2500 4.101001e+01
8272.5000 2.267820e+01
8273.7500 2.733316e+00
8275.0000 2.483797e+01
8276.2500 4.173569e+01
8277.5000 4.883538e+01
8278.7500 1.358552e+01
8280.0000 3.812504e+01
8281.2500 3.899223e+01
8282.5000 8.396873e+01
8283.7500 5.051502e+01
8285.0000 3.651324e+01
8286.2500 6.149530e+01
8287.5000 3.159037e+01
8288.7500 2.282456e+01
8290.0000 4.558639e+01
8291.2500 2.870050e+01
8292.5000 2.796637e+01
8293.7500 2.709905e+01
8295.0000 1.514321e+01
8296.2500 4.330081e+01
8297.5000 2.273737e+01
8298.7500 3.438673e+01
8300.0000 -7.624001e+00
8301.2500 3.891613e+01
8302.5000 5.683329e+01
8303.7500 3.224192e+01
8305.0000 2.347551e+01
8306.2500 3.686145e+01
8307.5000 3.106546e+01
8308.7500 8.093256e+00
8310.0000 1.330628e+02
8311.2500 1.002035e+01
8312.5000 3.131924e+01
8313.7500 2.407229e+01
8315.0000 2.784315e+01
8316.2500 2.152111e+01
8317.5000 2.828756e+01
8318.7500 2.196560e+01
8320.0000 3.843283e+01
8321.2500 2.860493e+01
8322.5000 3.471832e+01
8323.7500 3.849101e+01
8325.0000 2.741865e+01
8326.2500 2.352010e+01
8327.5000 2.653982e+01
8328.7500 2.385699e+01
8330.0000 3.311210e+01
8331.2500 2.745389e+01
8332.5000 5.583713e+01
8333.7500 1.864866e+01
8335.0000 3.035106e+01
8336.2500 3.261641e+01
8337.5000 3.441359e+01
8338.7500 1.526981e+01
8340.0000 2.431368e+01
8341.2500 1.896889e+01
8342.5000 1.146811e+01
8343.7500 2.857522e+01
8345.0000 2.711170e+01
8346.2500 3.424685e+01
8347.5000 4.051390e+01
8348.7500 3.183838e+01
8350.0000 1.894608e+01
8351.2500 1.957113e+01
8352.5000 2.183255e+01
8353.7500 3.608539e+01
8355.0000 1.035488e+01
8356.2500 2.552205e+00
8357.5000 1.386357e+01
8358.7500 2.922568e+01
8360.0000 4.625333e+01
8361.2500 3.277307e+01
8362.5000 4.059848e+01
8363.7500 -1.537258e+01
8365.0000 1.125615e+01
8366.2500 9.418180e+00
8367.5000 1.791607e+01
8368.7500 3.317345e+01
8370.0000 2.669182e+01
8371.2500 4.627813e+01
8372.5000 4.048722e+01
8373.7500 2.420970e+01
8375.0000 3.029178e+01
8376.2500 2.101553e+01
8377.5000 3.055514e+01
8378.7500 1.682748e+01
8380.0000 1.580252e+01
8381.2500 -1.039624e+01
8382.5000 5.547739e+01
8383.7500 2.413954e+01
8385.0000 3.784718e+01
8386.2500 1.837472e+01
8387.5000 1.446552e+01
8388.7500 3.276315e+01
8390.0000 2.506177e+01
8391.2500 3.194436e+01
8392.5000 2.935581e+01
8393.7500 2.568945e+00
8395.0000 1.120592e+01
8396.2500 2.860613e+01
8397.5000 1.688993e+01
8398.7500 2.185518e+01
8400.0000 3.993987e+01
8401.2500 4.974000e+01
8402.5000 1.643194e+01
8403.7500 1.954624e+01
8405.0000 2.389172e+01
8406.2500 2.627281e+01
8407.5000 1.524093e+01
8408.7500 2.639687e+01
8410.0000 3.723568e+01
8411.2500 2.899990e+01
8412.5000 9.941938e+00
8413.7500 2.295718e+01
8415.0000 3.924699e+01
8416.2500 -4.039248e+01
8417.5000 3.276161e+01
8418.7500 1.765642e+01
8420.0000 2.233858e+01
8421.2500 3.379259e+01
8422.5000 2.729166e+01
8423.7500 3.760176e+00
8425.0000 2.119826e+01
8426.2500 3.028720e+01
8427.5000 3.539299e+01
8428.7500 2.384598e+01
8430.0000 2.170904e+01
8431.2500 3.626779e+01
8432.5000 3.747369e+01
8433.7500 2.412358e+01
8435.0000 2.375629e+01
8436.2500 2.314535e+01
8437.5000 2.891632e+01
8438.7500 3.071801e+01
8440.0000 1.563029e+01
8441.2500 3.124706e+01
8442.5000 1.634779e+01
8443.7500 3.307051e+01
8445.0000 2.185406e+01
8446.2500 3.196979e+01
8447.5000 2.677885e+01
8448.7500 3.316087e+01
8450.0000 4.126537e+01
8451.2500 8.017549e+01
8452.5000 1.347376e+01
8453.7500 1.887329e+01
8455.0000 2.485580e+01
8456.2500 1.789936e+01
8457.5000 1.273054e+01
8458.7500 3.463403e+01
8460.0000 8.077299e+00
8461.2500 2.573332e+01
8462.5000 1.127780e+02
8463.7500 2.533082e+01
8465.0000 2.852584e+01
8466.2500 2.914845e+01
8467.5000 7.028879e+01
8468.7500 3.422250e+01
8470.0000 2.068883e+01
8471.2500 1.691469e+01
8472.5000 2.418920e+01
8473.7500 2.658828e+01
8475.0000 4.921446e+01
8476.2500 4.099262e+01
8477.5000 1.948684e+01
8478.7500 2.414363e+01
8480.0000 1.724224e+01
8481.2500 2.077360e+01
8482.5000 2.860402e+01
8483.7500 2.394036e+01
8485.0000 3.093878e+01
8486.2500 3.578511e+01
8487.5000 4.056990e+01
8488.7500 2.913708e+01
8490.0000 3.383068e+01
8491.2500 1.977995e+01
8492.5000 4.090837e+01
8493.7500 5.730040e+01
8495.0000 1.531469e+01
8496.2500 2.030896e+01
8497.5000 1.154111e+01
8498.7500 2.671322e+01
8500.0000 3.029426e+01
8501.2500 2.843451e+01
8502.5000 4.096507e+01
8503.7500 8.735080e+01
8505.0000 1.328256e+01
8506.2500 1.010451e+01
8507.5000 4.801877e+01
8508.7500 3.272496e+01
8510.0000 3.848325e+01
8511.2500 4.585867e+01
8512.5000 3.167876e+01
8513.7500 2.563280e+01
8515.0000 2.181349e+01
8516.2500 3.125354e+01
8517.5000 2.808477e+01
8518.7500 3.954198e+01
8520.0000 4.852058e+01
8521.2500 4.127818e+01
8522.5000 3.701387e+01
8523.7500 1.826955e+01
8525.0000 2.758866e+01
8526.2500 1.714779e+01
8527.5000 2.024663e+01
8528.7500 4.311388e+01
8530.0000 1.666529e+01
8531.2500 3.661486e+01
8532.5000 1.873900e+01
8533.7500 7.017596e+00
8535.0000 3.014552e+01
8536.2500 3.756718e+01
8537.5000 1.773761e+01
8538.7500 5.152653e+01
8540.0000 9.786688e+00
8541.2500 3.648423e+01
8542.5000 2.237211e+01
8543.7500 3.192126e+01
8545.0000 2.324857e+01
8546.2500 4.930178e+01
8547.5000 -1.314169e+01
8548.7500 2.936086e+01
8550.0000 1.530755e+01
8551.2500 2.531520e+01
8552.5000 2.577781e+01
8553.7500 3.195511e+01
8555.0000 1.421297e+01
8556.2500 2.274406e+01
8557.5000 2.204610e+01
8558.7500 3.151596e+01
8560.0000 2.397644e+01
8561.2500 2.253933e+01
8562.5000 2.178751e+01
8563.7500 1.943564e+01
8565.0000 2.220040e+01
8566.2500 3.520558e+01
8567.5000 2.147272e+01
8568.7500 3.543892e+01
8570.0000 2.119082e+01
8571.2500 1.770584e+01
8572.5000 1.548528e+01
8573.7500 2.759353e+01
8575.0000 2.815944e+01
8576.2500 3.451061e+00
8577.5000 2.236152e+01
8578.7500 3.284360e+01
8580.0000 2.717350e+01
8581.2500 5.501410e+00
8582.5000 2.350187e+01
8583.7500 1.512188e+01
8585.0000 2.987033e+01
8586.2500 3.495587e+01
8587.5000 8.640973e+00
8588.7500 3.527820e+01
8590.0000 3.273198e+01
8591.2500 3.115303e+01
8592.5000 4.664263e+00
8593.7500 3.730487e+01
8595.0000 3.482094e+01
8596.2500 1.278276e+01
8597.5000 -8.532035e+00
8598.7500 3.070932e+01
8600.0000 4.011085e+01
8601.2500 9.364063e+00
8602.5000 2.335561e+01
8603.7500 2.451995e+01
8605.0000 3.703955e+01
8606.2500 3.691745e+01
8607.5000 3.167490e+01
8608.7500 2.639296e+01
8610.0000 3.190078e+01
8611.2500 2.344379e+01
8612.5000 -1.437556e+00
8613.7500 2.745048e+01
8615.0000 1.416568e+01
8616.2500 3.675426e+00
8617.5000 3.705062e+01
8618.7500 1.753798e+01
8620.0000 4.283902e+01
8621.2500 1.496894e+01
8622.5000 -7.341689e+00
8623.7500 6.650919e+01
8625.0000 3.461333e+01
8626.2500 -4.289275e+01
8627.5000 4.204265e+01
8628.7500 3.754999e+01
8630.0000 1.830490e+01
8631.2500 8.197702e+01
8632.5000 5.961386e+01
8633.7500 8.387022e+00
8635.0000 3.174785e+01
8636.2500 5.038534e+00
8637.5000 2.346103e+01
8638.7500 4.421061e+01
8640.0000 3.994324e+01
8641.2500 9.918199e+00
8642.5000 -1.158327e+01
8643.7500 1.186069e+01
8645.0000 3.016619e+01
8646.2500 1.764149e+01
8647.5000 1.917646e+01
8648.7500 1.850756e+01
8650.0000 8.753745e+00
8651.2500 6.458563e+01
8652.5000 3.040074e+01
8653.7500 3.641979e+01
8655.0000 7.664513e+00
8656.2500 3.498438e+01
8657.5000 -1.588645e+01
8658.7500 1.771578e+01
8660.0000 2.532135e+01
8661.2500 1.617827e+01
8662.5000 3.465914e+01
8663.7500 3.299142e+01
8665.0000 6.052230e+00
8666.2500 2.722014e+01
8667.5000 4.497340e+01
8668.7500 1.125340e+01
8670.0000 -1.240863e+01
8671.2500 1.792560e+01
8672.5000 1.972601e+00
8673.7500 2.373587e+01
8675.0000 3.604651e+01
8676.2500 -2.393656e+00
8677.5000 2.290632e+01
8678.7500 1.299261e+01
8680.0000 1.607108e+01
8681.2500 2.712573e+01
8682.5000 2.505157e+01
8683.7500 2.377772e+01
8685.0000 4.798737e-01
8686.2500 1.327412e+01
8687.5000 -2.220789e+01
8688.7500 1.548960e+01
8690.0000 2.360492e+01
8691.2500 3.066691e+01
8692.5000 1.451083e+01
8693.7500 1.245447e+01
8695.0000 1.649450e+01
8696.2500 -1.732616e+00
8697.5000 1.200384e+01
8698.7500 8.040708e+00
8700.0000 -2.825541e+00
8701.2500 3.271320e+01
8702.5000 3.964447e+01
8703.7500 3.911039e+01
8705.0000 4.689220e+01
8706.2500 4.522320e+01
8707.5000 3.599887e+01
8708.7500 1.931090e+01
8710.0000 8.930426e+00
8711.2500 3.575279e+01
8712.5000 1.953611e+01
8713.7500 3.249973e+01
8715.0000 3.437514e+01
8716.2500 3.052549e+01
8717.5000 1.901558e+01
8718.7500 1.265422e+00
8720.0000 3.966184e+01
8721.2500 2.765229e+01
8722.5000 2.841931e+01
8723.7500 5.001701e+01
8725.0000 2.870098e+01
8726.2500 3.404174e+01
8727.5000 1.702717e+01
8728.7500 1.280496e+01
8730.0000 1.560266e+01
8731.2500 1.722889e+01
8732.5000 2.288851e+01
8733.7500 1.433074e+01
8735.0000 2.312901e+01
8736.2500 2.562360e+01
8737.5000 4.251582e+01
8738.7500 2.305390e+01
8740.0000 3.011219e+01
8741.2500 2.594847e+01
8742.5000 1.548671e+01
8743.7500 3.582237e+01
8745.0000 1.469796e+01
8746.2500 2.576358e+01
8747.5000 1.190709e+01
8748.7500 3.063976e+01
8750.0000 1.029822e+01
8751.2500 1.521857e+01
8752.5000 3.598358e+01
8753.7500 1.594381e+01
8755.0000 1.753947e+01
8756.2500 3.454501e+01
8757.5000 4.883627e+01
8758.7500 1.831423e+01
8760.0000 3.314240e+01
8761.2500 -8.599877e+01
8762.5000 -7.701826e+01
8763.7500 2.967588e+01
8765.0000 2.996708e+01
8766.2500 1.777412e+01
8767.5000 9.313101e+01
8768.7500 2.115313e+01
8770.0000 -5.160038e+01
8771.2500 5.137671e+00
8772.5000 -1.112528e+01
8773.7500 1.313308e+01
8775.0000 5.603001e+01
8776.2500 -7.025504e+01
8777.5000 9.559193e+01
8778.7500 -6.804039e+01
8780.0000 1.656231e+01
8781.2500 4.396051e+01
8782.5000 1.466252e+01
8783.7500 2.111312e+01
8785.0000 2.159452e+01
8786.2500 -4.033956e+00
8787.5000 2.238910e+01
8788.7500 4.261736e+01
8790.0000 -1.540056e+00
8791.2500 4.138816e+01
8792.5000 2.847995e+01
8793.7500 1.307896e+01
8795.0000 2.668123e+01
8796.2500 2.775214e+01
8797.5000 2.611185e+01
8798.7500 3.530640e+01
8800.0000 1.799860e+01
8801.2500 1.638523e+01
8802.5000 2.117678e+01
8803.7500 2.488119e+00
8805.0000 1.442490e+01
8806.2500 4.644375e+01
8807.5000 3.636206e+01
8808.7500 3.581365e+01
8810.0000 4.495047e+01
8811.2500 1.956478e+00
8812.5000 7.562333e+00
8813.7500 1.137045e+01
8815.0000 1.619949e+01
8816.2500 1.376999e+01
8817.5000 2.222511e+01
8818.7500 2.477896e+01
8820.0000 2.480749e+01
8821.2500 8.281108e+00
8822.5000 9.466580e+00
8823.7500 3.902895e+01
8825.0000 3.344672e+01
8826.2500 2.958218e+01
8827.5000 2.327406e+01
8828.7500 4.726849e+01
8830.0000 -4.331657e+01
8831.2500 3.684134e-01
8832.5000 2.769943e+01
8833.7500 8.599297e+01
8835.0000 -2.850781e+01
8836.2500 -3.893082e+01
8837.5000 -4.479731e+00
8838.7500 4.555807e+01
8840.0000 8.405033e+00
8841.2500 3.982453e+01
8842.5000 1.076460e+01
8843.7500 2.448027e+01
8845.0000 -1.589712e+01
8846.2500 1.300087e+01
8847.5000 7.686899e-01
8848.7500 2.465056e+01
8850.0000 -4.485833e+01
8851.2500 1.326956e+01
8852.5000 2.048443e+01
8853.7500 2.732106e+01
8855.0000 2.579570e+01
8856.2500 9.463224e+00
8857.5000 1.722544e+01
8858.7500 1.171096e+01
8860.0000 7.450844e+00
8861.2500 -9.302553e+00
8862.5000 2.956804e+01
8863.7500 2.120594e+01
8865.0000 3.812851e+01
8866.2500 8.469618e+01
8867.5000 6.078203e+01
8868.7500 -3.239051e+00
8870.0000 1.652212e+01
8871.2500 3.045343e+01
8872.5000 3.506319e+01
8873.7500 4.073502e+01
8875.0000 1.903060e+01
8876.2500 1.875050e+01
8877.5000 1.077349e+01
8878.7500 6.823178e+00
8880.0000 -4.491814e+00
8881.2500 -2.599549e+01
8882.5000 6.867047e+01
8883.7500 8.021067e+01
8885.0000 1.931844e+01
8886.2500 4.851630e+01
8887.5000 -8.929816e+00
8888.7500 8.718505e+00
8890.0000 1.280409e+01
8891.2500 1.215259e+01
8892.5000 1.191919e+01
8893.7500 6.159525e+00
8895.0000 -2.567622e+01
8896.2500 -5.251663e+00
8897.5000 1.500842e+01
8898.7500 1.843752e+01
8900.0000 5.556564e+01
8901.2500 4.894235e+00
8902.5000 2.440517e+00
8903.7500 -6.077831e+01
8905.0000 3.202843e+01
8906.2500 2.390630e+01
8907.5000 8.984220e-01
8908.7500 -4.694603e+00
8910.0000 1.018813e+01
8911.2500 3.861852e+01
8912.5000 2.456332e+01
8913.7500 4.103318e+00
8915.0000 7.973784e+00
8916.2500 1.002736e+02
8917.5000 -7.948824e+01
8918.7500 3.298547e+01
8920.0000 5.704690e+00
8921.2500 9.909537e+01
8922.5000 1.145275e+01
8923.7500 4.707389e+00
8925.0000 6.953107e+00
8926.2500 2.042911e+01
8927.5000 3.394893e+00
8928.7500 1.974462e+01
8930.0000 1.581989e+01
8931.2500 1.467340e+01
8932.5000 7.714131e+00
8933.7500 5.252959e+01
8935.0000 1.454113e+01
8936.2500 1.379094e+01
8937.5000 3.084095e+01
8938.7500 2.072085e+01
8940.0000 7.151704e+00
8941.2500 5.502231e+01
8942.5000 1.000392e+02
8943.7500 1.476975e+01
8945.0000 3.487580e+01
8946.2500 -2.406034e+00
8947.5000 -9.282627e-01
8948.7500 1.301899e+01
8950.0000 1.581201e+01
8951.2500 -7.619078e+00
8952.5000 -5.903559e+00
8953.7500 1.496425e+01
8955.0000 5.045288e+01
8956.2500 8.250910e+00
8957.5000 1.228851e+01
8958.7500 1.811319e+01
8960.0000 -8.601623e+00
8961.2500 -1.175372e+00
8962.5000 6.852117e+00
8963.7500 3.821935e+01
8965.0000 1.988881e+01
8966.2500 2.477956e+01
8967.5000 4.163426e+01
8968.7500 3.514668e+01
8970.0000 3.668324e+01
8971.2500 1.371754e+01
8972.5000 4.872287e+01
8973.7500 -3.586574e+00
8975.0000 1.711732e+01
8976.2500 3.201989e+01
8977.5000 3.334941e+01
8978.7500 4.457813e+01
8980.0000 2.269017e+01
8981.2500 -1.299824e+01
8982.5000 2.407123e+01
8983.7500 -5.297625e+00
8985.0000 1.514714e+01
8986.2500 -2.421453e+00
8987.5000 -7.767213e+01
8988.7500 -1.599391e+01
8990.0000 6.822008e+00
8991.2500 2.612062e+01
8992.5000 3.779620e+01
8993.7500 1.065958e+01
8995.0000 3.653734e+00
8996.2500 6.681188e+00
8997.5000 9.979558e-01
8998.7500 -5.676021e+00
9000.0000 -5.169880e+01
9001.2500 9.701797e+01
9002.5000 2.135355e+01
9003.7500 9.720913e+00
9005.0000 3.424779e+01
9006.2500 1.528810e+01
9007.5000 1.500052e+01
9008.7500 2.099650e+01
9010.0000 1.471239e+01
9011.2500 2.849073e+01
9012.5000 1.769309e+01
9013.7500 3.643465e+01
9015.0000 1.304389e+01
9016.2500 2.053020e+01
9017.5000 4.839826e+01
9018.7500 4.133590e+01
9020.0000 4.924952e+01
9021.2500 4.091880e+01
9022.5000 3.222824e+01
9023.7500 2.187691e+01
9025.0000 1.126470e+01
9026.2500 2.526073e+01
9027.5000 1.004139e+01
9028.7500 1.865324e+01
9030.0000 4.137489e+01
9031.2500 2.912725e+01
9032.5000 8.830427e+00
9033.7500 2.214278e+01
9035.0000 4.829659e+01
9036.2500 -4.463799e+00
9037.5000 5.850681e+01
9038.7500 2.988772e+01
9040.0000 8.301810e+00
9041.2500 2.741805e+01
9042.5000 4.933209e+00
9043.7500 2.959587e+01
9045.0000 2.055723e+01
9046.2500 2.756082e+01
9047.5000 4.970981e+01
9048.7500 2.954487e+01
9050.0000 8.482548e+01
9051.2500 -2.762280e-01
9052.5000 5.097110e+01
9053.7500 1.819740e+01
9055.0000 5.273499e+00
9056.2500 7.157598e+00
9057.5000 2.908076e+01
9058.7500 2.855750e+01
9060.0000 3.210431e+01
9061.2500 2.025962e+01
9062.5000 7.270405e+00
9063.7500 1.096747e+01
9065.0000 8.999808e+00
9066.2500 2.641183e+01
9067.5000 6.054447e+00
9068.7500 2.118527e+01
9070.0000 1.191267e+01
9071.2500 2.637150e+01
9072.5000 2.896527e+00
9073.7500 3.022538e+00
9075.0000 2.983459e+01
9076.2500 3.472544e+01
9077.5000 -4.172527e+00
9078.7500 2.773045e+01
9080.0000 8.656940e+00
9081.2500 2.681263e+01
9082.5000 1.718104e+01
9083.7500 1.238439e+01
9085.0000 1.592011e+01
9086.2500 2.238432e+01
9087.5000 4.449062e+01
9088.7500 2.856136e+01
9090.0000 4.885929e+01
9091.2500 9.600693e+00
9092.5000 2.573997e+01
9093.7500 2.522511e+01
9095.0000 3.306731e+01
9096.2500 1.309928e+01
9097.5000 1.973379e+01
9098.7500 2.725754e+01
9100.0000 1.401816e+01
9101.2500 -7.991508e+00
9102.5000 2.072579e+01
9103.7500 2.926829e+01
9105.0000 2.295094e+01
9106.2500 1.499770e+01
9107.5000 1.002585e+01
9108.7500 5.201227e+00
9110.0000 2.303672e+01
9111.2500 2.342332e+01
9112.5000 2.946221e+01
9113.7500 3.036695e+01
9115.0000 2.530607e+01
9116.2500 1.409710e+01
9117.5000 2.257005e+01
9118.7500 1.556722e+01
9120.0000 -3.061543e+00
9121.2500 1.158823e+01
9122.5000 2.959335e+01
9123.7500 2.474557e+00
9125.0000 2.428241e+01
9126.2500 2.781638e+01
9127.5000 3.607853e+01
9128.7500 2.291377e+01
9130.0000 1.396752e+01
9131.2500 2.642039e+01
9132.5000 2.861756e+01
9133.7500 2.111724e+01
9135.0000 9.916883e+00
9136.2500 2.120354e+00
9137.5000 2.893223e+01
9138.7500 5.024359e+01
9140.0000 2.348096e+01
9141.2500 4.928786e+01
9142.5000 3.426540e+01
9143.7500 3.148339e+01
9145.0000 1.227909e+01
9146.2500 2.514419e+01
9147.5000 9.925613e+00
9148.7500 4.270727e+01
9150.0000 2.716112e+01
9151.2500 1.998762e+01
9152.5000 -1.010977e+01
9153.7500 8.988796e+00
9155.0000 1.872790e+01
9156.2500 3.471086e+01
9157.5000 2.897835e+01
9158.7500 2.524773e+01
9160.0000 3.149373e+01
9161.2500 3.924012e+01
9162.5000 5.200087e+01
9163.7500 3.308458e+01
9165.0000 3.691936e+01
9166.2500 7.552635e+00
9167.5000 1.237329e+01
9168.7500 4.548056e+01
9170.0000 4.229110e+01
9171.2500 3.510861e+01
9172.5000 1.980145e+01
9173.7500 2.850972e+01
9175.0000 3.449872e+01
9176.2500 4.030357e+01
9177.5000 6.477997e+00
9178.7500 3.005468e+01
9180.0000 -7.401123e-01
9181.2500 1.694085e+01
9182.5000 1.960467e+01
9183.7500 2.404054e+01
9185.0000 2.810644e+01
9186.2500 4.814942e+01
9187.5000 2.145383e+01
9188.7500 2.491406e+01
9190.0000 1.566556e+01
9191.2500 3.524669e+01
9192.5000 3.383571e+01
9193.7500 2.601877e+01
9195.0000 1.178207e+01
9196.2500 8.206649e+00
9197.5000 3.795380e+01
9198.7500 2.190228e+01
9200.0000 5.695584e+00
9201.2500 1.515675e+01
9202.5000 9.468394e+00
9203.7500 3.019247e+01
9205.0000 1.982453e+01
9206.2500 1.469927e+01
9207.5000 1.121986e+01
9208.7500 1.126633e+01
9210.0000 2.445033e+01
9211.2500 3.070986e+01
9212.5000 3.400289e+01
9213.7500 3.452905e+01
9215.0000 1.466113e+01
9216.2500 2.088361e+01
9217.5000 6.536194e+01
9218.7500 4.096484e+01
9220.0000 3.414476e+01
9221.2500 1.394564e+01
9222.5000 3.321249e+01
9223.7500 4.866136e+01
9225.0000 5.149601e+01
9226.2500 2.296704e+01
9227.5000 2.044611e+01
9228.7500 3.261982e+01
9230.0000 3.882005e+01
9231.2500 3.446984e+01
9232.5000 3.507904e+01
9233.7500 2.826756e+01
9235.0000 1.456388e+01
9236.2500 3.476523e+01
9237.5000 2.570670e+01
9238.7500 2.922478e+00
9240.0000 1.842155e+01
9241.2500 2.609900e+01
9242.5000 1.972067e+01
9243.7500 2.191957e+01
9245.0000 2.450165e+01
9246.2500 2.066039e+01
9247.5000 1.806641e+01
9248.7500 2.382966e+01
9250.0000 9.239398e+00
9251.2500 3.705178e+00
9252.5000 1.641805e+01
9253.7500 1.983296e+01
9255.0000 2.400093e+01
9256.2500 3.770408e+01
9257.5000 3.737534e+01
9258.7500 3.310101e+01
9260.0000 4.414005e+01
9261.2500 5.062604e-01
9262.5000 2.495623e+01
9263.7500 1.950841e+01
9265.0000 2.706980e+01
9266.2500 5.359447e+00
9267.5000 1.525000e+01
9268.7500 1.100649e+01
9270.0000 2.012265e+01
9271.2500 1.023966e+01
9272.5000 1.103770e+01
9273.7500 5.199246e+01
9275.0000 2.715657e+01
9276.2500 2.954480e+01
9277.5000 1.583261e+01
9278.7500 3.456721e+01
9280.0000 8.507661e+00
9281.2500 2.689693e+01
9282.5000 4.327215e+01
9283.7500 3.493720e+01
9285.0000 3.452607e+01
9286.2500 2.001874e+01
9287.5000 1.602796e+00
9288.7500 1.643955e+01
9290.0000 4.007240e+00
9291.2500 2.704019e+01
9292.5000 2.704613e+01
9293.7500 2.611496e+01
9295.0000 2.782665e+01
9296.2500 1.007492e+01
9297.5000 1.701273e+01
9298.7500 1.261071e+01
9300.0000 -1.409210e+01
9301.2500 1.272877e+01
9302.5000 -2.510217e+01
9303.7500 -3.846868e+01
9305.0000 -2.317562e+01
9306.2500 -1.373573e+02
9307.5000 -1.589266e+02
9308.7500 -2.150232e+02
9310.0000 -5.762665e+01
9311.2500 -1.034695e+02
9312.5000 2.097460e+02
9313.7500 1.520115e+02
9315.0000 -3.310880e+02
9316.2500 -7.547822e+00
9317.5000 -2.810337e+01
9318.7500 -2.854049e+01
9320.0000 2.343204e+01
9321.2500 1.774032e+01
9322.5000 -3.579483e+02
9323.7500 -3.886425e+01
9325.0000 -7.333121e+01
9326.2500 -2.653441e+02
9327.5000 6.776868e+00
9328.7500 -1.353995e+01
9330.0000 1.837590e+01
9331.2500 5.554681e+01
9332.5000 -3.603700e+01
9333.7500 -3.918206e+01
9335.0000 2.887216e-01
9336.2500 -7.662039e+01
9337.5000 8.470201e+00
9338.7500 -9.102110e+01
9340.0000 -7.200841e+01
9341.2500 2.292431e+01
9342.5000 -1.773893e+01
9343.7500 1.671066e+01
9345.0000 -4.952099e+00
9346.2500 5.979012e+00
9347.5000 6.767231e+00
9348.7500 -1.126346e+01
9350.0000 2.001988e+01
