# original catalogue: arc_list.txt
# original data-cube: ../muse_ne/MACSJ0416_NE_DATACUBE_FINAL_caminha_zap.fits
# source ID: 1
# number of extracted pixels: 25
# extracted position: 64.039371 -24.07045
# wavelenth[Angstrom], flux[10**(-20)*erg/s/cm**2/Angstrom]
4750.0000 -3.048054e+00
4751.2500 5.495717e+01
4752.5000 5.484282e+01
4753.7500 -3.389625e+00
4755.0000 1.775640e+01
4756.2500 3.773379e+01
4757.5000 -3.754786e+00
4758.7500 -3.563310e+01
4760.0000 1.962743e+01
4761.2500 1.522368e+00
4762.5000 -4.891110e-01
4763.7500 2.901458e+01
4765.0000 8.124252e+00
4766.2500 -1.147865e+01
4767.5000 2.917669e+01
4768.7500 -1.963241e+00
4770.0000 1.935059e+01
4771.2500 4.918408e+01
4772.5000 1.778647e+01
4773.7500 2.183901e+01
4775.0000 1.887521e+01
4776.2500 -1.150642e+01
4777.5000 3.685795e+01
4778.7500 2.391238e+00
4780.0000 -6.330020e+00
4781.2500 1.086779e+00
4782.5000 -6.311163e+00
4783.7500 -8.242764e+00
4785.0000 8.272383e+00
4786.2500 1.880011e+01
4787.5000 7.624366e+00
4788.7500 2.399441e+01
4790.0000 -3.984078e+01
4791.2500 2.785576e+01
4792.5000 9.726258e+00
4793.7500 -1.401014e+01
4795.0000 1.936987e+01
4796.2500 -2.228680e+01
4797.5000 -5.812639e-01
4798.7500 1.402345e-01
4800.0000 1.202896e+01
4801.2500 1.517186e+01
4802.5000 -4.764197e+00
4803.7500 3.894217e+01
4805.0000 1.190015e+01
4806.2500 8.373466e+00
4807.5000 -3.842974e+01
4808.7500 -7.930993e+00
4810.0000 -3.549899e+01
4811.2500 -3.958534e+01
4812.5000 3.394028e+01
4813.7500 3.909160e+01
4815.0000 -3.251543e+01
4816.2500 -3.116808e-01
4817.5000 -4.051992e-01
4818.7500 1.739424e+01
4820.0000 2.293262e+00
4821.2500 2.100664e+01
4822.5000 3.353387e+01
4823.7500 -4.602525e+01
4825.0000 2.037918e+01
4826.2500 4.898869e+00
4827.5000 6.933813e-01
4828.7500 -2.836543e+01
4830.0000 4.046408e+01
4831.2500 4.274045e+01
4832.5000 1.822651e+01
4833.7500 1.457123e+01
4835.0000 9.157343e+00
4836.2500 2.110104e+01
4837.5000 1.313929e+00
4838.7500 1.164601e+01
4840.0000 1.885189e+01
4841.2500 1.087883e+01
4842.5000 -5.548120e-01
4843.7500 2.708114e+01
4845.0000 1.398603e+01
4846.2500 -2.021900e+01
4847.5000 1.572984e+01
4848.7500 -2.874625e+01
4850.0000 -5.844805e+00
4851.2500 -1.332542e+01
4852.5000 1.202275e+01
4853.7500 4.667021e+00
4855.0000 -2.452925e+01
4856.2500 -4.703531e+00
4857.5000 1.542715e+01
4858.7500 8.680262e+00
4860.0000 -1.331186e+01
4861.2500 -2.587985e+01
4862.5000 -1.087850e+01
4863.7500 5.616858e+00
4865.0000 1.997605e+01
4866.2500 3.513563e+01
4867.5000 8.618795e+00
4868.7500 -1.040466e+01
4870.0000 2.267680e+00
4871.2500 7.370172e+00
4872.5000 9.361502e+00
4873.7500 2.479593e+01
4875.0000 3.844654e+01
4876.2500 7.477470e+00
4877.5000 5.079496e+01
4878.7500 1.614016e+01
4880.0000 -2.953850e+01
4881.2500 7.037812e+00
4882.5000 -1.091676e+01
4883.7500 4.564950e+01
4885.0000 4.877580e+00
4886.2500 -2.284748e+00
4887.5000 3.880468e+01
4888.7500 7.852641e+00
4890.0000 -2.732939e+00
4891.2500 -4.133528e+01
4892.5000 -6.932011e-01
4893.7500 -2.250982e+01
4895.0000 4.059912e+01
4896.2500 -1.456039e+01
4897.5000 -8.304400e+00
4898.7500 1.411907e+01
4900.0000 1.489672e+01
4901.2500 1.032425e+01
4902.5000 6.177687e+00
4903.7500 6.285941e+00
4905.0000 -1.581561e+01
4906.2500 1.826830e+01
4907.5000 3.442762e+01
4908.7500 -6.427650e-01
4910.0000 -4.267286e+00
4911.2500 -7.898273e+00
4912.5000 2.329433e+01
4913.7500 -1.133040e+01
4915.0000 2.124806e+01
4916.2500 3.659201e+01
4917.5000 -6.716784e+00
4918.7500 -1.161143e+01
4920.0000 3.809016e+00
4921.2500 2.526656e+01
4922.5000 1.053678e+01
4923.7500 1.988870e+01
4925.0000 1.323981e+01
4926.2500 2.940743e+00
4927.5000 -2.436093e+00
4928.7500 1.650431e+01
4930.0000 8.246350e-02
4931.2500 -1.029165e+01
4932.5000 3.136426e+01
4933.7500 -2.056495e+00
4935.0000 1.492335e+01
4936.2500 4.153436e+00
4937.5000 -1.379806e+00
4938.7500 -1.189497e+01
4940.0000 3.683414e+01
4941.2500 1.485487e+01
4942.5000 1.779243e+01
4943.7500 -2.292938e+00
4945.0000 -1.545959e+01
4946.2500 5.474713e+00
4947.5000 6.774213e+00
4948.7500 1.481962e+01
4950.0000 1.226137e+01
4951.2500 -1.100097e+00
4952.5000 2.894235e+01
4953.7500 1.983445e+01
4955.0000 1.620202e+01
4956.2500 1.832999e+01
4957.5000 3.561959e+01
4958.7500 -1.229504e+01
4960.0000 4.090440e+01
4961.2500 1.941100e+01
4962.5000 2.994023e+01
4963.7500 -1.802124e+00
4965.0000 1.520692e+01
4966.2500 7.379010e+00
4967.5000 1.309804e+01
4968.7500 -4.515555e+00
4970.0000 -1.312321e+01
4971.2500 -1.352115e+01
4972.5000 9.418324e+00
4973.7500 1.233560e+01
4975.0000 1.978062e+00
4976.2500 -9.146467e+00
4977.5000 -2.030152e+01
4978.7500 1.649220e+01
4980.0000 2.056634e+01
4981.2500 -7.396944e+00
4982.5000 2.282771e+01
4983.7500 -1.476977e+01
4985.0000 -2.288120e+01
4986.2500 9.443948e+00
4987.5000 2.369364e+01
4988.7500 1.525056e+01
4990.0000 1.100784e+01
4991.2500 -1.044663e+00
4992.5000 2.203713e+01
4993.7500 4.087283e+01
4995.0000 2.722766e+01
4996.2500 3.723502e-01
4997.5000 3.298895e+01
4998.7500 9.615059e+00
5000.0000 1.245625e+01
5001.2500 -1.450812e+01
5002.5000 9.756196e+00
5003.7500 -7.055757e+00
5005.0000 -2.790190e+00
5006.2500 2.965250e+01
5007.5000 -2.010384e+01
5008.7500 -4.459293e+00
5010.0000 -2.542324e+01
5011.2500 -1.375704e+01
5012.5000 -1.048967e+01
5013.7500 -6.575549e+00
5015.0000 7.982706e-01
5016.2500 -1.288762e+01
5017.5000 1.090886e+01
5018.7500 4.869021e+00
5020.0000 -7.752934e+00
5021.2500 1.037086e+01
5022.5000 1.273898e+01
5023.7500 9.704948e+00
5025.0000 1.441505e+01
5026.2500 4.050085e+00
5027.5000 1.400322e+01
5028.7500 2.626303e+00
5030.0000 5.920061e+00
5031.2500 4.821063e+00
5032.5000 2.596056e+00
5033.7500 2.385397e+01
5035.0000 1.841298e+01
5036.2500 1.277854e+01
5037.5000 2.304416e+01
5038.7500 2.181090e+01
5040.0000 -3.719654e-01
5041.2500 -4.196838e+00
5042.5000 4.839386e+00
5043.7500 3.338699e+01
5045.0000 8.178332e+00
5046.2500 -1.818879e+01
5047.5000 9.606008e+00
5048.7500 3.557403e-01
5050.0000 -4.577432e-01
5051.2500 4.261489e+00
5052.5000 2.667010e+01
5053.7500 2.265048e+01
5055.0000 1.011367e+01
5056.2500 6.253322e-01
5057.5000 8.527874e+00
5058.7500 5.205777e+00
5060.0000 3.848409e+00
5061.2500 2.455041e+01
5062.5000 6.408036e-01
5063.7500 -6.062160e-01
5065.0000 2.353138e+00
5066.2500 9.109200e+00
5067.5000 -1.146187e+00
5068.7500 -1.437405e+00
5070.0000 9.546205e+00
5071.2500 3.272840e+01
5072.5000 -1.101553e+01
5073.7500 1.293309e+01
5075.0000 3.542565e+01
5076.2500 2.033308e+01
5077.5000 1.947923e+01
5078.7500 -1.217334e+00
5080.0000 6.150903e+00
5081.2500 2.347038e+01
5082.5000 -2.856503e+00
5083.7500 -2.690693e+01
5085.0000 4.879361e+00
5086.2500 2.589453e+01
5087.5000 -4.577196e+00
5088.7500 1.287104e+01
5090.0000 -1.336860e+01
5091.2500 -2.642171e+00
5092.5000 5.587853e+00
5093.7500 2.035032e+01
5095.0000 2.070938e+01
5096.2500 -6.363997e+00
5097.5000 3.278801e+00
5098.7500 -1.635687e+01
5100.0000 -2.001249e+00
5101.2500 -3.333795e+00
5102.5000 -1.217509e+01
5103.7500 -7.504643e+00
5105.0000 1.352735e+01
5106.2500 5.044335e+00
5107.5000 2.194163e+00
5108.7500 -8.142385e+00
5110.0000 -2.027083e+01
5111.2500 2.232492e+01
5112.5000 2.703417e+01
5113.7500 3.822918e+01
5115.0000 -3.057442e+00
5116.2500 -1.584613e-01
5117.5000 -6.593598e+00
5118.7500 9.716055e+00
5120.0000 -1.791891e+01
5121.2500 3.955826e+01
5122.5000 -1.604856e+01
5123.7500 1.336642e+01
5125.0000 6.384922e+00
5126.2500 2.290516e+01
5127.5000 3.719763e+01
5128.7500 3.263679e+01
5130.0000 3.734311e+01
5131.2500 2.314780e+01
5132.5000 3.983500e+00
5133.7500 -1.379143e+00
5135.0000 2.289650e-01
5136.2500 1.902150e+01
5137.5000 2.488197e+01
5138.7500 -4.939476e+00
5140.0000 7.478844e+00
5141.2500 -3.700780e+00
5142.5000 1.490136e+00
5143.7500 -8.659348e+00
5145.0000 2.156281e+01
5146.2500 7.209351e+00
5147.5000 2.688149e+00
5148.7500 2.680278e-02
5150.0000 7.265507e+00
5151.2500 1.008303e+01
5152.5000 1.370241e+01
5153.7500 4.386145e+01
5155.0000 3.213081e+01
5156.2500 9.792653e+00
5157.5000 1.634466e+00
5158.7500 2.839185e+01
5160.0000 2.026015e+01
5161.2500 3.948027e+01
5162.5000 1.258025e+01
5163.7500 -1.236877e+01
5165.0000 8.461629e+00
5166.2500 3.888162e+00
5167.5000 -8.208340e+00
5168.7500 -1.432762e+01
5170.0000 1.573692e+01
5171.2500 -3.580942e+00
5172.5000 -2.787635e+00
5173.7500 -1.493074e+01
5175.0000 -2.680169e+00
5176.2500 -4.947538e+00
5177.5000 -2.484315e+01
5178.7500 1.710117e+01
5180.0000 3.668978e+01
5181.2500 2.540054e+01
5182.5000 4.749269e+00
5183.7500 2.897845e+01
5185.0000 -1.524031e+00
5186.2500 -3.136164e+00
5187.5000 2.836137e+01
5188.7500 1.574162e+00
5190.0000 5.763995e+00
5191.2500 8.285577e+00
5192.5000 1.568910e+00
5193.7500 1.126590e+01
5195.0000 4.876837e+00
5196.2500 -9.579311e+00
5197.5000 2.264292e+01
5198.7500 3.488092e+00
5200.0000 -1.661479e+00
5201.2500 1.689188e+01
5202.5000 5.919621e+00
5203.7500 -3.308844e+00
5205.0000 3.912797e+00
5206.2500 2.626386e+01
5207.5000 1.639990e+01
5208.7500 -1.408306e+00
5210.0000 -2.486009e+00
5211.2500 -1.745509e+01
5212.5000 -2.618272e+01
5213.7500 -2.431125e+01
5215.0000 1.326046e+01
5216.2500 -1.736158e+01
5217.5000 5.446165e+00
5218.7500 2.890512e+00
5220.0000 1.783549e+01
5221.2500 2.237684e+01
5222.5000 3.063773e+01
5223.7500 1.915886e+01
5225.0000 1.637637e+01
5226.2500 -8.590323e+00
5227.5000 2.250818e+01
5228.7500 1.386663e+01
5230.0000 -6.963120e+00
5231.2500 5.046582e+00
5232.5000 2.711692e+01
5233.7500 -1.275364e+01
5235.0000 -1.117287e+00
5236.2500 6.073485e+00
5237.5000 5.028879e+00
5238.7500 2.528532e+01
5240.0000 7.100810e+00
5241.2500 2.502686e+01
5242.5000 -1.160996e+01
5243.7500 1.450865e+01
5245.0000 -5.626264e+00
5246.2500 3.541971e+00
5247.5000 1.809120e-01
5248.7500 1.170361e+01
5250.0000 2.078316e+01
5251.2500 2.601413e+01
5252.5000 1.491130e+00
5253.7500 1.681639e+01
5255.0000 1.111180e+01
5256.2500 4.701754e+00
5257.5000 -1.729535e+01
5258.7500 6.059008e+00
5260.0000 -7.969915e+00
5261.2500 1.093722e+01
5262.5000 1.519086e+01
5263.7500 2.372552e+01
5265.0000 -4.123984e+00
5266.2500 3.585603e+00
5267.5000 1.783016e+01
5268.7500 2.874625e+01
5270.0000 2.326725e+01
5271.2500 3.521776e+00
5272.5000 9.835490e+00
5273.7500 1.805104e+01
5275.0000 3.259980e+01
5276.2500 -2.213846e+01
5277.5000 3.514750e+01
5278.7500 -7.334420e+00
5280.0000 -1.721663e+01
5281.2500 1.963809e+01
5282.5000 8.289541e+00
5283.7500 3.774931e+01
5285.0000 1.949961e+01
5286.2500 1.599164e+01
5287.5000 2.386142e+00
5288.7500 4.867482e+00
5290.0000 4.043458e+00
5291.2500 2.549255e+00
5292.5000 -8.430162e+00
5293.7500 -2.513806e+00
5295.0000 2.823006e+01
5296.2500 3.411618e+01
5297.5000 1.531808e+01
5298.7500 9.992385e+00
5300.0000 4.791012e-01
5301.2500 -8.752338e+00
5302.5000 1.009975e+01
5303.7500 1.048123e+01
5305.0000 3.755264e+01
5306.2500 3.702465e+01
5307.5000 2.180257e+01
5308.7500 3.235149e+01
5310.0000 3.225220e+01
5311.2500 2.215467e+01
5312.5000 6.432610e-01
5313.7500 -4.314381e+00
5315.0000 1.161846e+01
5316.2500 1.708328e+00
5317.5000 1.037954e+00
5318.7500 4.143193e+00
5320.0000 1.574881e+01
5321.2500 1.538486e+01
5322.5000 -1.213442e+01
5323.7500 -7.930300e+00
5325.0000 1.718012e+01
5326.2500 2.148000e+01
5327.5000 1.244245e+01
5328.7500 2.382322e+01
5330.0000 -4.388968e+00
5331.2500 -1.723146e+00
5332.5000 1.602122e+01
5333.7500 3.669743e+01
5335.0000 9.459216e+00
5336.2500 2.837434e+01
5337.5000 6.158700e+00
5338.7500 9.182670e+00
5340.0000 6.931614e+00
5341.2500 -3.194673e+00
5342.5000 9.375228e+00
5343.7500 -1.053088e+01
5345.0000 -8.720749e+00
5346.2500 1.101287e+01
5347.5000 6.710061e+00
5348.7500 -1.893524e+00
5350.0000 2.494644e+01
5351.2500 1.798788e+01
5352.5000 -9.576224e-01
5353.7500 1.960874e+01
5355.0000 1.232181e+01
5356.2500 -1.276193e-01
5357.5000 3.055711e+00
5358.7500 -9.192130e+00
5360.0000 8.072597e+00
5361.2500 1.285693e+01
5362.5000 -6.269716e+00
5363.7500 6.269273e+00
5365.0000 -1.178109e+00
5366.2500 -2.760038e+00
5367.5000 1.421958e+01
5368.7500 -8.466743e+00
5370.0000 -1.636975e+01
5371.2500 1.661520e+01
5372.5000 1.261248e+01
5373.7500 1.544729e+01
5375.0000 2.120545e+01
5376.2500 8.753607e+00
5377.5000 -7.259630e+00
5378.7500 1.290682e+01
5380.0000 2.459929e+01
5381.2500 8.931484e+00
5382.5000 2.263790e+01
5383.7500 1.864760e+01
5385.0000 1.292533e+01
5386.2500 2.275402e+01
5387.5000 -3.191876e-01
5388.7500 1.305357e+01
5390.0000 -6.245101e+00
5391.2500 -1.711158e+00
5392.5000 1.968668e+01
5393.7500 1.735266e+00
5395.0000 4.482211e+00
5396.2500 1.342197e+00
5397.5000 2.525512e+01
5398.7500 1.588947e+01
5400.0000 1.494922e+01
5401.2500 -1.254661e+01
5402.5000 9.037393e+00
5403.7500 -1.537141e+01
5405.0000 5.740926e+00
5406.2500 1.884601e+01
5407.5000 4.362452e+01
5408.7500 1.133187e+01
5410.0000 1.259868e+01
5411.2500 -3.504599e+00
5412.5000 4.378300e+01
5413.7500 9.288237e+00
5415.0000 1.692300e+01
5416.2500 2.844679e+00
5417.5000 1.044716e+01
5418.7500 2.308750e+01
5420.0000 4.584457e+00
5421.2500 1.967568e+00
5422.5000 1.141138e+01
5423.7500 2.028656e+00
5425.0000 9.040797e+00
5426.2500 3.447500e+01
5427.5000 1.215225e+01
5428.7500 -6.045248e+00
5430.0000 1.515380e+00
5431.2500 1.307139e+01
5432.5000 1.945078e+00
5433.7500 1.562134e+01
5435.0000 4.312790e+00
5436.2500 3.272370e+00
5437.5000 1.450737e+01
5438.7500 1.352656e+01
5440.0000 1.242886e+01
5441.2500 1.585387e+01
5442.5000 1.283079e+01
5443.7500 5.193262e+00
5445.0000 -4.362638e+00
5446.2500 -2.020571e+01
5447.5000 -4.382902e+00
5448.7500 -1.897572e+01
5450.0000 -1.115693e+00
5451.2500 2.787608e+01
5452.5000 1.846853e+01
5453.7500 1.263401e+01
5455.0000 1.144529e+01
5456.2500 2.074375e+00
5457.5000 3.031320e+01
5458.7500 3.576486e+00
5460.0000 8.112800e+00
5461.2500 -1.399646e+00
5462.5000 1.018266e+01
5463.7500 1.527289e+01
5465.0000 3.606435e+00
5466.2500 1.401018e+01
5467.5000 2.030571e+01
5468.7500 1.659286e+01
5470.0000 2.929744e+01
5471.2500 2.038831e+01
5472.5000 4.337692e-01
5473.7500 2.691181e+01
5475.0000 2.234055e+01
5476.2500 1.307170e+01
5477.5000 -4.439908e+00
5478.7500 3.160622e+01
5480.0000 2.350271e+01
5481.2500 2.119553e+01
5482.5000 2.375796e+01
5483.7500 2.701154e+01
5485.0000 3.624066e+01
5486.2500 3.373300e+01
5487.5000 -1.049884e+01
5488.7500 -3.503445e+01
5490.0000 5.334603e+00
5491.2500 4.596450e+00
5492.5000 2.473553e+01
5493.7500 4.051470e+01
5495.0000 8.995755e+00
5496.2500 2.596797e+01
5497.5000 3.222397e+01
5498.7500 4.135100e+00
5500.0000 7.548516e+00
5501.2500 -2.684559e+01
5502.5000 1.318277e+01
5503.7500 -6.457106e-01
5505.0000 -7.817377e+00
5506.2500 2.056816e+01
5507.5000 8.774250e+00
5508.7500 2.110898e+01
5510.0000 -1.654362e+01
5511.2500 6.640541e+00
5512.5000 3.146448e+01
5513.7500 1.599324e+00
5515.0000 -5.277649e+00
5516.2500 8.423219e+00
5517.5000 2.591606e+01
5518.7500 7.835759e+00
5520.0000 7.382777e+00
5521.2500 1.589219e+01
5522.5000 2.025471e+01
5523.7500 8.309844e+00
5525.0000 5.515781e+00
5526.2500 1.350642e+01
5527.5000 1.014657e+01
5528.7500 -6.753180e+00
5530.0000 1.214093e+01
5531.2500 -8.296061e-02
5532.5000 -3.053334e-01
5533.7500 2.702354e+01
5535.0000 2.399842e+01
5536.2500 1.000798e+01
5537.5000 -3.716960e+00
5538.7500 2.181628e-01
5540.0000 8.148592e+00
5541.2500 3.164746e+01
5542.5000 -7.497311e-02
5543.7500 1.715362e+01
5545.0000 -1.117610e+01
5546.2500 -3.031907e+00
5547.5000 1.480471e+01
5548.7500 1.821541e+01
5550.0000 3.717226e+01
5551.2500 1.382460e+01
5552.5000 -1.982492e+01
5553.7500 5.416230e+00
5555.0000 -2.444753e+01
5556.2500 5.359035e+00
5557.5000 -1.602573e+01
5558.7500 -2.417444e+00
5560.0000 1.258821e+01
5561.2500 3.822364e+01
5562.5000 2.614497e+01
5563.7500 1.145286e+01
5565.0000 3.954622e+01
5566.2500 -3.546566e+00
5567.5000 4.700764e+01
5568.7500 5.765068e+00
5570.0000 -2.957946e+01
5571.2500 -7.874231e+00
5572.5000 9.614580e+00
5573.7500 5.222333e+00
5575.0000 7.554709e+00
5576.2500 6.373402e+00
5577.5000 6.456648e+00
5578.7500 7.253394e+00
5580.0000 3.905418e+00
5581.2500 2.696187e+01
5582.5000 2.727075e+01
5583.7500 -1.126505e-01
5585.0000 1.100396e+01
5586.2500 -8.926548e+00
5587.5000 -1.503810e+01
5588.7500 5.223515e+00
5590.0000 2.421258e+01
5591.2500 2.726528e+01
5592.5000 8.799273e+00
5593.7500 4.475117e-02
5595.0000 1.775273e+01
5596.2500 3.545734e+01
5597.5000 1.718929e+01
5598.7500 1.951386e+01
5600.0000 1.007380e+01
5601.2500 -1.167783e+01
5602.5000 -9.224780e+00
5603.7500 6.234195e-01
5605.0000 1.053850e+01
5606.2500 -1.134023e+01
5607.5000 1.134892e+01
5608.7500 1.273922e+01
5610.0000 -1.564649e+01
5611.2500 -1.882222e+00
5612.5000 1.921081e+01
5613.7500 1.821861e+01
5615.0000 -1.981539e+00
5616.2500 -2.424775e+00
5617.5000 -2.302934e+00
5618.7500 1.998683e+01
5620.0000 1.690557e+01
5621.2500 6.592839e+00
5622.5000 4.413525e+00
5623.7500 1.986350e+00
5625.0000 1.121558e+01
5626.2500 -1.907988e+01
5627.5000 2.040071e+01
5628.7500 1.061904e+01
5630.0000 8.974713e+00
5631.2500 -1.956795e+01
5632.5000 -2.696762e+00
5633.7500 8.299689e+00
5635.0000 8.356876e+00
5636.2500 -3.686421e+00
5637.5000 5.054819e+00
5638.7500 2.065259e+01
5640.0000 2.143234e+00
5641.2500 1.629782e+00
5642.5000 -1.071426e+00
5643.7500 4.880219e+00
5645.0000 1.038821e+01
5646.2500 3.713046e+01
5647.5000 8.155308e+00
5648.7500 -6.961723e+00
5650.0000 -2.003036e+00
5651.2500 2.464288e+01
5652.5000 1.179408e+01
5653.7500 1.470820e+01
5655.0000 -4.387972e+00
5656.2500 1.265512e+00
5657.5000 3.985526e+00
5658.7500 1.443230e+00
5660.0000 1.125469e+01
5661.2500 2.371320e+01
5662.5000 1.516078e+01
5663.7500 1.271568e+01
5665.0000 4.040630e+01
5666.2500 6.282029e+00
5667.5000 2.168576e+01
5668.7500 1.103463e+01
5670.0000 -2.391208e+00
5671.2500 2.402794e+00
5672.5000 1.215033e+01
5673.7500 3.734623e+00
5675.0000 1.151632e+01
5676.2500 1.127532e+01
5677.5000 2.776932e+01
5678.7500 3.557457e+01
5680.0000 1.131893e+01
5681.2500 7.768998e+00
5682.5000 1.481358e+01
5683.7500 3.164914e+01
5685.0000 2.344295e+01
5686.2500 1.754096e+01
5687.5000 2.675310e+01
5688.7500 1.806916e+01
5690.0000 2.931005e+01
5691.2500 7.346161e+00
5692.5000 4.194352e+01
5693.7500 2.292253e+01
5695.0000 -6.293293e-01
5696.2500 2.899794e+00
5697.5000 1.629985e+01
5698.7500 -1.346834e+01
5700.0000 -3.546666e+00
5701.2500 1.533950e+01
5702.5000 9.493560e+00
5703.7500 2.869974e+01
5705.0000 7.083395e+00
5706.2500 4.578072e+01
5707.5000 2.184254e+01
5708.7500 2.247767e+00
5710.0000 1.413248e+01
5711.2500 2.741456e-01
5712.5000 3.693384e+00
5713.7500 2.236016e+01
5715.0000 -1.699648e+00
5716.2500 1.643550e+01
5717.5000 3.683262e+01
5718.7500 1.783563e+01
5720.0000 1.471626e+01
5721.2500 -1.640480e+00
5722.5000 3.747903e+00
5723.7500 2.329642e+01
5725.0000 2.448048e+00
5726.2500 5.213578e+00
5727.5000 1.354572e+01
5728.7500 3.705939e+00
5730.0000 1.255704e+01
5731.2500 2.515097e+01
5732.5000 8.998714e+00
5733.7500 2.788208e+01
5735.0000 2.303427e+01
5736.2500 3.780670e+00
5737.5000 2.483794e+01
5738.7500 1.407119e+01
5740.0000 -1.155037e+01
5741.2500 2.413601e+00
5742.5000 1.862115e+01
5743.7500 1.058751e+01
5745.0000 1.722890e+01
5746.2500 1.995014e+01
5747.5000 1.051149e+01
5748.7500 -1.335246e+01
5750.0000 8.504605e+00
5751.2500 4.042580e+01
5752.5000 3.198320e+00
5753.7500 1.688699e+01
5755.0000 -1.489653e+00
5756.2500 -2.064834e+00
5757.5000 7.145864e+00
5758.7500 4.827693e+01
5760.0000 -1.066875e+00
5761.2500 1.881052e+01
5762.5000 1.303603e+01
5763.7500 9.680420e+00
5765.0000 -8.835119e+00
5766.2500 3.087777e+01
5767.5000 1.278900e+01
5768.7500 -2.545614e+00
5770.0000 -1.464807e+01
5771.2500 6.490228e+00
5772.5000 2.687955e+01
5773.7500 1.748990e+01
5775.0000 -1.020321e+00
5776.2500 1.470968e+01
5777.5000 2.145249e+01
5778.7500 8.702404e+00
5780.0000 3.251637e+01
5781.2500 -8.260671e+00
5782.5000 5.120762e+00
5783.7500 1.074168e+00
5785.0000 2.413877e+00
5786.2500 4.719536e+00
5787.5000 9.894176e+00
5788.7500 1.258950e+01
5790.0000 1.000139e+01
5791.2500 -7.745553e+00
5792.5000 4.108475e+01
5793.7500 1.965492e+01
5795.0000 1.460123e+01
5796.2500 1.480671e+01
5797.5000 -3.639125e+01
5798.7500 3.585210e+00
5800.0000 8.451777e+00
5801.2500 1.139183e+01
5802.5000 2.952443e+01
5803.7500 -4.062116e+00
5805.0000 4.213319e+01
5806.2500 7.377182e+00
5807.5000 1.842770e+01
5808.7500 1.175770e+01
5810.0000 1.364552e+01
5811.2500 3.168412e+01
5812.5000 7.167559e-01
5813.7500 7.543420e+00
5815.0000 1.842407e+01
5816.2500 2.165498e+01
5817.5000 3.448069e+01
5818.7500 1.889178e+01
5820.0000 3.180909e+01
5821.2500 1.518320e+01
5822.5000 2.411502e+01
5823.7500 5.327519e+00
5825.0000 1.079954e+01
5826.2500 3.668233e-01
5827.5000 1.405315e+01
5828.7500 6.762167e+00
5830.0000 4.913929e+00
5831.2500 1.026658e+01
5832.5000 2.182744e+01
5833.7500 2.201232e+01
5835.0000 3.207431e+01
5836.2500 8.216039e+00
5837.5000 1.122825e+01
5838.7500 7.351660e+00
5840.0000 3.998683e+00
5841.2500 8.956796e+00
5842.5000 4.155049e+00
5843.7500 1.870004e+00
5845.0000 -1.183987e-01
5846.2500 4.010485e+00
5847.5000 7.244841e+00
5848.7500 -9.322133e-01
5850.0000 -3.104480e+00
5851.2500 -4.971368e+00
5852.5000 -7.923335e+00
5853.7500 1.187920e+01
5855.0000 3.555357e+01
5856.2500 -4.567108e+00
5857.5000 3.869108e+00
5858.7500 8.593087e+00
5860.0000 2.625671e+00
5861.2500 1.531370e+01
5862.5000 2.364710e+01
5863.7500 4.868462e-01
5865.0000 1.224290e+01
5866.2500 1.874558e+01
5867.5000 7.877655e+00
5868.7500 1.045713e+01
5870.0000 2.277288e+01
5871.2500 7.247783e+00
5872.5000 6.360796e-01
5873.7500 8.274345e+00
5875.0000 1.288448e+01
5876.2500 -2.523615e+01
5877.5000 2.195551e+01
5878.7500 1.870063e+01
5880.0000 1.315810e+01
5881.2500 1.812266e+01
5882.5000 -1.382429e+01
5883.7500 -5.821124e+00
5885.0000 2.614004e+00
5886.2500 4.036674e+00
5887.5000 1.021435e+01
5888.7500 5.243598e+00
5890.0000 1.689496e+00
5891.2500 3.405338e+01
5892.5000 2.098710e+01
5893.7500 5.665829e+00
5895.0000 3.344338e+00
5896.2500 1.309955e+01
5897.5000 -1.832084e+01
5898.7500 1.750690e+01
5900.0000 8.959655e+00
5901.2500 1.364389e+01
5902.5000 9.762507e+00
5903.7500 -4.570730e+00
5905.0000 2.900813e+01
5906.2500 1.224706e+01
5907.5000 -3.852697e+00
5908.7500 3.370062e+00
5910.0000 1.312443e+01
5911.2500 -1.209159e+00
5912.5000 -3.000096e+00
5913.7500 -1.369814e+01
5915.0000 1.414195e+01
5916.2500 -4.658038e+00
5917.5000 -9.961599e+00
5918.7500 1.622692e+01
5920.0000 1.176327e+01
5921.2500 1.195435e+01
5922.5000 1.591690e+00
5923.7500 3.165916e+01
5925.0000 1.009029e+01
5926.2500 2.750600e+01
5927.5000 1.509096e+01
5928.7500 2.841741e+00
5930.0000 8.857435e+00
5931.2500 9.367305e+00
5932.5000 3.497081e+01
5933.7500 1.561243e+01
5935.0000 2.681087e+01
5936.2500 1.080806e+01
5937.5000 3.045069e+01
5938.7500 2.002654e+01
5940.0000 2.587086e+01
5941.2500 1.886739e+01
5942.5000 1.569128e+01
5943.7500 5.536213e+00
5945.0000 -2.149941e+00
5946.2500 1.251951e+01
5947.5000 1.190835e+00
5948.7500 1.104312e+01
5950.0000 3.830227e+00
5951.2500 3.309201e+01
5952.5000 4.822681e+01
5953.7500 2.004099e+01
5955.0000 1.894657e+01
5956.2500 2.129013e+01
5957.5000 2.639403e+01
5958.7500 1.592379e+01
5960.0000 1.497596e+01
5961.2500 -8.153541e+00
5962.5000 2.573719e+01
5963.7500 5.642216e+00
5965.0000 4.833125e+00
5966.2500 1.069170e+01
5967.5000 1.315388e+01
5968.7500 2.153119e+01
5970.0000 8.908854e+00
5971.2500 1.613039e+01
5972.5000 1.723704e+01
5973.7500 1.939101e+01
5975.0000 5.668973e+00
5976.2500 1.057348e+00
5977.5000 5.329258e+00
5978.7500 5.669667e+00
5980.0000 1.335765e+01
5981.2500 1.015255e+01
5982.5000 6.747744e+00
5983.7500 2.117590e+01
5985.0000 3.328233e+01
5986.2500 1.420288e+01
5987.5000 3.533635e-01
5988.7500 1.252278e+01
5990.0000 8.054659e+00
5991.2500 2.154117e+01
5992.5000 1.455105e+01
5993.7500 2.182762e+01
5995.0000 2.003822e+01
5996.2500 1.988170e+01
5997.5000 1.185572e+01
5998.7500 1.206728e+01
6000.0000 3.425204e+00
6001.2500 2.026230e+01
6002.5000 1.664695e+01
6003.7500 2.230762e+01
6005.0000 2.849067e+01
6006.2500 4.809342e+00
6007.5000 1.660686e+00
6008.7500 2.152940e+01
6010.0000 2.008424e+01
6011.2500 9.687944e+00
6012.5000 1.714180e+01
6013.7500 2.805905e+01
6015.0000 -1.103885e+01
6016.2500 2.391317e+01
6017.5000 2.461880e+01
6018.7500 1.942161e+01
6020.0000 6.772293e+00
6021.2500 -8.755227e+00
6022.5000 3.512199e+00
6023.7500 2.253411e+01
6025.0000 1.057130e+01
6026.2500 1.769034e+01
6027.5000 2.391542e+01
6028.7500 2.716920e+01
6030.0000 5.356479e+00
6031.2500 -1.209732e+00
6032.5000 -1.016596e+01
6033.7500 1.208446e+01
6035.0000 2.956248e+01
6036.2500 2.353659e+00
6037.5000 -3.403237e+00
6038.7500 2.366826e+01
6040.0000 2.870096e+01
6041.2500 1.852119e+01
6042.5000 1.787934e+01
6043.7500 1.213887e+01
6045.0000 2.012069e+01
6046.2500 2.017986e+01
6047.5000 1.265911e+01
6048.7500 6.164295e+00
6050.0000 1.091716e+01
6051.2500 2.195028e+01
6052.5000 2.240202e+01
6053.7500 1.645671e+01
6055.0000 4.083647e+01
6056.2500 1.742017e+00
6057.5000 -1.236036e+01
6058.7500 1.776449e+01
6060.0000 1.415403e+00
6061.2500 1.034091e+01
6062.5000 3.118949e+01
6063.7500 2.859460e+01
6065.0000 1.299862e+01
6066.2500 -1.672906e+01
6067.5000 1.408996e+01
6068.7500 1.866234e+01
6070.0000 1.400399e+01
6071.2500 1.082982e+01
6072.5000 1.852509e+01
6073.7500 1.621791e+01
6075.0000 1.079371e+01
6076.2500 3.352354e+01
6077.5000 2.363682e+01
6078.7500 2.703061e+01
6080.0000 4.219945e+00
6081.2500 8.052197e+00
6082.5000 2.668144e+01
6083.7500 2.634963e+01
6085.0000 1.299077e+01
6086.2500 1.024139e+01
6087.5000 8.570868e+00
6088.7500 1.352123e+01
6090.0000 7.833705e+00
6091.2500 1.343340e+01
6092.5000 1.058757e+01
6093.7500 2.796689e+01
6095.0000 6.500147e+00
6096.2500 1.498818e+01
6097.5000 1.057780e+01
6098.7500 -1.509928e+00
6100.0000 -3.091855e+00
6101.2500 1.245477e+01
6102.5000 3.424085e+01
6103.7500 -5.088859e-01
6105.0000 1.790240e+01
6106.2500 2.914093e+01
6107.5000 1.410270e+01
6108.7500 1.722330e+01
6110.0000 3.524591e+01
6111.2500 3.709597e+01
6112.5000 1.027042e+01
6113.7500 1.308785e+00
6115.0000 1.314953e+01
6116.2500 4.096992e+01
6117.5000 5.236890e+01
6118.7500 3.722602e+01
6120.0000 3.480198e+01
6121.2500 3.616071e+00
6122.5000 2.279061e+01
6123.7500 9.098740e+00
6125.0000 -3.009923e+00
6126.2500 1.496247e+01
6127.5000 6.879335e+00
6128.7500 2.810725e+00
6130.0000 3.315669e+01
6131.2500 9.472388e+00
6132.5000 1.107611e+01
6133.7500 1.859246e+01
6135.0000 3.333467e+01
6136.2500 1.035888e+01
6137.5000 1.044954e+00
6138.7500 3.307800e+01
6140.0000 9.210622e+00
6141.2500 1.086386e+01
6142.5000 2.249201e+00
6143.7500 3.458036e+00
6145.0000 5.252846e+00
6146.2500 1.210389e+01
6147.5000 4.315124e+00
6148.7500 7.388025e+00
6150.0000 1.103878e+01
6151.2500 9.379594e-01
6152.5000 -1.177923e+01
6153.7500 4.002632e+00
6155.0000 9.353266e+00
6156.2500 3.180499e+01
6157.5000 1.776667e-01
6158.7500 2.190571e+01
6160.0000 2.158648e+01
6161.2500 2.323981e+01
6162.5000 1.959879e+01
6163.7500 2.263406e+01
6165.0000 8.644068e+00
6166.2500 1.627291e+01
6167.5000 1.325900e+01
6168.7500 4.964972e+01
6170.0000 2.523196e+01
6171.2500 -8.123364e-01
6172.5000 4.645106e+00
6173.7500 2.206145e+01
6175.0000 1.351342e+01
6176.2500 1.890343e+01
6177.5000 2.023089e+01
6178.7500 1.956298e+01
6180.0000 2.864373e-01
6181.2500 8.455103e+00
6182.5000 2.143205e+01
6183.7500 2.660920e+00
6185.0000 1.803993e+01
6186.2500 8.360451e+00
6187.5000 2.132167e+01
6188.7500 3.067587e+01
6190.0000 1.056045e+01
6191.2500 3.515546e+01
6192.5000 9.117176e+00
6193.7500 6.363072e+00
6195.0000 2.456771e+01
6196.2500 -1.890576e+00
6197.5000 1.649824e+01
6198.7500 1.730162e+00
6200.0000 2.870367e+00
6201.2500 1.066536e+01
6202.5000 -1.105571e+01
6203.7500 1.285107e+01
6205.0000 -1.510569e+01
6206.2500 1.450543e+01
6207.5000 1.441016e+01
6208.7500 -3.827535e+00
6210.0000 1.455509e+01
6211.2500 1.852330e+01
6212.5000 5.484504e+00
6213.7500 3.665466e+01
6215.0000 2.821718e+01
6216.2500 1.278897e+01
6217.5000 -3.103197e-01
6218.7500 4.404267e+00
6220.0000 2.252432e+01
6221.2500 -2.838390e+00
6222.5000 1.383470e+01
6223.7500 2.288190e+00
6225.0000 -7.398381e+00
6226.2500 1.606419e+01
6227.5000 1.770649e+01
6228.7500 2.969323e+01
6230.0000 1.732303e+01
6231.2500 2.610637e+01
6232.5000 2.856854e+01
6233.7500 4.293084e+01
6235.0000 1.429020e+00
6236.2500 -2.530907e+01
6237.5000 4.425010e+01
6238.7500 -3.379279e+00
6240.0000 -3.600919e+00
6241.2500 1.876246e+01
6242.5000 7.034094e+00
6243.7500 9.983549e-01
6245.0000 1.101530e+01
6246.2500 5.976236e+00
6247.5000 1.227494e+01
6248.7500 1.016881e+01
6250.0000 1.510636e+01
6251.2500 -1.985662e+00
6252.5000 2.718794e+01
6253.7500 2.460714e+01
6255.0000 1.454887e+01
6256.2500 -1.467948e+01
6257.5000 1.163464e+01
6258.7500 6.570744e+00
6260.0000 4.523283e+00
6261.2500 2.333332e+01
6262.5000 2.761543e+01
6263.7500 9.771948e+00
6265.0000 1.543625e+01
6266.2500 7.381680e+00
6267.5000 1.754671e+01
6268.7500 1.157274e+01
6270.0000 5.074248e+00
6271.2500 1.436972e+01
6272.5000 1.228810e+01
6273.7500 2.566636e+00
6275.0000 1.679300e+01
6276.2500 1.803430e+01
6277.5000 2.086458e+01
6278.7500 3.497893e+01
6280.0000 1.049375e+01
6281.2500 -2.229454e+00
6282.5000 1.955336e+01
6283.7500 1.990361e+01
6285.0000 3.429501e+00
6286.2500 3.802590e+01
6287.5000 -5.993706e+00
6288.7500 2.317021e+01
6290.0000 2.882854e+01
6291.2500 1.729449e+00
6292.5000 -1.063418e+01
6293.7500 1.059173e+01
6295.0000 -2.774353e+00
6296.2500 3.032521e+01
6297.5000 4.274879e+01
6298.7500 8.449497e+00
6300.0000 6.475470e+00
6301.2500 1.610518e+01
6302.5000 -1.389488e+01
6303.7500 3.096371e+01
6305.0000 1.097440e+01
6306.2500 1.902940e+01
6307.5000 -1.674632e+01
6308.7500 2.932510e+00
6310.0000 2.977783e+01
6311.2500 6.299362e+00
6312.5000 8.549155e-01
6313.7500 6.257436e+00
6315.0000 2.528998e+01
6316.2500 1.645114e+01
6317.5000 4.973843e+00
6318.7500 1.290394e+01
6320.0000 2.137610e+01
6321.2500 1.575286e+01
6322.5000 -1.715792e+00
6323.7500 2.084035e+01
6325.0000 1.243464e+01
6326.2500 1.769879e+01
6327.5000 -4.908162e+00
6328.7500 9.580435e+00
6330.0000 2.748743e+01
6331.2500 8.237944e+00
6332.5000 2.534877e+01
6333.7500 2.093704e+01
6335.0000 1.448158e+01
6336.2500 5.150453e+00
6337.5000 1.172620e+01
6338.7500 1.379831e+01
6340.0000 6.247861e+00
6341.2500 2.538498e+01
6342.5000 1.267907e+01
6343.7500 2.240917e+01
6345.0000 1.572382e+01
6346.2500 -6.761996e-01
6347.5000 1.521678e+01
6348.7500 2.873004e+01
6350.0000 -1.829769e+00
6351.2500 9.805237e+00
6352.5000 6.042403e+00
6353.7500 -1.723741e+00
6355.0000 3.399497e+01
6356.2500 2.587236e+01
6357.5000 -5.350217e+00
6358.7500 -3.371180e+00
6360.0000 3.305093e+01
6361.2500 2.843473e+00
6362.5000 -2.170280e+01
6363.7500 2.490361e+01
6365.0000 -2.774849e+01
6366.2500 -1.165683e+01
6367.5000 1.181432e+01
6368.7500 1.514730e+01
6370.0000 1.636052e+01
6371.2500 3.414453e+00
6372.5000 1.961389e+01
6373.7500 2.014687e+01
6375.0000 2.526374e+01
6376.2500 1.376129e+01
6377.5000 1.419431e+01
6378.7500 7.676752e+00
6380.0000 2.489614e+01
6381.2500 7.714781e-01
6382.5000 2.185532e+01
6383.7500 8.495605e+00
6385.0000 2.445942e+01
6386.2500 7.322759e+00
6387.5000 1.858575e-01
6388.7500 1.855550e+01
6390.0000 8.545166e+00
6391.2500 7.545911e+00
6392.5000 -1.276764e+01
6393.7500 -8.209017e+00
6395.0000 6.803159e+00
6396.2500 2.507119e+01
6397.5000 2.529775e+01
6398.7500 1.951188e+01
6400.0000 1.408081e+01
6401.2500 1.166294e+01
6402.5000 2.158602e+01
6403.7500 2.243876e+01
6405.0000 1.100301e+00
6406.2500 -1.245110e+00
6407.5000 -1.376262e+00
6408.7500 4.398725e-01
6410.0000 9.030756e+00
6411.2500 5.378321e+00
6412.5000 4.346747e+00
6413.7500 7.806302e+00
6415.0000 9.304366e+00
6416.2500 1.786622e+01
6417.5000 2.436822e+01
6418.7500 1.388147e+01
6420.0000 1.465026e+01
6421.2500 1.648302e+01
6422.5000 -3.407237e+00
6423.7500 1.481800e+01
6425.0000 1.037558e+01
6426.2500 1.544154e+01
6427.5000 3.033398e+01
6428.7500 2.604762e+01
6430.0000 9.250817e+00
6431.2500 2.039650e+00
6432.5000 5.143849e+00
6433.7500 1.349910e+01
6435.0000 1.950453e+01
6436.2500 2.307889e+00
6437.5000 -2.283315e+00
6438.7500 1.618453e+01
6440.0000 2.511554e+01
6441.2500 1.809765e+01
6442.5000 4.976836e+00
6443.7500 1.260529e+01
6445.0000 2.144100e+01
6446.2500 1.173452e+01
6447.5000 1.791357e+00
6448.7500 7.421433e+00
6450.0000 -8.813777e+00
6451.2500 -9.131432e+00
6452.5000 -1.544291e+01
6453.7500 1.689915e+01
6455.0000 1.130527e+01
6456.2500 1.582245e+01
6457.5000 8.011623e+00
6458.7500 4.841814e+00
6460.0000 -3.289249e+00
6461.2500 -1.706160e+00
6462.5000 2.238501e+01
6463.7500 6.371441e+00
6465.0000 1.379468e+00
6466.2500 1.346571e+01
6467.5000 6.235257e+00
6468.7500 -1.266508e+01
6470.0000 -1.829395e+01
6471.2500 2.122703e+00
6472.5000 7.072453e+00
6473.7500 2.828856e+01
6475.0000 1.788289e+01
6476.2500 2.398825e+01
6477.5000 9.643649e+00
6478.7500 7.197668e+00
6480.0000 3.221166e-01
6481.2500 1.981812e+01
6482.5000 7.320526e+00
6483.7500 -6.777462e-01
6485.0000 1.585943e+01
6486.2500 5.508447e+00
6487.5000 1.195030e+01
6488.7500 9.644921e+00
6490.0000 -8.615552e+00
6491.2500 1.044284e+01
6492.5000 1.935835e+01
6493.7500 4.075342e-01
6495.0000 1.104668e+01
6496.2500 8.793259e+00
6497.5000 9.196292e+00
6498.7500 1.900553e+01
6500.0000 4.777752e+00
6501.2500 -2.422081e+00
6502.5000 1.187420e+01
6503.7500 -4.651573e-01
6505.0000 3.370077e+00
6506.2500 8.049540e+00
6507.5000 7.545776e+00
6508.7500 1.569564e+01
6510.0000 4.078530e+00
6511.2500 8.027180e+00
6512.5000 4.078556e+00
6513.7500 7.100300e+00
6515.0000 1.783944e+01
6516.2500 1.227489e+01
6517.5000 7.929541e+00
6518.7500 2.739081e+00
6520.0000 2.159301e+01
6521.2500 2.046332e+01
6522.5000 2.112230e+01
6523.7500 5.147941e+00
6525.0000 9.517565e+00
6526.2500 2.129402e+01
6527.5000 2.376206e+01
6528.7500 1.161805e+01
6530.0000 1.461060e+01
6531.2500 5.809033e+01
6532.5000 1.297293e+01
6533.7500 -2.123452e+01
6535.0000 1.109451e+01
6536.2500 2.553919e+01
6537.5000 2.504197e+01
6538.7500 7.559633e+00
6540.0000 2.271346e+01
6541.2500 1.808492e+01
6542.5000 3.050516e+01
6543.7500 5.749985e+00
6545.0000 -2.919471e-01
6546.2500 5.199502e+00
6547.5000 7.310302e+00
6548.7500 -8.373763e+00
6550.0000 1.402233e+01
6551.2500 3.785383e+00
6552.5000 1.061418e+01
6553.7500 3.924624e+01
6555.0000 -1.171309e+01
6556.2500 1.274932e+01
6557.5000 2.772984e+01
6558.7500 1.824129e+01
6560.0000 2.185514e+01
6561.2500 2.468318e+01
6562.5000 3.081029e+00
6563.7500 9.493556e+00
6565.0000 -9.441895e+00
6566.2500 3.085802e+01
6567.5000 6.918525e+00
6568.7500 3.226019e+00
6570.0000 1.733161e+01
6571.2500 2.252281e+01
6572.5000 1.216985e+01
6573.7500 7.508097e+00
6575.0000 1.941690e+01
6576.2500 1.390905e+01
6577.5000 -1.945494e+01
6578.7500 -3.260407e+00
6580.0000 8.051490e+00
6581.2500 6.912044e+00
6582.5000 1.456296e+01
6583.7500 3.734562e+01
6585.0000 1.702430e+01
6586.2500 1.049049e+01
6587.5000 3.604578e+00
6588.7500 5.177758e+00
6590.0000 1.894149e+01
6591.2500 1.588636e+01
6592.5000 2.190958e-01
6593.7500 1.902369e+01
6595.0000 3.847176e+01
6596.2500 2.898854e+01
6597.5000 1.692112e+01
6598.7500 1.662240e+01
6600.0000 1.922301e+01
6601.2500 1.581973e+01
6602.5000 9.551367e+00
6603.7500 2.040508e+01
6605.0000 1.994841e+01
6606.2500 1.209927e+01
6607.5000 5.513934e+00
6608.7500 1.056619e+01
6610.0000 2.432080e+01
6611.2500 5.074365e+00
6612.5000 1.951339e+01
6613.7500 -3.588102e+00
6615.0000 1.741215e+01
6616.2500 7.540242e+00
6617.5000 4.567882e+00
6618.7500 1.450684e+01
6620.0000 1.111838e+01
6621.2500 5.788071e+00
6622.5000 2.998775e+01
6623.7500 1.398152e+01
6625.0000 7.629189e+00
6626.2500 5.387697e+00
6627.5000 1.030098e+01
6628.7500 2.184374e+01
6630.0000 1.753675e+01
6631.2500 1.604597e+01
6632.5000 8.858316e+00
6633.7500 5.942784e+00
6635.0000 -3.526925e+00
6636.2500 1.854364e+01
6637.5000 1.076911e+01
6638.7500 2.358459e+01
6640.0000 2.682934e+01
6641.2500 2.216033e+01
6642.5000 1.526626e+01
6643.7500 -3.481762e+00
6645.0000 2.784395e+00
6646.2500 2.702334e+00
6647.5000 1.841530e+01
6648.7500 9.393179e+00
6650.0000 1.468739e+01
6651.2500 7.124456e+00
6652.5000 1.790644e+01
6653.7500 1.972762e+01
6655.0000 1.812934e+01
6656.2500 3.998117e+01
6657.5000 2.453932e+01
6658.7500 2.804737e+01
6660.0000 1.588157e+01
6661.2500 1.843171e+01
6662.5000 2.614248e+00
6663.7500 2.903667e+00
6665.0000 1.438217e+01
6666.2500 2.034220e+01
6667.5000 7.104506e+00
6668.7500 2.872362e+01
6670.0000 1.878123e+01
6671.2500 6.046197e+00
6672.5000 -2.484558e+00
6673.7500 2.236996e+01
6675.0000 1.798409e+01
6676.2500 6.502655e+00
6677.5000 9.689737e+00
6678.7500 3.130708e+00
6680.0000 5.740288e+00
6681.2500 2.980696e+01
6682.5000 2.075517e+01
6683.7500 1.897555e+01
6685.0000 1.640452e+01
6686.2500 2.081720e+01
6687.5000 1.519491e+01
6688.7500 1.980551e+01
6690.0000 7.348085e-01
6691.2500 9.474021e+00
6692.5000 8.328322e+00
6693.7500 2.270245e+00
6695.0000 1.865039e+01
6696.2500 2.365999e+01
6697.5000 3.682041e+01
6698.7500 1.106477e+01
6700.0000 2.740191e+01
6701.2500 1.928750e-01
6702.5000 8.336143e+00
6703.7500 2.798298e+01
6705.0000 1.305132e+00
6706.2500 2.575242e+01
6707.5000 -5.892929e-01
6708.7500 3.364159e+01
6710.0000 -1.709725e+00
6711.2500 2.558711e+00
6712.5000 1.088133e+01
6713.7500 2.289395e+00
6715.0000 1.130901e+01
6716.2500 2.450889e+01
6717.5000 2.108840e+01
6718.7500 6.559395e+00
6720.0000 1.273019e+01
6721.2500 1.020636e+01
6722.5000 9.016623e+00
6723.7500 1.283369e+01
6725.0000 8.219389e+00
6726.2500 6.238542e+00
6727.5000 1.419184e+00
6728.7500 -7.694821e+00
6730.0000 7.926747e+00
6731.2500 4.683179e-01
6732.5000 1.423105e+01
6733.7500 2.503250e+01
6735.0000 1.139669e+00
6736.2500 1.745125e+01
6737.5000 2.255849e+01
6738.7500 1.115822e+01
6740.0000 -5.194649e+00
6741.2500 1.541298e+01
6742.5000 2.005391e+01
6743.7500 1.623390e+01
6745.0000 1.830778e+01
6746.2500 1.692354e+01
6747.5000 2.016405e+01
6748.7500 1.572866e+01
6750.0000 2.193673e+01
6751.2500 1.625354e+01
6752.5000 9.254147e+00
6753.7500 1.961069e+01
6755.0000 1.610160e+01
6756.2500 3.346123e-01
6757.5000 9.909002e+00
6758.7500 1.001086e+01
6760.0000 4.047859e+00
6761.2500 2.994172e+01
6762.5000 4.629642e+00
6763.7500 -2.672045e+00
6765.0000 -1.189875e+00
6766.2500 1.525805e+01
6767.5000 1.966900e+01
6768.7500 1.757562e+01
6770.0000 8.891164e+00
6771.2500 9.135936e+00
6772.5000 1.040697e+01
6773.7500 1.986741e+00
6775.0000 8.103033e+00
6776.2500 2.490147e+01
6777.5000 5.845156e+00
6778.7500 1.461525e+01
6780.0000 2.030678e+01
6781.2500 1.353922e+01
6782.5000 1.316885e+01
6783.7500 1.825136e+01
6785.0000 5.925471e+00
6786.2500 9.885834e+00
6787.5000 4.881034e+00
6788.7500 -9.297684e+00
6790.0000 2.086050e+01
6791.2500 1.333871e+01
6792.5000 1.857134e+01
6793.7500 1.069380e+01
6795.0000 1.621220e+01
6796.2500 -1.181799e+00
6797.5000 1.955911e+01
6798.7500 1.676421e+01
6800.0000 7.615955e+00
6801.2500 1.469057e+01
6802.5000 1.497898e+01
6803.7500 8.626523e+00
6805.0000 5.170589e+00
6806.2500 9.048472e+00
6807.5000 -6.331100e-01
6808.7500 2.503793e+00
6810.0000 4.639455e+00
6811.2500 1.956077e+01
6812.5000 3.356890e+01
6813.7500 2.288650e+01
6815.0000 2.502907e+01
6816.2500 1.379862e+01
6817.5000 1.065201e+01
6818.7500 -6.274035e-01
6820.0000 -1.984262e-01
6821.2500 1.205654e+01
6822.5000 6.744716e+00
6823.7500 -4.034052e-01
6825.0000 3.029852e+00
6826.2500 1.021571e+01
6827.5000 2.769608e+01
6828.7500 -6.663453e+00
6830.0000 4.111778e+01
6831.2500 6.189341e+00
6832.5000 -3.037880e+00
6833.7500 -8.408848e+00
6835.0000 -2.409698e+01
6836.2500 5.176656e+00
6837.5000 1.846548e+01
6838.7500 1.910372e+01
6840.0000 1.475142e+01
6841.2500 5.255641e+00
6842.5000 1.682580e+01
6843.7500 4.909466e+00
6845.0000 6.527594e+00
6846.2500 5.725433e+00
6847.5000 2.264217e+00
6848.7500 9.034589e+00
6850.0000 8.979744e+00
6851.2500 1.090491e+00
6852.5000 1.824404e+01
6853.7500 1.773464e+01
6855.0000 2.079537e+01
6856.2500 2.132039e+01
6857.5000 1.705868e+01
6858.7500 9.645274e+00
6860.0000 1.296207e+01
6861.2500 9.001287e+00
6862.5000 -1.184367e+01
6863.7500 2.308821e+01
6865.0000 -2.281365e+01
6866.2500 1.629084e+01
6867.5000 5.010980e+00
6868.7500 7.449703e-01
6870.0000 9.924427e+00
6871.2500 7.830306e+00
6872.5000 1.381657e+01
6873.7500 2.492675e+01
6875.0000 2.420790e+01
6876.2500 1.451181e+01
6877.5000 2.210537e+01
6878.7500 2.274303e+01
6880.0000 2.911911e+01
6881.2500 2.533641e+01
6882.5000 1.619413e+01
6883.7500 1.458676e+01
6885.0000 5.579110e+00
6886.2500 2.128763e+01
6887.5000 -1.012952e+01
6888.7500 -6.014360e+00
6890.0000 1.534543e+01
6891.2500 -1.472001e+01
6892.5000 3.360628e+00
6893.7500 9.584949e+00
6895.0000 1.034580e+01
6896.2500 6.964704e+00
6897.5000 1.173692e+01
6898.7500 1.772797e+01
6900.0000 9.167160e+00
6901.2500 2.498840e+00
6902.5000 3.570120e+00
6903.7500 6.340499e+00
6905.0000 1.653428e+01
6906.2500 -6.449484e-01
6907.5000 -1.513360e+00
6908.7500 1.084217e+01
6910.0000 1.807483e+01
6911.2500 1.710375e+01
6912.5000 2.069028e+01
6913.7500 -2.765777e+01
6915.0000 4.102068e-01
6916.2500 1.162278e+01
6917.5000 1.269593e+01
6918.7500 6.749080e+00
6920.0000 2.401723e+01
6921.2500 8.504793e+00
6922.5000 -2.980055e+01
6923.7500 1.308708e+00
6925.0000 -1.586793e+01
6926.2500 1.036782e+01
6927.5000 2.626984e+01
6928.7500 3.111442e+01
6930.0000 1.334796e+01
6931.2500 1.809997e+01
6932.5000 2.062342e+01
6933.7500 6.387945e+00
6935.0000 2.001821e+01
6936.2500 1.347907e+01
6937.5000 3.609039e+00
6938.7500 -5.181446e+00
6940.0000 6.590625e+00
6941.2500 4.659063e+00
6942.5000 1.879404e+01
6943.7500 1.028826e+00
6945.0000 1.604877e+01
6946.2500 2.253514e+01
6947.5000 -5.912557e+00
6948.7500 1.564501e+01
6950.0000 -5.370327e-01
6951.2500 3.344805e-01
6952.5000 2.902406e+00
6953.7500 6.242866e+00
6955.0000 1.739182e+01
6956.2500 1.693954e+01
6957.5000 1.470632e+01
6958.7500 8.778357e+00
6960.0000 -1.576678e+00
6961.2500 3.841171e+00
6962.5000 1.857255e+01
6963.7500 2.386951e+01
6965.0000 9.746067e+00
6966.2500 1.440220e+01
6967.5000 1.809386e+01
6968.7500 1.761318e+01
6970.0000 6.432127e+00
6971.2500 1.077449e+01
6972.5000 2.534443e+01
6973.7500 5.412214e+00
6975.0000 1.274792e+01
6976.2500 9.032319e+00
6977.5000 -4.897965e+00
6978.7500 2.365370e+01
6980.0000 1.626266e+01
6981.2500 2.338058e+01
6982.5000 1.318468e+01
6983.7500 -3.720519e+00
6985.0000 1.791981e+01
6986.2500 1.082732e+01
6987.5000 -4.845726e-01
6988.7500 4.636929e+00
6990.0000 8.318963e+00
6991.2500 8.714279e+00
6992.5000 1.478895e+01
6993.7500 1.513736e+01
6995.0000 7.677417e-01
6996.2500 2.363583e+01
6997.5000 2.325180e+01
6998.7500 9.184960e+00
7000.0000 7.498785e+00
7001.2500 1.907841e+01
7002.5000 -7.701627e-01
7003.7500 2.755893e+01
7005.0000 1.173965e+01
7006.2500 1.718428e+01
7007.5000 2.676710e+00
7008.7500 1.257404e+01
7010.0000 1.047632e+01
7011.2500 3.567503e+00
7012.5000 -1.116421e+01
7013.7500 1.194982e+01
7015.0000 -1.217287e+00
7016.2500 1.404511e+01
7017.5000 5.216369e+00
7018.7500 8.504775e+00
7020.0000 3.293392e+01
7021.2500 5.192616e+00
7022.5000 7.483723e-01
7023.7500 8.173759e+00
7025.0000 7.630053e+00
7026.2500 1.024937e+01
7027.5000 8.405867e+00
7028.7500 5.440550e+00
7030.0000 1.667036e+01
7031.2500 1.296951e+01
7032.5000 -6.639996e+00
7033.7500 2.774362e+00
7035.0000 1.234403e+00
7036.2500 1.600273e+01
7037.5000 6.895272e+00
7038.7500 1.576286e+01
7040.0000 6.198546e+00
7041.2500 1.010428e+01
7042.5000 1.853531e+01
7043.7500 5.397990e+00
7045.0000 -4.365434e+00
7046.2500 -4.063339e-01
7047.5000 3.105500e+01
7048.7500 -1.847194e+00
7050.0000 -1.983444e+01
7051.2500 -5.275579e+00
7052.5000 -5.766742e+00
7053.7500 1.409756e+01
7055.0000 1.631531e+01
7056.2500 1.159716e+01
7057.5000 1.732429e+01
7058.7500 1.252015e+01
7060.0000 1.184389e+01
7061.2500 3.186574e+00
7062.5000 5.697304e+00
7063.7500 7.134375e+00
7065.0000 1.089272e+01
7066.2500 1.686756e+01
7067.5000 1.346113e+01
7068.7500 5.916021e+00
7070.0000 4.022100e+01
7071.2500 1.303037e+01
7072.5000 2.996442e-01
7073.7500 2.641346e+01
7075.0000 2.575771e+01
7076.2500 2.909478e+00
7077.5000 -3.632549e+00
7078.7500 1.986410e+01
7080.0000 5.434396e+00
7081.2500 2.539312e+01
7082.5000 2.600393e+00
7083.7500 2.007918e+01
7085.0000 2.852324e+00
7086.2500 1.656785e+00
7087.5000 -3.357570e-01
7088.7500 3.219142e+01
7090.0000 1.651070e+01
7091.2500 1.101804e+01
7092.5000 -1.040061e+00
7093.7500 7.532834e+00
7095.0000 5.759497e+00
7096.2500 9.531300e+00
7097.5000 2.054396e+01
7098.7500 2.020237e+01
7100.0000 1.772270e+01
7101.2500 1.396456e+00
7102.5000 2.574736e+01
7103.7500 1.639619e+01
7105.0000 1.366711e+01
7106.2500 7.372376e+00
7107.5000 1.100201e+01
7108.7500 1.000051e+01
7110.0000 1.284234e+01
7111.2500 1.049264e+01
7112.5000 2.729512e+01
7113.7500 -2.171213e+00
7115.0000 1.064424e+01
7116.2500 1.423242e+01
7117.5000 2.539583e+01
7118.7500 1.627653e+01
7120.0000 2.594436e+01
7121.2500 5.879786e+00
7122.5000 4.299024e+00
7123.7500 -1.673007e+00
7125.0000 1.453035e+01
7126.2500 6.634463e+00
7127.5000 1.838710e+01
7128.7500 3.103429e+00
7130.0000 5.090999e+00
7131.2500 3.634820e+00
7132.5000 5.355032e+00
7133.7500 2.007529e+01
7135.0000 -2.372862e+00
7136.2500 1.105430e+01
7137.5000 2.441706e+01
7138.7500 1.370679e+01
7140.0000 1.663165e+01
7141.2500 4.360028e+00
7142.5000 9.163412e+00
7143.7500 -7.270831e-01
7145.0000 1.453895e+01
7146.2500 7.946672e+00
7147.5000 8.413120e+00
7148.7500 9.262180e+00
7150.0000 -1.084209e+01
7151.2500 8.150797e+00
7152.5000 4.752170e+00
7153.7500 4.332904e+00
7155.0000 9.210590e+00
7156.2500 2.533016e+01
7157.5000 2.152695e+01
7158.7500 3.928050e+00
7160.0000 1.480265e+01
7161.2500 1.688577e+01
7162.5000 9.405629e+00
7163.7500 1.084778e+01
7165.0000 -8.631931e+00
7166.2500 2.582406e+00
7167.5000 1.176447e+01
7168.7500 4.636158e+00
7170.0000 1.655670e+01
7171.2500 1.579988e+01
7172.5000 -4.023946e+00
7173.7500 3.028438e+00
7175.0000 -1.274550e+01
7176.2500 -5.747234e+00
7177.5000 2.127728e+01
7178.7500 1.117365e+01
7180.0000 3.084655e+01
7181.2500 2.087318e+01
7182.5000 8.083655e+00
7183.7500 1.591121e+01
7185.0000 1.831487e+01
7186.2500 1.457635e+01
7187.5000 1.491466e+01
7188.7500 5.298863e+00
7190.0000 1.079485e+01
7191.2500 5.012300e+00
7192.5000 1.501764e+01
7193.7500 5.683381e+00
7195.0000 8.671546e+00
7196.2500 1.168095e+01
7197.5000 -9.749906e-01
7198.7500 8.808782e+00
7200.0000 1.122585e+01
7201.2500 8.447311e+00
7202.5000 3.998932e+00
7203.7500 1.898086e+01
7205.0000 -2.686196e+00
7206.2500 5.066477e+00
7207.5000 1.124724e+01
7208.7500 1.475227e+01
7210.0000 -4.416252e-01
7211.2500 1.829295e+00
7212.5000 -1.786342e+00
7213.7500 1.668377e+01
7215.0000 2.518758e+01
7216.2500 -1.024790e+01
7217.5000 -1.147406e+01
7218.7500 1.026711e+01
7220.0000 1.539269e+01
7221.2500 3.092911e+00
7222.5000 4.037989e+00
7223.7500 7.882955e+00
7225.0000 -1.316772e+00
7226.2500 1.314734e+01
7227.5000 5.650368e+00
7228.7500 2.002257e+01
7230.0000 1.818595e-01
7231.2500 1.348579e+01
7232.5000 4.970433e+00
7233.7500 1.203670e+01
7235.0000 2.168350e+01
7236.2500 5.592407e+00
7237.5000 2.783585e+01
7238.7500 1.426884e+01
7240.0000 2.027234e+01
7241.2500 4.642254e+00
7242.5000 -5.754680e+00
7243.7500 -3.928806e+01
7245.0000 4.599646e+01
7246.2500 3.475704e+01
7247.5000 -1.182469e+01
7248.7500 -1.787763e+00
7250.0000 2.152469e+01
7251.2500 2.352995e+01
7252.5000 2.153534e-01
7253.7500 5.132156e+00
7255.0000 6.626059e+00
7256.2500 1.205099e+01
7257.5000 2.417445e+00
7258.7500 1.905752e+01
7260.0000 1.483953e+01
7261.2500 5.498350e+00
7262.5000 1.577985e+01
7263.7500 8.676307e-01
7265.0000 2.125170e+01
7266.2500 1.480124e+01
7267.5000 9.741436e+00
7268.7500 1.538673e+01
7270.0000 1.233141e+01
7271.2500 -2.017241e+00
7272.5000 2.256437e+01
7273.7500 -2.681256e+01
7275.0000 3.854483e+01
7276.2500 -6.361009e+00
7277.5000 8.021231e+00
7278.7500 9.548988e+00
7280.0000 5.623818e+00
7281.2500 2.050056e+01
7282.5000 1.824732e+01
7283.7500 -5.781887e+00
7285.0000 -3.624097e+01
7286.2500 4.488662e+01
7287.5000 1.452227e+01
7288.7500 8.208676e+00
7290.0000 1.653384e+01
7291.2500 3.700744e+00
7292.5000 1.808138e+01
7293.7500 1.207092e+01
7295.0000 -1.272889e+01
7296.2500 -1.561638e+01
7297.5000 1.308420e+01
7298.7500 1.070418e+01
7300.0000 1.286288e+01
7301.2500 -3.955006e+00
7302.5000 -2.474959e+00
7303.7500 3.715294e+01
7305.0000 2.019656e+00
7306.2500 1.235207e+01
7307.5000 1.127978e+01
7308.7500 2.569206e+01
7310.0000 6.105665e+00
7311.2500 6.890013e+00
7312.5000 7.612342e+00
7313.7500 -2.816037e+01
7315.0000 2.063507e+01
7316.2500 -5.612305e+00
7317.5000 1.660343e+01
7318.7500 2.077378e+01
7320.0000 1.789467e+01
7321.2500 2.212811e+01
7322.5000 1.153821e+01
7323.7500 2.833889e+00
7325.0000 1.390138e+01
7326.2500 6.862867e+00
7327.5000 -5.404614e+00
7328.7500 -3.779386e+00
7330.0000 -9.793883e+00
7331.2500 9.775191e+00
7332.5000 1.666087e+01
7333.7500 1.540713e+01
7335.0000 3.254465e+00
7336.2500 1.512695e+00
7337.5000 2.099540e+01
7338.7500 1.169382e+01
7340.0000 3.379793e+01
7341.2500 -1.086953e+01
7342.5000 -3.796084e+00
7343.7500 -1.687837e+00
7345.0000 2.073413e+01
7346.2500 -2.057019e+00
7347.5000 1.379290e+01
7348.7500 -2.504306e+00
7350.0000 2.486783e+01
7351.2500 1.169137e+01
7352.5000 5.481415e+00
7353.7500 5.851317e+00
7355.0000 9.046516e+00
7356.2500 6.162596e+00
7357.5000 -4.183406e+01
7358.7500 -3.282805e+01
7360.0000 -1.864440e+01
7361.2500 2.291449e+01
7362.5000 -8.199811e+00
7363.7500 -1.586345e+01
7365.0000 9.102468e-01
7366.2500 2.429963e+01
7367.5000 -6.775318e+00
7368.7500 -4.749234e+00
7370.0000 5.303918e+00
7371.2500 5.447670e+01
7372.5000 8.248556e+00
7373.7500 1.953981e+01
7375.0000 -2.554557e+00
7376.2500 1.598247e+01
7377.5000 1.211502e+01
7378.7500 1.517803e+01
7380.0000 1.437890e+01
7381.2500 8.031227e+00
7382.5000 1.072134e+01
7383.7500 1.976844e+01
7385.0000 1.814949e+01
7386.2500 1.276490e+01
7387.5000 1.235424e+01
7388.7500 1.287898e+01
7390.0000 1.617405e+01
7391.2500 8.771070e+00
7392.5000 3.613926e+01
7393.7500 1.668461e+01
7395.0000 2.012322e+01
7396.2500 1.408761e+01
7397.5000 9.632441e+00
7398.7500 2.755696e+01
7400.0000 -2.148956e+01
7401.2500 1.806749e+01
7402.5000 -3.281520e+01
7403.7500 1.906350e+01
7405.0000 1.559188e+01
7406.2500 9.446057e+00
7407.5000 2.306115e+01
7408.7500 7.193001e+00
7410.0000 6.296430e+00
7411.2500 4.609584e+00
7412.5000 5.212595e+00
7413.7500 1.964735e+01
7415.0000 2.529156e+01
7416.2500 1.141008e+01
7417.5000 5.346556e+00
7418.7500 2.088064e+01
7420.0000 2.081226e+01
7421.2500 1.355971e+01
7422.5000 2.818500e+01
7423.7500 9.434868e+00
7425.0000 1.441285e+01
7426.2500 2.270909e+01
7427.5000 1.178906e+01
7428.7500 1.789407e+01
7430.0000 3.167697e+01
7431.2500 7.307953e+00
7432.5000 5.855686e+00
7433.7500 6.720849e+00
7435.0000 6.338717e+00
7436.2500 3.972632e+00
7437.5000 1.625358e+01
7438.7500 -1.353295e+01
7440.0000 1.591807e+00
7441.2500 6.643000e+00
7442.5000 -7.513280e+00
7443.7500 1.946897e+01
7445.0000 2.371089e+01
7446.2500 2.440556e+01
7447.5000 2.263110e+01
7448.7500 7.544609e+00
7450.0000 2.922638e+00
7451.2500 1.012336e+01
7452.5000 6.756940e-01
7453.7500 2.186899e+01
7455.0000 1.097151e+01
7456.2500 1.409190e+01
7457.5000 2.364561e+01
7458.7500 1.449425e+01
7460.0000 9.733525e+00
7461.2500 8.130654e+00
7462.5000 -3.212634e+00
7463.7500 1.602163e+01
7465.0000 2.080333e+00
7466.2500 3.042846e+01
7467.5000 1.454434e+01
7468.7500 1.507828e+01
7470.0000 1.953902e+01
7471.2500 3.858710e+01
7472.5000 4.909116e+01
7473.7500 4.732481e+01
7475.0000 2.378316e+01
7476.2500 4.852516e+01
7477.5000 8.076274e+01
7478.7500 8.079498e+01
7480.0000 3.502057e+01
7481.2500 2.772040e+01
7482.5000 2.385137e+01
7483.7500 4.247841e+01
7485.0000 -1.162253e+01
7486.2500 1.578057e+01
7487.5000 1.496018e+01
7488.7500 5.005888e+00
7490.0000 1.447443e+01
7491.2500 1.851893e+01
7492.5000 -1.301748e+00
7493.7500 1.526931e+01
7495.0000 5.894643e+00
7496.2500 1.404453e+01
7497.5000 3.936240e+00
7498.7500 1.620979e+01
7500.0000 1.914422e+01
7501.2500 1.333840e+01
7502.5000 1.842365e+01
7503.7500 6.052599e+00
7505.0000 -1.324315e+01
7506.2500 1.243801e-01
7507.5000 2.051714e+01
7508.7500 2.069648e+01
7510.0000 1.353578e+01
7511.2500 1.350935e+01
7512.5000 2.868108e+01
7513.7500 1.714583e+01
7515.0000 7.993699e+00
7516.2500 -2.352031e+00
7517.5000 1.724638e+01
7518.7500 1.347990e+01
7520.0000 1.015969e+01
7521.2500 2.791024e+01
7522.5000 -7.577613e+01
7523.7500 8.956468e+00
7525.0000 2.634001e+01
7526.2500 1.106651e+01
7527.5000 2.630352e+01
7528.7500 -1.159935e+00
7530.0000 1.616380e+01
7531.2500 4.588382e+01
7532.5000 -6.534504e+00
7533.7500 1.912095e+01
7535.0000 8.969236e+00
7536.2500 8.040605e+00
7537.5000 2.707181e+00
7538.7500 6.300421e+00
7540.0000 9.655891e+00
7541.2500 4.783829e+00
7542.5000 2.087844e+01
7543.7500 1.218332e+01
7545.0000 1.609061e+01
7546.2500 2.173823e+01
7547.5000 3.260076e+01
7548.7500 8.787848e+00
7550.0000 8.457429e+00
7551.2500 5.538660e+00
7552.5000 5.845473e+00
7553.7500 1.139356e+01
7555.0000 -2.884961e+00
7556.2500 4.340508e+00
7557.5000 8.642256e+00
7558.7500 1.158949e+01
7560.0000 1.237447e+01
7561.2500 1.851379e+01
7562.5000 1.814857e+01
7563.7500 8.419221e+00
7565.0000 8.424601e+00
7566.2500 7.454561e+00
7567.5000 3.430489e+00
7568.7500 2.344877e+01
7570.0000 1.709404e+01
7571.2500 1.240439e+01
7572.5000 2.784562e+01
7573.7500 1.595022e+01
7575.0000 3.086397e+01
7576.2500 2.354608e+01
7577.5000 7.605455e+00
7578.7500 3.649765e+01
7580.0000 1.055731e+01
7581.2500 1.969777e+01
7582.5000 3.600220e+00
7583.7500 3.935794e+00
7585.0000 -1.306280e+01
7586.2500 2.285556e+01
7587.5000 1.291045e+00
7588.7500 2.995388e+01
7590.0000 1.763068e+01
7591.2500 1.185283e+01
7592.5000 4.877687e+00
7593.7500 2.036381e+01
7595.0000 1.646114e+01
7596.2500 -1.539303e+01
7597.5000 3.064894e+01
7598.7500 1.980930e+00
7600.0000 3.164756e+00
7601.2500 -1.047303e+01
7602.5000 9.643916e+00
7603.7500 3.724643e+01
7605.0000 2.699275e+01
7606.2500 4.021018e+01
7607.5000 1.937951e+01
7608.7500 3.947018e+01
7610.0000 3.197963e+01
7611.2500 2.139209e+01
7612.5000 4.977064e+00
7613.7500 8.783465e+00
7615.0000 1.281746e+01
7616.2500 1.564880e+01
7617.5000 2.283963e+01
7618.7500 2.133198e+01
7620.0000 2.333986e+01
7621.2500 6.061117e+00
7622.5000 -9.144262e+00
7623.7500 1.930437e+01
7625.0000 9.242859e-01
7626.2500 1.304715e+01
7627.5000 3.550795e+00
7628.7500 2.205394e+01
7630.0000 4.220964e+01
7631.2500 1.331226e+01
7632.5000 3.156551e+01
7633.7500 3.585138e+00
7635.0000 1.016470e+01
7636.2500 9.697096e-01
7637.5000 7.107698e+00
7638.7500 3.029894e+01
7640.0000 1.394006e+01
7641.2500 2.021209e+01
7642.5000 1.279636e+01
7643.7500 8.152745e+00
7645.0000 1.110234e+01
7646.2500 2.058966e+01
7647.5000 2.281740e+01
7648.7500 -5.401587e+00
7650.0000 1.641144e+01
7651.2500 2.030666e+01
7652.5000 7.016758e+00
7653.7500 -1.042267e+01
7655.0000 9.004286e+00
7656.2500 7.466021e+00
7657.5000 2.122371e+01
7658.7500 2.751384e+01
7660.0000 2.201698e+01
7661.2500 1.957747e+01
7662.5000 -6.285093e-01
7663.7500 3.756692e+00
7665.0000 1.024797e+01
7666.2500 1.160307e+01
7667.5000 1.207092e+01
7668.7500 9.577873e+00
7670.0000 2.150903e+01
7671.2500 7.414284e+00
7672.5000 2.247565e+01
7673.7500 -4.707446e+00
7675.0000 2.637827e+01
7676.2500 9.326991e+00
7677.5000 1.394240e+01
7678.7500 1.717987e+01
7680.0000 2.356566e+00
7681.2500 1.255055e-01
7682.5000 9.873821e+00
7683.7500 -7.832923e+00
7685.0000 -4.575041e+00
7686.2500 2.149161e+01
7687.5000 1.754647e+01
7688.7500 7.442856e+00
7690.0000 -3.057816e+00
7691.2500 -1.003050e+00
7692.5000 1.781136e+00
7693.7500 9.764605e+00
7695.0000 2.287568e+01
7696.2500 9.629168e+00
7697.5000 4.653869e+00
7698.7500 1.256174e+01
7700.0000 1.422711e+01
7701.2500 -2.496672e-02
7702.5000 6.700786e+00
7703.7500 1.532850e+01
7705.0000 1.564833e+01
7706.2500 1.563801e+00
7707.5000 1.444349e+01
7708.7500 2.286452e+01
7710.0000 3.362847e+01
7711.2500 1.925621e+01
7712.5000 1.038030e+02
7713.7500 6.325709e+01
7715.0000 -1.028961e+01
7716.2500 -7.076213e+00
7717.5000 1.214907e+01
7718.7500 5.853324e+00
7720.0000 1.266508e+01
7721.2500 1.603435e+01
7722.5000 -2.564398e+00
7723.7500 1.771508e+01
7725.0000 -5.629553e+00
7726.2500 2.866060e+00
7727.5000 2.499574e+01
7728.7500 3.117135e+01
7730.0000 3.810787e+00
7731.2500 3.360491e+01
7732.5000 1.015794e+01
7733.7500 2.452602e+01
7735.0000 1.253125e+01
7736.2500 6.422960e+00
7737.5000 1.209638e+01
7738.7500 9.005460e+00
7740.0000 -1.460215e+01
7741.2500 1.827728e+01
7742.5000 4.444824e+00
7743.7500 5.532576e+00
7745.0000 -4.872826e+00
7746.2500 2.280865e+01
7747.5000 3.495349e+01
7748.7500 -1.105494e+02
7750.0000 -4.193731e+01
7751.2500 6.885291e+01
7752.5000 -1.562478e+01
7753.7500 2.730596e+00
7755.0000 -4.643693e+00
7756.2500 1.928225e+01
7757.5000 4.833974e+01
7758.7500 -2.340123e+01
7760.0000 5.625380e+01
7761.2500 1.670202e+01
7762.5000 6.102039e+00
7763.7500 1.048399e+01
7765.0000 1.024925e+01
7766.2500 6.991889e+00
7767.5000 1.286760e+01
7768.7500 2.158564e+01
7770.0000 2.297401e+00
7771.2500 3.645677e+01
7772.5000 -1.288117e+01
7773.7500 4.679755e+01
7775.0000 3.440356e+01
7776.2500 1.641753e+01
7777.5000 1.616405e+01
7778.7500 -4.849807e+00
7780.0000 -2.218911e+01
7781.2500 6.165584e-01
7782.5000 9.980999e+00
7783.7500 2.224179e+01
7785.0000 1.372182e+01
7786.2500 2.311748e+01
7787.5000 -3.733160e+00
7788.7500 2.788199e+01
7790.0000 6.812073e+00
7791.2500 1.506560e+01
7792.5000 -3.519083e+01
7793.7500 3.927188e+01
7795.0000 7.502310e+01
7796.2500 -9.698244e+00
7797.5000 2.312316e+01
7798.7500 1.458839e+01
7800.0000 4.897764e+00
7801.2500 2.296737e+00
7802.5000 1.959984e+01
7803.7500 2.401828e+00
7805.0000 9.086211e+00
7806.2500 2.556662e+01
7807.5000 -6.838877e+00
7808.7500 4.744527e+01
7810.0000 4.266302e+01
7811.2500 2.232202e+01
7812.5000 1.606983e+01
7813.7500 1.888452e+01
7815.0000 5.615344e+00
7816.2500 2.147135e+01
7817.5000 2.415142e+01
7818.7500 2.049516e+01
7820.0000 7.160292e+00
7821.2500 4.154026e+01
7822.5000 2.809515e+01
7823.7500 1.140905e+01
7825.0000 2.110706e+00
7826.2500 5.367428e+00
7827.5000 2.059401e+01
7828.7500 8.300178e+00
7830.0000 1.456704e+01
7831.2500 9.160953e+00
7832.5000 -4.770895e+00
7833.7500 1.655324e+01
7835.0000 2.876662e+01
7836.2500 7.736289e+00
7837.5000 2.742350e+00
7838.7500 -2.245500e+01
7840.0000 2.952346e+01
7841.2500 1.064466e+01
7842.5000 3.012831e+01
7843.7500 9.376487e+00
7845.0000 1.185908e+01
7846.2500 1.686175e+01
7847.5000 1.346060e+01
7848.7500 2.326933e+01
7850.0000 4.631907e+01
7851.2500 5.378627e+01
7852.5000 5.800827e+01
7853.7500 3.857221e+01
7855.0000 1.569803e+01
7856.2500 1.927284e+01
7857.5000 3.130208e+00
7858.7500 3.510223e+01
7860.0000 5.925724e+01
7861.2500 -5.427417e+00
7862.5000 1.168816e+01
7863.7500 5.855842e+00
7865.0000 1.736918e+01
7866.2500 8.883236e+00
7867.5000 4.603253e+00
7868.7500 1.380860e+01
7870.0000 6.077152e+01
7871.2500 2.442737e+01
7872.5000 1.635720e+01
7873.7500 8.216488e+00
7875.0000 8.805771e+00
7876.2500 2.964030e+01
7877.5000 3.698128e+01
7878.7500 -1.460181e+01
7880.0000 4.259943e+01
7881.2500 2.150967e+01
7882.5000 -2.813301e+00
7883.7500 2.382308e+01
7885.0000 -5.699909e-01
7886.2500 2.914757e+00
7887.5000 6.670767e+00
7888.7500 1.072057e+00
7890.0000 -1.451774e+01
7891.2500 -4.045286e+00
7892.5000 1.002983e+01
7893.7500 1.502675e+01
7895.0000 1.582836e+01
7896.2500 -4.347173e+00
7897.5000 1.238062e+01
7898.7500 2.269762e+01
7900.0000 -1.872692e+01
7901.2500 7.727768e+00
7902.5000 2.562598e+01
7903.7500 1.559606e+01
7905.0000 2.318419e+01
7906.2500 1.693514e+01
7907.5000 1.242813e+01
7908.7500 -1.272667e+01
7910.0000 2.486776e+01
7911.2500 7.699171e+01
7912.5000 6.868436e+01
7913.7500 -1.407363e+01
7915.0000 -2.993188e+01
7916.2500 1.984397e+01
7917.5000 2.804618e+01
7918.7500 3.951255e+01
7920.0000 1.051525e+01
7921.2500 7.747819e+00
7922.5000 -6.060204e+00
7923.7500 1.815761e+01
7925.0000 6.316933e+00
7926.2500 1.530197e+01
7927.5000 1.435886e+01
7928.7500 3.354338e+01
7930.0000 -3.526436e+01
7931.2500 -2.769823e+01
7932.5000 2.169921e+00
7933.7500 2.438696e+01
7935.0000 2.595458e-01
7936.2500 5.062406e+00
7937.5000 7.676310e+00
7938.7500 5.622488e+00
7940.0000 7.187412e+00
7941.2500 -3.518234e+00
7942.5000 -7.477911e+00
7943.7500 1.442405e+00
7945.0000 3.531749e+01
7946.2500 2.936770e+01
7947.5000 -1.362540e+01
7948.7500 2.598678e+01
7950.0000 1.424569e+01
7951.2500 8.616847e-01
7952.5000 8.822686e+00
7953.7500 9.068510e+00
7955.0000 2.419385e+01
7956.2500 1.679298e+01
7957.5000 -1.622423e+01
7958.7500 9.018765e+00
7960.0000 -2.407575e+00
7961.2500 7.117591e+00
7962.5000 5.913783e+01
7963.7500 -5.433118e+01
7965.0000 -6.030390e+01
7966.2500 -3.125563e+01
7967.5000 -5.670394e-01
7968.7500 7.153769e+00
7970.0000 7.138226e+00
7971.2500 -2.388296e+00
7972.5000 5.658104e+00
7973.7500 2.773333e+01
7975.0000 1.268107e+01
7976.2500 -7.338081e+00
7977.5000 2.610823e+01
7978.7500 2.152083e+01
7980.0000 -3.336290e+01
7981.2500 -1.689223e+01
7982.5000 1.512717e+00
7983.7500 -7.916620e+00
7985.0000 1.109366e+00
7986.2500 -1.340287e+00
7987.5000 -1.102676e+01
7988.7500 2.805517e+00
7990.0000 7.419132e+00
7991.2500 8.957404e+01
7992.5000 -4.189310e+00
7993.7500 7.827412e+01
7995.0000 -4.067615e+01
7996.2500 1.428818e+01
7997.5000 2.501172e+01
7998.7500 2.026404e+01
8000.0000 1.222965e+01
8001.2500 1.576538e+01
8002.5000 5.509510e+00
8003.7500 1.573510e+00
8005.0000 6.524099e+00
8006.2500 -3.336432e+00
8007.5000 1.567292e+01
8008.7500 2.294228e+01
8010.0000 -7.126403e+00
8011.2500 2.649620e+01
8012.5000 3.133385e+01
8013.7500 2.548112e+01
8015.0000 -4.795736e+01
8016.2500 8.514561e+00
8017.5000 2.116440e+01
8018.7500 1.317564e+01
8020.0000 -4.315650e+00
8021.2500 5.107993e+00
8022.5000 3.325010e+01
8023.7500 4.108984e+01
8025.0000 -3.016800e+01
8026.2500 -4.761113e+01
8027.5000 4.012117e+00
8028.7500 3.804327e+01
8030.0000 2.537527e+01
8031.2500 2.694208e+01
8032.5000 2.489336e+00
8033.7500 1.314817e+01
8035.0000 1.129660e+01
8036.2500 -3.628223e+00
8037.5000 1.939062e+01
8038.7500 1.526646e+01
8040.0000 1.161396e+01
8041.2500 1.215141e+01
8042.5000 6.603514e+00
8043.7500 2.541089e+01
8045.0000 7.994770e+00
8046.2500 1.280705e+01
8047.5000 7.388403e+00
8048.7500 4.368932e+01
8050.0000 1.546548e+01
8051.2500 1.383957e+01
8052.5000 -2.355366e+00
8053.7500 1.662968e+01
8055.0000 2.137502e+01
8056.2500 3.072441e+01
8057.5000 1.118597e+01
8058.7500 1.638169e+01
8060.0000 2.572888e+01
8061.2500 4.344087e+01
8062.5000 -2.867905e+00
8063.7500 1.190299e+01
8065.0000 2.147409e+01
8066.2500 8.845830e+00
8067.5000 1.445394e-01
8068.7500 1.227074e+01
8070.0000 2.969586e+01
8071.2500 3.046783e+01
8072.5000 -1.180864e+00
8073.7500 1.018826e+01
8075.0000 1.119400e+01
8076.2500 2.140540e+01
8077.5000 -1.244644e+01
8078.7500 1.320805e+01
8080.0000 8.944063e+00
8081.2500 5.743915e+00
8082.5000 2.537756e+01
8083.7500 -4.064281e+00
8085.0000 1.093938e+01
8086.2500 2.508171e+01
8087.5000 -1.381950e+00
8088.7500 1.685651e+01
8090.0000 5.478793e+00
8091.2500 2.795445e+01
8092.5000 4.029302e+01
8093.7500 -2.486464e+00
8095.0000 6.375946e+00
8096.2500 1.541021e+01
8097.5000 4.073650e+00
8098.7500 1.728423e+01
8100.0000 3.431832e+01
8101.2500 3.008539e+01
8102.5000 -2.191854e+01
8103.7500 -2.570035e+00
8105.0000 1.567961e+01
8106.2500 1.135804e+01
8107.5000 1.870384e+01
8108.7500 3.206195e+01
8110.0000 -6.266810e-01
8111.2500 2.680192e+01
8112.5000 2.169731e+01
8113.7500 1.083685e+01
8115.0000 1.639272e+01
8116.2500 1.330959e+01
8117.5000 7.624147e+00
8118.7500 1.038811e+01
8120.0000 2.470213e+01
8121.2500 3.654860e+01
8122.5000 2.157205e+01
8123.7500 1.271220e+00
8125.0000 1.922091e+01
8126.2500 6.379915e+00
8127.5000 2.782845e+01
8128.7500 5.642833e+00
8130.0000 2.252747e+01
8131.2500 1.131554e+01
8132.5000 9.916133e+00
8133.7500 1.129210e+01
8135.0000 2.754815e+01
8136.2500 1.758221e+01
8137.5000 2.492335e+01
8138.7500 -8.351215e+00
8140.0000 1.303219e+01
8141.2500 2.247689e+01
8142.5000 2.142796e+01
8143.7500 2.001623e+01
8145.0000 1.822750e+01
8146.2500 9.992385e+00
8147.5000 1.908586e+01
8148.7500 3.334750e+01
8150.0000 9.768873e+00
8151.2500 1.643019e+01
8152.5000 2.026577e+01
8153.7500 8.798591e+00
8155.0000 2.192808e+01
8156.2500 2.251587e+01
8157.5000 1.270388e+01
8158.7500 6.303336e+00
8160.0000 3.676178e+00
8161.2500 1.343919e+01
8162.5000 2.198708e+00
8163.7500 9.870501e+00
8165.0000 8.502936e+00
8166.2500 1.673144e+01
8167.5000 2.855949e+00
8168.7500 1.531081e+01
8170.0000 3.559786e+01
8171.2500 2.376791e+01
8172.5000 1.209243e+01
8173.7500 1.669777e+01
8175.0000 2.249469e+01
8176.2500 4.966793e+00
8177.5000 2.695032e+01
8178.7500 4.120263e+00
8180.0000 -3.281627e+00
8181.2500 1.872893e+01
8182.5000 7.325306e+00
8183.7500 1.639482e+01
8185.0000 2.499614e+01
8186.2500 1.551095e+01
8187.5000 7.874179e+00
8188.7500 2.189787e+01
8190.0000 1.582532e+01
8191.2500 1.948707e+01
8192.5000 2.023124e+01
8193.7500 1.368451e+01
8195.0000 2.067907e+01
8196.2500 2.579483e+01
8197.5000 2.098124e+01
8198.7500 7.799347e+00
8200.0000 8.899112e+00
8201.2500 1.406530e+01
8202.5000 8.852895e+00
8203.7500 2.037612e+01
8205.0000 1.157174e+01
8206.2500 -2.719679e+00
8207.5000 1.974701e+01
8208.7500 2.499483e+01
8210.0000 1.805256e+01
8211.2500 5.362134e+00
8212.5000 2.835054e+01
8213.7500 1.840277e+01
8215.0000 1.696111e+01
8216.2500 2.306098e+01
8217.5000 1.321278e+01
8218.7500 1.937759e+01
8220.0000 2.255518e+01
8221.2500 7.887437e+00
8222.5000 2.394292e+01
8223.7500 3.917850e-01
8225.0000 3.930869e+01
8226.2500 1.718726e+01
8227.5000 2.422734e+01
8228.7500 2.848400e+01
8230.0000 1.672569e+01
8231.2500 6.536078e+00
8232.5000 8.877552e+00
8233.7500 2.423963e+01
8235.0000 1.758274e+01
8236.2500 2.735202e+01
8237.5000 1.929085e+01
8238.7500 2.550976e+01
8240.0000 1.873054e+01
8241.2500 -5.612138e+00
8242.5000 1.312416e+01
8243.7500 6.132829e+00
8245.0000 1.451840e+01
8246.2500 1.426490e+01
8247.5000 2.281187e+01
8248.7500 1.480577e+01
8250.0000 8.329794e+00
8251.2500 1.376869e+01
8252.5000 2.092700e+01
8253.7500 8.449142e+00
8255.0000 1.557027e+00
8256.2500 2.155367e+01
8257.5000 3.001816e+01
8258.7500 2.857673e+01
8260.0000 2.867617e+01
8261.2500 1.183467e+01
8262.5000 1.704888e+01
8263.7500 1.914904e+01
8265.0000 1.061615e+01
8266.2500 9.763592e+00
8267.5000 1.780372e+01
8268.7500 1.979977e+01
8270.0000 1.544907e+01
8271.2500 2.018946e+01
8272.5000 8.165262e+00
8273.7500 5.178901e+00
8275.0000 4.343164e-02
8276.2500 4.223573e+01
8277.5000 4.244592e+01
8278.7500 2.509143e+01
8280.0000 -5.765320e+00
8281.2500 -3.960400e+01
8282.5000 5.598149e+01
8283.7500 1.934793e+01
8285.0000 4.748814e+01
8286.2500 4.046214e+01
8287.5000 2.170945e+01
8288.7500 2.417382e+01
8290.0000 3.801774e+01
8291.2500 4.309536e+01
8292.5000 2.587861e+01
8293.7500 2.219735e+01
8295.0000 -8.037800e+00
8296.2500 3.763154e+00
8297.5000 3.076479e+01
8298.7500 1.031446e+01
8300.0000 1.737340e+01
8301.2500 1.168708e+01
8302.5000 6.023654e+00
8303.7500 8.972862e+00
8305.0000 1.973277e+01
8306.2500 -2.249606e+00
8307.5000 1.488576e+01
8308.7500 3.903457e+01
8310.0000 -3.082498e+01
8311.2500 -3.013733e+01
8312.5000 2.909894e+01
8313.7500 2.011710e+01
8315.0000 1.542192e+01
8316.2500 1.061764e+01
8317.5000 -7.065144e+00
8318.7500 -1.036721e+01
8320.0000 1.345895e+01
8321.2500 -2.669846e+00
8322.5000 1.227971e+01
8323.7500 1.340043e+01
8325.0000 4.816458e+00
8326.2500 8.176932e+00
8327.5000 1.612103e+01
8328.7500 1.716582e+01
8330.0000 1.044748e+01
8331.2500 6.797054e+00
8332.5000 4.204334e+00
8333.7500 1.379019e+01
8335.0000 6.370157e+00
8336.2500 1.473069e+01
8337.5000 2.109402e+01
8338.7500 -5.941195e+00
8340.0000 1.976771e+01
8341.2500 5.093296e+01
8342.5000 -2.753691e+01
8343.7500 1.375770e+01
8345.0000 1.052422e+01
8346.2500 8.653444e+00
8347.5000 -5.406311e+00
8348.7500 -1.728376e+01
8350.0000 1.883502e+01
8351.2500 6.561586e+01
8352.5000 1.437632e+01
8353.7500 -4.991496e+01
8355.0000 3.257420e+01
8356.2500 7.818160e+00
8357.5000 2.356837e+01
8358.7500 1.113078e+01
8360.0000 2.436482e+01
8361.2500 2.607194e+01
8362.5000 7.497116e+00
8363.7500 -4.805210e+00
8365.0000 7.257943e+00
8366.2500 1.372568e+01
8367.5000 -1.410125e+00
8368.7500 1.108492e+01
8370.0000 -1.019859e+01
8371.2500 1.880296e+01
8372.5000 2.087241e+01
8373.7500 2.466539e+01
8375.0000 -3.232276e+00
8376.2500 1.778940e+01
8377.5000 5.072343e+00
8378.7500 1.698302e+01
8380.0000 1.822401e+01
8381.2500 -7.795609e+00
8382.5000 1.038260e+02
8383.7500 -1.208183e+01
8385.0000 1.526257e+01
8386.2500 2.214195e+01
8387.5000 9.438181e+00
8388.7500 2.896996e+01
8390.0000 1.134571e+01
8391.2500 -4.281393e+00
8392.5000 1.176124e+01
8393.7500 -1.280129e+01
8395.0000 -1.477204e+00
8396.2500 2.591731e+01
8397.5000 3.449537e+01
8398.7500 6.116909e+00
8400.0000 4.563191e+00
8401.2500 -7.997278e+00
8402.5000 2.368246e+01
8403.7500 7.056597e+00
8405.0000 8.780990e-01
8406.2500 2.548433e+01
8407.5000 1.803616e+01
8408.7500 4.163242e+00
8410.0000 1.862787e+01
8411.2500 1.843859e+01
8412.5000 -6.904690e+00
8413.7500 -1.353346e+01
8415.0000 2.322269e+01
8416.2500 2.494315e+01
8417.5000 9.255779e+00
8418.7500 2.375545e+01
8420.0000 3.930066e+00
8421.2500 2.799039e-01
8422.5000 2.666176e+00
8423.7500 -1.291416e+01
8425.0000 3.584676e+00
8426.2500 4.041330e+01
8427.5000 4.283447e+01
8428.7500 1.541416e+01
8430.0000 1.300978e+01
8431.2500 -2.760234e+00
8432.5000 -7.219724e+00
8433.7500 2.455735e+01
8435.0000 2.426760e+00
8436.2500 1.288429e+01
8437.5000 9.277234e+00
8438.7500 3.671453e+00
8440.0000 4.615534e+00
8441.2500 2.005352e+01
8442.5000 5.273179e+00
8443.7500 2.024409e+00
8445.0000 1.630165e+01
8446.2500 1.637750e+01
8447.5000 7.814386e+00
8448.7500 2.307044e+01
8450.0000 1.249614e+01
8451.2500 2.462971e+01
8452.5000 4.721582e+01
8453.7500 4.316732e+01
8455.0000 1.657151e+00
8456.2500 1.833424e+01
8457.5000 1.402402e+01
8458.7500 -3.834462e+00
8460.0000 -7.383276e+00
8461.2500 4.572023e+00
8462.5000 6.096094e+01
8463.7500 -2.391259e+01
8465.0000 2.103290e+01
8466.2500 2.729499e+01
8467.5000 4.762936e+01
8468.7500 3.281539e+01
8470.0000 -3.745236e+00
8471.2500 8.760284e+00
8472.5000 2.356760e+01
8473.7500 2.015650e+01
8475.0000 2.015392e+01
8476.2500 2.095142e+01
8477.5000 4.600853e+00
8478.7500 2.906541e+01
8480.0000 1.654695e+01
8481.2500 4.120885e+00
8482.5000 1.454159e+01
8483.7500 2.643778e+01
8485.0000 1.713257e+01
8486.2500 1.128219e+01
8487.5000 1.274901e+01
8488.7500 -6.461221e+00
8490.0000 3.743402e+00
8491.2500 -4.145292e+00
8492.5000 -1.329961e+01
8493.7500 8.301475e+01
8495.0000 1.896280e+01
8496.2500 3.266028e+01
8497.5000 1.444024e+01
8498.7500 6.433373e+00
8500.0000 1.399018e+01
8501.2500 1.336730e+01
8502.5000 4.741977e+01
8503.7500 8.955963e+01
8505.0000 -1.859973e+01
8506.2500 3.795418e+01
8507.5000 1.591483e+01
8508.7500 1.561067e+01
8510.0000 2.366599e+01
8511.2500 1.078586e+01
8512.5000 1.246668e+01
8513.7500 2.101803e+01
8515.0000 1.923050e+01
8516.2500 2.171297e+00
8517.5000 9.068371e+00
8518.7500 -4.085238e+00
8520.0000 1.577585e+00
8521.2500 1.369819e+01
8522.5000 5.862843e+00
8523.7500 -3.532460e-01
8525.0000 2.098128e+01
8526.2500 4.131019e-03
8527.5000 8.531800e+00
8528.7500 1.846762e+01
8530.0000 1.469131e+01
8531.2500 1.708305e+01
8532.5000 1.496482e+01
8533.7500 1.943956e+01
8535.0000 1.745482e+01
8536.2500 1.817173e+01
8537.5000 3.561533e+01
8538.7500 3.388466e+01
8540.0000 1.940707e+01
8541.2500 1.431685e+01
8542.5000 5.142237e+00
8543.7500 1.292970e+01
8545.0000 9.829080e+00
8546.2500 6.775855e+00
8547.5000 -1.931925e+01
8548.7500 1.777339e+01
8550.0000 3.300163e+01
8551.2500 1.549365e+01
8552.5000 1.934567e+01
8553.7500 8.072002e-01
8555.0000 1.673017e+01
8556.2500 1.020095e+01
8557.5000 1.297854e+01
8558.7500 -6.458012e+00
8560.0000 4.809256e+00
8561.2500 1.146857e+01
8562.5000 2.083843e+00
8563.7500 5.123535e+00
8565.0000 9.680674e+00
8566.2500 5.317670e+00
8567.5000 4.040766e+00
8568.7500 1.156297e+01
8570.0000 2.253499e+01
8571.2500 1.051848e+01
8572.5000 1.174362e+01
8573.7500 2.579806e+01
8575.0000 1.404335e+01
8576.2500 1.289479e+01
8577.5000 -1.266895e+01
8578.7500 1.759696e+01
8580.0000 1.373166e+01
8581.2500 1.719895e+01
8582.5000 2.758343e+01
8583.7500 1.457779e+01
8585.0000 7.288224e+00
8586.2500 -3.012135e+00
8587.5000 2.131713e+01
8588.7500 -3.305753e+00
8590.0000 -2.809555e+00
8591.2500 3.254271e+01
8592.5000 8.855024e+00
8593.7500 2.773002e+01
8595.0000 3.013035e+01
8596.2500 -4.292321e+00
8597.5000 -3.911257e+00
8598.7500 1.037272e+01
8600.0000 6.199464e+00
8601.2500 1.113776e+01
8602.5000 3.647335e+00
8603.7500 1.707149e+01
8605.0000 7.879537e-01
8606.2500 7.396651e+00
8607.5000 5.142178e+00
8608.7500 3.474448e+00
8610.0000 3.827039e+00
8611.2500 -2.000102e+01
8612.5000 1.087723e+01
8613.7500 1.862670e+01
8615.0000 1.150140e+00
8616.2500 -6.156967e+00
8617.5000 7.094158e+00
8618.7500 4.893661e+00
8620.0000 -6.450252e+00
8621.2500 -1.549079e+00
8622.5000 -7.606121e+00
8623.7500 1.993247e+01
8625.0000 -2.788995e+01
8626.2500 -3.051404e+01
8627.5000 1.090273e+01
8628.7500 6.577185e+01
8630.0000 2.603948e+01
8631.2500 1.210281e+01
8632.5000 3.038040e+01
8633.7500 -2.798332e+01
8635.0000 1.062522e+01
8636.2500 2.530724e+01
8637.5000 -1.047767e+01
8638.7500 3.154715e+00
8640.0000 2.034950e+01
8641.2500 -1.202376e+01
8642.5000 1.064750e+01
8643.7500 4.137279e+00
8645.0000 1.390098e+01
8646.2500 2.554946e+01
8647.5000 -1.454519e+01
8648.7500 1.176644e+01
8650.0000 -2.274275e+01
8651.2500 -7.477037e+00
8652.5000 -5.085218e+01
8653.7500 -2.160767e+00
8655.0000 -2.931302e+00
8656.2500 6.238338e+00
8657.5000 2.663285e+00
8658.7500 1.957229e+01
8660.0000 -1.705857e+01
8661.2500 1.056111e+01
8662.5000 -6.613534e+00
8663.7500 1.638618e+00
8665.0000 6.334018e+00
8666.2500 9.085556e+00
8667.5000 -1.347606e+01
8668.7500 1.590780e+01
8670.0000 1.398952e+00
8671.2500 -3.516428e+01
8672.5000 7.697188e+00
8673.7500 -6.241863e+00
8675.0000 -3.843006e+00
8676.2500 3.078452e+01
8677.5000 -4.210832e-01
8678.7500 -5.844112e+00
8680.0000 -1.166076e+01
8681.2500 3.071575e+00
8682.5000 3.900831e+01
8683.7500 1.273836e+01
8685.0000 1.635313e+01
8686.2500 -3.342358e+01
8687.5000 2.354802e+01
8688.7500 4.690102e+01
8690.0000 2.208790e+01
8691.2500 1.883407e+01
8692.5000 2.315792e+01
8693.7500 1.669517e+01
8695.0000 2.820085e+01
8696.2500 8.465631e+00
8697.5000 3.595277e+01
8698.7500 1.156518e+01
8700.0000 -1.062715e+01
8701.2500 1.239352e+01
8702.5000 1.718347e+01
8703.7500 9.750304e+00
8705.0000 3.107841e+00
8706.2500 9.844129e+00
8707.5000 6.738985e+00
8708.7500 -7.827720e+00
8710.0000 2.640646e+01
8711.2500 1.212595e+01
8712.5000 1.568871e+01
8713.7500 1.768031e+01
8715.0000 1.575932e+01
8716.2500 2.061838e+01
8717.5000 1.976928e+01
8718.7500 2.303482e+01
8720.0000 2.531040e+01
8721.2500 2.023707e+01
8722.5000 6.122935e+00
8723.7500 4.198503e+00
8725.0000 -1.852239e+00
8726.2500 -6.557361e+00
8727.5000 2.138461e+01
8728.7500 7.087366e+00
8730.0000 6.978235e+00
8731.2500 1.196698e+01
8732.5000 1.926178e+00
8733.7500 -6.542654e+00
8735.0000 -5.358784e-01
8736.2500 1.847630e+01
8737.5000 3.298336e+00
8738.7500 1.155829e+00
8740.0000 2.252215e+00
8741.2500 -5.881079e+00
8742.5000 9.355125e-01
8743.7500 2.857477e+01
8745.0000 2.244898e+01
8746.2500 8.327993e+00
8747.5000 6.885124e+00
8748.7500 1.435842e+01
8750.0000 1.426656e+01
8751.2500 1.854703e+01
8752.5000 2.405647e+01
8753.7500 6.892110e-01
8755.0000 1.739573e+01
8756.2500 2.194273e+01
8757.5000 -2.757596e+01
8758.7500 -2.251335e-01
8760.0000 5.628705e+01
8761.2500 1.217718e+02
8762.5000 1.649420e+01
8763.7500 -3.171197e+01
8765.0000 -4.094777e+01
8766.2500 -4.281117e+01
8767.5000 -3.766610e+01
8768.7500 -3.435133e+01
8770.0000 1.827889e+01
8771.2500 7.182381e+00
8772.5000 1.584982e+01
8773.7500 -9.712795e+00
8775.0000 -1.958360e+01
8776.2500 1.139885e+02
8777.5000 -2.748971e+00
8778.7500 -5.649056e+00
8780.0000 3.424127e+01
8781.2500 1.746981e+01
8782.5000 3.756563e+00
8783.7500 1.455606e+01
8785.0000 4.126475e+00
8786.2500 6.180676e+00
8787.5000 -1.270097e+01
8788.7500 -3.266984e+01
8790.0000 1.211109e+01
8791.2500 5.438602e+00
8792.5000 2.377050e+01
8793.7500 -1.049304e+00
8795.0000 2.369784e+01
8796.2500 2.687713e+01
8797.5000 1.248754e+01
8798.7500 1.109474e+01
8800.0000 2.248029e+01
8801.2500 2.211362e+01
8802.5000 9.552604e+00
8803.7500 1.097057e+00
8805.0000 -8.077012e-01
8806.2500 1.916562e+01
8807.5000 -5.213767e+00
8808.7500 3.005598e+01
8810.0000 2.317324e+01
8811.2500 -9.011044e+00
8812.5000 1.487814e+01
8813.7500 -7.489909e+00
8815.0000 6.084551e+00
8816.2500 -4.050382e+00
8817.5000 1.916179e+01
8818.7500 1.186347e+01
8820.0000 -2.740341e+00
8821.2500 1.190443e+01
8822.5000 -8.244377e-01
8823.7500 -9.951141e+00
8825.0000 -3.306500e+01
8826.2500 4.358261e+00
8827.5000 1.073877e+01
8828.7500 -8.417732e+00
8830.0000 9.624476e+01
8831.2500 -2.717366e+00
8832.5000 2.141510e+00
8833.7500 1.061597e+02
8835.0000 -2.030566e+01
8836.2500 9.307280e+01
8837.5000 -4.227488e+01
8838.7500 -1.198309e+01
8840.0000 1.020316e+01
8841.2500 2.232804e-01
8842.5000 1.227595e+01
8843.7500 1.238982e+01
8845.0000 1.994752e+01
8846.2500 1.155224e+01
8847.5000 4.861658e+01
8848.7500 -1.172957e+01
8850.0000 9.105215e+00
8851.2500 2.054148e+01
8852.5000 8.381918e+00
8853.7500 3.158059e+00
8855.0000 1.779869e+01
8856.2500 -1.428565e+00
8857.5000 6.849373e+00
8858.7500 -5.868715e+00
8860.0000 1.807533e+01
8861.2500 1.269559e+01
8862.5000 2.168450e+01
8863.7500 1.631326e+01
8865.0000 1.617789e+01
8866.2500 -1.309285e+01
8867.5000 2.747550e-01
8868.7500 6.694864e+01
8870.0000 4.223550e+01
8871.2500 1.228437e+01
8872.5000 1.808795e+01
8873.7500 2.421232e+01
8875.0000 1.577000e+01
8876.2500 -1.057720e+01
8877.5000 1.281952e+01
8878.7500 -7.036570e+00
8880.0000 -1.868428e-01
8881.2500 -1.937708e+01
8882.5000 1.874396e+01
8883.7500 -2.433212e+01
8885.0000 -5.313511e+00
8886.2500 2.361736e+00
8887.5000 3.701160e+01
8888.7500 3.148212e+00
8890.0000 6.291632e+00
8891.2500 4.141969e+01
8892.5000 3.858573e+00
8893.7500 -8.469991e+00
8895.0000 3.121768e+00
8896.2500 6.178584e+00
8897.5000 -1.495536e+01
8898.7500 6.491192e+00
8900.0000 1.326726e+01
8901.2500 -1.083193e+01
8902.5000 8.568734e+01
8903.7500 6.631059e+01
8905.0000 3.039330e+01
8906.2500 9.954733e+00
8907.5000 -2.265142e+00
8908.7500 2.107772e+01
8910.0000 2.971365e+00
8911.2500 1.149315e+01
8912.5000 -1.371637e+00
8913.7500 -1.482107e+01
8915.0000 -1.582622e+01
8916.2500 2.994940e+01
8917.5000 1.211240e+02
8918.7500 -3.259887e+00
8920.0000 1.924543e+01
8921.2500 4.213394e+00
8922.5000 -1.355877e+00
8923.7500 3.845618e-01
8925.0000 2.069340e+01
8926.2500 8.131657e+00
8927.5000 1.862935e+01
8928.7500 1.842208e+01
8930.0000 5.399068e+00
8931.2500 1.139845e+00
8932.5000 -7.260085e+00
8933.7500 -7.278334e+00
8935.0000 -1.386719e+01
8936.2500 1.209566e+00
8937.5000 1.081860e+01
8938.7500 6.681770e+00
8940.0000 1.489571e+01
8941.2500 -2.122651e+01
8942.5000 -2.288023e+01
8943.7500 6.526546e+00
8945.0000 -2.841776e+01
8946.2500 2.186168e+01
8947.5000 8.066833e+00
8948.7500 1.060871e+01
8950.0000 -3.844472e+00
8951.2500 8.844355e+00
8952.5000 1.367368e+01
8953.7500 -2.681157e+01
8955.0000 1.876797e+01
8956.2500 -2.695122e+01
8957.5000 1.515639e+01
8958.7500 9.148026e+00
8960.0000 3.018813e+01
8961.2500 1.158020e+01
8962.5000 1.643790e+00
8963.7500 1.274171e+01
8965.0000 1.516578e+01
8966.2500 3.016578e+01
8967.5000 2.788556e+01
8968.7500 -1.100314e+01
8970.0000 9.318387e+00
8971.2500 2.629921e+01
8972.5000 1.727394e+00
8973.7500 -1.021579e+01
8975.0000 -3.733962e+00
8976.2500 4.348364e+00
8977.5000 5.596428e-01
8978.7500 2.041148e+01
8980.0000 1.058753e+01
8981.2500 -5.994168e+00
8982.5000 -2.699003e+01
8983.7500 1.228085e+01
8985.0000 -4.295871e+00
8986.2500 2.715935e+01
8987.5000 4.349140e+00
8988.7500 -5.723379e+01
8990.0000 2.153607e+01
8991.2500 6.169048e+00
8992.5000 1.354359e+01
8993.7500 4.055834e+00
8995.0000 1.367814e+01
8996.2500 1.511115e+01
8997.5000 2.738553e+01
8998.7500 -4.598223e+00
9000.0000 8.574477e+01
9001.2500 -3.850698e+01
9002.5000 -2.880814e+01
9003.7500 3.023827e+01
9005.0000 2.034161e+01
9006.2500 5.160873e+00
9007.5000 5.836985e+00
9008.7500 -1.347060e+00
9010.0000 6.947444e+00
9011.2500 -8.249023e-01
9012.5000 -1.306251e+01
9013.7500 3.555598e+00
9015.0000 2.050214e+01
9016.2500 1.024954e+01
9017.5000 1.959241e+01
9018.7500 2.168975e+01
9020.0000 2.491807e+01
9021.2500 5.981071e+00
9022.5000 2.920495e+00
9023.7500 2.594881e+01
9025.0000 1.872789e+01
9026.2500 9.201866e+00
9027.5000 1.047494e+01
9028.7500 -1.676214e+01
9030.0000 -1.586102e+01
9031.2500 4.058230e+01
9032.5000 5.853532e+00
9033.7500 3.711107e+01
9035.0000 2.309071e+01
9036.2500 6.100504e+01
9037.5000 4.896220e+01
9038.7500 1.883173e+01
9040.0000 1.947917e+01
9041.2500 3.286493e+01
9042.5000 -1.405694e+01
9043.7500 -6.613521e+00
9045.0000 -1.475409e+01
9046.2500 2.021739e+01
9047.5000 5.246016e+01
9048.7500 -1.136402e+01
9050.0000 -2.298577e+01
9051.2500 -6.957168e+00
9052.5000 1.185952e+01
9053.7500 2.625231e+01
9055.0000 2.802718e+01
9056.2500 4.920778e+00
9057.5000 5.903282e-01
9058.7500 9.224454e+00
9060.0000 1.607310e+01
9061.2500 2.188246e+01
9062.5000 -5.564373e+00
9063.7500 2.635451e+01
9065.0000 6.701639e+00
9066.2500 -9.777750e+00
9067.5000 2.528703e+01
9068.7500 1.915454e+00
9070.0000 1.424729e+01
9071.2500 1.852740e+01
9072.5000 7.011685e+00
9073.7500 2.013547e+01
9075.0000 1.070954e+01
9076.2500 -6.564018e+00
9077.5000 3.674643e+00
9078.7500 7.968100e+00
9080.0000 1.192054e+01
9081.2500 -4.115165e+00
9082.5000 3.197104e+00
9083.7500 -9.841561e-01
9085.0000 3.030483e+00
9086.2500 4.429789e+00
9087.5000 -5.551580e-01
9088.7500 1.841273e+01
9090.0000 1.304913e+01
9091.2500 -2.698164e+01
9092.5000 -5.985588e+00
9093.7500 2.452880e+01
9095.0000 2.887080e+01
9096.2500 2.514611e+01
9097.5000 3.121644e+00
9098.7500 -8.154100e+00
9100.0000 2.710926e+01
9101.2500 4.443153e+01
9102.5000 -4.174440e+01
9103.7500 -4.969050e+00
9105.0000 -1.253179e+01
9106.2500 3.083367e+01
9107.5000 3.892649e+01
9108.7500 2.099542e+01
9110.0000 1.062856e-01
9111.2500 1.332421e+01
9112.5000 2.120644e+01
9113.7500 -1.132113e+01
9115.0000 3.919467e+00
9116.2500 2.018398e+01
9117.5000 2.192649e+01
9118.7500 1.077559e+01
9120.0000 8.399978e+00
9121.2500 1.332094e+01
9122.5000 4.875747e+00
9123.7500 2.238093e+01
9125.0000 2.227053e+01
9126.2500 1.147799e+01
9127.5000 2.097875e+01
9128.7500 3.212399e+01
9130.0000 2.605181e+00
9131.2500 -4.423601e+00
9132.5000 9.631743e+00
9133.7500 1.324237e+01
9135.0000 1.684928e+01
9136.2500 -1.913130e-02
9137.5000 6.068451e+00
9138.7500 2.338807e+01
9140.0000 4.030132e+01
9141.2500 1.382497e+01
9142.5000 -3.634541e+00
9143.7500 2.265985e+01
9145.0000 -1.704673e+00
9146.2500 1.075408e+01
9147.5000 1.340021e+01
9148.7500 1.372315e+01
9150.0000 3.314327e+01
9151.2500 3.395750e+01
9152.5000 2.732492e+01
9153.7500 -5.031352e+00
9155.0000 1.699542e+01
9156.2500 -6.077884e-01
9157.5000 2.292440e+01
9158.7500 7.313837e+00
9160.0000 3.843229e+01
9161.2500 2.697831e+00
9162.5000 2.639958e+00
9163.7500 1.768694e+01
9165.0000 1.730967e+01
9166.2500 1.459913e+01
9167.5000 1.817933e+01
9168.7500 1.643540e+01
9170.0000 6.626832e+00
9171.2500 5.735015e+00
9172.5000 -2.295535e+01
9173.7500 -9.722219e-01
9175.0000 2.902527e+00
9176.2500 1.380321e+01
9177.5000 1.383432e+01
9178.7500 1.803312e+01
9180.0000 7.364676e+00
9181.2500 -2.226804e+00
9182.5000 -7.048034e+00
9183.7500 1.697279e+01
9185.0000 3.780199e+01
9186.2500 3.309758e+01
9187.5000 1.541043e+01
9188.7500 3.562871e+00
9190.0000 8.573872e+00
9191.2500 2.728441e+01
9192.5000 1.691292e+01
9193.7500 6.323784e+00
9195.0000 2.951004e+01
9196.2500 1.301210e+01
9197.5000 2.027914e+01
9198.7500 1.282476e+00
9200.0000 1.868932e+01
9201.2500 2.525871e+01
9202.5000 -1.365287e+00
9203.7500 2.135632e+01
9205.0000 1.884713e+01
9206.2500 1.472175e+01
9207.5000 4.825377e+00
9208.7500 8.133244e+00
9210.0000 1.866356e+01
9211.2500 2.372078e+01
9212.5000 1.077633e+01
9213.7500 1.817457e+01
9215.0000 3.773838e+01
9216.2500 7.655807e+00
9217.5000 2.023943e+00
9218.7500 3.454054e+01
9220.0000 1.194573e+01
9221.2500 4.885986e+00
9222.5000 4.106343e+01
9223.7500 3.705273e+01
9225.0000 -5.306029e-02
9226.2500 -2.602475e+00
9227.5000 -3.041112e+00
9228.7500 7.439487e+00
9230.0000 3.118400e+01
9231.2500 3.210369e+01
9232.5000 3.244429e+01
9233.7500 4.539709e+00
9235.0000 6.488012e+00
9236.2500 2.248707e+01
9237.5000 2.964173e+01
9238.7500 1.906800e+01
9240.0000 9.749392e+00
9241.2500 4.556457e+00
9242.5000 3.285493e+01
9243.7500 3.497488e+01
9245.0000 2.369044e+01
9246.2500 -4.440102e+00
9247.5000 1.970517e+01
9248.7500 -1.127694e+01
9250.0000 -2.092284e+01
9251.2500 -1.796421e+01
9252.5000 1.290550e+01
9253.7500 5.774337e-01
9255.0000 1.435827e+01
9256.2500 -6.183311e+00
9257.5000 2.889572e+01
9258.7500 2.613267e+01
9260.0000 -8.987616e+00
9261.2500 8.738609e+00
9262.5000 1.300990e+01
9263.7500 6.143365e-01
9265.0000 2.293297e+01
9266.2500 3.118244e+00
9267.5000 -2.002456e+01
9268.7500 1.537816e+01
9270.0000 -5.716632e+00
9271.2500 5.272048e+00
9272.5000 -9.653302e+00
9273.7500 -5.030561e+00
9275.0000 3.624013e+00
9276.2500 1.371114e+01
9277.5000 1.398268e+01
9278.7500 1.301170e+01
9280.0000 -1.391403e+01
9281.2500 1.654836e+01
9282.5000 7.433737e+00
9283.7500 2.111877e+01
9285.0000 1.489675e+01
9286.2500 1.135740e+01
9287.5000 -2.812505e+00
9288.7500 4.026090e+00
9290.0000 5.742031e+00
9291.2500 -4.782648e+00
9292.5000 2.302773e+00
9293.7500 -2.537234e+01
9295.0000 -8.751814e+00
9296.2500 -4.893850e+00
9297.5000 -1.401077e+00
9298.7500 1.104738e+01
9300.0000 2.272918e+00
9301.2500 1.186616e+00
9302.5000 7.436952e+00
9303.7500 -2.099645e+01
9305.0000 -1.057456e+02
9306.2500 6.064093e+01
9307.5000 6.738745e+01
9308.7500 -1.021428e+02
9310.0000 2.193322e+01
9311.2500 -3.120212e+02
9312.5000 -5.984879e+01
9313.7500 3.017032e+02
9315.0000 -3.812729e+02
9316.2500 -3.259391e+01
9317.5000 2.539118e+01
9318.7500 -1.922655e+00
9320.0000 2.825871e-01
9321.2500 -1.170446e+01
9322.5000 -1.920935e+02
9323.7500 -1.717505e+02
9325.0000 -3.155402e+02
9326.2500 -1.353477e+01
9327.5000 -2.368125e+00
9328.7500 4.377400e+01
9330.0000 3.663786e+01
9331.2500 2.716423e+01
9332.5000 -4.833885e+00
9333.7500 1.730998e+01
9335.0000 3.409650e+01
9336.2500 -3.764385e+01
9337.5000 7.869787e+01
9338.7500 -2.086724e+01
9340.0000 -8.343514e+01
9341.2500 6.337710e+01
9342.5000 2.204751e+01
9343.7500 -1.033885e+01
9345.0000 -2.212582e+01
9346.2500 2.277547e+01
9347.5000 1.813976e+01
9348.7500 -2.008260e+01
9350.0000 -5.317323e+01
