# original catalogue: arc_list.txt
# original data-cube: ../muse_ne/MACSJ0416_NE_DATACUBE_FINAL_caminha_zap.fits
# source ID: 7
# number of extracted pixels: 25
# extracted position: 64.038501 -24.069865
# wavelenth[Angstrom], flux[10**(-20)*erg/s/cm**2/Angstrom]
4750.0000 7.008203e+00
4751.2500 7.717850e+01
4752.5000 1.010842e+00
4753.7500 3.745450e+01
4755.0000 9.419350e+01
4756.2500 3.327453e+00
4757.5000 -4.805968e+01
4758.7500 -1.534493e-01
4760.0000 1.946012e+01
4761.2500 1.076848e+00
4762.5000 5.742744e+01
4763.7500 2.514739e+01
4765.0000 4.463681e+01
4766.2500 4.731349e+01
4767.5000 3.111387e+01
4768.7500 2.871836e+01
4770.0000 -7.327826e+00
4771.2500 -4.662494e+00
4772.5000 2.223886e+01
4773.7500 4.350265e+01
4775.0000 3.366245e+01
4776.2500 1.718530e+01
4777.5000 2.631754e+01
4778.7500 7.891421e+00
4780.0000 5.524643e+01
4781.2500 2.955274e+01
4782.5000 2.300628e+01
4783.7500 5.624517e+01
4785.0000 2.326863e+01
4786.2500 2.668443e+01
4787.5000 3.014978e+01
4788.7500 2.310703e+01
4790.0000 5.107402e+01
4791.2500 8.025985e-01
4792.5000 4.737535e+00
4793.7500 5.099808e+01
4795.0000 1.471851e+00
4796.2500 5.694201e+01
4797.5000 5.267047e+01
4798.7500 2.653197e+01
4800.0000 -8.833243e-01
4801.2500 3.781843e+01
4802.5000 1.419244e+01
4803.7500 -1.989728e+00
4805.0000 3.485915e+01
4806.2500 1.864603e+01
4807.5000 8.125653e+00
4808.7500 3.972923e+01
4810.0000 2.200498e+01
4811.2500 9.791968e+00
4812.5000 3.469696e+01
4813.7500 -2.571304e+01
4815.0000 1.891255e+01
4816.2500 1.261817e+01
4817.5000 2.450834e+01
4818.7500 2.192492e+01
4820.0000 -1.307019e+01
4821.2500 1.190911e+01
4822.5000 -2.818256e+00
4823.7500 4.444523e+00
4825.0000 6.423684e+00
4826.2500 2.075441e+01
4827.5000 -1.490645e+01
4828.7500 9.463423e+00
4830.0000 8.813320e-01
4831.2500 -1.582766e+01
4832.5000 6.415835e+00
4833.7500 -1.164281e+00
4835.0000 1.071627e+01
4836.2500 7.823788e+01
4837.5000 3.524815e+01
4838.7500 4.062309e+01
4840.0000 3.301862e+00
4841.2500 -3.028067e+01
4842.5000 -1.379055e+01
4843.7500 -3.519863e-02
4845.0000 1.090418e+01
4846.2500 -1.628080e+01
4847.5000 5.189384e+01
4848.7500 -5.276615e+00
4850.0000 2.492130e+01
4851.2500 7.978479e+00
4852.5000 -2.512585e+00
4853.7500 2.198767e+01
4855.0000 9.596309e+00
4856.2500 -2.540115e+01
4857.5000 -6.243465e+00
4858.7500 -6.527358e+00
4860.0000 -1.946660e+01
4861.2500 6.713139e+00
4862.5000 2.483208e+01
4863.7500 -9.074025e+00
4865.0000 1.387645e+01
4866.2500 6.915908e-01
4867.5000 1.808839e+01
4868.7500 1.837557e+01
4870.0000 -9.851580e+00
4871.2500 6.390673e+00
4872.5000 1.170612e+01
4873.7500 1.443164e+01
4875.0000 2.425412e+01
4876.2500 2.298992e+01
4877.5000 -1.264828e+01
4878.7500 1.145018e+01
4880.0000 1.543544e+01
4881.2500 2.341073e+01
4882.5000 -4.049524e+00
4883.7500 4.548222e+01
4885.0000 4.287165e+01
4886.2500 -3.633244e+00
4887.5000 2.408276e+01
4888.7500 3.020127e+01
4890.0000 3.910306e+01
4891.2500 2.032985e+00
4892.5000 1.965896e+01
4893.7500 1.153005e+01
4895.0000 -4.825840e+00
4896.2500 2.742764e+01
4897.5000 2.575175e+01
4898.7500 2.020130e+01
4900.0000 1.919558e+01
4901.2500 6.017184e+00
4902.5000 -1.629890e+01
4903.7500 1.435865e+01
4905.0000 4.212142e+01
4906.2500 1.079736e+01
4907.5000 3.041059e+01
4908.7500 1.100205e+01
4910.0000 2.172809e+01
4911.2500 1.411793e+01
4912.5000 4.414493e+01
4913.7500 1.214193e+01
4915.0000 1.613926e+01
4916.2500 -1.184643e+01
4917.5000 3.187807e+01
4918.7500 1.990494e+01
4920.0000 1.394113e+00
4921.2500 6.308590e+01
4922.5000 1.108868e+01
4923.7500 6.393895e+00
4925.0000 2.304173e+01
4926.2500 1.215423e+01
4927.5000 2.682903e+00
4928.7500 2.049405e+00
4930.0000 1.621690e+01
4931.2500 7.478468e+00
4932.5000 1.061510e+01
4933.7500 5.451475e+00
4935.0000 -1.702379e+01
4936.2500 2.018524e+00
4937.5000 4.829755e+01
4938.7500 1.824247e+01
4940.0000 4.211113e+00
4941.2500 1.368122e+01
4942.5000 1.951210e+01
4943.7500 -5.711978e+00
4945.0000 2.349030e+01
4946.2500 2.777487e+01
4947.5000 1.970203e+01
4948.7500 -1.318171e+01
4950.0000 1.258056e+01
4951.2500 2.006033e+01
4952.5000 -2.136203e+01
4953.7500 1.462530e+01
4955.0000 3.539766e+01
4956.2500 2.649583e+01
4957.5000 -2.006745e+00
4958.7500 4.303792e+00
4960.0000 1.662385e+01
4961.2500 1.680174e+01
4962.5000 2.590785e+01
4963.7500 3.733710e+01
4965.0000 -1.980943e+00
4966.2500 1.079971e+01
4967.5000 2.219711e+01
4968.7500 1.890808e+01
4970.0000 1.551840e+01
4971.2500 1.076878e+01
4972.5000 9.632478e+00
4973.7500 3.916168e+00
4975.0000 2.787070e+01
4976.2500 1.565187e+00
4977.5000 2.843903e+01
4978.7500 2.312264e+01
4980.0000 9.331736e+00
4981.2500 -3.248530e+00
4982.5000 3.665781e+01
4983.7500 2.707164e+01
4985.0000 -2.559530e+00
4986.2500 1.730705e+01
4987.5000 3.146641e+00
4988.7500 3.182755e+01
4990.0000 3.092337e+01
4991.2500 9.647915e+00
4992.5000 -2.260101e+01
4993.7500 -1.586561e+00
4995.0000 5.064397e+00
4996.2500 -2.165332e-01
4997.5000 3.127569e+01
4998.7500 -1.167533e+01
5000.0000 7.327718e+00
5001.2500 2.227192e+00
5002.5000 -2.817367e+00
5003.7500 -7.605148e+00
5005.0000 1.473179e+01
5006.2500 -6.772577e+00
5007.5000 4.879551e+01
5008.7500 3.280613e+01
5010.0000 1.840460e+01
5011.2500 3.764328e+00
5012.5000 -3.588490e+00
5013.7500 2.887406e+01
5015.0000 5.283011e+00
5016.2500 6.753512e+00
5017.5000 2.020774e+01
5018.7500 -1.130294e+01
5020.0000 1.839428e+01
5021.2500 4.013661e+01
5022.5000 1.635188e+01
5023.7500 2.391438e+01
5025.0000 1.320604e+01
5026.2500 -6.545149e+00
5027.5000 1.178666e+00
5028.7500 8.195466e+00
5030.0000 6.026947e+00
5031.2500 1.695959e+01
5032.5000 1.464415e+01
5033.7500 3.054629e+01
5035.0000 4.768357e+00
5036.2500 -1.243993e+01
5037.5000 6.579444e+00
5038.7500 5.664725e+00
5040.0000 1.295881e+01
5041.2500 8.698093e+00
5042.5000 -6.966326e+00
5043.7500 2.109982e+01
5045.0000 2.315283e+01
5046.2500 3.333818e+00
5047.5000 8.099355e+00
5048.7500 3.111115e+01
5050.0000 1.570711e+01
5051.2500 2.440973e+01
5052.5000 2.133761e+01
5053.7500 9.227509e+00
5055.0000 1.898307e+01
5056.2500 -1.387957e+01
5057.5000 2.338325e+01
5058.7500 3.710492e+01
5060.0000 7.374030e+00
5061.2500 2.533451e+01
5062.5000 1.274667e+01
5063.7500 -8.318743e+00
5065.0000 2.198009e+01
5066.2500 2.913539e+01
5067.5000 1.380178e+01
5068.7500 8.536327e+00
5070.0000 8.464766e+00
5071.2500 1.689720e+01
5072.5000 1.265626e+01
5073.7500 3.066584e+01
5075.0000 2.305313e+01
5076.2500 5.311120e+01
5077.5000 2.105890e+01
5078.7500 5.504049e+01
5080.0000 4.268913e+00
5081.2500 -1.919840e+01
5082.5000 4.470891e+00
5083.7500 2.656836e+01
5085.0000 4.595529e+01
5086.2500 -6.636896e+00
5087.5000 8.162683e+00
5088.7500 9.832469e+00
5090.0000 3.560730e+00
5091.2500 -2.628553e+00
5092.5000 9.578170e+00
5093.7500 7.157210e+00
5095.0000 2.850646e+01
5096.2500 2.860684e+01
5097.5000 -8.773959e+00
5098.7500 2.535562e+01
5100.0000 6.937362e+00
5101.2500 -5.928181e+00
5102.5000 4.800548e+01
5103.7500 2.764738e+01
5105.0000 2.301751e+01
5106.2500 1.469265e+01
5107.5000 2.384047e+01
5108.7500 1.790944e+01
5110.0000 8.079343e+00
5111.2500 1.765339e+01
5112.5000 2.593475e+01
5113.7500 2.824009e+01
5115.0000 4.260589e+01
5116.2500 6.075620e+00
5117.5000 7.611488e+00
5118.7500 1.607966e+01
5120.0000 5.601579e-01
5121.2500 2.480522e+01
5122.5000 2.780653e+01
5123.7500 -1.680874e+01
5125.0000 3.529565e+00
5126.2500 1.360953e+01
5127.5000 1.640778e+01
5128.7500 1.720164e+01
5130.0000 9.227259e+00
5131.2500 2.916687e+01
5132.5000 -3.934842e+00
5133.7500 3.090292e+01
5135.0000 3.506021e+01
5136.2500 3.146509e+01
5137.5000 2.991735e+01
5138.7500 1.095698e+01
5140.0000 1.343170e+01
5141.2500 1.114236e+01
5142.5000 1.689750e+01
5143.7500 2.911618e+01
5145.0000 -5.432079e+00
5146.2500 -1.678848e+01
5147.5000 -9.179667e+00
5148.7500 -9.754419e+00
5150.0000 2.561488e+01
5151.2500 2.717637e+01
5152.5000 1.035631e+01
5153.7500 8.138489e-01
5155.0000 1.476167e+01
5156.2500 2.006089e+01
5157.5000 2.699823e+01
5158.7500 -1.900325e+01
5160.0000 2.912865e+01
5161.2500 1.458816e+01
5162.5000 1.880547e+01
5163.7500 1.562026e+01
5165.0000 1.706175e+00
5166.2500 -9.801278e+00
5167.5000 9.960316e+00
5168.7500 3.289865e+01
5170.0000 2.497058e+01
5171.2500 2.747197e+01
5172.5000 2.556036e+01
5173.7500 1.687497e+01
5175.0000 2.540324e+01
5176.2500 2.400184e+00
5177.5000 9.594448e-01
5178.7500 2.068403e+00
5180.0000 2.601150e+01
5181.2500 2.550803e+01
5182.5000 2.802243e+01
5183.7500 2.731925e+01
5185.0000 2.986429e+00
5186.2500 2.213141e+01
5187.5000 1.990009e+01
5188.7500 -1.227135e+01
5190.0000 1.330272e+01
5191.2500 2.819396e+01
5192.5000 -9.126695e+00
5193.7500 4.008589e+01
5195.0000 1.235402e+01
5196.2500 -1.784030e+01
5197.5000 7.512551e+00
5198.7500 2.233982e+01
5200.0000 1.148166e+01
5201.2500 -3.020453e+00
5202.5000 1.739350e+01
5203.7500 1.952295e+01
5205.0000 2.240807e+01
5206.2500 3.129784e+01
5207.5000 5.082522e+01
5208.7500 3.730656e+01
5210.0000 1.521627e+01
5211.2500 -9.849684e+00
5212.5000 4.134303e+00
5213.7500 1.140121e+01
5215.0000 -1.992276e+00
5216.2500 2.417533e+01
5217.5000 9.545254e+00
5218.7500 4.883115e+00
5220.0000 8.969978e+00
5221.2500 3.612919e+01
5222.5000 3.430006e+01
5223.7500 6.127784e+00
5225.0000 2.263797e+01
5226.2500 -5.532948e+00
5227.5000 -6.795874e+00
5228.7500 1.246384e+01
5230.0000 3.752750e+00
5231.2500 8.283231e+00
5232.5000 -1.251947e+01
5233.7500 2.703704e+01
5235.0000 3.068966e+01
5236.2500 8.598943e+00
5237.5000 5.009029e+01
5238.7500 2.251807e+01
5240.0000 3.388546e+01
5241.2500 3.113510e+01
5242.5000 3.310658e+01
5243.7500 1.876418e+01
5245.0000 1.257784e+01
5246.2500 7.278154e+00
5247.5000 1.740884e+01
5248.7500 5.941955e+00
5250.0000 1.940949e+01
5251.2500 1.331769e+01
5252.5000 2.405680e+01
5253.7500 3.720085e+01
5255.0000 3.220607e+01
5256.2500 3.070154e+01
5257.5000 1.655768e+01
5258.7500 1.496859e+01
5260.0000 -2.095704e+01
5261.2500 -1.617995e+01
5262.5000 3.656161e+00
5263.7500 2.958753e+01
5265.0000 1.971668e+01
5266.2500 1.956387e+01
5267.5000 2.062009e+01
5268.7500 1.811679e+01
5270.0000 1.053396e+01
5271.2500 6.671828e+00
5272.5000 1.568041e+01
5273.7500 4.360458e+00
5275.0000 -6.114851e+00
5276.2500 -2.393947e+01
5277.5000 -1.172700e+01
5278.7500 2.872050e+01
5280.0000 2.230641e+01
5281.2500 2.464942e+01
5282.5000 1.077125e+01
5283.7500 2.673067e+01
5285.0000 2.743354e+01
5286.2500 6.390191e+00
5287.5000 1.493484e+01
5288.7500 8.675447e+00
5290.0000 1.293724e+01
5291.2500 2.727064e+01
5292.5000 3.946212e+01
5293.7500 6.790494e+00
5295.0000 1.087227e+01
5296.2500 3.712970e+01
5297.5000 1.685246e+01
5298.7500 2.097739e+01
5300.0000 2.681612e+01
5301.2500 1.040583e+01
5302.5000 3.150267e+01
5303.7500 1.721168e+01
5305.0000 1.919069e+01
5306.2500 1.975238e+01
5307.5000 1.827513e+01
5308.7500 8.819206e+00
5310.0000 -1.600524e+01
5311.2500 1.439402e+01
5312.5000 5.778887e+00
5313.7500 1.904446e+01
5315.0000 2.845411e+01
5316.2500 4.113351e+01
5317.5000 2.209783e+01
5318.7500 2.782640e+01
5320.0000 1.846578e+01
5321.2500 8.556824e+00
5322.5000 3.732510e+01
5323.7500 2.333401e+01
5325.0000 1.549695e+01
5326.2500 1.327382e+01
5327.5000 -3.621382e+00
5328.7500 -1.732209e+01
5330.0000 -5.523682e+00
5331.2500 1.943501e+01
5332.5000 9.981119e+00
5333.7500 1.145794e+01
5335.0000 3.860278e+01
5336.2500 3.997622e-01
5337.5000 2.033681e+01
5338.7500 1.641561e+01
5340.0000 3.293220e+01
5341.2500 3.895988e+01
5342.5000 3.375669e+01
5343.7500 2.876702e+01
5345.0000 2.522517e+01
5346.2500 -1.175753e+01
5347.5000 -6.617984e-01
5348.7500 -4.009511e+00
5350.0000 1.622427e+01
5351.2500 1.046555e+01
5352.5000 -2.693991e+01
5353.7500 2.950821e+01
5355.0000 -1.417300e+01
5356.2500 1.096310e+01
5357.5000 -6.365751e+00
5358.7500 3.898422e+01
5360.0000 1.926762e+01
5361.2500 2.931654e+01
5362.5000 2.835787e+01
5363.7500 4.306200e+01
5365.0000 1.289300e+01
5366.2500 2.731315e+00
5367.5000 4.689050e+01
5368.7500 3.461278e+01
5370.0000 5.279143e-01
5371.2500 -1.370145e+01
5372.5000 -6.224493e+00
5373.7500 3.023155e+01
5375.0000 3.353053e+01
5376.2500 1.566029e+01
5377.5000 2.645391e+01
5378.7500 4.401363e+01
5380.0000 -2.897987e+00
5381.2500 1.128505e+01
5382.5000 1.969063e+01
5383.7500 1.709066e+00
5385.0000 7.751332e+00
5386.2500 8.691283e+00
5387.5000 2.462082e+01
5388.7500 2.670004e+01
5390.0000 1.117294e+01
5391.2500 1.298566e+00
5392.5000 1.172559e+01
5393.7500 1.453434e+01
5395.0000 2.544078e+01
5396.2500 8.068404e+00
5397.5000 5.934191e+00
5398.7500 6.700042e+00
5400.0000 2.376097e+01
5401.2500 2.688260e+01
5402.5000 1.694191e+01
5403.7500 1.779834e+01
5405.0000 1.102877e+01
5406.2500 3.096996e+00
5407.5000 3.572581e+01
5408.7500 2.600768e+01
5410.0000 2.107655e+01
5411.2500 1.628378e+01
5412.5000 4.492628e+01
5413.7500 3.459160e+01
5415.0000 2.698269e+01
5416.2500 1.541622e+01
5417.5000 1.397040e+01
5418.7500 1.890773e+01
5420.0000 2.270084e+01
5421.2500 1.338577e+01
5422.5000 2.216544e+01
5423.7500 2.490555e+01
5425.0000 1.156334e+01
5426.2500 1.597105e+01
5427.5000 1.241898e+01
5428.7500 1.779680e+01
5430.0000 1.771555e+01
5431.2500 2.942316e+01
5432.5000 1.570389e+01
5433.7500 3.513713e+01
5435.0000 3.204969e+01
5436.2500 -8.766612e+00
5437.5000 1.824402e+00
5438.7500 2.244031e+01
5440.0000 1.719269e+01
5441.2500 1.719111e+01
5442.5000 8.161384e+00
5443.7500 1.520413e+01
5445.0000 3.173011e+01
5446.2500 1.145915e+01
5447.5000 1.475735e+01
5448.7500 8.221884e+00
5450.0000 2.415837e+01
5451.2500 6.517194e+00
5452.5000 3.948479e+01
5453.7500 1.582165e+01
5455.0000 1.939361e+01
5456.2500 1.026550e+01
5457.5000 3.589769e+01
5458.7500 1.277461e+01
5460.0000 1.726618e+01
5461.2500 2.875783e+01
5462.5000 1.604949e+01
5463.7500 2.285857e+01
5465.0000 -2.456794e+00
5466.2500 1.312974e+01
5467.5000 2.315791e+01
5468.7500 2.700337e+01
5470.0000 2.192273e+01
5471.2500 1.133923e+01
5472.5000 1.032926e+01
5473.7500 1.893726e+01
5475.0000 3.342480e+01
5476.2500 1.807278e+01
5477.5000 2.011929e+01
5478.7500 3.980154e+01
5480.0000 3.014947e+01
5481.2500 1.764831e+01
5482.5000 2.207992e+01
5483.7500 5.457768e+00
5485.0000 -1.874787e+00
5486.2500 1.871597e+01
5487.5000 3.378249e+00
5488.7500 2.873418e+01
5490.0000 3.464112e+01
5491.2500 2.374820e+01
5492.5000 2.421050e+01
5493.7500 3.952848e+01
5495.0000 2.707471e+01
5496.2500 3.121462e+01
5497.5000 1.943755e+01
5498.7500 2.630658e+01
5500.0000 3.447338e+01
5501.2500 2.381687e+01
5502.5000 2.053801e+01
5503.7500 5.617112e+00
5505.0000 2.961881e+01
5506.2500 2.320105e+01
5507.5000 2.925800e+01
5508.7500 1.701606e+01
5510.0000 2.301922e+01
5511.2500 -9.668753e+00
5512.5000 1.172268e+01
5513.7500 -7.304094e+00
5515.0000 6.143763e+00
5516.2500 2.325873e+00
5517.5000 2.310213e+01
5518.7500 1.707527e+01
5520.0000 1.917651e+01
5521.2500 1.350953e+01
5522.5000 1.234415e+01
5523.7500 6.130705e+00
5525.0000 1.303993e+01
5526.2500 5.352477e+00
5527.5000 9.918319e+00
5528.7500 1.448579e+01
5530.0000 6.764406e+00
5531.2500 2.989876e+01
5532.5000 1.890055e+01
5533.7500 1.388247e+01
5535.0000 3.611954e+00
5536.2500 1.901743e+01
5537.5000 3.723826e+01
5538.7500 1.240347e+01
5540.0000 2.205740e+00
5541.2500 -1.455970e+01
5542.5000 1.666270e+01
5543.7500 6.740244e+00
5545.0000 5.911029e+00
5546.2500 4.881298e+01
5547.5000 1.359455e+01
5548.7500 1.974388e+00
5550.0000 3.467481e+00
5551.2500 2.794922e+01
5552.5000 1.812652e+01
5553.7500 3.399472e+01
5555.0000 -6.425535e+00
5556.2500 1.000038e+01
5557.5000 5.185321e+01
5558.7500 1.235205e+01
5560.0000 -6.651729e+00
5561.2500 1.839371e+01
5562.5000 1.897504e+01
5563.7500 -3.571177e-01
5565.0000 2.356605e+01
5566.2500 8.109773e-01
5567.5000 -1.000497e+00
5568.7500 1.932620e+01
5570.0000 1.382829e+01
5571.2500 -1.732436e+00
5572.5000 1.637863e+01
5573.7500 9.733892e+00
5575.0000 9.795295e+00
5576.2500 1.210298e+01
5577.5000 1.258006e+01
5578.7500 1.179561e+01
5580.0000 1.413659e+01
5581.2500 1.948858e+01
5582.5000 -7.575188e+00
5583.7500 7.502853e+00
5585.0000 2.301397e+01
5586.2500 4.768929e+00
5587.5000 1.343197e+01
5588.7500 7.604908e+00
5590.0000 3.559587e+01
5591.2500 2.682655e+01
5592.5000 4.278885e+00
5593.7500 1.026857e+01
5595.0000 1.239827e+01
5596.2500 2.168246e+01
5597.5000 4.855100e+00
5598.7500 4.859921e+01
5600.0000 1.147536e+01
5601.2500 2.510353e+00
5602.5000 5.379017e+00
5603.7500 -1.897775e+00
5605.0000 4.966402e+00
5606.2500 5.276089e+01
5607.5000 5.200024e+01
5608.7500 3.309467e+01
5610.0000 2.652195e+01
5611.2500 1.080309e+01
5612.5000 7.863249e+00
5613.7500 5.261421e+00
5615.0000 2.092706e+01
5616.2500 4.020562e+01
5617.5000 3.820044e+01
5618.7500 1.830123e+01
5620.0000 3.647296e+01
5621.2500 5.021244e+01
5622.5000 3.473571e+01
5623.7500 3.996215e+01
5625.0000 2.493347e+01
5626.2500 3.965761e+01
5627.5000 5.196621e+01
5628.7500 9.874294e+00
5630.0000 1.851080e+01
5631.2500 1.557456e+01
5632.5000 1.278093e+01
5633.7500 -2.072964e+01
5635.0000 1.016734e+01
5636.2500 -1.282737e+01
5637.5000 -1.848333e-01
5638.7500 -4.061085e+00
5640.0000 2.003339e+01
5641.2500 1.482284e+01
5642.5000 3.064962e+01
5643.7500 1.923562e+01
5645.0000 1.117533e+01
5646.2500 1.853990e+01
5647.5000 3.425101e+00
5648.7500 3.953512e+00
5650.0000 1.506501e+00
5651.2500 2.822748e+01
5652.5000 5.015831e+00
5653.7500 1.436952e+01
5655.0000 -1.481410e+01
5656.2500 7.774452e+00
5657.5000 2.902933e+01
5658.7500 5.320893e+00
5660.0000 4.110037e+01
5661.2500 3.353876e+01
5662.5000 2.116665e+01
5663.7500 1.503946e+01
5665.0000 2.623360e+01
5666.2500 4.530466e+00
5667.5000 2.944197e+01
5668.7500 1.102557e+01
5670.0000 3.623175e+01
5671.2500 1.220806e+01
5672.5000 3.545254e+00
5673.7500 2.848974e+01
5675.0000 2.889679e+01
5676.2500 1.573336e+01
5677.5000 2.203910e+01
5678.7500 1.364494e+01
5680.0000 2.016103e+00
5681.2500 7.322258e+00
5682.5000 1.296161e+01
5683.7500 9.409504e+00
5685.0000 1.009851e+01
5686.2500 3.215689e+01
5687.5000 3.792042e+01
5688.7500 3.344780e+01
5690.0000 4.215798e+01
5691.2500 3.170056e+01
5692.5000 3.251973e+01
5693.7500 4.560167e+01
5695.0000 2.142212e+01
5696.2500 2.131558e+01
5697.5000 3.464687e+01
5698.7500 1.603068e+01
5700.0000 9.878675e+00
5701.2500 1.463135e+01
5702.5000 4.677223e+01
5703.7500 4.248369e+01
5705.0000 -1.071080e+01
5706.2500 1.041317e+01
5707.5000 2.570676e+01
5708.7500 -2.573608e+00
5710.0000 2.463122e+01
5711.2500 5.331661e+01
5712.5000 2.724622e+01
5713.7500 1.175655e+01
5715.0000 2.837832e+01
5716.2500 1.416576e+01
5717.5000 2.562201e+00
5718.7500 2.004947e+01
5720.0000 1.052239e+01
5721.2500 5.276114e+00
5722.5000 2.078603e+01
5723.7500 7.889277e+00
5725.0000 -1.573691e+00
5726.2500 -4.631056e+00
5727.5000 2.925977e+01
5728.7500 4.382471e+01
5730.0000 9.968325e+00
5731.2500 3.267236e+01
5732.5000 1.204740e+01
5733.7500 3.573647e+01
5735.0000 2.471277e+00
5736.2500 2.679720e+01
5737.5000 4.149025e+01
5738.7500 2.321387e+01
5740.0000 1.551117e+01
5741.2500 2.318044e+01
5742.5000 1.698732e+01
5743.7500 8.460298e+00
5745.0000 -9.611453e+00
5746.2500 9.954870e+00
5747.5000 2.285072e+01
5748.7500 1.888810e+01
5750.0000 -1.044590e+01
5751.2500 6.416101e+00
5752.5000 2.782883e+01
5753.7500 1.401199e+00
5755.0000 2.169138e+01
5756.2500 1.378117e+01
5757.5000 4.293447e+01
5758.7500 2.242643e+01
5760.0000 4.305860e+01
5761.2500 2.372561e+01
5762.5000 2.743649e+01
5763.7500 2.358241e+01
5765.0000 2.538837e+01
5766.2500 2.862528e+01
5767.5000 3.392794e+01
5768.7500 2.349873e+01
5770.0000 1.771986e+01
5771.2500 6.646339e-01
5772.5000 4.237326e+01
5773.7500 2.528364e+01
5775.0000 2.758566e+01
5776.2500 5.843362e-01
5777.5000 1.118458e+01
5778.7500 3.477027e+01
5780.0000 1.755874e+01
5781.2500 1.469725e+01
5782.5000 1.489951e+01
5783.7500 2.417702e+01
5785.0000 3.616307e+01
5786.2500 1.398464e+01
5787.5000 2.336831e+01
5788.7500 2.248720e+01
5790.0000 2.860509e+01
5791.2500 1.962011e+01
5792.5000 2.865629e+01
5793.7500 1.520076e+01
5795.0000 3.696551e+01
5796.2500 1.182803e+01
5797.5000 1.128211e+01
5798.7500 2.560204e+01
5800.0000 7.836065e+00
5801.2500 3.918692e+01
5802.5000 3.694714e+01
5803.7500 1.510315e+01
5805.0000 -9.761801e-01
5806.2500 2.222984e+01
5807.5000 2.212499e+01
5808.7500 1.004160e+01
5810.0000 1.829352e+01
5811.2500 1.068861e+01
5812.5000 2.070707e+01
5813.7500 -2.660416e+00
5815.0000 1.664388e+01
5816.2500 9.466013e+00
5817.5000 1.610492e+01
5818.7500 1.108986e+00
5820.0000 2.800989e+01
5821.2500 3.521026e+01
5822.5000 1.335908e+01
5823.7500 2.912882e+01
5825.0000 9.712623e+00
5826.2500 3.948733e+01
5827.5000 3.227633e+01
5828.7500 3.024008e+01
5830.0000 1.719930e+01
5831.2500 3.967944e+01
5832.5000 -3.363333e-01
5833.7500 -1.451263e+01
5835.0000 2.393296e+01
5836.2500 2.273640e+01
5837.5000 2.512454e+01
5838.7500 2.309825e+01
5840.0000 7.992445e+00
5841.2500 2.812103e+01
5842.5000 4.411284e+01
5843.7500 4.986378e-01
5845.0000 1.656700e+01
5846.2500 4.525085e+01
5847.5000 1.212941e+01
5848.7500 2.103435e+01
5850.0000 1.795751e+00
5851.2500 1.970499e+01
5852.5000 3.732934e+01
5853.7500 2.601112e+01
5855.0000 2.414021e+01
5856.2500 -2.091222e+00
5857.5000 2.460220e+01
5858.7500 1.161185e+01
5860.0000 1.377647e+01
5861.2500 1.817302e+01
5862.5000 3.062786e+01
5863.7500 2.998938e+01
5865.0000 5.295235e+01
5866.2500 -1.370848e+01
5867.5000 -9.059026e+00
5868.7500 1.196597e+01
5870.0000 1.365467e+01
5871.2500 2.263800e+01
5872.5000 2.062986e+01
5873.7500 1.706548e+01
5875.0000 4.960578e+00
5876.2500 1.503218e+01
5877.5000 2.416783e+01
5878.7500 2.061661e+01
5880.0000 8.307279e+00
5881.2500 8.912218e+00
5882.5000 2.522380e+01
5883.7500 3.185299e+01
5885.0000 5.313948e+00
5886.2500 1.450399e+01
5887.5000 8.616467e+00
5888.7500 1.733377e+01
5890.0000 1.634570e+01
5891.2500 2.411309e+01
5892.5000 2.689401e+01
5893.7500 4.019179e+00
5895.0000 1.548085e+01
5896.2500 2.077263e+01
5897.5000 -4.525558e+00
5898.7500 1.580134e+01
5900.0000 1.337277e+01
5901.2500 2.376998e+01
5902.5000 2.368497e+01
5903.7500 3.032571e+00
5905.0000 1.721969e+01
5906.2500 6.889593e+00
5907.5000 1.755577e+01
5908.7500 1.932785e+01
5910.0000 2.395443e+01
5911.2500 2.882083e+00
5912.5000 2.323473e+01
5913.7500 3.580322e+01
5915.0000 2.571514e+00
5916.2500 2.271873e+01
5917.5000 2.734258e+01
5918.7500 8.232981e+00
5920.0000 9.873666e+00
5921.2500 3.202178e+01
5922.5000 2.910699e+01
5923.7500 3.080977e+01
5925.0000 1.098184e+01
5926.2500 -3.819479e+00
5927.5000 1.671070e+01
5928.7500 1.536882e+01
5930.0000 2.186404e+01
5931.2500 2.904178e+01
5932.5000 1.222852e-01
5933.7500 2.839601e+00
5935.0000 4.864731e-01
5936.2500 4.023734e+01
5937.5000 3.693578e+01
5938.7500 2.058763e+01
5940.0000 2.991349e+01
5941.2500 2.380429e+01
5942.5000 3.810433e+01
5943.7500 -1.565009e+00
5945.0000 4.544261e+00
5946.2500 9.809718e+00
5947.5000 2.380697e+01
5948.7500 1.506596e+01
5950.0000 1.130740e+01
5951.2500 -8.696718e+00
5952.5000 -1.413231e+01
5953.7500 1.348682e+01
5955.0000 -5.611804e+00
5956.2500 3.062113e+01
5957.5000 1.857377e+01
5958.7500 1.132269e+01
5960.0000 4.567096e+01
5961.2500 7.739255e+00
5962.5000 2.192783e+01
5963.7500 3.907914e+01
5965.0000 -3.355083e+00
5966.2500 3.694579e+01
5967.5000 2.522259e+01
5968.7500 1.308537e+01
5970.0000 5.407644e+00
5971.2500 1.717473e+01
5972.5000 8.815164e+00
5973.7500 -5.888345e+00
5975.0000 4.931639e+01
5976.2500 2.412480e+00
5977.5000 4.737288e+01
5978.7500 1.656545e+01
5980.0000 -6.525071e+00
5981.2500 3.244684e+00
5982.5000 1.674722e+01
5983.7500 3.867773e+01
5985.0000 2.584304e+01
5986.2500 2.711168e+01
5987.5000 4.952419e+01
5988.7500 1.333157e+01
5990.0000 9.906835e+00
5991.2500 5.293769e+01
5992.5000 1.690443e+01
5993.7500 6.230558e+00
5995.0000 2.541345e+01
5996.2500 2.987970e+01
5997.5000 1.006955e+01
5998.7500 9.147576e+00
6000.0000 3.812044e+01
6001.2500 -1.693465e+01
6002.5000 1.899077e+01
6003.7500 1.220346e+01
6005.0000 1.994822e+01
6006.2500 -1.324275e+01
6007.5000 -7.497272e+00
6008.7500 1.015320e+01
6010.0000 2.213267e+01
6011.2500 1.404779e+01
6012.5000 -6.488832e+00
6013.7500 9.281522e-02
6015.0000 1.204153e+01
6016.2500 1.221260e+01
6017.5000 2.160789e+01
6018.7500 2.673269e+01
6020.0000 2.609073e+01
6021.2500 2.866478e+01
6022.5000 1.787677e+01
6023.7500 3.243473e+01
6025.0000 2.460891e+01
6026.2500 5.340259e+00
6027.5000 6.373034e+00
6028.7500 6.758378e+00
6030.0000 4.118295e+01
6031.2500 2.274764e+01
6032.5000 8.322489e+00
6033.7500 -4.220090e+00
6035.0000 -4.589695e+00
6036.2500 -2.148361e+00
6037.5000 3.126655e+01
6038.7500 1.848926e+01
6040.0000 1.800931e+01
6041.2500 2.952814e+01
6042.5000 3.343621e+01
6043.7500 1.325790e+01
6045.0000 3.354434e+01
6046.2500 2.813396e+01
6047.5000 2.728561e+01
6048.7500 1.945329e+01
6050.0000 -3.766381e+00
6051.2500 1.313306e+01
6052.5000 1.591544e+01
6053.7500 2.183304e+01
6055.0000 3.146858e+01
6056.2500 1.640798e+01
6057.5000 1.199999e+01
6058.7500 5.734980e+00
6060.0000 3.187085e+00
6061.2500 3.961823e+01
6062.5000 1.658024e+01
6063.7500 2.431124e+01
6065.0000 6.815027e+00
6066.2500 -2.177473e+00
6067.5000 -1.927484e+01
6068.7500 2.351473e+01
6070.0000 2.431485e+01
6071.2500 2.244899e+01
6072.5000 7.170555e+00
6073.7500 1.179977e+01
6075.0000 2.241319e+01
6076.2500 2.288738e+01
6077.5000 2.509496e+01
6078.7500 1.661028e+01
6080.0000 3.677302e+01
6081.2500 2.315829e+01
6082.5000 3.060486e+01
6083.7500 2.042238e+01
6085.0000 1.211210e+01
6086.2500 2.592312e+01
6087.5000 2.284632e+01
6088.7500 1.312735e+01
6090.0000 3.443631e+01
6091.2500 3.824216e+01
6092.5000 1.563331e+01
6093.7500 1.934143e+01
6095.0000 1.875270e+01
6096.2500 3.121580e+01
6097.5000 2.514767e+00
6098.7500 1.590464e+01
6100.0000 2.824804e+01
6101.2500 4.189876e+00
6102.5000 1.616268e+01
6103.7500 3.607972e+00
6105.0000 3.618987e+01
6106.2500 3.483910e+01
6107.5000 8.559942e+00
6108.7500 1.351885e+01
6110.0000 1.541583e+01
6111.2500 -2.517205e+00
6112.5000 2.290801e+01
6113.7500 2.596816e+01
6115.0000 1.927327e+01
6116.2500 2.232323e+01
6117.5000 3.508222e+01
6118.7500 2.435522e+01
6120.0000 3.849589e+01
6121.2500 1.090022e+01
6122.5000 1.926799e+01
6123.7500 1.839542e+01
6125.0000 3.425105e+01
6126.2500 1.712857e+01
6127.5000 2.415863e+01
6128.7500 1.105918e+01
6130.0000 2.150683e+01
6131.2500 6.437217e+00
6132.5000 -3.668101e+00
6133.7500 9.263063e+00
6135.0000 3.164243e+01
6136.2500 2.348596e+01
6137.5000 2.637665e+01
6138.7500 2.531824e+01
6140.0000 2.343702e+00
6141.2500 1.316912e+01
6142.5000 2.948068e+01
6143.7500 7.787280e+00
6145.0000 8.232812e+00
6146.2500 2.103545e+01
6147.5000 2.270507e+01
6148.7500 2.182751e+01
6150.0000 2.746299e+01
6151.2500 1.331714e+01
6152.5000 1.034069e+01
6153.7500 2.271050e+01
6155.0000 3.204273e+01
6156.2500 2.667276e+01
6157.5000 4.114624e+00
6158.7500 2.024030e+01
6160.0000 3.168261e+01
6161.2500 1.715407e+01
6162.5000 2.760563e+01
6163.7500 7.396305e+00
6165.0000 1.180126e+01
6166.2500 1.637169e+01
6167.5000 1.138828e+01
6168.7500 1.709456e+01
6170.0000 1.233760e+01
6171.2500 -6.443677e+00
6172.5000 -2.813191e+00
6173.7500 1.960325e+01
6175.0000 1.783261e+01
6176.2500 1.010954e+01
6177.5000 9.333514e-01
6178.7500 3.269476e+01
6180.0000 7.368589e+00
6181.2500 1.539120e+01
6182.5000 2.980470e+01
6183.7500 1.989851e+01
6185.0000 3.122290e+01
6186.2500 1.664237e+01
6187.5000 2.471664e+01
6188.7500 3.840184e+01
6190.0000 4.781470e+00
6191.2500 5.126917e+00
6192.5000 1.617780e+01
6193.7500 1.506136e+01
6195.0000 2.635208e+01
6196.2500 1.798197e+01
6197.5000 3.258907e+01
6198.7500 2.899318e+01
6200.0000 -6.044747e-01
6201.2500 3.361241e+01
6202.5000 2.152805e+01
6203.7500 2.399572e+01
6205.0000 3.156609e+01
6206.2500 3.166333e+01
6207.5000 1.080331e+01
6208.7500 4.458382e+00
6210.0000 4.311509e+01
6211.2500 1.196062e+01
6212.5000 1.199183e+01
6213.7500 2.537799e+01
6215.0000 1.363306e+01
6216.2500 1.664939e+01
6217.5000 3.563805e+01
6218.7500 3.046479e+00
6220.0000 4.455888e+01
6221.2500 3.166929e+01
6222.5000 2.622138e+01
6223.7500 5.417472e+00
6225.0000 3.882729e+01
6226.2500 2.931188e+01
6227.5000 3.819471e+01
6228.7500 2.880399e+01
6230.0000 3.920236e+01
6231.2500 3.035671e+00
6232.5000 1.990664e+01
6233.7500 2.294784e+00
6235.0000 2.663301e+01
6236.2500 2.590674e+01
6237.5000 -4.699475e+00
6238.7500 2.228691e+01
6240.0000 1.569798e+01
6241.2500 3.443375e+01
6242.5000 3.459207e+00
6243.7500 -5.196932e+00
6245.0000 1.912717e+01
6246.2500 2.960685e+01
6247.5000 2.562103e+00
6248.7500 3.626293e+01
6250.0000 1.963961e+01
6251.2500 3.964301e+01
6252.5000 2.399508e+01
6253.7500 7.713108e+00
6255.0000 1.137541e+01
6256.2500 -2.311837e+00
6257.5000 3.612730e+01
6258.7500 4.824169e+00
6260.0000 6.474160e+00
6261.2500 1.324618e+01
6262.5000 2.865452e+01
6263.7500 -2.081550e+00
6265.0000 2.284500e+01
6266.2500 1.094733e+01
6267.5000 3.287884e+01
6268.7500 1.789829e+01
6270.0000 2.678737e+01
6271.2500 2.954193e+01
6272.5000 3.695260e+00
6273.7500 2.379747e+01
6275.0000 3.259675e+01
6276.2500 3.644671e+00
6277.5000 1.199431e+01
6278.7500 2.410626e+01
6280.0000 1.472411e+01
6281.2500 3.151831e+01
6282.5000 4.227808e+01
6283.7500 1.712681e+01
6285.0000 1.302087e+01
6286.2500 1.210464e+01
6287.5000 2.402774e+01
6288.7500 2.448001e+01
6290.0000 3.302851e+01
6291.2500 2.207307e+01
6292.5000 2.607681e+01
6293.7500 2.334384e+01
6295.0000 -7.861285e-01
6296.2500 -8.147224e+00
6297.5000 3.202588e+01
6298.7500 1.851370e+01
6300.0000 1.582815e+01
6301.2500 2.023834e+01
6302.5000 -1.863327e+00
6303.7500 2.513261e+01
6305.0000 2.198359e+01
6306.2500 2.032561e+01
6307.5000 6.067903e+00
6308.7500 1.929415e+01
6310.0000 3.388304e+01
6311.2500 3.489275e+01
6312.5000 1.030026e+01
6313.7500 2.062174e+01
6315.0000 2.484016e+01
6316.2500 1.535352e+01
6317.5000 1.367034e+01
6318.7500 1.636723e+01
6320.0000 1.829933e+00
6321.2500 2.698937e+01
6322.5000 2.847370e+00
6323.7500 1.066646e+01
6325.0000 1.878394e+01
6326.2500 2.001030e+01
6327.5000 8.148924e+00
6328.7500 -1.021698e+01
6330.0000 -3.641335e+00
6331.2500 9.764153e+00
6332.5000 2.889527e+01
6333.7500 1.838787e+01
6335.0000 2.564657e+01
6336.2500 3.281445e+01
6337.5000 1.234030e+01
6338.7500 3.224158e+00
6340.0000 7.294327e+00
6341.2500 1.326478e+01
6342.5000 2.473685e+01
6343.7500 2.126094e+01
6345.0000 2.686782e+01
6346.2500 1.093112e+01
6347.5000 1.471354e+01
6348.7500 3.709399e+00
6350.0000 1.286458e+01
6351.2500 2.157382e+01
6352.5000 1.080408e+01
6353.7500 2.945343e+01
6355.0000 5.686606e+00
6356.2500 -5.518352e+00
6357.5000 -5.299377e+00
6358.7500 -2.936898e+00
6360.0000 9.687356e+00
6361.2500 2.960964e+01
6362.5000 -1.243758e+00
6363.7500 2.177267e+01
6365.0000 2.490619e+00
6366.2500 1.760480e+01
6367.5000 1.502693e+01
6368.7500 1.460675e+01
6370.0000 2.792683e+01
6371.2500 7.282324e+00
6372.5000 1.660883e+01
6373.7500 2.643047e+01
6375.0000 1.072325e+01
6376.2500 2.382739e+01
6377.5000 3.331368e+01
6378.7500 1.130118e+01
6380.0000 -7.667692e-01
6381.2500 2.539741e+01
6382.5000 1.793621e+01
6383.7500 1.743782e+01
6385.0000 2.960323e+01
6386.2500 -7.564303e+00
6387.5000 1.848100e+01
6388.7500 2.194745e+01
6390.0000 1.620206e+01
6391.2500 2.227138e+01
6392.5000 2.603221e+01
6393.7500 3.050531e+01
6395.0000 2.774397e+01
6396.2500 1.361109e+01
6397.5000 1.686592e+01
6398.7500 2.423524e+01
6400.0000 2.264931e+01
6401.2500 2.611131e+01
6402.5000 2.139836e+01
6403.7500 4.050455e+01
6405.0000 2.178129e+01
6406.2500 1.769093e+01
6407.5000 2.347746e+01
6408.7500 1.553886e+01
6410.0000 1.384260e+01
6411.2500 4.171766e+01
6412.5000 1.700614e+01
6413.7500 5.937548e-01
6415.0000 -4.378967e+00
6416.2500 -9.485364e-01
6417.5000 2.054654e+01
6418.7500 2.804745e+01
6420.0000 3.572450e+01
6421.2500 8.934026e+00
6422.5000 1.863647e+01
6423.7500 1.654491e+01
6425.0000 2.320603e+01
6426.2500 1.504197e+01
6427.5000 2.738725e+01
6428.7500 2.119571e+01
6430.0000 2.350468e+01
6431.2500 4.206660e+01
6432.5000 2.668242e+00
6433.7500 2.279378e+01
6435.0000 2.765498e+01
6436.2500 2.547088e+01
6437.5000 3.101490e+01
6438.7500 2.328334e+01
6440.0000 1.318250e+01
6441.2500 2.939572e+01
6442.5000 3.199195e+00
6443.7500 1.576478e+01
6445.0000 6.515936e+00
6446.2500 2.295003e+01
6447.5000 2.493036e+01
6448.7500 1.968896e+01
6450.0000 1.903493e+01
6451.2500 1.950374e+01
6452.5000 1.109095e+01
6453.7500 2.698516e+01
6455.0000 2.595441e+01
6456.2500 1.185343e+01
6457.5000 2.614456e+01
6458.7500 8.936611e+00
6460.0000 3.252022e+00
6461.2500 2.530409e+01
6462.5000 1.489264e+01
6463.7500 -1.894423e+01
6465.0000 3.653603e+01
6466.2500 1.364052e+01
6467.5000 1.076802e+01
6468.7500 1.982559e+01
6470.0000 1.936519e+01
6471.2500 -1.493821e+01
6472.5000 1.021865e+01
6473.7500 5.134411e+00
6475.0000 2.831341e+01
6476.2500 3.783611e+01
6477.5000 2.075513e+01
6478.7500 4.768558e+00
6480.0000 2.360154e+01
6481.2500 4.765998e+01
6482.5000 1.305677e+01
6483.7500 2.293219e+01
6485.0000 2.813759e+01
6486.2500 1.314940e+01
6487.5000 2.246734e+01
6488.7500 2.307206e+01
6490.0000 4.263239e+01
6491.2500 1.633314e+01
6492.5000 2.071168e+01
6493.7500 -1.214066e+00
6495.0000 1.277849e+01
6496.2500 2.426505e+01
6497.5000 2.965796e+01
6498.7500 1.154376e+01
6500.0000 7.243321e+00
6501.2500 1.404458e+01
6502.5000 1.374940e+01
6503.7500 2.370137e+01
6505.0000 2.121269e+01
6506.2500 2.971553e+01
6507.5000 1.719440e+01
6508.7500 1.996537e+01
6510.0000 3.033599e+01
6511.2500 -2.706784e+00
6512.5000 2.323234e+01
6513.7500 1.069988e+01
6515.0000 2.315406e+01
6516.2500 3.802897e+01
6517.5000 3.803366e+01
6518.7500 1.342036e+01
6520.0000 -1.940997e-01
6521.2500 2.471209e+01
6522.5000 3.725059e+01
6523.7500 1.037529e+01
6525.0000 1.019790e+01
6526.2500 1.653112e+01
6527.5000 2.094099e+01
6528.7500 1.572470e+01
6530.0000 1.563600e+01
6531.2500 3.235360e+01
6532.5000 4.512830e+01
6533.7500 2.613699e+01
6535.0000 -3.873359e+00
6536.2500 6.869246e+00
6537.5000 1.681644e+01
6538.7500 9.351906e+00
6540.0000 2.054044e+01
6541.2500 1.883211e+01
6542.5000 1.592977e+01
6543.7500 1.417965e+01
6545.0000 1.217244e+01
6546.2500 2.099098e+01
6547.5000 2.530879e+01
6548.7500 1.672536e+01
6550.0000 -4.799580e-01
6551.2500 1.974274e-01
6552.5000 1.023531e+01
6553.7500 1.249261e+01
6555.0000 6.039205e+00
6556.2500 1.613997e+01
6557.5000 3.545785e+01
6558.7500 3.161906e+01
6560.0000 2.659874e+01
6561.2500 2.243847e+01
6562.5000 4.346511e+00
6563.7500 2.469293e+01
6565.0000 1.315313e+01
6566.2500 -3.562643e-01
6567.5000 9.802889e+00
6568.7500 2.832312e+01
6570.0000 3.192293e+01
6571.2500 1.988312e+01
6572.5000 1.715382e+01
6573.7500 2.257086e+01
6575.0000 9.739105e+00
6576.2500 1.804604e+01
6577.5000 3.108673e+01
6578.7500 1.278613e+01
6580.0000 2.109194e+01
6581.2500 1.311504e+01
6582.5000 1.543322e+01
6583.7500 2.678007e+01
6585.0000 1.790214e+01
6586.2500 6.999109e+00
6587.5000 1.818591e+01
6588.7500 1.072792e+01
6590.0000 1.822559e+01
6591.2500 8.053405e+00
6592.5000 2.136306e+01
6593.7500 2.203312e+01
6595.0000 1.631009e+01
6596.2500 1.079974e+01
6597.5000 2.086423e+01
6598.7500 1.934134e+01
6600.0000 1.035604e+01
6601.2500 9.892199e+00
6602.5000 6.985369e+00
6603.7500 3.003378e+01
6605.0000 5.520436e+00
6606.2500 1.779010e+01
6607.5000 2.202232e+01
6608.7500 1.997057e+01
6610.0000 2.153584e+01
6611.2500 1.341661e+01
6612.5000 2.394783e+01
6613.7500 4.576712e+01
6615.0000 2.056879e+01
6616.2500 3.097604e+01
6617.5000 1.561463e+01
6618.7500 4.017383e+01
6620.0000 2.585357e+01
6621.2500 1.421228e+01
6622.5000 9.710701e+00
6623.7500 3.155014e+01
6625.0000 2.448183e+01
6626.2500 1.590706e+01
6627.5000 2.788519e+01
6628.7500 2.115442e+01
6630.0000 1.577621e+01
6631.2500 8.896776e+00
6632.5000 2.108977e+01
6633.7500 9.250252e+00
6635.0000 1.282353e+01
6636.2500 3.704140e+01
6637.5000 3.562250e+01
6638.7500 4.681729e+00
6640.0000 1.505670e+01
6641.2500 2.792261e+01
6642.5000 2.213936e+01
6643.7500 1.343839e+01
6645.0000 3.234637e+01
6646.2500 1.561339e+01
6647.5000 8.171525e+00
6648.7500 1.908834e+01
6650.0000 1.671097e+01
6651.2500 1.026663e+01
6652.5000 3.374322e+00
6653.7500 1.592035e+01
6655.0000 2.979793e+01
6656.2500 1.191810e+01
6657.5000 2.747628e+01
6658.7500 1.436381e+01
6660.0000 1.407705e+01
6661.2500 1.424298e+01
6662.5000 1.227694e+01
6663.7500 3.090441e+01
6665.0000 3.036394e+01
6666.2500 6.539475e+00
6667.5000 3.203771e+01
6668.7500 1.536520e+01
6670.0000 3.484884e+01
6671.2500 6.744614e+00
6672.5000 1.801486e+01
6673.7500 2.337629e+01
6675.0000 1.533227e+01
6676.2500 3.048582e+01
6677.5000 2.818953e+01
6678.7500 2.677650e+01
6680.0000 2.669355e+01
6681.2500 2.799569e+01
6682.5000 2.057662e+01
6683.7500 1.986123e+01
6685.0000 1.550952e+01
6686.2500 3.072363e+01
6687.5000 2.984240e+01
6688.7500 2.306839e+01
6690.0000 1.822249e+01
6691.2500 2.299005e+01
6692.5000 2.363080e+01
6693.7500 2.217201e+01
6695.0000 3.069942e+01
6696.2500 1.918369e+01
6697.5000 1.259946e+01
6698.7500 2.727792e+01
6700.0000 1.180885e+01
6701.2500 2.104658e+01
6702.5000 3.292588e+01
6703.7500 2.607797e+01
6705.0000 1.135818e+01
6706.2500 1.412154e+01
6707.5000 1.071895e+01
6708.7500 2.466476e+01
6710.0000 1.926906e+01
6711.2500 1.156533e+01
6712.5000 1.286557e+01
6713.7500 8.378311e+00
6715.0000 2.414846e+01
6716.2500 1.856274e+01
6717.5000 2.722866e+01
6718.7500 2.562935e+01
6720.0000 1.748100e+01
6721.2500 2.395648e+01
6722.5000 1.552077e+01
6723.7500 1.478750e+01
6725.0000 1.033962e+01
6726.2500 5.690192e+00
6727.5000 1.459176e+01
6728.7500 2.480913e+01
6730.0000 1.202179e+01
6731.2500 1.305978e+01
6732.5000 -1.280692e+00
6733.7500 1.595975e+01
6735.0000 2.725877e+00
6736.2500 7.414389e+00
6737.5000 1.342643e+01
6738.7500 2.276801e+01
6740.0000 1.200086e+01
6741.2500 1.075900e+01
6742.5000 2.507133e+01
6743.7500 1.741890e+01
6745.0000 1.098005e+01
6746.2500 1.954329e+01
6747.5000 1.555824e+01
6748.7500 3.041408e+01
6750.0000 2.163639e+01
6751.2500 1.031585e+01
6752.5000 1.292803e+01
6753.7500 2.019709e+01
6755.0000 1.912373e+01
6756.2500 1.593836e+01
6757.5000 2.711585e+01
6758.7500 2.520786e+01
6760.0000 1.501569e+01
6761.2500 1.587029e+01
6762.5000 6.122780e+00
6763.7500 8.136043e+00
6765.0000 3.956350e+01
6766.2500 1.657232e+01
6767.5000 2.118263e+01
6768.7500 2.968929e+01
6770.0000 2.465182e+01
6771.2500 2.109987e+01
6772.5000 3.815095e+01
6773.7500 2.498734e+01
6775.0000 2.736543e+01
6776.2500 2.068998e+01
6777.5000 3.256349e+01
6778.7500 2.998280e+01
6780.0000 2.944790e+01
6781.2500 1.655159e+01
6782.5000 1.967958e+01
6783.7500 2.373165e+01
6785.0000 3.054773e+01
6786.2500 2.639725e+01
6787.5000 3.358717e+01
6788.7500 1.198126e+01
6790.0000 1.717540e+01
6791.2500 1.785720e+01
6792.5000 4.126763e+01
6793.7500 9.457732e+00
6795.0000 1.801814e+01
6796.2500 2.231033e+01
6797.5000 9.172976e+00
6798.7500 1.339954e+01
6800.0000 2.673030e+01
6801.2500 2.413991e+01
6802.5000 1.373623e+01
6803.7500 2.487632e+01
6805.0000 1.082594e+01
6806.2500 5.121296e+01
6807.5000 6.503120e+00
6808.7500 2.085639e+01
6810.0000 6.340426e+00
6811.2500 2.355020e+01
6812.5000 3.078768e+01
6813.7500 1.706918e+01
6815.0000 1.921983e+01
6816.2500 1.689533e+01
6817.5000 2.988535e+01
6818.7500 2.157533e+01
6820.0000 2.979824e+01
6821.2500 2.300636e+01
6822.5000 1.926764e+01
6823.7500 1.566074e+01
6825.0000 3.350431e+01
6826.2500 4.144495e+01
6827.5000 -3.281431e-01
6828.7500 4.195338e+01
6830.0000 4.005767e+00
6831.2500 -2.452168e+00
6832.5000 2.977947e+01
6833.7500 -1.555792e+00
6835.0000 2.234453e+00
6836.2500 2.044512e+01
6837.5000 2.445722e+01
6838.7500 5.558805e+00
6840.0000 1.075405e+01
6841.2500 2.830214e+01
6842.5000 2.859589e+01
6843.7500 1.682822e+01
6845.0000 1.733084e+01
6846.2500 1.832672e+01
6847.5000 1.464734e+01
6848.7500 2.377795e+01
6850.0000 3.222665e+01
6851.2500 2.831299e+01
6852.5000 4.358893e+01
6853.7500 2.468553e+01
6855.0000 2.116085e+01
6856.2500 1.798508e+01
6857.5000 2.995160e+01
6858.7500 1.201832e+01
6860.0000 6.130516e+00
6861.2500 -9.845250e+00
6862.5000 2.674722e+01
6863.7500 1.412824e+01
6865.0000 3.735288e+01
6866.2500 3.872288e+01
6867.5000 1.904930e+01
6868.7500 -7.398776e-01
6870.0000 3.175931e+01
6871.2500 6.211787e+01
6872.5000 2.116264e+01
6873.7500 1.796128e+01
6875.0000 2.271859e+01
6876.2500 2.000382e+01
6877.5000 1.982923e+01
6878.7500 2.316031e+01
6880.0000 1.018325e+01
6881.2500 1.844779e+01
6882.5000 3.529637e+01
6883.7500 2.388936e+01
6885.0000 3.700595e+01
6886.2500 1.652546e+01
6887.5000 7.414474e+00
6888.7500 3.078943e+01
6890.0000 1.325493e+01
6891.2500 1.782409e+01
6892.5000 3.974746e+01
6893.7500 5.200123e+01
6895.0000 9.880283e+00
6896.2500 1.273397e+01
6897.5000 3.374191e+01
6898.7500 2.647482e+01
6900.0000 4.512830e+01
6901.2500 4.938217e+00
6902.5000 3.051811e+01
6903.7500 3.809534e+00
6905.0000 2.039018e+01
6906.2500 2.461758e+01
6907.5000 1.896832e+01
6908.7500 1.704349e+01
6910.0000 1.754445e+01
6911.2500 7.696481e+00
6912.5000 7.619879e+00
6913.7500 3.353388e+00
6915.0000 2.438699e+01
6916.2500 3.439435e+01
6917.5000 1.903385e+01
6918.7500 2.885620e+01
6920.0000 1.789603e+01
6921.2500 2.036425e+01
6922.5000 2.121312e+01
6923.7500 1.377240e+01
6925.0000 1.206826e+01
6926.2500 2.477178e+01
6927.5000 2.601315e+01
6928.7500 3.157002e+01
6930.0000 2.955167e+01
6931.2500 4.138930e+01
6932.5000 2.468202e+01
6933.7500 3.054276e+01
6935.0000 8.099288e+00
6936.2500 2.852675e+01
6937.5000 1.094323e+01
6938.7500 2.676674e+01
6940.0000 3.159794e+01
6941.2500 1.465295e+01
6942.5000 2.292779e+01
6943.7500 1.433300e+01
6945.0000 7.399598e+00
6946.2500 2.701550e+01
6947.5000 7.604390e-01
6948.7500 2.577450e+01
6950.0000 -8.375793e+00
6951.2500 1.838110e+01
6952.5000 1.746730e+01
6953.7500 3.377544e+00
6955.0000 1.271876e+01
6956.2500 1.508736e+01
6957.5000 2.140328e+01
6958.7500 2.233011e+01
6960.0000 6.666006e+00
6961.2500 1.792330e+01
6962.5000 1.860900e+01
6963.7500 2.586516e+01
6965.0000 2.050482e+01
6966.2500 9.681534e+00
6967.5000 9.432255e+00
6968.7500 3.071159e+01
6970.0000 2.676237e+01
6971.2500 2.513629e+01
6972.5000 2.106766e+01
6973.7500 2.038053e+01
6975.0000 3.304430e+01
6976.2500 4.859197e+00
6977.5000 -6.678204e+00
6978.7500 5.095814e+01
6980.0000 1.269101e+01
6981.2500 1.166576e+00
6982.5000 2.693399e+01
6983.7500 2.169914e+01
6985.0000 2.220235e+01
6986.2500 2.270667e+01
6987.5000 2.002786e+01
6988.7500 1.947845e+01
6990.0000 1.687241e+01
6991.2500 2.440879e+01
6992.5000 1.591488e+01
6993.7500 1.691845e+01
6995.0000 2.669819e+01
6996.2500 2.714819e+01
6997.5000 3.218856e+01
6998.7500 3.228610e+01
7000.0000 2.557868e+01
7001.2500 3.750312e+01
7002.5000 3.859858e+01
7003.7500 4.731672e+01
7005.0000 5.014763e+00
7006.2500 2.194000e+01
7007.5000 3.080414e+01
7008.7500 2.324665e-02
7010.0000 1.536689e+01
7011.2500 1.673137e+01
7012.5000 4.306331e+01
7013.7500 2.913881e+01
7015.0000 1.549611e+01
7016.2500 2.000967e+01
7017.5000 1.948247e+01
7018.7500 1.656734e+01
7020.0000 2.130083e+01
7021.2500 1.969357e+01
7022.5000 7.890496e+00
7023.7500 2.421583e+01
7025.0000 1.893843e+01
7026.2500 2.573875e+01
7027.5000 2.781002e+01
7028.7500 3.362658e+01
7030.0000 1.569545e+01
7031.2500 1.605601e+01
7032.5000 1.749360e+01
7033.7500 2.467387e+01
7035.0000 4.410293e+01
7036.2500 2.061977e+01
7037.5000 1.613043e+01
7038.7500 2.032481e+01
7040.0000 4.052542e+01
7041.2500 2.746394e+01
7042.5000 3.576075e+01
7043.7500 2.005712e+01
7045.0000 2.123001e+01
7046.2500 2.690158e+01
7047.5000 3.188285e+01
7048.7500 2.088249e+01
7050.0000 9.611529e+00
7051.2500 1.501381e+01
7052.5000 1.191533e+01
7053.7500 2.860869e+01
7055.0000 1.624022e+01
7056.2500 2.325933e+01
7057.5000 3.422684e+01
7058.7500 1.309802e+01
7060.0000 4.656697e+00
7061.2500 2.025675e+01
7062.5000 -6.756930e-01
7063.7500 1.158591e+01
7065.0000 2.190887e+01
7066.2500 2.354749e+01
7067.5000 4.702887e+00
7068.7500 7.611225e+00
7070.0000 2.072585e+01
7071.2500 2.701389e+01
7072.5000 1.791974e+01
7073.7500 3.307150e+01
7075.0000 3.103146e+01
7076.2500 2.502395e+01
7077.5000 -4.736176e+00
7078.7500 1.301693e+01
7080.0000 3.062024e+01
7081.2500 1.976485e+01
7082.5000 2.243418e+01
7083.7500 1.648401e+01
7085.0000 8.330464e+00
7086.2500 1.981526e+01
7087.5000 2.247677e+01
7088.7500 1.185447e+01
7090.0000 2.488983e+00
7091.2500 2.962344e+01
7092.5000 2.114814e+01
7093.7500 2.345504e+01
7095.0000 1.904261e+01
7096.2500 2.969844e+01
7097.5000 2.761370e+01
7098.7500 2.759015e+01
7100.0000 2.258984e+01
7101.2500 2.132128e+01
7102.5000 1.775284e+01
7103.7500 8.732491e+00
7105.0000 2.367750e+01
7106.2500 2.898404e+01
7107.5000 1.962691e+01
7108.7500 2.342544e+01
7110.0000 2.046633e+01
7111.2500 2.480128e+01
7112.5000 1.274703e+01
7113.7500 1.746348e+01
7115.0000 1.993686e+01
7116.2500 2.191424e+01
7117.5000 1.902551e+01
7118.7500 3.386906e+01
7120.0000 1.896145e+01
7121.2500 3.475686e+01
7122.5000 2.151158e+01
7123.7500 1.915529e+01
7125.0000 2.093227e+01
7126.2500 2.109776e+01
7127.5000 1.776355e+01
7128.7500 2.816933e+01
7130.0000 2.414905e+01
7131.2500 1.750722e+01
7132.5000 1.115302e+01
7133.7500 2.667451e+01
7135.0000 1.687595e+01
7136.2500 1.541693e+01
7137.5000 1.482037e+01
7138.7500 3.125861e+01
7140.0000 -2.278052e+00
7141.2500 2.072076e+01
7142.5000 3.211732e+01
7143.7500 2.015827e+01
7145.0000 2.544973e+01
7146.2500 2.869252e+01
7147.5000 2.743714e+01
7148.7500 2.572563e+01
7150.0000 4.792294e+01
7151.2500 2.563837e+01
7152.5000 5.189776e+00
7153.7500 2.247734e+01
7155.0000 2.909194e+01
7156.2500 3.000724e+01
7157.5000 2.472338e+01
7158.7500 5.522405e+00
7160.0000 2.185367e+01
7161.2500 1.810732e+01
7162.5000 2.085005e+01
7163.7500 2.772023e+01
7165.0000 4.543744e+00
7166.2500 -1.912589e+00
7167.5000 2.274351e+01
7168.7500 1.680338e+01
7170.0000 2.206062e+01
7171.2500 9.906724e+00
7172.5000 2.589819e+01
7173.7500 2.873590e+01
7175.0000 3.686103e+01
7176.2500 1.778757e+01
7177.5000 2.225217e+01
7178.7500 5.652390e+00
7180.0000 1.305817e+01
7181.2500 3.385809e+01
7182.5000 3.906245e+01
7183.7500 2.324090e+01
7185.0000 3.386488e+01
7186.2500 2.535100e+01
7187.5000 1.451643e+01
7188.7500 1.889090e+01
7190.0000 9.908173e+00
7191.2500 2.133150e+01
7192.5000 1.908185e+01
7193.7500 1.791487e+01
7195.0000 1.852593e+01
7196.2500 2.300660e+01
7197.5000 1.284002e+01
7198.7500 3.976326e+01
7200.0000 1.641375e+01
7201.2500 1.441943e+01
7202.5000 3.400077e+01
7203.7500 3.001831e+01
7205.0000 1.844411e+01
7206.2500 2.131079e+01
7207.5000 1.616666e+01
7208.7500 2.142114e+01
7210.0000 1.570097e+01
7211.2500 1.885771e+01
7212.5000 1.395220e+01
7213.7500 1.518480e+01
7215.0000 4.116127e+01
7216.2500 2.670113e+01
7217.5000 2.363339e+01
7218.7500 1.923089e+01
7220.0000 3.159572e+01
7221.2500 1.370135e+01
7222.5000 3.164567e+01
7223.7500 1.249649e+01
7225.0000 2.735704e+01
7226.2500 3.141285e+01
7227.5000 2.976897e+00
7228.7500 1.950329e+01
7230.0000 3.119712e+01
7231.2500 1.413564e+01
7232.5000 7.300363e+00
7233.7500 6.274167e+00
7235.0000 1.465366e+01
7236.2500 3.311415e+01
7237.5000 -5.243120e+00
7238.7500 -5.318238e+01
7240.0000 2.434864e+01
7241.2500 7.075231e+01
7242.5000 3.414214e+01
7243.7500 -3.273805e+00
7245.0000 3.237745e+01
7246.2500 7.363763e+00
7247.5000 4.479480e+01
7248.7500 2.287848e+01
7250.0000 2.054877e+01
7251.2500 -1.779641e+01
7252.5000 1.839391e+01
7253.7500 4.216687e+00
7255.0000 3.447284e+01
7256.2500 2.961391e+01
7257.5000 1.231078e+01
7258.7500 1.401297e+01
7260.0000 3.672346e+01
7261.2500 1.420088e+01
7262.5000 4.459566e+00
7263.7500 1.031718e+01
7265.0000 9.246946e+00
7266.2500 1.686007e+01
7267.5000 -2.101800e+00
7268.7500 1.871446e+01
7270.0000 9.425211e+00
7271.2500 5.145140e+00
7272.5000 -4.963104e+00
7273.7500 2.507593e+01
7275.0000 -4.837060e-01
7276.2500 2.263156e+01
7277.5000 -2.867878e+00
7278.7500 1.580540e+01
7280.0000 2.415583e+01
7281.2500 1.766255e+01
7282.5000 5.625599e+00
7283.7500 -1.701954e+01
7285.0000 5.015829e+01
7286.2500 1.119730e+01
7287.5000 1.551558e+01
7288.7500 1.057253e+01
7290.0000 2.536185e+01
7291.2500 5.744605e+01
7292.5000 1.090441e+01
7293.7500 1.717971e+01
7295.0000 9.167294e+00
7296.2500 2.347943e+00
7297.5000 3.005527e+01
7298.7500 1.181770e+01
7300.0000 1.680269e+01
7301.2500 2.855093e+01
7302.5000 1.725460e+01
7303.7500 -1.072458e+01
7305.0000 1.333097e+01
7306.2500 3.825970e+01
7307.5000 2.544839e+01
7308.7500 2.209336e+01
7310.0000 8.763890e+00
7311.2500 1.439069e+01
7312.5000 2.787113e+01
7313.7500 3.227716e+01
7315.0000 2.775750e+01
7316.2500 -3.281634e+01
7317.5000 7.182488e+01
7318.7500 9.055086e+00
7320.0000 2.163773e+01
7321.2500 2.423980e+01
7322.5000 2.213900e+01
7323.7500 1.862654e+01
7325.0000 4.511973e+00
7326.2500 2.559328e+01
7327.5000 -2.055239e+01
7328.7500 -1.822771e+01
7330.0000 -9.180394e+00
7331.2500 2.906750e+01
7332.5000 1.473645e+01
7333.7500 2.076678e+01
7335.0000 1.915211e+01
7336.2500 1.130411e+01
7337.5000 3.515245e+01
7338.7500 2.413589e+01
7340.0000 3.571282e+01
7341.2500 -3.059911e+01
7342.5000 1.878506e+01
7343.7500 2.158853e+01
7345.0000 6.579317e+00
7346.2500 8.316253e+00
7347.5000 2.532979e+01
7348.7500 2.251793e+01
7350.0000 1.293188e+01
7351.2500 3.946772e+00
7352.5000 1.307650e+01
7353.7500 2.708102e+01
7355.0000 1.331957e+01
7356.2500 2.557025e+01
7357.5000 1.723662e+01
7358.7500 -1.458349e+00
7360.0000 1.581159e+01
7361.2500 1.781067e+01
7362.5000 7.063469e+00
7363.7500 2.941784e+01
7365.0000 1.957573e+01
7366.2500 3.535044e+01
7367.5000 -9.649343e+00
7368.7500 1.171194e+02
7370.0000 2.593224e+01
7371.2500 2.386945e+01
7372.5000 1.679177e+01
7373.7500 5.974178e+00
7375.0000 8.975808e+00
7376.2500 2.470591e+01
7377.5000 1.550776e+01
7378.7500 1.472106e+01
7380.0000 2.376341e+01
7381.2500 2.121429e+01
7382.5000 2.374436e+01
7383.7500 1.430808e+01
7385.0000 1.486626e+00
7386.2500 1.304006e+01
7387.5000 3.646815e+00
7388.7500 7.348532e+00
7390.0000 3.592400e+00
7391.2500 2.161782e+01
7392.5000 1.211471e+01
7393.7500 4.584528e+01
7395.0000 1.004996e+00
7396.2500 2.267474e+01
7397.5000 1.880840e+01
7398.7500 3.501455e+01
7400.0000 3.264359e+00
7401.2500 6.292520e+00
7402.5000 3.502496e+01
7403.7500 2.712962e+01
7405.0000 2.837323e+01
7406.2500 1.783471e+01
7407.5000 1.232079e+01
7408.7500 2.652868e+01
7410.0000 2.451346e+01
7411.2500 4.162911e+01
7412.5000 3.411214e+01
7413.7500 2.988509e+01
7415.0000 1.415483e+01
7416.2500 3.597752e+01
7417.5000 3.047518e+01
7418.7500 1.590879e+01
7420.0000 2.680696e+01
7421.2500 2.094252e+01
7422.5000 3.589793e+01
7423.7500 2.914985e+01
7425.0000 2.900855e+01
7426.2500 2.398407e+01
7427.5000 9.495982e+00
7428.7500 1.732735e+01
7430.0000 -1.298933e+00
7431.2500 2.179628e+01
7432.5000 2.220001e+01
7433.7500 3.084413e+01
7435.0000 2.615367e+01
7436.2500 2.996197e+01
7437.5000 2.192634e+00
7438.7500 2.194510e+01
7440.0000 5.171864e+01
7441.2500 3.271660e+01
7442.5000 2.675778e+01
7443.7500 1.698438e+01
7445.0000 2.972447e+01
7446.2500 2.557920e+01
7447.5000 1.704430e+01
7448.7500 1.167517e+01
7450.0000 9.480898e+00
7451.2500 2.549020e+01
7452.5000 1.192749e+01
7453.7500 1.528666e+01
7455.0000 2.189093e+01
7456.2500 1.674241e+01
7457.5000 1.707060e+01
7458.7500 4.409415e+01
7460.0000 2.059061e+01
7461.2500 1.803514e+01
7462.5000 2.844671e+00
7463.7500 2.183551e+01
7465.0000 2.077711e+01
7466.2500 1.852138e+01
7467.5000 1.504259e+01
7468.7500 2.257755e+01
7470.0000 4.660040e+01
7471.2500 6.543057e+01
7472.5000 1.295479e+02
7473.7500 1.038691e+02
7475.0000 1.949576e+01
7476.2500 7.651127e+01
7477.5000 1.472213e+02
7478.7500 1.540011e+02
7480.0000 6.919241e+01
7481.2500 8.974556e+00
7482.5000 3.463919e+01
7483.7500 1.442643e+01
7485.0000 4.797710e+00
7486.2500 2.042010e+01
7487.5000 2.898062e+01
7488.7500 1.454126e+01
7490.0000 2.530032e+01
7491.2500 4.623035e+00
7492.5000 2.633479e+01
7493.7500 2.706726e+01
7495.0000 3.261898e+01
7496.2500 1.407692e+01
7497.5000 3.193997e+01
7498.7500 2.953221e+01
7500.0000 2.859014e+01
7501.2500 1.410967e+01
7502.5000 2.038898e+01
7503.7500 2.583912e+01
7505.0000 1.460900e+01
7506.2500 2.644785e+01
7507.5000 2.175509e+01
7508.7500 1.550130e+01
7510.0000 3.032166e+01
7511.2500 1.642733e+01
7512.5000 1.200647e+01
7513.7500 1.538608e+01
7515.0000 2.318383e+01
7516.2500 -9.357296e-01
7517.5000 1.072476e+01
7518.7500 2.088230e+01
7520.0000 2.679324e+01
7521.2500 4.395052e+01
7522.5000 3.747828e+01
7523.7500 -3.726314e+00
7525.0000 -5.811350e+01
7526.2500 2.603318e+01
7527.5000 1.683429e+01
7528.7500 2.874715e+01
7530.0000 4.620426e+01
7531.2500 4.612188e+01
7532.5000 3.251907e+01
7533.7500 2.931657e+01
7535.0000 1.462006e+01
7536.2500 2.333080e+01
7537.5000 2.472789e+01
7538.7500 3.540160e+01
7540.0000 1.775334e+01
7541.2500 2.305994e+01
7542.5000 2.700294e+01
7543.7500 1.957561e+01
7545.0000 3.408665e+01
7546.2500 2.785431e+01
7547.5000 3.156792e+01
7548.7500 3.021186e+01
7550.0000 3.236547e+01
7551.2500 2.646895e+01
7552.5000 2.650148e+01
7553.7500 2.817455e+01
7555.0000 7.824505e+00
7556.2500 1.164010e+01
7557.5000 1.791352e+01
7558.7500 1.738383e+01
7560.0000 1.498881e+01
7561.2500 1.895111e+01
7562.5000 7.138377e+00
7563.7500 3.103689e+01
7565.0000 2.501801e+01
7566.2500 3.637839e+01
7567.5000 3.582311e+01
7568.7500 3.095090e+01
7570.0000 1.869407e+01
7571.2500 2.715973e+01
7572.5000 -9.226109e+00
7573.7500 4.263705e+01
7575.0000 3.414142e+01
7576.2500 1.820846e+01
7577.5000 2.696205e+01
7578.7500 2.588623e+01
7580.0000 2.827925e+01
7581.2500 3.298259e+01
7582.5000 2.450689e+01
7583.7500 2.111670e+01
7585.0000 3.661569e+01
7586.2500 7.068459e+01
7587.5000 8.840843e+00
7588.7500 2.370756e+01
7590.0000 2.935511e+01
7591.2500 3.726444e+01
7592.5000 5.055835e+01
7593.7500 1.912893e+01
7595.0000 -6.741852e+00
7596.2500 -1.961515e+01
7597.5000 -6.656721e+00
7598.7500 4.635816e+01
7600.0000 -2.595961e+01
7601.2500 3.075134e+01
7602.5000 4.603638e+01
7603.7500 3.470007e+01
7605.0000 1.558366e+01
7606.2500 6.895753e+00
7607.5000 3.351749e+01
7608.7500 5.745019e+01
7610.0000 3.013240e+01
7611.2500 1.532133e+01
7612.5000 3.147043e+00
7613.7500 3.516643e+01
7615.0000 2.642891e+01
7616.2500 1.723807e+01
7617.5000 -1.176690e+01
7618.7500 6.404946e+00
7620.0000 1.012710e+01
7621.2500 3.533852e+01
7622.5000 7.302217e+00
7623.7500 3.188860e+01
7625.0000 2.733533e+01
7626.2500 8.463041e+00
7627.5000 4.954821e+01
7628.7500 4.955014e+01
7630.0000 -1.693423e+01
7631.2500 1.192412e+01
7632.5000 4.675285e+00
7633.7500 1.940057e+01
7635.0000 2.111782e+01
7636.2500 2.979586e+01
7637.5000 4.744125e+01
7638.7500 2.469782e+01
7640.0000 -1.408733e+01
7641.2500 3.231123e+01
7642.5000 3.500114e+01
7643.7500 1.498550e+01
7645.0000 2.943500e+01
7646.2500 1.193919e+01
7647.5000 1.349230e+01
7648.7500 2.475296e+01
7650.0000 3.397818e+01
7651.2500 2.979083e+01
7652.5000 5.668089e+01
7653.7500 4.921651e+01
7655.0000 1.357377e+01
7656.2500 3.428118e+01
7657.5000 2.253929e+01
7658.7500 2.608618e+01
7660.0000 3.230680e+01
7661.2500 3.952222e+01
7662.5000 2.083490e+01
7663.7500 2.997509e+01
7665.0000 3.851727e+01
7666.2500 2.982692e+01
7667.5000 3.903641e+01
7668.7500 2.262901e+01
7670.0000 3.785260e+01
7671.2500 4.325118e+00
7672.5000 3.504394e+01
7673.7500 3.889214e+01
7675.0000 1.942774e+01
7676.2500 7.617760e+00
7677.5000 7.866819e+00
7678.7500 2.678555e+01
7680.0000 2.788857e+01
7681.2500 2.669227e+01
7682.5000 1.012520e+01
7683.7500 3.134433e+01
7685.0000 2.417663e+01
7686.2500 3.440336e+01
7687.5000 1.714061e+01
7688.7500 9.302923e+00
7690.0000 1.667949e+01
7691.2500 3.652845e+01
7692.5000 3.169329e+01
7693.7500 2.220460e+01
7695.0000 3.091150e+01
7696.2500 2.761437e+01
7697.5000 7.030580e+00
7698.7500 2.320687e+01
7700.0000 3.338412e+01
7701.2500 4.821529e+00
7702.5000 2.857174e+01
7703.7500 1.321661e+01
7705.0000 1.439968e+01
7706.2500 2.715499e+01
7707.5000 2.551636e+01
7708.7500 2.302448e+01
7710.0000 5.238359e+01
7711.2500 -7.343577e+01
7712.5000 6.176077e+00
7713.7500 7.204668e+01
7715.0000 3.364471e+01
7716.2500 2.210654e+01
7717.5000 8.291451e+01
7718.7500 3.863712e+01
7720.0000 6.414172e+01
7721.2500 2.464494e+01
7722.5000 -1.602411e+01
7723.7500 -3.857917e+00
7725.0000 9.548961e+00
7726.2500 3.179456e+01
7727.5000 2.442435e+01
7728.7500 1.904812e+01
7730.0000 1.862334e+01
7731.2500 2.662110e+01
7732.5000 2.506701e+01
7733.7500 3.337572e+01
7735.0000 1.860870e+01
7736.2500 2.313377e+01
7737.5000 1.906179e+01
7738.7500 3.061296e+01
7740.0000 3.313689e+01
7741.2500 2.861484e+01
7742.5000 2.512362e+01
7743.7500 2.633194e+01
7745.0000 1.684314e+01
7746.2500 1.720161e+01
7747.5000 6.216330e+01
7748.7500 2.327412e+01
7750.0000 1.851945e+01
7751.2500 3.450410e+01
7752.5000 3.565805e+01
7753.7500 3.422595e+01
7755.0000 3.421502e+01
7756.2500 1.018505e+01
7757.5000 3.478695e+01
7758.7500 1.315004e+01
7760.0000 5.631792e+01
7761.2500 4.622772e+00
7762.5000 3.197211e+01
7763.7500 3.385043e+01
7765.0000 4.650092e+01
7766.2500 9.969223e+00
7767.5000 2.172669e+01
7768.7500 2.678771e+01
7770.0000 2.918439e+01
7771.2500 5.074835e+01
7772.5000 1.882801e-01
7773.7500 -8.476968e-01
7775.0000 2.541248e+01
7776.2500 2.486922e+01
7777.5000 3.416962e+01
7778.7500 3.022758e+01
7780.0000 5.684866e+00
7781.2500 1.892143e+01
7782.5000 2.609382e+01
7783.7500 1.652596e+00
7785.0000 2.512284e+01
7786.2500 2.575366e+01
7787.5000 2.305352e+01
7788.7500 1.804588e+01
7790.0000 1.531337e+01
7791.2500 4.400874e+01
7792.5000 -1.626991e+01
7793.7500 4.022154e+01
7795.0000 3.673017e+01
7796.2500 4.328679e+01
7797.5000 2.161328e+01
7798.7500 3.698826e+01
7800.0000 3.318952e+01
7801.2500 2.275238e+01
7802.5000 2.446498e+01
7803.7500 -4.728055e+00
7805.0000 2.055310e+01
7806.2500 -1.669265e+01
7807.5000 -3.326804e+00
7808.7500 -1.934777e+01
7810.0000 4.302172e+00
7811.2500 3.209317e+01
7812.5000 8.311428e+00
7813.7500 1.301509e+01
7815.0000 3.028357e+01
7816.2500 3.871502e+01
7817.5000 3.624858e+01
7818.7500 5.410458e+01
7820.0000 1.992630e+01
7821.2500 4.189852e+01
7822.5000 4.597885e+00
7823.7500 5.803718e+01
7825.0000 2.602394e+01
7826.2500 1.837383e+01
7827.5000 1.318635e+01
7828.7500 1.720753e+01
7830.0000 3.333419e+01
7831.2500 2.726935e+01
7832.5000 1.351298e+01
7833.7500 2.228066e+01
7835.0000 2.490999e+01
7836.2500 3.859519e+01
7837.5000 4.265830e+01
7838.7500 2.621678e+01
7840.0000 1.799754e+01
7841.2500 -3.499290e+00
7842.5000 3.106167e+01
7843.7500 2.870070e+01
7845.0000 3.633577e+01
7846.2500 3.071104e+01
7847.5000 1.899836e+01
7848.7500 6.598887e+00
7850.0000 5.031940e+01
7851.2500 -2.667776e+01
7852.5000 5.339025e+01
7853.7500 3.756045e+01
7855.0000 8.408311e+00
7856.2500 4.436879e+01
7857.5000 3.223975e+01
7858.7500 1.409641e+01
7860.0000 2.183298e+01
7861.2500 -1.936350e-01
7862.5000 -7.330054e+00
7863.7500 3.709342e+01
7865.0000 4.027417e+01
7866.2500 5.266945e+01
7867.5000 2.238661e+01
7868.7500 2.494546e+01
7870.0000 6.606644e+01
7871.2500 -6.762855e+01
7872.5000 -1.956790e+01
7873.7500 2.252149e+01
7875.0000 2.417107e+01
7876.2500 3.642866e+01
7877.5000 5.395346e-01
7878.7500 1.686117e+00
7880.0000 1.528516e+01
7881.2500 -2.362354e+00
7882.5000 1.834087e+01
7883.7500 2.248247e+00
7885.0000 1.445991e+01
7886.2500 2.844901e+01
7887.5000 1.307380e+01
7888.7500 5.836129e+01
7890.0000 4.653359e+01
7891.2500 2.800846e+01
7892.5000 1.762385e+01
7893.7500 2.729922e+01
7895.0000 3.221559e+01
7896.2500 2.229868e+01
7897.5000 1.666943e+01
7898.7500 1.820413e+01
7900.0000 3.255654e+01
7901.2500 3.065794e+01
7902.5000 2.703883e+01
7903.7500 2.616801e+01
7905.0000 2.332376e+01
7906.2500 4.084723e+01
7907.5000 2.995515e+01
7908.7500 2.977873e+01
7910.0000 2.987607e+01
7911.2500 1.451975e+01
7912.5000 9.545982e+00
7913.7500 3.351280e+01
7915.0000 8.274566e+01
7916.2500 2.933828e+01
7917.5000 2.552347e+01
7918.7500 1.944538e+01
7920.0000 3.755677e+01
7921.2500 -3.694640e+01
7922.5000 5.309715e-01
7923.7500 6.059368e+00
7925.0000 1.195438e+01
7926.2500 1.005885e+01
7927.5000 2.650647e+01
7928.7500 3.580018e+01
7930.0000 3.266640e+01
7931.2500 -5.970251e+00
7932.5000 1.344353e+01
7933.7500 3.569428e+01
7935.0000 1.855181e+01
7936.2500 3.683809e+01
7937.5000 3.711362e+01
7938.7500 4.684027e+01
7940.0000 3.263377e+01
7941.2500 3.089832e+01
7942.5000 3.293191e+01
7943.7500 -3.232692e+00
7945.0000 2.789152e+01
7946.2500 1.599259e+01
7947.5000 2.236692e+01
7948.7500 4.907265e+01
7950.0000 -6.453021e+00
7951.2500 7.888709e+00
7952.5000 4.992836e+01
7953.7500 2.089862e+01
7955.0000 2.295893e+01
7956.2500 1.754794e+01
7957.5000 4.624802e+01
7958.7500 -5.953444e+00
7960.0000 4.464339e-01
7961.2500 4.404349e+01
7962.5000 5.577147e+00
7963.7500 9.021586e+01
7965.0000 9.047430e+00
7966.2500 3.519270e-01
7967.5000 2.137706e+01
7968.7500 7.772569e+00
7970.0000 3.123554e+01
7971.2500 1.729926e+01
7972.5000 4.067216e+01
7973.7500 8.296641e+00
7975.0000 2.066870e+01
7976.2500 7.926145e+00
7977.5000 1.667649e+01
7978.7500 -1.237378e+01
7980.0000 -3.281185e+00
7981.2500 -6.218954e+00
7982.5000 2.467052e+01
7983.7500 2.399239e+01
7985.0000 1.755104e+01
7986.2500 1.568796e+00
7987.5000 7.134947e+00
7988.7500 1.838285e+01
7990.0000 5.737742e+01
7991.2500 2.310003e+01
7992.5000 5.334640e+01
7993.7500 -7.741456e+00
7995.0000 1.777201e+01
7996.2500 5.659068e+01
7997.5000 9.590795e+00
7998.7500 3.103941e+01
8000.0000 1.739616e+01
8001.2500 1.677390e+01
8002.5000 7.798244e+00
8003.7500 6.115969e+00
8005.0000 2.878357e+01
8006.2500 2.381225e+01
8007.5000 1.684590e+01
8008.7500 3.185455e+01
8010.0000 2.913372e+01
8011.2500 4.028541e+01
8012.5000 5.536721e+00
8013.7500 -2.791998e+00
8015.0000 5.756440e+01
8016.2500 3.383886e+01
8017.5000 2.071014e+01
8018.7500 1.439612e+01
8020.0000 4.096234e+01
8021.2500 4.093768e+01
8022.5000 1.208623e+01
8023.7500 5.191970e+01
8025.0000 2.157206e+01
8026.2500 1.141214e-02
8027.5000 4.077367e+01
8028.7500 3.806406e+01
8030.0000 2.971157e+01
8031.2500 2.477553e+01
8032.5000 3.264296e+01
8033.7500 4.494586e+01
8035.0000 2.847192e+01
8036.2500 2.956910e+01
8037.5000 3.109691e+01
8038.7500 2.811457e+01
8040.0000 2.687094e+01
8041.2500 2.217853e+01
8042.5000 3.059520e+01
8043.7500 2.243725e+01
8045.0000 3.320109e+01
8046.2500 4.034288e+01
8047.5000 3.542956e+01
8048.7500 2.848162e+01
8050.0000 3.705498e+01
8051.2500 2.582622e+01
8052.5000 5.157531e+01
8053.7500 4.500137e+01
8055.0000 2.654354e+01
8056.2500 2.712938e+01
8057.5000 3.366964e+01
8058.7500 3.880119e+01
8060.0000 5.541050e+01
8061.2500 3.075171e+01
8062.5000 7.101378e+00
8063.7500 2.339143e+01
8065.0000 3.194944e+01
8066.2500 2.667155e+01
8067.5000 2.376424e+01
8068.7500 2.670792e+01
8070.0000 3.227277e+01
8071.2500 2.810067e+01
8072.5000 1.611272e+01
8073.7500 2.813744e+01
8075.0000 2.732388e+01
8076.2500 5.146605e+01
8077.5000 2.676154e+01
8078.7500 1.589237e+01
8080.0000 5.103770e+01
8081.2500 3.479622e+01
8082.5000 3.386300e+01
8083.7500 2.084648e+01
8085.0000 1.915190e+01
8086.2500 2.194097e+01
8087.5000 3.257182e+01
8088.7500 2.735242e+01
8090.0000 3.733086e+01
8091.2500 3.345293e+01
8092.5000 -3.498393e+00
8093.7500 8.046230e+00
8095.0000 2.715542e+01
8096.2500 2.979114e+01
8097.5000 2.749323e+01
8098.7500 2.668006e+01
8100.0000 4.040527e+01
8101.2500 3.129427e+01
8102.5000 2.786071e+01
8103.7500 4.537872e+01
8105.0000 2.229084e+01
8106.2500 3.062473e+01
8107.5000 2.280541e+01
8108.7500 3.797683e+01
8110.0000 3.439639e+01
8111.2500 3.561132e+01
8112.5000 2.431993e+01
8113.7500 1.383814e+01
8115.0000 1.207150e+01
8116.2500 3.186903e+01
8117.5000 2.725777e+01
8118.7500 4.611580e+01
8120.0000 2.274812e+01
8121.2500 2.671718e+01
8122.5000 4.269357e+01
8123.7500 3.830264e+01
8125.0000 4.026994e+01
8126.2500 3.183852e+01
8127.5000 3.271979e+01
8128.7500 2.834190e+01
8130.0000 2.041239e+01
8131.2500 2.319662e+01
8132.5000 2.732581e+01
8133.7500 3.110756e+01
8135.0000 2.707245e+01
8136.2500 5.270494e+01
8137.5000 2.623485e+01
8138.7500 3.338578e+01
8140.0000 4.847027e+01
8141.2500 3.686256e+01
8142.5000 3.602724e+01
8143.7500 1.884895e+01
8145.0000 2.551031e+01
8146.2500 3.438150e+01
8147.5000 2.605120e+01
8148.7500 3.933971e+01
8150.0000 4.622117e+01
8151.2500 1.894053e+01
8152.5000 3.012531e+01
8153.7500 2.993786e+01
8155.0000 1.745326e+01
8156.2500 1.660853e+01
8157.5000 3.663608e+01
8158.7500 1.127847e+01
8160.0000 1.666784e+01
8161.2500 2.678707e+01
8162.5000 3.330350e+01
8163.7500 4.024387e+01
8165.0000 4.642067e+01
8166.2500 2.877670e+01
8167.5000 1.696971e+01
8168.7500 3.785418e+01
8170.0000 3.136662e+01
8171.2500 3.703203e+01
8172.5000 2.448247e+01
8173.7500 1.374519e+01
8175.0000 2.896276e+01
8176.2500 3.902646e+01
8177.5000 3.654570e+01
8178.7500 3.205706e+01
8180.0000 3.485528e+01
8181.2500 2.419489e+01
8182.5000 3.482106e+01
8183.7500 2.169427e+01
8185.0000 2.758548e+01
8186.2500 2.876539e+01
8187.5000 3.532799e+01
8188.7500 4.419280e+01
8190.0000 3.807870e+01
8191.2500 3.290004e+01
8192.5000 4.525505e+01
8193.7500 3.404659e+01
8195.0000 2.170727e+01
8196.2500 2.466590e+01
8197.5000 1.689438e+01
8198.7500 2.009950e+01
8200.0000 3.109614e+01
8201.2500 2.383441e+01
8202.5000 4.053567e+01
8203.7500 2.640451e+01
8205.0000 7.346736e+00
8206.2500 4.015617e+01
8207.5000 2.518801e+01
8208.7500 2.819824e+01
8210.0000 1.643590e+01
8211.2500 1.507214e+01
8212.5000 2.823650e+01
8213.7500 2.364952e+01
8215.0000 3.178748e+01
8216.2500 3.726300e+01
8217.5000 1.195479e+01
8218.7500 2.651018e+01
8220.0000 2.734330e+01
8221.2500 3.047793e+01
8222.5000 3.276282e+01
8223.7500 3.321300e+01
8225.0000 5.208930e+01
8226.2500 5.622671e+01
8227.5000 2.259141e+01
8228.7500 2.738243e+01
8230.0000 3.090532e+01
8231.2500 2.927857e+01
8232.5000 3.319233e+01
8233.7500 2.862269e+01
8235.0000 3.886085e+01
8236.2500 3.033352e+01
8237.5000 2.124940e+01
8238.7500 3.362347e+01
8240.0000 3.556421e+01
8241.2500 2.959189e+01
8242.5000 2.804347e+01
8243.7500 -9.899569e-01
8245.0000 5.001514e+01
8246.2500 1.617276e+01
8247.5000 1.272420e+01
8248.7500 2.245773e+01
8250.0000 2.448626e+01
8251.2500 4.362156e+01
8252.5000 4.139815e+01
8253.7500 3.892885e+01
8255.0000 4.012412e+01
8256.2500 4.318194e+01
8257.5000 -7.167167e+00
8258.7500 3.098596e+01
8260.0000 3.276396e+01
8261.2500 2.800978e+01
8262.5000 1.613510e+01
8263.7500 5.382499e+01
8265.0000 4.549635e+01
8266.2500 3.392683e+01
8267.5000 2.009871e+01
8268.7500 3.448005e+01
8270.0000 2.266624e+01
8271.2500 3.850115e+01
8272.5000 2.782650e+01
8273.7500 1.192467e+01
8275.0000 3.440750e+01
8276.2500 3.198798e+01
8277.5000 2.663095e+01
8278.7500 2.383413e+01
8280.0000 5.125837e+00
8281.2500 2.387982e+01
8282.5000 4.833398e+01
8283.7500 5.012784e+01
8285.0000 3.805482e+01
8286.2500 5.056844e+01
8287.5000 3.030428e+01
8288.7500 2.433349e+01
8290.0000 6.466795e+01
8291.2500 2.934562e+01
8292.5000 3.299230e+01
8293.7500 1.596635e+01
8295.0000 1.079971e+01
8296.2500 6.109995e+01
8297.5000 3.900777e+01
8298.7500 2.252914e+01
8300.0000 4.372648e+01
8301.2500 3.668510e+01
8302.5000 4.944576e+01
8303.7500 2.641385e+01
8305.0000 3.792809e+01
8306.2500 4.518739e+01
8307.5000 2.965217e+01
8308.7500 -1.292678e+01
8310.0000 8.681188e+01
8311.2500 1.943882e+01
8312.5000 2.666260e+01
8313.7500 1.840172e+01
8315.0000 2.085649e+01
8316.2500 2.890384e+01
8317.5000 2.366784e+01
8318.7500 2.183192e+01
8320.0000 4.752214e+01
8321.2500 2.857640e+01
8322.5000 4.098201e+01
8323.7500 3.353063e+01
8325.0000 3.227063e+01
8326.2500 2.811736e+01
8327.5000 2.903582e+01
8328.7500 3.401260e+01
8330.0000 2.857813e+01
8331.2500 3.822285e+01
8332.5000 5.598233e+01
8333.7500 2.548257e+01
8335.0000 4.014953e+01
8336.2500 4.324118e+01
8337.5000 2.654037e+01
8338.7500 1.725790e+01
8340.0000 2.095692e+01
8341.2500 1.808761e+01
8342.5000 6.138553e+00
8343.7500 3.201740e+01
8345.0000 2.820076e+01
8346.2500 2.959564e+01
8347.5000 5.520654e+01
8348.7500 2.388900e+01
8350.0000 8.239992e+00
8351.2500 4.956419e+01
8352.5000 1.954014e+01
8353.7500 4.800105e+01
8355.0000 2.203288e+01
8356.2500 4.852315e+00
8357.5000 2.009014e+01
8358.7500 3.634414e+01
8360.0000 3.720407e+01
8361.2500 4.684316e+01
8362.5000 3.898110e+01
8363.7500 3.518541e+01
8365.0000 7.547414e+00
8366.2500 2.335311e+01
8367.5000 2.357911e+01
8368.7500 2.698916e+01
8370.0000 1.450874e+01
8371.2500 3.930966e+01
8372.5000 4.062329e+01
8373.7500 1.934627e+01
8375.0000 4.066156e+01
8376.2500 1.647424e+01
8377.5000 3.950213e+01
8378.7500 2.386071e+01
8380.0000 3.253729e+00
8381.2500 2.713669e+01
8382.5000 5.727047e+01
8383.7500 7.634193e-02
8385.0000 3.644573e+01
8386.2500 2.649025e+01
8387.5000 2.264264e+01
8388.7500 3.999629e+01
8390.0000 3.143351e+01
8391.2500 3.147650e+01
8392.5000 3.377872e+01
8393.7500 9.950853e+00
8395.0000 1.842110e+01
8396.2500 4.097167e+01
8397.5000 3.532603e+01
8398.7500 2.471609e+01
8400.0000 2.800354e+01
8401.2500 4.089149e+01
8402.5000 1.620717e+01
8403.7500 1.731037e+01
8405.0000 2.066693e+01
8406.2500 2.032080e+01
8407.5000 2.029309e+01
8408.7500 3.303231e+01
8410.0000 4.201981e+01
8411.2500 2.955070e+01
8412.5000 2.597056e+01
8413.7500 1.008614e+01
8415.0000 3.834566e+01
8416.2500 6.067314e+00
8417.5000 3.198298e+01
8418.7500 2.009001e+01
8420.0000 3.270770e+01
8421.2500 2.686196e+01
8422.5000 2.652044e+01
8423.7500 3.007828e+01
8425.0000 3.493599e+01
8426.2500 1.919551e+01
8427.5000 5.076341e+01
8428.7500 3.542670e+01
8430.0000 2.586513e+01
8431.2500 2.445536e+01
8432.5000 1.029065e+01
8433.7500 4.078025e+01
8435.0000 3.469867e+01
8436.2500 2.991898e+01
8437.5000 3.559655e+01
8438.7500 3.222006e+01
8440.0000 2.435015e+01
8441.2500 3.502445e+01
8442.5000 3.716140e+01
8443.7500 2.983841e+01
8445.0000 3.783309e+01
8446.2500 4.443740e+01
8447.5000 2.082322e+01
8448.7500 3.474986e+01
8450.0000 4.801720e+01
8451.2500 4.575637e+01
8452.5000 3.773283e+01
8453.7500 3.426532e+01
8455.0000 2.406715e+01
8456.2500 1.934294e+01
8457.5000 1.729066e+01
8458.7500 3.317765e+01
8460.0000 7.139306e+00
8461.2500 2.821801e+01
8462.5000 8.349805e+01
8463.7500 1.709840e+01
8465.0000 3.537957e+01
8466.2500 3.255317e+01
8467.5000 5.029764e+01
8468.7500 3.649051e+01
8470.0000 2.461314e+01
8471.2500 2.476526e+01
8472.5000 2.501118e+01
8473.7500 4.709663e+01
8475.0000 3.795555e+01
8476.2500 2.574520e+01
8477.5000 1.891125e+01
8478.7500 3.698192e+01
8480.0000 2.773838e+01
8481.2500 3.328937e+01
8482.5000 2.996072e+01
8483.7500 2.897354e+01
8485.0000 2.827522e+01
8486.2500 2.929879e+01
8487.5000 2.995828e+01
8488.7500 3.605132e+01
8490.0000 2.812464e+01
8491.2500 1.161063e+01
8492.5000 6.398302e+01
8493.7500 6.324180e+01
8495.0000 1.651258e+01
8496.2500 2.502373e+01
8497.5000 1.684848e+01
8498.7500 3.429173e+01
8500.0000 2.043138e+01
8501.2500 2.561713e+01
8502.5000 3.156008e+01
8503.7500 6.929895e+01
8505.0000 1.442935e+01
8506.2500 2.267471e+01
8507.5000 4.447096e+01
8508.7500 2.645135e+01
8510.0000 4.070369e+01
8511.2500 5.687906e+01
8512.5000 3.710231e+01
8513.7500 2.648350e+01
8515.0000 2.096745e+01
8516.2500 3.943121e+01
8517.5000 3.443288e+01
8518.7500 3.248058e+01
8520.0000 2.375970e+01
8521.2500 2.993680e+01
8522.5000 4.480932e+01
8523.7500 2.694445e+01
8525.0000 3.075366e+01
8526.2500 3.231906e+01
8527.5000 3.248259e+01
8528.7500 4.722458e+01
8530.0000 1.501644e+01
8531.2500 3.441459e+01
8532.5000 2.746317e+01
8533.7500 1.539268e+01
8535.0000 4.219937e+01
8536.2500 4.588887e+01
8537.5000 -2.801564e+00
8538.7500 1.675161e+01
8540.0000 2.663231e+01
8541.2500 3.618291e+01
8542.5000 1.280198e+01
8543.7500 2.863468e+01
8545.0000 1.823491e+01
8546.2500 3.841909e+01
8547.5000 -2.381032e+01
8548.7500 1.427902e+01
8550.0000 1.006363e+01
8551.2500 2.727936e+01
8552.5000 3.372805e+01
8553.7500 3.213919e+01
8555.0000 2.795140e+01
8556.2500 1.726865e+01
8557.5000 2.156089e+01
8558.7500 2.546863e+01
8560.0000 1.611105e+01
8561.2500 2.886259e+01
8562.5000 2.624732e+01
8563.7500 2.483381e+01
8565.0000 3.154143e+01
8566.2500 4.072346e+01
8567.5000 2.607569e+01
8568.7500 4.066391e+01
8570.0000 2.146335e+01
8571.2500 2.434958e+01
8572.5000 3.721144e+01
8573.7500 3.202438e+01
8575.0000 3.204213e+01
8576.2500 1.852638e+01
8577.5000 8.987350e+00
8578.7500 3.308482e+01
8580.0000 1.805951e+01
8581.2500 1.714603e+01
8582.5000 2.509824e+01
8583.7500 1.470621e+01
8585.0000 3.506084e+01
8586.2500 3.432222e+01
8587.5000 1.390066e+01
8588.7500 3.756127e+01
8590.0000 3.525937e+01
8591.2500 3.096937e+01
8592.5000 2.079846e+01
8593.7500 3.257676e+01
8595.0000 4.523245e+01
8596.2500 6.914410e+00
8597.5000 1.965727e+00
8598.7500 1.718270e+01
8600.0000 4.670280e+01
8601.2500 2.941159e+01
8602.5000 2.158544e+01
8603.7500 1.117350e+01
8605.0000 3.403627e+01
8606.2500 3.752789e+01
8607.5000 1.986472e+01
8608.7500 2.108193e+01
8610.0000 3.083204e+01
8611.2500 2.680267e+01
8612.5000 1.815226e+00
8613.7500 4.370110e+01
8615.0000 1.672316e+01
8616.2500 2.294171e+00
8617.5000 3.346892e+01
8618.7500 1.269506e+01
8620.0000 2.542260e+01
8621.2500 2.566358e+01
8622.5000 1.325008e+01
8623.7500 7.595371e+01
8625.0000 5.116017e+00
8626.2500 -4.316523e+01
8627.5000 4.746572e+01
8628.7500 4.924533e+01
8630.0000 4.815714e+01
8631.2500 7.133228e+01
8632.5000 5.035852e+01
8633.7500 5.306241e+00
8635.0000 2.635722e+01
8636.2500 2.195564e+01
8637.5000 1.281006e+01
8638.7500 3.639931e+01
8640.0000 5.150797e+01
8641.2500 3.937877e+00
8642.5000 3.304582e+00
8643.7500 1.841185e+01
8645.0000 2.128874e+01
8646.2500 4.651436e+01
8647.5000 1.266420e+01
8648.7500 2.928439e+01
8650.0000 3.418505e+01
8651.2500 6.172760e+01
8652.5000 2.334138e+01
8653.7500 1.174189e+01
8655.0000 -4.828753e+00
8656.2500 8.071369e+00
8657.5000 -5.582712e+00
8658.7500 2.892841e+01
8660.0000 -4.373294e+00
8661.2500 1.699861e+01
8662.5000 1.614193e+01
8663.7500 -5.007266e+00
8665.0000 4.471679e+01
8666.2500 3.181116e+01
8667.5000 2.226548e+01
8668.7500 1.225156e+00
8670.0000 8.268233e+00
8671.2500 2.654861e+01
8672.5000 -2.174297e+00
8673.7500 4.288216e+01
8675.0000 5.649604e+01
8676.2500 -6.431551e+00
8677.5000 3.389835e+01
8678.7500 3.099496e+01
8680.0000 2.457108e+01
8681.2500 4.036888e+01
8682.5000 4.748985e+01
8683.7500 3.677144e+01
8685.0000 6.480492e+00
8686.2500 -3.539365e+00
8687.5000 -2.572938e+01
8688.7500 2.705087e+01
8690.0000 1.991622e+01
8691.2500 2.698372e+01
8692.5000 1.714092e+01
8693.7500 1.084187e+01
8695.0000 1.573650e+01
8696.2500 1.242059e+01
8697.5000 2.403407e+01
8698.7500 2.536702e+01
8700.0000 2.008897e+01
8701.2500 3.326804e+01
8702.5000 2.693568e+01
8703.7500 3.556942e+01
8705.0000 5.576900e+01
8706.2500 4.870553e+01
8707.5000 5.244360e+01
8708.7500 2.784226e+01
8710.0000 3.073556e+00
8711.2500 2.069856e+01
8712.5000 2.118349e+01
8713.7500 3.785321e+01
8715.0000 3.736937e+01
8716.2500 1.544377e+01
8717.5000 2.532969e+01
8718.7500 -4.975650e+00
8720.0000 2.589088e+01
8721.2500 3.518683e+01
8722.5000 3.040076e+01
8723.7500 5.131589e+01
8725.0000 3.635797e+01
8726.2500 4.209171e+01
8727.5000 1.876854e+01
8728.7500 9.727069e+00
8730.0000 6.415538e+00
8731.2500 2.604489e+01
8732.5000 2.634991e+01
8733.7500 5.887290e+00
8735.0000 2.035912e+01
8736.2500 2.960681e+01
8737.5000 5.269825e+01
8738.7500 2.464067e+01
8740.0000 2.959116e+01
8741.2500 3.062104e+01
8742.5000 8.182889e+00
8743.7500 3.212070e+01
8745.0000 2.551179e+01
8746.2500 2.874136e+01
8747.5000 8.042818e+00
8748.7500 2.616684e+01
8750.0000 1.530054e+01
8751.2500 2.054320e+01
8752.5000 3.081054e+01
8753.7500 3.465415e+00
8755.0000 8.482982e+00
8756.2500 2.297518e+01
8757.5000 6.078627e+01
8758.7500 2.624974e+01
8760.0000 7.098435e+00
8761.2500 -4.132536e+01
8762.5000 -4.290850e+01
8763.7500 4.828389e+01
8765.0000 4.133039e+01
8766.2500 -4.491434e+01
8767.5000 9.759639e+01
8768.7500 7.101930e+01
8770.0000 -7.496535e+01
8771.2500 8.069778e+00
8772.5000 -9.776481e+00
8773.7500 3.233115e+01
8775.0000 3.846819e+01
8776.2500 -6.763418e+01
8777.5000 4.395805e+01
8778.7500 -2.652472e+01
8780.0000 3.735688e+01
8781.2500 1.647624e+01
8782.5000 2.468706e+01
8783.7500 3.547331e+01
8785.0000 9.630926e+00
8786.2500 -2.062518e+00
8787.5000 2.171774e+01
8788.7500 3.328661e+01
8790.0000 2.194830e+01
8791.2500 2.673969e+01
8792.5000 4.381699e+01
8793.7500 1.308981e+01
8795.0000 2.771732e+01
8796.2500 3.896815e+01
8797.5000 3.796207e+01
8798.7500 2.310847e+01
8800.0000 1.653827e+01
8801.2500 1.478695e+01
8802.5000 1.645808e+01
8803.7500 7.486565e-01
8805.0000 1.019544e+01
8806.2500 4.140094e+01
8807.5000 1.316521e+01
8808.7500 2.466609e+01
8810.0000 4.314375e+01
8811.2500 1.897487e+01
8812.5000 1.639660e+01
8813.7500 3.217505e+01
8815.0000 2.940973e+01
8816.2500 1.980031e+01
8817.5000 2.066312e+01
8818.7500 1.751022e+01
8820.0000 1.010300e+01
8821.2500 1.391252e+01
8822.5000 1.095685e+01
8823.7500 2.539875e+01
8825.0000 3.030694e+01
8826.2500 3.268311e+01
8827.5000 1.548164e+01
8828.7500 1.122245e+01
8830.0000 -5.200481e+01
8831.2500 -2.490191e+01
8832.5000 8.488340e+00
8833.7500 6.441109e+01
8835.0000 3.779346e+01
8836.2500 -5.859200e+01
8837.5000 3.515199e+01
8838.7500 3.609470e+01
8840.0000 1.981530e+01
8841.2500 3.152423e+01
8842.5000 1.707207e+01
8843.7500 4.335567e+01
8845.0000 -1.750630e+00
8846.2500 1.509258e+01
8847.5000 -7.507297e+00
8848.7500 4.562151e+01
8850.0000 -2.680673e+01
8851.2500 1.339941e+01
8852.5000 1.988800e+01
8853.7500 2.153407e+01
8855.0000 1.518044e+01
8856.2500 5.196197e+00
8857.5000 5.680186e+00
8858.7500 2.839004e+01
8860.0000 1.780864e+01
8861.2500 5.216663e+00
8862.5000 3.401457e+01
8863.7500 6.025599e+00
8865.0000 5.594093e+01
8866.2500 9.492985e+01
8867.5000 -1.668163e+00
8868.7500 -1.151408e+01
8870.0000 -1.264604e+01
8871.2500 3.011371e+01
8872.5000 2.726587e+01
8873.7500 4.082521e+01
8875.0000 2.722116e+01
8876.2500 1.977254e+01
8877.5000 1.103787e+01
8878.7500 1.028238e+01
8880.0000 -7.740670e+00
8881.2500 -2.241219e+01
8882.5000 3.725163e+01
8883.7500 6.294968e+01
8885.0000 3.533173e+01
8886.2500 2.574202e+01
8887.5000 3.808127e+00
8888.7500 -2.751397e+01
8890.0000 2.939309e-01
8891.2500 8.483832e+00
8892.5000 1.704053e+01
8893.7500 9.891596e+00
8895.0000 -1.476741e+01
8896.2500 -1.885293e+00
8897.5000 1.124767e+01
8898.7500 3.120181e+01
8900.0000 5.125563e+01
8901.2500 2.444193e+01
8902.5000 -2.813717e+01
8903.7500 -1.997352e+01
8905.0000 1.269332e+01
8906.2500 2.301576e+01
8907.5000 9.906263e+00
8908.7500 -1.114231e+01
8910.0000 2.293892e+01
8911.2500 3.101870e+01
8912.5000 2.280419e+01
8913.7500 2.118287e+01
8915.0000 7.604000e+00
8916.2500 7.997778e+01
8917.5000 -3.668758e+01
8918.7500 3.291586e+01
8920.0000 2.687472e+00
8921.2500 9.660019e+01
8922.5000 -5.400585e+00
8923.7500 2.621291e+01
8925.0000 1.270359e+01
8926.2500 9.309365e+00
8927.5000 -6.043779e+00
8928.7500 2.588396e+01
8930.0000 4.567476e+00
8931.2500 2.087134e+01
8932.5000 1.458472e+01
8933.7500 4.568338e+01
8935.0000 4.285916e+00
8936.2500 8.190059e+00
8937.5000 3.043847e+01
8938.7500 2.151112e+01
8940.0000 1.228716e+01
8941.2500 9.263330e+00
8942.5000 7.290627e+01
8943.7500 -4.355531e+00
8945.0000 1.645187e+01
8946.2500 -1.267113e+01
8947.5000 1.791722e+00
8948.7500 1.976728e+01
8950.0000 2.739629e+01
8951.2500 7.346019e+00
8952.5000 1.202446e+01
8953.7500 1.432340e+01
8955.0000 2.907612e+01
8956.2500 -5.854384e+01
8957.5000 1.415046e+01
8958.7500 4.161072e+00
8960.0000 -2.721376e+01
8961.2500 -9.230858e+00
8962.5000 1.384105e+01
8963.7500 3.717020e+01
8965.0000 2.302101e+01
8966.2500 2.802781e+01
8967.5000 3.063099e+01
8968.7500 3.259285e+01
8970.0000 3.307049e+01
8971.2500 7.310551e+00
8972.5000 3.137939e+01
8973.7500 1.571417e+01
8975.0000 1.036841e+01
8976.2500 4.559507e+01
8977.5000 4.803965e+01
8978.7500 3.340526e+01
8980.0000 1.522838e+01
8981.2500 -7.368719e+00
8982.5000 2.524029e+01
8983.7500 1.231794e+01
8985.0000 3.721646e+01
8986.2500 4.940395e+01
8987.5000 -3.395859e+01
8988.7500 3.068825e+01
8990.0000 2.437081e+01
8991.2500 4.167871e+00
8992.5000 2.856358e+01
8993.7500 9.127662e+00
8995.0000 1.111427e+01
8996.2500 1.791413e+01
8997.5000 7.274343e+00
8998.7500 1.384204e+01
9000.0000 8.797543e+00
9001.2500 8.272497e+01
9002.5000 7.041885e+01
9003.7500 -5.837017e+00
9005.0000 2.316519e+01
9006.2500 2.956408e+01
9007.5000 1.120718e+01
9008.7500 2.443279e+01
9010.0000 9.287277e+00
9011.2500 2.710163e+01
9012.5000 2.680657e+01
9013.7500 3.135907e+01
9015.0000 1.099074e+01
9016.2500 3.158246e+01
9017.5000 3.880275e+01
9018.7500 4.350756e+01
9020.0000 3.700132e+01
9021.2500 2.700049e+01
9022.5000 2.329253e+01
9023.7500 2.268312e+01
9025.0000 3.673773e+01
9026.2500 3.704447e+01
9027.5000 1.798609e+01
9028.7500 1.565099e+01
9030.0000 2.685627e+01
9031.2500 2.478235e+01
9032.5000 6.324637e+00
9033.7500 3.241333e+01
9035.0000 5.230878e+01
9036.2500 2.876986e+01
9037.5000 4.712650e+01
9038.7500 4.023381e+01
9040.0000 -2.787688e+00
9041.2500 2.456858e+01
9042.5000 1.114940e+01
9043.7500 2.230720e+01
9045.0000 2.028657e+01
9046.2500 2.116942e+01
9047.5000 1.152371e+01
9048.7500 4.969944e+01
9050.0000 5.832335e+01
9051.2500 -9.700089e+00
9052.5000 2.946499e+01
9053.7500 1.065334e+01
9055.0000 1.362131e+01
9056.2500 2.040654e+01
9057.5000 3.480746e+01
9058.7500 3.790681e+01
9060.0000 2.800025e+01
9061.2500 1.789215e+01
9062.5000 7.183242e+00
9063.7500 1.600805e+01
9065.0000 4.118658e+01
9066.2500 1.885321e+01
9067.5000 1.939369e+01
9068.7500 3.316139e+01
9070.0000 1.455009e+01
9071.2500 2.700416e+01
9072.5000 2.500137e+01
9073.7500 3.512373e+00
9075.0000 3.151842e+01
9076.2500 3.599917e+01
9077.5000 1.014738e+01
9078.7500 2.774639e+01
9080.0000 8.184343e+00
9081.2500 2.593580e+01
9082.5000 2.415600e+01
9083.7500 4.827929e+00
9085.0000 1.287099e+01
9086.2500 3.160284e+01
9087.5000 3.741359e+01
9088.7500 2.255148e+01
9090.0000 3.989127e+01
9091.2500 5.214533e+00
9092.5000 2.325051e+01
9093.7500 5.159557e+01
9095.0000 2.987002e+01
9096.2500 4.044750e-01
9097.5000 3.782492e+01
9098.7500 3.987703e+01
9100.0000 9.732016e+00
9101.2500 -1.301401e+01
9102.5000 7.241138e+00
9103.7500 1.459105e+01
9105.0000 1.323325e+01
9106.2500 1.379267e+01
9107.5000 2.248343e+01
9108.7500 1.231099e+01
9110.0000 2.538155e+01
9111.2500 2.041632e+01
9112.5000 3.167130e+01
9113.7500 4.025581e+01
9115.0000 2.989465e+01
9116.2500 3.053248e+01
9117.5000 2.244995e+01
9118.7500 1.816949e+01
9120.0000 -7.506430e+00
9121.2500 5.070640e+00
9122.5000 1.372258e+00
9123.7500 6.819034e+00
9125.0000 3.426466e+01
9126.2500 3.003593e+01
9127.5000 2.994057e+01
9128.7500 1.790613e+01
9130.0000 9.465801e+00
9131.2500 2.565606e+01
9132.5000 1.605021e+01
9133.7500 3.036852e+01
9135.0000 1.528220e+01
9136.2500 7.868716e+00
9137.5000 2.666737e+01
9138.7500 4.080644e+01
9140.0000 3.388930e+01
9141.2500 2.430566e+01
9142.5000 3.144054e+01
9143.7500 4.129154e+01
9145.0000 1.197784e+01
9146.2500 3.382310e+01
9147.5000 3.841715e+00
9148.7500 3.497478e+01
9150.0000 3.825865e+01
9151.2500 3.408342e+01
9152.5000 -1.676244e+01
9153.7500 2.484763e+00
9155.0000 2.030386e+01
9156.2500 2.808438e+01
9157.5000 -1.426206e-01
9158.7500 2.597860e+01
9160.0000 -1.278314e+01
9161.2500 2.685878e+01
9162.5000 2.768457e+01
9163.7500 4.967329e+01
9165.0000 3.991628e+01
9166.2500 1.633817e+01
9167.5000 1.706730e+01
9168.7500 2.695125e+01
9170.0000 3.737616e+01
9171.2500 3.606441e+01
9172.5000 2.655152e+01
9173.7500 3.697957e+01
9175.0000 1.154641e+01
9176.2500 5.127736e+01
9177.5000 1.889797e+01
9178.7500 1.941296e+01
9180.0000 2.924402e+01
9181.2500 1.175404e+01
9182.5000 2.264997e+01
9183.7500 2.976136e+01
9185.0000 3.740362e+01
9186.2500 4.414233e+01
9187.5000 1.925606e+01
9188.7500 2.730308e+01
9190.0000 1.788474e+01
9191.2500 2.657724e+01
9192.5000 2.625151e+01
9193.7500 2.445090e+01
9195.0000 2.161934e+01
9196.2500 1.699474e+01
9197.5000 2.928032e+01
9198.7500 1.626848e+01
9200.0000 5.835111e+00
9201.2500 9.388763e+00
9202.5000 2.285363e+01
9203.7500 5.174836e+01
9205.0000 3.279146e+01
9206.2500 2.271757e+01
9207.5000 1.288344e+01
9208.7500 3.621448e+01
9210.0000 1.663262e+01
9211.2500 3.835652e+01
9212.5000 1.950158e+01
9213.7500 3.796555e+01
9215.0000 8.093514e+00
9216.2500 2.721732e+01
9217.5000 5.122598e+01
9218.7500 3.411148e+01
9220.0000 3.751873e+01
9221.2500 2.116697e+01
9222.5000 1.298356e+01
9223.7500 3.964150e+01
9225.0000 1.697388e+01
9226.2500 -1.056464e+01
9227.5000 1.874558e+01
9228.7500 1.365982e+01
9230.0000 4.785783e+01
9231.2500 3.096734e+01
9232.5000 4.247263e+01
9233.7500 4.948656e+01
9235.0000 2.491067e+01
9236.2500 4.838522e+01
9237.5000 2.286997e+01
9238.7500 4.644510e+00
9240.0000 2.061014e+01
9241.2500 2.351051e+01
9242.5000 4.232035e+01
9243.7500 7.850447e+00
9245.0000 2.981971e+01
9246.2500 2.179296e+01
9247.5000 1.657283e+01
9248.7500 1.880831e+01
9250.0000 3.987922e+00
9251.2500 4.719953e+00
9252.5000 2.896298e+01
9253.7500 1.999736e+01
9255.0000 1.821505e+01
9256.2500 2.056172e+01
9257.5000 4.919581e+01
9258.7500 5.380517e+01
9260.0000 5.884937e+01
9261.2500 9.437165e+00
9262.5000 2.721467e+01
9263.7500 9.436895e+00
9265.0000 1.603764e+01
9266.2500 1.384312e+00
9267.5000 3.314153e+01
9268.7500 1.052966e+01
9270.0000 1.400458e+01
9271.2500 1.265410e+01
9272.5000 1.415462e+01
9273.7500 3.704072e+01
9275.0000 2.531660e+01
9276.2500 3.123211e+01
9277.5000 2.194233e+01
9278.7500 2.731061e+01
9280.0000 6.910405e+00
9281.2500 2.373485e+01
9282.5000 4.955407e+01
9283.7500 3.054617e+01
9285.0000 1.382888e+01
9286.2500 2.200959e+01
9287.5000 -1.807624e+00
9288.7500 1.106027e+01
9290.0000 3.680215e+01
9291.2500 3.461909e+01
9292.5000 3.975570e+01
9293.7500 5.164143e+01
9295.0000 2.752753e+01
9296.2500 8.914134e+00
9297.5000 1.587695e+01
9298.7500 1.022734e+01
9300.0000 -4.104889e+00
9301.2500 -1.162507e+01
9302.5000 -1.718427e+01
9303.7500 -2.516953e+01
9305.0000 -5.673315e+01
9306.2500 -3.639744e+01
9307.5000 -1.021164e+02
9308.7500 -1.666515e+02
9310.0000 -1.108483e+02
9311.2500 -1.638275e+02
9312.5000 7.570958e+01
9313.7500 2.357238e+02
9315.0000 -3.261152e+02
9316.2500 -5.332358e+01
9317.5000 1.532377e+01
9318.7500 1.157143e+01
9320.0000 -1.693366e+01
9321.2500 3.741055e+01
9322.5000 -3.176662e+02
9323.7500 -1.015339e+02
9325.0000 -1.936809e+02
9326.2500 -2.811154e+02
9327.5000 1.394982e+01
9328.7500 -4.252057e+01
9330.0000 2.749646e+01
9331.2500 4.860752e+01
9332.5000 -1.142353e+01
9333.7500 -4.590877e+01
9335.0000 -2.360323e+01
9336.2500 -2.616539e+01
9337.5000 4.909486e+01
9338.7500 -5.356416e+01
9340.0000 -6.449168e+01
9341.2500 1.670988e+01
9342.5000 -1.929000e+01
9343.7500 1.039265e+01
9345.0000 -2.070126e+01
9346.2500 -1.122356e+01
9347.5000 2.386572e+01
9348.7500 9.627476e+00
9350.0000 -3.239932e+01
