# original catalogue: arc_list.txt
# original data-cube: ../muse_ne/MACSJ0416_NE_DATACUBE_FINAL_caminha_zap.fits
# source ID: 6
# number of extracted pixels: 25
# extracted position: 64.038637 -24.069958
# wavelenth[Angstrom], flux[10**(-20)*erg/s/cm**2/Angstrom]
4750.0000 1.844823e+01
4751.2500 5.840621e+00
4752.5000 5.865073e-01
4753.7500 5.740968e+01
4755.0000 6.017366e+01
4756.2500 -2.629251e+01
4757.5000 -1.001138e+01
4758.7500 1.405076e+01
4760.0000 7.047560e+00
4761.2500 -1.885757e+01
4762.5000 6.411127e+01
4763.7500 1.785640e+01
4765.0000 2.102883e+01
4766.2500 1.491913e+01
4767.5000 1.225826e+01
4768.7500 4.247489e+01
4770.0000 3.854133e+01
4771.2500 4.423182e+00
4772.5000 -4.851588e+00
4773.7500 2.127112e+01
4775.0000 5.731858e+01
4776.2500 1.404167e+01
4777.5000 1.005120e+01
4778.7500 1.965355e+01
4780.0000 4.983253e+01
4781.2500 2.074485e+01
4782.5000 4.967793e+01
4783.7500 5.139249e+01
4785.0000 2.329329e+01
4786.2500 1.086148e+01
4787.5000 7.951924e+00
4788.7500 3.291156e+01
4790.0000 4.891613e+01
4791.2500 7.821037e+00
4792.5000 8.489854e-01
4793.7500 7.998975e+00
4795.0000 4.280143e+01
4796.2500 4.145946e+01
4797.5000 1.219654e+01
4798.7500 6.407545e-01
4800.0000 -1.618147e-03
4801.2500 2.300473e+01
4802.5000 3.544454e+01
4803.7500 -8.793664e-01
4805.0000 1.772281e+01
4806.2500 -7.890066e+00
4807.5000 1.206285e+01
4808.7500 2.189893e+01
4810.0000 -5.339184e+00
4811.2500 -1.055091e+01
4812.5000 5.227277e+01
4813.7500 7.599918e+00
4815.0000 1.362548e+01
4816.2500 4.224991e+01
4817.5000 2.944103e+01
4818.7500 4.384252e+00
4820.0000 3.784702e-01
4821.2500 1.815370e+01
4822.5000 -1.660289e+01
4823.7500 -8.702785e+00
4825.0000 -8.096418e+00
4826.2500 4.830695e+01
4827.5000 -2.861527e+01
4828.7500 -6.102870e+00
4830.0000 5.542159e+00
4831.2500 -9.855093e+00
4832.5000 6.578554e+00
4833.7500 1.639610e+01
4835.0000 1.132347e+01
4836.2500 3.935534e+01
4837.5000 3.969351e+01
4838.7500 4.572258e+01
4840.0000 3.018142e+01
4841.2500 -1.872240e+01
4842.5000 1.833737e+01
4843.7500 2.333680e+01
4845.0000 2.040522e+01
4846.2500 1.944354e+00
4847.5000 2.992857e+01
4848.7500 8.468207e+00
4850.0000 6.420247e+00
4851.2500 -1.259007e+01
4852.5000 2.388607e+01
4853.7500 2.138713e+01
4855.0000 -5.995873e+00
4856.2500 -2.551074e+01
4857.5000 -1.051840e+01
4858.7500 1.474520e+01
4860.0000 -2.111773e+01
4861.2500 5.218700e+01
4862.5000 1.331914e+01
4863.7500 -3.951110e+00
4865.0000 1.111265e+01
4866.2500 2.088828e+01
4867.5000 1.899391e+01
4868.7500 1.010542e+01
4870.0000 -3.330313e+00
4871.2500 4.491586e+00
4872.5000 4.896897e+00
4873.7500 7.330420e+00
4875.0000 2.671923e+01
4876.2500 2.631563e+01
4877.5000 -3.836507e+01
4878.7500 3.966180e+01
4880.0000 2.041504e+01
4881.2500 1.703126e+01
4882.5000 2.200780e+01
4883.7500 -5.456106e+00
4885.0000 -2.067357e+01
4886.2500 -2.188899e+01
4887.5000 3.023040e+01
4888.7500 2.981149e+01
4890.0000 2.342087e+01
4891.2500 2.436392e+01
4892.5000 3.466264e+01
4893.7500 5.017737e+00
4895.0000 3.043328e+00
4896.2500 1.693835e+01
4897.5000 5.442026e+01
4898.7500 3.452105e+01
4900.0000 -1.111997e+01
4901.2500 7.870200e+00
4902.5000 -7.841683e+00
4903.7500 -3.933610e+00
4905.0000 3.734484e+01
4906.2500 1.311555e+01
4907.5000 1.116419e+01
4908.7500 5.956953e+00
4910.0000 8.110016e+00
4911.2500 1.740274e+01
4912.5000 6.166218e+00
4913.7500 1.453446e+01
4915.0000 2.205771e+01
4916.2500 -6.449655e+00
4917.5000 1.721649e+01
4918.7500 1.870045e+01
4920.0000 4.118581e+01
4921.2500 5.612595e+01
4922.5000 -6.023417e+00
4923.7500 1.447788e+01
4925.0000 3.403967e+01
4926.2500 1.609722e+00
4927.5000 1.514943e+01
4928.7500 1.952401e+01
4930.0000 2.710592e+01
4931.2500 2.464223e+01
4932.5000 7.269973e+00
4933.7500 1.878636e+01
4935.0000 1.847414e+01
4936.2500 4.197581e+01
4937.5000 1.916668e+01
4938.7500 -8.221581e+00
4940.0000 2.241881e+01
4941.2500 2.692053e+01
4942.5000 -1.062088e+01
4943.7500 4.358872e+00
4945.0000 9.058029e+00
4946.2500 2.199655e+01
4947.5000 2.102643e+01
4948.7500 -3.101975e+00
4950.0000 1.045094e+01
4951.2500 1.193967e-01
4952.5000 -2.389944e+00
4953.7500 3.656886e+00
4955.0000 5.824099e+01
4956.2500 1.518469e+01
4957.5000 3.250858e+01
4958.7500 1.997057e+01
4960.0000 2.936033e+01
4961.2500 -9.102829e+00
4962.5000 1.165822e+01
4963.7500 3.412294e+01
4965.0000 6.169289e+01
4966.2500 4.851446e+00
4967.5000 3.542617e+01
4968.7500 -5.359097e+00
4970.0000 1.642204e+01
4971.2500 1.743250e+01
4972.5000 2.154822e+01
4973.7500 1.256665e+01
4975.0000 1.997014e+01
4976.2500 7.313760e+00
4977.5000 1.875818e+01
4978.7500 3.249329e+01
4980.0000 1.995960e+01
4981.2500 5.908351e+00
4982.5000 2.362164e+01
4983.7500 2.027841e+01
4985.0000 7.171522e-01
4986.2500 6.640860e+00
4987.5000 1.473094e+01
4988.7500 -7.886279e-01
4990.0000 3.724581e+01
4991.2500 1.203349e+01
4992.5000 3.528516e+00
4993.7500 -5.439600e+00
4995.0000 9.535264e+00
4996.2500 -1.302370e+01
4997.5000 1.286861e+01
4998.7500 1.357054e+01
5000.0000 8.771097e+00
5001.2500 1.147672e+01
5002.5000 5.619465e+00
5003.7500 1.959521e+01
5005.0000 6.634316e+00
5006.2500 -9.752481e+00
5007.5000 2.759393e+01
5008.7500 2.427193e+01
5010.0000 3.298515e+01
5011.2500 8.198152e+00
5012.5000 -1.550305e+00
5013.7500 6.939340e-02
5015.0000 3.691926e+00
5016.2500 2.009733e+01
5017.5000 2.674710e+01
5018.7500 5.843756e+00
5020.0000 1.743944e+01
5021.2500 1.157493e+01
5022.5000 1.886594e+01
5023.7500 1.468361e+01
5025.0000 7.874204e+00
5026.2500 -6.312872e+00
5027.5000 9.440021e+00
5028.7500 1.680910e+01
5030.0000 2.506339e+01
5031.2500 9.491971e+00
5032.5000 4.999141e+00
5033.7500 2.714621e+01
5035.0000 2.752797e+00
5036.2500 2.554756e+01
5037.5000 4.276438e+01
5038.7500 3.146066e+01
5040.0000 -5.432822e+00
5041.2500 1.467412e+01
5042.5000 7.752717e+00
5043.7500 2.221682e+01
5045.0000 7.810512e+00
5046.2500 -6.774178e+00
5047.5000 1.199584e+01
5048.7500 1.528228e+01
5050.0000 1.018820e+01
5051.2500 2.153712e+01
5052.5000 1.591933e+01
5053.7500 -3.976632e+00
5055.0000 -1.002002e+01
5056.2500 -3.107697e+00
5057.5000 3.332116e+01
5058.7500 2.628037e+01
5060.0000 2.234380e+01
5061.2500 2.974539e+00
5062.5000 2.588140e+01
5063.7500 3.956939e+00
5065.0000 2.309471e+01
5066.2500 3.726789e+01
5067.5000 2.001661e+01
5068.7500 3.433760e+01
5070.0000 1.151809e+00
5071.2500 1.737896e+01
5072.5000 1.412398e+01
5073.7500 3.291787e+01
5075.0000 2.280604e+01
5076.2500 2.358939e+01
5077.5000 1.033798e+01
5078.7500 4.030939e+01
5080.0000 3.407596e+01
5081.2500 -1.729611e+01
5082.5000 -6.055890e+00
5083.7500 1.128937e+01
5085.0000 3.280961e+01
5086.2500 -1.035751e+00
5087.5000 -1.013024e+01
5088.7500 2.054246e+01
5090.0000 1.292930e+01
5091.2500 4.067441e+01
5092.5000 1.075597e+01
5093.7500 -5.192466e-01
5095.0000 1.105752e+01
5096.2500 1.364176e+01
5097.5000 6.137594e+00
5098.7500 7.221055e+00
5100.0000 8.350554e+00
5101.2500 7.247877e+00
5102.5000 2.684954e+01
5103.7500 1.943011e+01
5105.0000 1.174622e+01
5106.2500 2.528503e+01
5107.5000 -4.829829e-01
5108.7500 1.547425e+01
5110.0000 3.513803e+01
5111.2500 2.501412e+01
5112.5000 4.214056e+01
5113.7500 1.976686e+01
5115.0000 2.805768e+01
5116.2500 2.257824e+01
5117.5000 1.895170e+01
5118.7500 4.281776e+01
5120.0000 2.133770e+01
5121.2500 -1.601328e+01
5122.5000 4.690252e+01
5123.7500 1.577320e+01
5125.0000 1.195536e+01
5126.2500 2.514127e+01
5127.5000 1.441771e+01
5128.7500 9.407177e+00
5130.0000 1.219234e+01
5131.2500 5.591708e+00
5132.5000 -6.146318e+00
5133.7500 1.231902e+01
5135.0000 -1.384259e+00
5136.2500 2.033752e+01
5137.5000 1.423928e+01
5138.7500 -4.300419e+00
5140.0000 2.186060e+01
5141.2500 -1.553172e+01
5142.5000 1.937132e+01
5143.7500 3.090680e+01
5145.0000 1.470374e+01
5146.2500 -2.177273e+01
5147.5000 2.643842e+01
5148.7500 4.100335e+00
5150.0000 2.191351e+01
5151.2500 1.193155e+01
5152.5000 -2.540354e+01
5153.7500 1.300391e+01
5155.0000 1.398271e+01
5156.2500 3.225081e+00
5157.5000 5.994541e+00
5158.7500 -1.014942e+01
5160.0000 1.067437e+01
5161.2500 1.778011e+01
5162.5000 2.719366e+01
5163.7500 2.117359e+01
5165.0000 1.595355e+01
5166.2500 -2.168303e+00
5167.5000 1.830549e+01
5168.7500 1.434369e+01
5170.0000 2.244428e+01
5171.2500 -1.392815e-01
5172.5000 1.490263e+01
5173.7500 1.936614e+01
5175.0000 3.324026e+01
5176.2500 -1.210578e+01
5177.5000 -6.882275e+00
5178.7500 2.066935e+01
5180.0000 3.062912e+01
5181.2500 1.038942e+01
5182.5000 3.859237e+00
5183.7500 6.695324e+00
5185.0000 -5.137711e+00
5186.2500 1.786762e+00
5187.5000 1.497909e+01
5188.7500 2.717044e-01
5190.0000 3.828474e+01
5191.2500 3.343876e+01
5192.5000 8.706451e+00
5193.7500 -1.316523e+00
5195.0000 7.831059e+00
5196.2500 2.578354e+01
5197.5000 2.838665e+01
5198.7500 1.618305e+01
5200.0000 5.619609e-01
5201.2500 -1.694088e+01
5202.5000 3.923484e+00
5203.7500 9.262096e+00
5205.0000 1.254101e+01
5206.2500 3.022190e+01
5207.5000 2.961321e+01
5208.7500 4.493799e+01
5210.0000 2.486062e+01
5211.2500 -2.069087e-01
5212.5000 1.226981e+01
5213.7500 2.293307e+01
5215.0000 2.017857e+01
5216.2500 3.364689e+01
5217.5000 9.900313e+00
5218.7500 1.050334e+01
5220.0000 -4.134084e+00
5221.2500 3.528559e+01
5222.5000 2.133965e+01
5223.7500 2.973367e+01
5225.0000 2.061581e+01
5226.2500 -1.528554e+00
5227.5000 -7.105594e-01
5228.7500 7.418296e+00
5230.0000 8.039485e+00
5231.2500 3.852324e+01
5232.5000 5.038691e+00
5233.7500 1.705425e+01
5235.0000 2.279298e+01
5236.2500 -3.063776e+00
5237.5000 5.208306e+01
5238.7500 2.576040e+01
5240.0000 2.653889e+01
5241.2500 2.453879e+01
5242.5000 2.913288e+01
5243.7500 2.756813e+01
5245.0000 2.651115e+01
5246.2500 1.716217e+01
5247.5000 1.587915e+01
5248.7500 4.021364e+00
5250.0000 1.634059e+01
5251.2500 1.598614e+01
5252.5000 8.224994e+00
5253.7500 8.150644e+00
5255.0000 -5.617268e+00
5256.2500 1.542940e+01
5257.5000 1.986601e+01
5258.7500 1.856447e+01
5260.0000 -1.415989e+01
5261.2500 1.869331e+01
5262.5000 2.706403e+01
5263.7500 2.255886e+00
5265.0000 9.811308e+00
5266.2500 1.774927e+00
5267.5000 1.736022e+00
5268.7500 2.612240e+01
5270.0000 1.418093e+01
5271.2500 -1.783753e+00
5272.5000 2.086704e+01
5273.7500 1.252020e+01
5275.0000 1.994164e+01
5276.2500 2.335099e+01
5277.5000 -1.464707e+01
5278.7500 3.277772e+01
5280.0000 1.129076e+01
5281.2500 2.015721e+01
5282.5000 2.009797e+01
5283.7500 9.822030e+00
5285.0000 3.670016e+01
5286.2500 1.554556e+00
5287.5000 1.948171e+01
5288.7500 2.550522e+01
5290.0000 3.635476e+01
5291.2500 2.373919e+00
5292.5000 2.391066e+01
5293.7500 1.190798e+01
5295.0000 2.369753e+01
5296.2500 -6.621636e+00
5297.5000 7.744422e+00
5298.7500 1.664203e+01
5300.0000 2.388615e+01
5301.2500 3.058379e+01
5302.5000 -1.058586e+00
5303.7500 3.443534e+00
5305.0000 5.708687e+00
5306.2500 3.044403e+01
5307.5000 5.417682e+00
5308.7500 7.862089e-01
5310.0000 1.760604e+00
5311.2500 -6.736964e+00
5312.5000 4.896746e-01
5313.7500 -1.196555e-01
5315.0000 2.666994e+01
5316.2500 4.025497e+01
5317.5000 2.408326e+01
5318.7500 2.270567e+01
5320.0000 1.309663e+00
5321.2500 -1.568825e+00
5322.5000 1.303990e+01
5323.7500 -1.126718e+00
5325.0000 1.012497e+01
5326.2500 1.705519e+01
5327.5000 1.700513e+01
5328.7500 -1.794379e+00
5330.0000 3.031217e+01
5331.2500 1.528098e+01
5332.5000 1.013186e+01
5333.7500 1.047272e+01
5335.0000 3.057659e+01
5336.2500 2.487292e+00
5337.5000 1.672775e+01
5338.7500 -2.412347e+01
5340.0000 1.328078e+01
5341.2500 1.374482e+01
5342.5000 1.124435e+01
5343.7500 9.149406e+00
5345.0000 2.543355e+01
5346.2500 1.101134e+01
5347.5000 2.082289e+00
5348.7500 3.151718e+01
5350.0000 -3.074616e+00
5351.2500 3.304101e+01
5352.5000 -6.647654e+00
5353.7500 8.964804e+00
5355.0000 6.120601e+00
5356.2500 2.380831e+01
5357.5000 7.942825e+00
5358.7500 1.130386e+01
5360.0000 1.366582e+01
5361.2500 3.584374e+01
5362.5000 3.166803e+01
5363.7500 9.240797e+00
5365.0000 2.671358e+01
5366.2500 1.923169e+01
5367.5000 4.525973e+01
5368.7500 2.263904e+01
5370.0000 -4.249547e-01
5371.2500 9.324991e+00
5372.5000 2.143805e+00
5373.7500 9.975558e+00
5375.0000 1.568219e+01
5376.2500 3.359414e+01
5377.5000 1.082043e+01
5378.7500 3.131592e+01
5380.0000 -4.194522e+00
5381.2500 1.850922e+01
5382.5000 1.019979e+01
5383.7500 -7.699516e+00
5385.0000 -1.826434e+00
5386.2500 2.050944e+01
5387.5000 2.859533e+01
5388.7500 2.025657e+01
5390.0000 1.760719e+01
5391.2500 1.549625e+01
5392.5000 2.476306e+01
5393.7500 2.952259e+01
5395.0000 2.875218e+01
5396.2500 2.521427e+01
5397.5000 7.512166e+00
5398.7500 -1.398545e+01
5400.0000 1.197858e+01
5401.2500 2.466270e+01
5402.5000 9.862545e+00
5403.7500 6.554470e+00
5405.0000 2.644383e+01
5406.2500 9.852698e+00
5407.5000 1.778440e+01
5408.7500 2.409712e+01
5410.0000 5.744591e+00
5411.2500 2.177862e+01
5412.5000 2.652692e+01
5413.7500 1.922041e+01
5415.0000 1.948058e+01
5416.2500 1.429276e+01
5417.5000 1.619608e+01
5418.7500 1.849055e+01
5420.0000 3.517136e+01
5421.2500 7.867537e+00
5422.5000 1.360309e+01
5423.7500 2.054225e+01
5425.0000 1.575290e+01
5426.2500 2.643214e+01
5427.5000 7.199045e+00
5428.7500 -5.344070e+00
5430.0000 1.701818e+01
5431.2500 1.015797e+01
5432.5000 2.427509e+01
5433.7500 2.870213e+01
5435.0000 1.946968e+01
5436.2500 3.169821e+01
5437.5000 2.439559e+01
5438.7500 1.798582e+01
5440.0000 4.393788e+01
5441.2500 1.927366e+01
5442.5000 1.894685e+01
5443.7500 8.849965e+00
5445.0000 1.191942e+01
5446.2500 1.293266e+01
5447.5000 -1.740386e+00
5448.7500 2.167559e+01
5450.0000 -6.872091e+00
5451.2500 8.824999e+00
5452.5000 1.706212e+01
5453.7500 6.906778e+00
5455.0000 2.292617e+01
5456.2500 3.004084e+01
5457.5000 4.789388e+01
5458.7500 1.671947e+01
5460.0000 1.619574e+01
5461.2500 1.310145e+01
5462.5000 2.035576e+01
5463.7500 2.786916e+01
5465.0000 -6.461323e+00
5466.2500 -4.767548e+00
5467.5000 3.030424e+01
5468.7500 4.306979e+01
5470.0000 2.938770e+01
5471.2500 1.710352e+01
5472.5000 1.182081e+01
5473.7500 9.577105e+00
5475.0000 1.867932e+01
5476.2500 -2.394043e+00
5477.5000 1.994646e+01
5478.7500 3.149592e+01
5480.0000 2.526413e+01
5481.2500 1.631565e+01
5482.5000 6.718870e+00
5483.7500 6.806216e-01
5485.0000 -1.576280e+00
5486.2500 1.125685e+01
5487.5000 8.447204e-01
5488.7500 2.860507e+01
5490.0000 1.888629e+01
5491.2500 3.346114e+01
5492.5000 1.309139e+01
5493.7500 4.141638e+01
5495.0000 1.687330e+01
5496.2500 4.900839e+00
5497.5000 2.889704e+01
5498.7500 3.371068e+01
5500.0000 2.483635e+01
5501.2500 -7.963020e+00
5502.5000 2.915016e+01
5503.7500 7.621603e+00
5505.0000 1.783303e+01
5506.2500 3.450575e+00
5507.5000 -3.523479e+00
5508.7500 -4.830565e+00
5510.0000 4.030238e+00
5511.2500 8.078921e-01
5512.5000 2.324604e+01
5513.7500 4.741334e-01
5515.0000 7.121768e+00
5516.2500 3.078181e+00
5517.5000 2.221319e+01
5518.7500 2.430340e+00
5520.0000 1.821944e+01
5521.2500 -1.124623e+01
5522.5000 2.000125e+01
5523.7500 6.044617e+00
5525.0000 2.425355e+00
5526.2500 -4.179834e+00
5527.5000 -1.341048e+00
5528.7500 3.623530e+00
5530.0000 -2.905209e+00
5531.2500 4.164324e+01
5532.5000 1.063322e+01
5533.7500 1.680663e+01
5535.0000 1.856752e+00
5536.2500 2.399772e+01
5537.5000 7.493161e+00
5538.7500 4.023324e+01
5540.0000 1.713405e+01
5541.2500 -6.122953e+00
5542.5000 2.889465e+01
5543.7500 2.815008e+01
5545.0000 3.038691e+01
5546.2500 3.586401e+01
5547.5000 -2.724203e+00
5548.7500 2.734668e+01
5550.0000 1.288300e+01
5551.2500 1.333494e+01
5552.5000 3.549319e+01
5553.7500 3.861947e+01
5555.0000 2.096148e+01
5556.2500 1.436064e+01
5557.5000 3.225982e+01
5558.7500 3.492381e+00
5560.0000 -7.032853e+00
5561.2500 9.669024e+00
5562.5000 3.082165e+01
5563.7500 -7.843815e+00
5565.0000 2.555050e+01
5566.2500 2.723321e+01
5567.5000 2.299151e+01
5568.7500 3.457243e+01
5570.0000 5.183300e+01
5571.2500 -2.137273e+01
5572.5000 2.292216e+00
5573.7500 1.620509e+01
5575.0000 1.154451e+01
5576.2500 1.279361e+01
5577.5000 1.328254e+01
5578.7500 1.364978e+01
5580.0000 1.593148e+01
5581.2500 2.017935e+01
5582.5000 1.996483e+00
5583.7500 4.429286e+00
5585.0000 2.245650e+00
5586.2500 6.862012e+00
5587.5000 1.094259e+01
5588.7500 1.217795e+01
5590.0000 2.938567e+01
5591.2500 5.637640e+00
5592.5000 3.284957e+00
5593.7500 1.417147e+01
5595.0000 -5.125025e-01
5596.2500 4.138147e+01
5597.5000 -2.196224e+01
5598.7500 2.524034e+01
5600.0000 1.339726e+01
5601.2500 2.797731e+01
5602.5000 3.469223e+00
5603.7500 5.892721e+00
5605.0000 1.294703e+01
5606.2500 2.349394e+01
5607.5000 5.162764e+01
5608.7500 4.539112e+01
5610.0000 3.970958e+01
5611.2500 1.794473e+01
5612.5000 -3.180041e+00
5613.7500 -1.358347e+00
5615.0000 1.661121e+01
5616.2500 2.769208e+01
5617.5000 6.620376e+00
5618.7500 9.929789e+00
5620.0000 3.551184e+01
5621.2500 4.098734e+01
5622.5000 5.781086e+01
5623.7500 1.743915e+01
5625.0000 3.048890e-01
5626.2500 3.766837e+01
5627.5000 3.982272e+01
5628.7500 6.708084e-01
5630.0000 6.984787e+00
5631.2500 2.819822e+01
5632.5000 2.445076e+01
5633.7500 -3.406361e+00
5635.0000 3.086241e+01
5636.2500 1.501601e+01
5637.5000 3.353733e+01
5638.7500 1.867704e+01
5640.0000 1.422854e+01
5641.2500 2.275473e+01
5642.5000 2.487871e+01
5643.7500 3.717429e+01
5645.0000 2.048039e+01
5646.2500 7.334519e+00
5647.5000 2.311318e+01
5648.7500 2.504675e+01
5650.0000 1.896736e+01
5651.2500 3.092037e+01
5652.5000 1.626830e+01
5653.7500 6.418345e+00
5655.0000 2.520458e+00
5656.2500 3.007906e+01
5657.5000 2.234677e+01
5658.7500 1.624584e+01
5660.0000 3.910944e+01
5661.2500 3.316132e+01
5662.5000 1.186970e+01
5663.7500 3.333734e+01
5665.0000 2.365791e+01
5666.2500 2.155399e+01
5667.5000 2.254118e+01
5668.7500 3.458708e+01
5670.0000 3.575237e+01
5671.2500 2.396054e+01
5672.5000 2.454272e+01
5673.7500 -8.353364e-01
5675.0000 3.354446e+01
5676.2500 1.624848e+01
5677.5000 7.718149e+00
5678.7500 2.834175e+00
5680.0000 -2.912338e+00
5681.2500 8.011032e+00
5682.5000 2.488021e+01
5683.7500 2.015285e+01
5685.0000 -1.089644e+00
5686.2500 2.294789e+01
5687.5000 2.335434e+01
5688.7500 7.290887e+00
5690.0000 4.734251e+01
5691.2500 2.017879e+01
5692.5000 7.144772e+00
5693.7500 4.223699e+01
5695.0000 8.125807e+00
5696.2500 5.992259e+00
5697.5000 9.889105e+00
5698.7500 1.593523e+01
5700.0000 4.302137e+00
5701.2500 9.069401e+00
5702.5000 1.841898e+01
5703.7500 2.745335e+01
5705.0000 -1.610033e+01
5706.2500 2.404668e+01
5707.5000 3.170164e+01
5708.7500 2.267448e+01
5710.0000 2.757315e+01
5711.2500 6.508363e+01
5712.5000 2.014117e+01
5713.7500 -6.834699e-01
5715.0000 1.437574e+01
5716.2500 1.109744e+01
5717.5000 1.243397e-01
5718.7500 7.419052e+00
5720.0000 1.268707e+01
5721.2500 1.013535e+01
5722.5000 2.118592e+01
5723.7500 6.592681e+00
5725.0000 9.068354e+00
5726.2500 1.129570e+01
5727.5000 2.227970e+01
5728.7500 1.024524e+01
5730.0000 3.691911e+01
5731.2500 1.926875e+01
5732.5000 -1.206835e+00
5733.7500 3.218994e+01
5735.0000 3.710217e+01
5736.2500 3.007537e+01
5737.5000 2.287800e+01
5738.7500 2.424835e+01
5740.0000 2.038813e+01
5741.2500 2.163058e+01
5742.5000 1.619049e+01
5743.7500 1.859120e+01
5745.0000 2.763178e+01
5746.2500 1.799986e+01
5747.5000 1.921495e+01
5748.7500 2.108194e+01
5750.0000 2.795722e+00
5751.2500 -1.409308e+00
5752.5000 2.445695e+01
5753.7500 1.862433e+01
5755.0000 3.834505e+01
5756.2500 3.086897e+01
5757.5000 4.235028e+01
5758.7500 1.522135e+01
5760.0000 4.551098e+01
5761.2500 1.925601e+01
5762.5000 1.947352e+01
5763.7500 3.949408e+01
5765.0000 2.558525e+01
5766.2500 3.277523e+01
5767.5000 1.905684e+01
5768.7500 1.219844e+01
5770.0000 1.843929e+01
5771.2500 2.599791e+01
5772.5000 3.077178e+01
5773.7500 2.232433e+01
5775.0000 3.917564e+01
5776.2500 4.507966e+01
5777.5000 8.846083e+00
5778.7500 2.211718e+01
5780.0000 1.232849e+01
5781.2500 -8.737379e-01
5782.5000 3.620447e+01
5783.7500 3.148916e+01
5785.0000 1.895507e+01
5786.2500 1.863729e+01
5787.5000 2.478540e+00
5788.7500 2.479778e+01
5790.0000 3.242209e+01
5791.2500 1.993972e+01
5792.5000 3.966367e+01
5793.7500 3.835065e+01
5795.0000 4.220712e+01
5796.2500 1.134687e+01
5797.5000 7.041500e+00
5798.7500 1.464789e+01
5800.0000 2.492786e+01
5801.2500 3.484163e+01
5802.5000 2.477298e+01
5803.7500 2.096659e+01
5805.0000 5.811710e+00
5806.2500 2.108052e+01
5807.5000 -1.002957e+01
5808.7500 2.248184e+01
5810.0000 1.499647e+01
5811.2500 3.721458e+01
5812.5000 1.927641e+01
5813.7500 4.656012e+00
5815.0000 2.339062e+01
5816.2500 2.566441e+01
5817.5000 2.086337e+01
5818.7500 2.653916e+01
5820.0000 1.176805e+01
5821.2500 3.049583e+01
5822.5000 2.413110e+01
5823.7500 5.000927e+01
5825.0000 1.545888e+01
5826.2500 3.375635e+01
5827.5000 7.162748e+00
5828.7500 2.789909e+01
5830.0000 1.853125e+01
5831.2500 4.436291e+01
5832.5000 2.025402e+01
5833.7500 5.287199e+00
5835.0000 3.143138e+01
5836.2500 3.576778e+01
5837.5000 3.267942e+01
5838.7500 3.194187e+01
5840.0000 2.232689e+01
5841.2500 1.394108e+01
5842.5000 1.481886e+01
5843.7500 2.359741e+01
5845.0000 7.734020e+00
5846.2500 2.257250e+01
5847.5000 2.191550e+01
5848.7500 2.706677e+00
5850.0000 1.634110e+01
5851.2500 1.821282e+01
5852.5000 8.611575e+00
5853.7500 2.012027e+01
5855.0000 1.421047e+01
5856.2500 1.503358e+01
5857.5000 2.819783e+01
5858.7500 3.769053e+01
5860.0000 2.187040e+01
5861.2500 9.175425e+00
5862.5000 2.074632e+01
5863.7500 -1.302141e+00
5865.0000 4.439624e+01
5866.2500 -1.724849e+00
5867.5000 1.726594e+01
5868.7500 3.387003e+01
5870.0000 -1.241056e+00
5871.2500 2.292326e+00
5872.5000 9.766224e+00
5873.7500 -7.109431e+00
5875.0000 1.662169e+01
5876.2500 2.860295e+01
5877.5000 2.576725e+01
5878.7500 1.673752e+01
5880.0000 1.253466e+01
5881.2500 3.209016e+01
5882.5000 2.377817e+01
5883.7500 2.227164e+01
5885.0000 2.039573e+01
5886.2500 1.142805e+01
5887.5000 1.020069e+01
5888.7500 1.848217e+01
5890.0000 1.136409e+01
5891.2500 3.803272e+01
5892.5000 1.371357e+01
5893.7500 3.015051e+01
5895.0000 9.599437e+00
5896.2500 1.548338e+01
5897.5000 1.446707e+01
5898.7500 2.497184e+01
5900.0000 2.029218e+00
5901.2500 6.781742e+00
5902.5000 1.931987e+01
5903.7500 2.476677e+01
5905.0000 1.490877e+01
5906.2500 1.414446e+01
5907.5000 1.531238e+01
5908.7500 3.660223e+01
5910.0000 2.857517e+01
5911.2500 1.148737e+01
5912.5000 2.340119e+01
5913.7500 -6.188454e+00
5915.0000 1.174613e+01
5916.2500 2.120451e+00
5917.5000 9.083134e+00
5918.7500 2.781784e+00
5920.0000 2.697498e+01
5921.2500 2.209150e+01
5922.5000 1.021720e+01
5923.7500 3.196048e+01
5925.0000 9.482320e+00
5926.2500 -1.813537e+01
5927.5000 2.860534e+01
5928.7500 2.675846e+01
5930.0000 1.671025e+01
5931.2500 1.145736e+01
5932.5000 3.120662e+01
5933.7500 3.728864e+01
5935.0000 -4.083504e+00
5936.2500 2.364723e+01
5937.5000 2.731031e+01
5938.7500 9.113512e+00
5940.0000 1.478189e+01
5941.2500 5.273373e+00
5942.5000 5.418350e+00
5943.7500 1.671991e+01
5945.0000 1.865889e+00
5946.2500 2.156208e+01
5947.5000 2.555740e+01
5948.7500 4.107642e+01
5950.0000 1.210588e+01
5951.2500 1.302732e+01
5952.5000 2.018176e+01
5953.7500 8.845943e+00
5955.0000 3.287425e-01
5956.2500 3.113757e+01
5957.5000 2.367829e+01
5958.7500 3.187056e+01
5960.0000 2.088806e+01
5961.2500 2.905459e+01
5962.5000 1.887022e+01
5963.7500 1.145238e+01
5965.0000 2.032177e+01
5966.2500 1.069102e+01
5967.5000 1.712094e+01
5968.7500 -3.812318e-01
5970.0000 3.320085e-01
5971.2500 3.134432e+01
5972.5000 3.194236e+01
5973.7500 -4.151459e+00
5975.0000 2.552043e+01
5976.2500 1.932167e+01
5977.5000 2.095706e+01
5978.7500 9.261860e+00
5980.0000 5.596004e+00
5981.2500 1.007532e+01
5982.5000 7.836506e+00
5983.7500 2.668537e+01
5985.0000 3.090807e+00
5986.2500 3.010842e+01
5987.5000 3.751320e+01
5988.7500 6.364770e+00
5990.0000 3.096401e+01
5991.2500 4.239817e+01
5992.5000 2.488679e+01
5993.7500 2.465182e+01
5995.0000 2.270458e+01
5996.2500 1.178533e+01
5997.5000 2.241783e+01
5998.7500 3.532365e+00
6000.0000 4.455581e+01
6001.2500 1.238286e+01
6002.5000 2.273756e+01
6003.7500 1.945847e+01
6005.0000 2.509896e+01
6006.2500 2.296734e+01
6007.5000 1.149486e+01
6008.7500 1.968735e+01
6010.0000 3.732273e+01
6011.2500 1.917457e+01
6012.5000 5.732262e+00
6013.7500 1.986664e+01
6015.0000 -9.333761e+00
6016.2500 -2.391624e+00
6017.5000 5.240915e+00
6018.7500 1.430563e+01
6020.0000 1.801955e+01
6021.2500 2.751930e+01
6022.5000 1.443397e+01
6023.7500 2.749246e+00
6025.0000 2.061353e+01
6026.2500 1.097302e+01
6027.5000 1.168188e+01
6028.7500 -4.064402e+00
6030.0000 2.488003e+01
6031.2500 2.026254e+01
6032.5000 2.588052e+01
6033.7500 2.514984e+01
6035.0000 2.536945e+01
6036.2500 2.458658e+01
6037.5000 2.563705e+01
6038.7500 2.994182e+01
6040.0000 4.015989e+01
6041.2500 2.281447e+01
6042.5000 3.714283e+01
6043.7500 2.072287e+01
6045.0000 2.650306e+01
6046.2500 2.507227e+01
6047.5000 2.083970e+01
6048.7500 1.502943e+01
6050.0000 1.487882e+01
6051.2500 1.892322e+01
6052.5000 2.113596e+01
6053.7500 1.696599e+01
6055.0000 3.843728e+01
6056.2500 1.083230e+01
6057.5000 -2.434321e+00
6058.7500 2.615579e+01
6060.0000 2.700759e+00
6061.2500 5.003104e+00
6062.5000 2.319502e+00
6063.7500 2.126589e+01
6065.0000 2.522603e+01
6066.2500 5.429504e+00
6067.5000 -1.841121e+00
6068.7500 2.818064e+01
6070.0000 1.268111e+01
6071.2500 -6.773728e+00
6072.5000 6.836482e+00
6073.7500 6.342893e-01
6075.0000 2.761272e+01
6076.2500 4.028959e+01
6077.5000 1.088508e+01
6078.7500 1.951974e+01
6080.0000 1.492714e+01
6081.2500 3.110374e+01
6082.5000 2.594992e+01
6083.7500 8.003996e+00
6085.0000 2.838962e+01
6086.2500 2.017944e+01
6087.5000 1.638729e+01
6088.7500 1.594595e+01
6090.0000 3.292709e+00
6091.2500 2.284127e+01
6092.5000 4.677354e+00
6093.7500 2.252258e+01
6095.0000 1.194010e+01
6096.2500 1.963921e+01
6097.5000 8.856084e+00
6098.7500 1.288479e+01
6100.0000 2.760903e+01
6101.2500 4.307593e+01
6102.5000 1.226108e+01
6103.7500 7.862763e+00
6105.0000 4.129831e+01
6106.2500 7.001261e+00
6107.5000 2.910235e+01
6108.7500 1.499540e+01
6110.0000 2.546961e+01
6111.2500 -1.332517e+01
6112.5000 2.918375e+01
6113.7500 4.067917e+01
6115.0000 2.593120e+01
6116.2500 2.239988e+01
6117.5000 3.342299e+01
6118.7500 3.967915e+01
6120.0000 1.060749e+01
6121.2500 9.350945e+00
6122.5000 -5.573254e+00
6123.7500 1.739104e+01
6125.0000 2.636488e+01
6126.2500 3.528922e+01
6127.5000 2.281041e+01
6128.7500 1.675362e+01
6130.0000 2.036817e+01
6131.2500 1.860122e+00
6132.5000 -2.922907e+00
6133.7500 3.968529e+00
6135.0000 3.270622e+01
6136.2500 3.172481e+01
6137.5000 1.749333e+01
6138.7500 1.680201e+01
6140.0000 2.741076e+01
6141.2500 1.935462e+01
6142.5000 2.370806e+01
6143.7500 2.965064e+01
6145.0000 3.831985e+01
6146.2500 1.573987e+01
6147.5000 1.859342e+01
6148.7500 1.420559e+01
6150.0000 9.985340e+00
6151.2500 1.244287e+01
6152.5000 2.279152e+01
6153.7500 8.468623e+00
6155.0000 2.754808e+01
6156.2500 4.137418e+01
6157.5000 1.018856e+01
6158.7500 7.645945e+00
6160.0000 2.659783e+01
6161.2500 1.897234e+01
6162.5000 1.311286e+01
6163.7500 1.741336e+01
6165.0000 2.704157e+01
6166.2500 1.051474e+01
6167.5000 1.021877e+01
6168.7500 2.004436e+01
6170.0000 -5.807357e+00
6171.2500 -1.501579e+01
6172.5000 -4.705240e+00
6173.7500 2.447179e+01
6175.0000 3.810690e+01
6176.2500 1.673028e+01
6177.5000 -6.206571e+00
6178.7500 2.321626e+01
6180.0000 2.034505e+01
6181.2500 2.644670e+01
6182.5000 -6.628491e+00
6183.7500 1.318714e+01
6185.0000 2.380403e+01
6186.2500 1.202772e+01
6187.5000 5.982213e+00
6188.7500 3.045152e+01
6190.0000 1.762515e+01
6191.2500 2.214076e+01
6192.5000 2.309377e+01
6193.7500 1.221447e+01
6195.0000 1.514544e+01
6196.2500 1.172321e+01
6197.5000 1.724012e+01
6198.7500 2.946284e+01
6200.0000 -6.980274e+00
6201.2500 1.953369e+01
6202.5000 3.498856e+01
6203.7500 1.603262e+01
6205.0000 -4.875115e-01
6206.2500 3.348201e+01
6207.5000 2.073360e+00
6208.7500 1.274829e+01
6210.0000 3.955047e+01
6211.2500 1.479616e+01
6212.5000 1.767424e+01
6213.7500 4.876384e+01
6215.0000 1.542703e+01
6216.2500 2.153463e+01
6217.5000 3.563563e+01
6218.7500 2.638680e+01
6220.0000 3.900850e+01
6221.2500 3.567308e+01
6222.5000 6.055359e+00
6223.7500 1.942758e+00
6225.0000 2.568563e+01
6226.2500 7.555799e+00
6227.5000 2.445093e+01
6228.7500 1.882374e+01
6230.0000 3.106762e+01
6231.2500 7.800403e+00
6232.5000 2.231798e+01
6233.7500 -1.545458e+01
6235.0000 2.559082e+01
6236.2500 1.237543e+01
6237.5000 2.949881e+00
6238.7500 2.127567e+00
6240.0000 1.212353e+01
6241.2500 3.751394e+01
6242.5000 1.471463e+01
6243.7500 4.005021e+01
6245.0000 1.504751e+01
6246.2500 5.711393e+00
6247.5000 3.192533e+01
6248.7500 1.709931e+01
6250.0000 1.001809e+01
6251.2500 1.849138e+01
6252.5000 2.712761e+01
6253.7500 7.283888e-01
6255.0000 1.352569e+01
6256.2500 -2.700752e+01
6257.5000 6.738054e+00
6258.7500 -2.339615e+01
6260.0000 -6.588718e+00
6261.2500 3.570361e+01
6262.5000 1.943155e+01
6263.7500 3.605723e+00
6265.0000 3.539987e+00
6266.2500 -2.898101e+00
6267.5000 2.312202e+01
6268.7500 1.477689e+01
6270.0000 2.914554e+01
6271.2500 1.891076e+01
6272.5000 -2.863736e+00
6273.7500 1.177219e+01
6275.0000 2.179789e+01
6276.2500 7.604370e-01
6277.5000 9.539015e+00
6278.7500 1.271240e+01
6280.0000 9.045661e+00
6281.2500 3.411477e+01
6282.5000 1.311509e+01
6283.7500 9.717256e+00
6285.0000 2.747453e+01
6286.2500 -7.333849e+00
6287.5000 3.971554e+01
6288.7500 2.611790e+00
6290.0000 3.158507e+01
6291.2500 3.907594e+00
6292.5000 3.493258e+01
6293.7500 2.360728e+01
6295.0000 1.653633e+01
6296.2500 -6.752827e+00
6297.5000 5.448509e+00
6298.7500 1.866458e+01
6300.0000 1.038075e+01
6301.2500 2.063110e+01
6302.5000 1.658721e+00
6303.7500 2.651444e+01
6305.0000 1.499374e+01
6306.2500 1.059050e+01
6307.5000 -5.845690e+00
6308.7500 -4.597806e+00
6310.0000 3.796035e+01
6311.2500 3.661353e+01
6312.5000 3.510971e+01
6313.7500 1.638364e+01
6315.0000 1.691639e+01
6316.2500 2.269303e+01
6317.5000 2.075632e+01
6318.7500 7.341112e+00
6320.0000 5.427227e+00
6321.2500 5.797190e+00
6322.5000 -1.656741e+01
6323.7500 1.558249e+01
6325.0000 1.803047e+01
6326.2500 1.369519e+01
6327.5000 3.099441e+00
6328.7500 5.763573e+00
6330.0000 -2.251263e+01
6331.2500 -4.316073e+00
6332.5000 8.637648e+00
6333.7500 1.046389e+01
6335.0000 3.346802e+01
6336.2500 3.945742e+01
6337.5000 1.083908e+01
6338.7500 4.657368e+00
6340.0000 1.677594e+01
6341.2500 2.315620e+01
6342.5000 3.789310e+01
6343.7500 2.347948e+01
6345.0000 6.292832e+00
6346.2500 -2.582996e-01
6347.5000 1.222875e+01
6348.7500 3.590559e+01
6350.0000 -9.527113e+00
6351.2500 -7.814974e+00
6352.5000 2.093311e+01
6353.7500 1.351988e+01
6355.0000 -8.466275e-01
6356.2500 7.138907e+00
6357.5000 2.158245e+01
6358.7500 2.156009e+01
6360.0000 2.270923e+01
6361.2500 1.220101e+01
6362.5000 2.837149e+00
6363.7500 1.969618e+01
6365.0000 -2.160054e+01
6366.2500 -5.101377e+00
6367.5000 -9.038848e+00
6368.7500 2.027592e+01
6370.0000 2.520004e+01
6371.2500 1.713463e+01
6372.5000 2.491147e+01
6373.7500 1.348746e+01
6375.0000 4.476880e+00
6376.2500 2.263794e+01
6377.5000 1.696320e+01
6378.7500 1.810930e+01
6380.0000 2.891962e+00
6381.2500 1.783302e+01
6382.5000 2.631601e+01
6383.7500 2.870350e+01
6385.0000 2.884302e+01
6386.2500 9.535844e+00
6387.5000 -1.642046e+01
6388.7500 1.505115e+01
6390.0000 1.907424e+01
6391.2500 5.568554e+00
6392.5000 2.404726e+01
6393.7500 6.852340e+00
6395.0000 1.884489e+01
6396.2500 1.356016e+01
6397.5000 1.738557e+01
6398.7500 2.319787e+01
6400.0000 9.600037e+00
6401.2500 1.837590e+01
6402.5000 1.299504e+01
6403.7500 8.661090e+00
6405.0000 9.035211e+00
6406.2500 2.706815e+01
6407.5000 2.674308e+01
6408.7500 2.379650e+01
6410.0000 2.302988e+01
6411.2500 3.927752e+01
6412.5000 1.700248e+01
6413.7500 2.190050e+01
6415.0000 -4.498748e+00
6416.2500 -5.379444e+00
6417.5000 8.923857e+00
6418.7500 6.742343e+00
6420.0000 1.600616e+01
6421.2500 1.520894e+01
6422.5000 1.285268e+01
6423.7500 1.500082e+01
6425.0000 1.673717e+01
6426.2500 2.383435e+01
6427.5000 3.158155e+01
6428.7500 1.844106e+01
6430.0000 1.151922e+01
6431.2500 3.717907e+01
6432.5000 -7.936882e+00
6433.7500 1.389403e+01
6435.0000 4.372503e+01
6436.2500 1.543593e+01
6437.5000 1.835006e+01
6438.7500 -3.548979e+00
6440.0000 2.352051e+01
6441.2500 3.054649e+01
6442.5000 1.482049e+01
6443.7500 1.529232e+01
6445.0000 1.343330e+01
6446.2500 2.067508e+01
6447.5000 2.634287e+01
6448.7500 1.496309e+01
6450.0000 2.208075e+01
6451.2500 1.122728e+01
6452.5000 1.670537e+01
6453.7500 1.653292e+01
6455.0000 2.627230e+01
6456.2500 5.236369e+01
6457.5000 5.102184e+01
6458.7500 3.241865e+01
6460.0000 1.940667e+01
6461.2500 1.845975e+01
6462.5000 9.981622e+00
6463.7500 -4.518929e+00
6465.0000 4.022758e+01
6466.2500 1.875293e+01
6467.5000 4.270288e+00
6468.7500 9.321888e+00
6470.0000 1.651344e+01
6471.2500 1.265987e+00
6472.5000 2.085199e+01
6473.7500 1.167603e+01
6475.0000 3.238752e+01
6476.2500 3.449039e+01
6477.5000 2.613830e+01
6478.7500 1.105670e+01
6480.0000 2.428894e+01
6481.2500 3.148173e+01
6482.5000 1.572764e+01
6483.7500 1.987808e+01
6485.0000 2.583407e+01
6486.2500 1.918542e+01
6487.5000 3.339340e+00
6488.7500 3.083246e+01
6490.0000 2.931302e+01
6491.2500 1.441448e+01
6492.5000 2.959957e+01
6493.7500 7.220891e+00
6495.0000 2.293754e+00
6496.2500 -1.597447e+00
6497.5000 3.355558e+01
6498.7500 1.510454e+01
6500.0000 -3.568489e+01
6501.2500 1.712616e+01
6502.5000 2.439364e+01
6503.7500 1.801851e+01
6505.0000 2.007503e+01
6506.2500 1.557421e+01
6507.5000 2.647908e+01
6508.7500 2.978583e+01
6510.0000 1.371737e+01
6511.2500 1.076795e+01
6512.5000 2.325761e+01
6513.7500 2.401867e+01
6515.0000 1.377244e+01
6516.2500 3.239029e+01
6517.5000 2.644140e+01
6518.7500 2.857515e+00
6520.0000 -2.233611e+00
6521.2500 3.191455e+01
6522.5000 4.303783e+01
6523.7500 1.815613e+01
6525.0000 5.877124e+00
6526.2500 2.401010e+01
6527.5000 3.175992e+01
6528.7500 1.131271e+01
6530.0000 1.987497e+01
6531.2500 2.472824e+01
6532.5000 3.616958e+00
6533.7500 1.406064e+01
6535.0000 -8.036394e+00
6536.2500 1.695281e+01
6537.5000 2.995543e+01
6538.7500 1.938587e+01
6540.0000 2.423704e+01
6541.2500 6.989846e+00
6542.5000 1.294735e+01
6543.7500 3.155972e+01
6545.0000 -8.047654e-01
6546.2500 1.603777e+01
6547.5000 3.189886e+01
6548.7500 3.218814e+01
6550.0000 1.147303e+01
6551.2500 4.647089e+00
6552.5000 2.894791e+01
6553.7500 6.875443e+00
6555.0000 -2.031853e+01
6556.2500 2.331869e+01
6557.5000 3.366400e+01
6558.7500 4.329152e+01
6560.0000 1.814433e+01
6561.2500 -8.741047e+00
6562.5000 -5.217622e+00
6563.7500 2.228409e+01
6565.0000 -4.902857e+00
6566.2500 5.507138e+00
6567.5000 2.068208e+01
6568.7500 3.036025e+01
6570.0000 1.692948e+01
6571.2500 2.375844e+01
6572.5000 5.387838e+00
6573.7500 6.819386e+00
6575.0000 1.456803e+01
6576.2500 2.469160e+01
6577.5000 5.063087e+01
6578.7500 -3.889566e+00
6580.0000 7.030229e+00
6581.2500 1.701875e+01
6582.5000 2.179594e+01
6583.7500 3.006487e+01
6585.0000 1.182231e+01
6586.2500 9.053940e+00
6587.5000 1.773194e+01
6588.7500 1.842215e+01
6590.0000 3.121432e+01
6591.2500 2.355877e+01
6592.5000 2.635483e+01
6593.7500 1.129409e+01
6595.0000 -3.410511e+00
6596.2500 2.223942e+01
6597.5000 1.731970e+01
6598.7500 1.094112e+01
6600.0000 2.169939e+01
6601.2500 1.576760e+01
6602.5000 1.669562e+00
6603.7500 4.813591e+01
6605.0000 1.347559e+00
6606.2500 1.249183e+01
6607.5000 2.880009e+01
6608.7500 2.258524e+01
6610.0000 2.735657e+01
6611.2500 1.415876e+01
6612.5000 1.141242e+01
6613.7500 2.647387e+01
6615.0000 9.203883e+00
6616.2500 1.451926e+01
6617.5000 8.673925e+00
6618.7500 2.022108e+01
6620.0000 2.147333e+01
6621.2500 -2.877526e+00
6622.5000 2.316469e+01
6623.7500 3.222108e+01
6625.0000 2.345195e+01
6626.2500 1.650199e+01
6627.5000 2.192875e+01
6628.7500 1.212633e+01
6630.0000 1.270965e+01
6631.2500 1.081078e+01
6632.5000 8.912037e+00
6633.7500 8.419779e+00
6635.0000 1.453236e+01
6636.2500 1.974916e+01
6637.5000 2.840688e+01
6638.7500 1.074448e+01
6640.0000 1.551988e+01
6641.2500 1.950092e+01
6642.5000 2.719854e+01
6643.7500 8.756391e+00
6645.0000 3.190298e+01
6646.2500 6.588497e+00
6647.5000 2.467105e+01
6648.7500 2.958227e+01
6650.0000 3.624021e+01
6651.2500 2.267607e+01
6652.5000 1.636447e+01
6653.7500 2.495735e+01
6655.0000 1.663001e+01
6656.2500 2.705618e+01
6657.5000 2.381282e+01
6658.7500 1.532622e+01
6660.0000 2.072692e+01
6661.2500 1.438098e+01
6662.5000 3.910328e+01
6663.7500 1.845359e+01
6665.0000 2.630017e+01
6666.2500 2.664946e+01
6667.5000 2.341371e+01
6668.7500 2.530115e+01
6670.0000 2.238412e+01
6671.2500 2.602640e+01
6672.5000 9.159801e+00
6673.7500 2.972770e+01
6675.0000 1.714698e+01
6676.2500 1.989348e+00
6677.5000 1.379964e+01
6678.7500 1.055442e+01
6680.0000 2.092993e+01
6681.2500 2.727073e+01
6682.5000 3.020710e+01
6683.7500 1.213084e+01
6685.0000 2.427416e+01
6686.2500 3.213707e+01
6687.5000 2.297805e+01
6688.7500 1.517798e+01
6690.0000 3.025760e+01
6691.2500 1.029649e+01
6692.5000 5.351624e+00
6693.7500 2.465705e+01
6695.0000 2.944814e+01
6696.2500 -3.009666e+00
6697.5000 2.551518e+01
6698.7500 1.635607e+01
6700.0000 1.669513e+01
6701.2500 3.218716e+01
6702.5000 3.152485e+01
6703.7500 3.524263e+01
6705.0000 1.958915e+01
6706.2500 1.221646e+01
6707.5000 1.722378e+01
6708.7500 2.167261e+01
6710.0000 2.914078e+01
6711.2500 3.310736e+01
6712.5000 1.678560e+01
6713.7500 2.478623e+01
6715.0000 2.938985e+01
6716.2500 2.063259e+01
6717.5000 2.357441e+01
6718.7500 2.295120e+01
6720.0000 1.735812e+01
6721.2500 1.815817e+01
6722.5000 2.723176e+01
6723.7500 2.815639e+01
6725.0000 2.520977e+01
6726.2500 1.482252e+01
6727.5000 1.722184e+01
6728.7500 2.200774e+01
6730.0000 6.809760e+00
6731.2500 6.334127e+00
6732.5000 9.100195e+00
6733.7500 2.116019e+01
6735.0000 1.683006e+01
6736.2500 1.685512e+01
6737.5000 1.012589e+01
6738.7500 3.947013e+01
6740.0000 5.410894e+00
6741.2500 1.246749e+01
6742.5000 1.312947e+01
6743.7500 1.063540e+01
6745.0000 2.150157e+01
6746.2500 2.380422e+01
6747.5000 8.416483e+00
6748.7500 3.694443e+01
6750.0000 2.384257e+01
6751.2500 1.045628e+01
6752.5000 2.065450e+01
6753.7500 2.226560e+01
6755.0000 7.918313e+00
6756.2500 1.201937e+01
6757.5000 4.364758e+01
6758.7500 2.192592e+01
6760.0000 2.328043e+01
6761.2500 1.346352e+00
6762.5000 1.676975e+01
6763.7500 1.787764e+01
6765.0000 1.681448e+01
6766.2500 2.319714e+01
6767.5000 2.179979e+01
6768.7500 2.397774e+01
6770.0000 1.818800e+01
6771.2500 2.939323e+01
6772.5000 3.796760e+01
6773.7500 2.349627e+01
6775.0000 2.020542e+01
6776.2500 1.569918e+01
6777.5000 3.850443e+01
6778.7500 -9.724008e-01
6780.0000 1.006820e+01
6781.2500 1.402361e+01
6782.5000 1.410395e+01
6783.7500 3.146436e+01
6785.0000 3.700147e+01
6786.2500 2.211840e+01
6787.5000 2.401402e+01
6788.7500 2.434005e+01
6790.0000 3.547992e+01
6791.2500 1.250899e+01
6792.5000 2.266527e+01
6793.7500 1.900339e+00
6795.0000 1.486092e+01
6796.2500 1.004086e+01
6797.5000 1.592892e+01
6798.7500 2.897436e+01
6800.0000 2.285458e+01
6801.2500 2.043170e+01
6802.5000 3.341143e+01
6803.7500 9.720898e+00
6805.0000 -4.564015e-01
6806.2500 3.076915e+01
6807.5000 1.559851e+01
6808.7500 7.884225e+00
6810.0000 1.786283e+01
6811.2500 2.428449e+01
6812.5000 1.849136e+01
6813.7500 3.473049e+00
6815.0000 2.097676e+01
6816.2500 2.330062e+01
6817.5000 1.764891e+01
6818.7500 1.153500e+01
6820.0000 1.480574e+01
6821.2500 1.863718e+01
6822.5000 1.304671e+01
6823.7500 2.461594e+00
6825.0000 2.335622e+01
6826.2500 4.043979e+01
6827.5000 8.276073e+00
6828.7500 5.430096e+01
6830.0000 1.640044e+01
6831.2500 3.539380e+00
6832.5000 -1.826196e+00
6833.7500 -3.920224e+01
6835.0000 1.677747e+01
6836.2500 4.552240e+01
6837.5000 1.807420e+01
6838.7500 1.339000e+01
6840.0000 1.215823e+01
6841.2500 3.457332e+01
6842.5000 3.135239e+01
6843.7500 2.571167e+01
6845.0000 2.535293e+01
6846.2500 7.323485e+00
6847.5000 1.430128e+01
6848.7500 1.313640e+01
6850.0000 3.734377e+01
6851.2500 1.757601e+01
6852.5000 2.749935e+01
6853.7500 1.193062e+01
6855.0000 1.646736e+01
6856.2500 1.049764e+01
6857.5000 1.653219e+01
6858.7500 1.102357e+01
6860.0000 1.376095e+01
6861.2500 -1.035531e+01
6862.5000 4.912079e+00
6863.7500 2.017573e+01
6865.0000 1.799913e+01
6866.2500 1.647375e+01
6867.5000 1.420405e+01
6868.7500 1.529883e+01
6870.0000 1.925033e+01
6871.2500 5.480919e+01
6872.5000 1.941524e+01
6873.7500 3.261432e+01
6875.0000 2.324415e+01
6876.2500 2.939871e+01
6877.5000 5.215459e+01
6878.7500 2.452835e+01
6880.0000 -2.059491e+00
6881.2500 2.031991e+01
6882.5000 4.433071e+01
6883.7500 1.515837e+01
6885.0000 2.556467e+01
6886.2500 2.390209e+01
6887.5000 2.908984e+01
6888.7500 5.120827e+01
6890.0000 2.179026e+01
6891.2500 -3.098691e+00
6892.5000 1.031057e+01
6893.7500 2.204110e+01
6895.0000 8.652165e+00
6896.2500 -9.412753e+00
6897.5000 1.205542e+01
6898.7500 3.586946e+01
6900.0000 4.697509e+01
6901.2500 3.689019e+00
6902.5000 9.939648e+00
6903.7500 -2.992586e+00
6905.0000 2.600522e+01
6906.2500 1.155053e+01
6907.5000 1.294253e+01
6908.7500 1.452156e+01
6910.0000 1.953844e+01
6911.2500 1.611414e+01
6912.5000 9.900289e+00
6913.7500 -4.479342e+00
6915.0000 1.016087e+01
6916.2500 2.241398e+01
6917.5000 1.011212e+01
6918.7500 3.125225e+01
6920.0000 2.788417e+01
6921.2500 6.568939e+00
6922.5000 8.341439e+00
6923.7500 -1.645401e+01
6925.0000 9.282231e-02
6926.2500 2.096792e+01
6927.5000 2.775122e+01
6928.7500 1.614422e+01
6930.0000 5.768799e+00
6931.2500 3.694474e+01
6932.5000 1.473610e+01
6933.7500 4.480102e+01
6935.0000 1.500859e+01
6936.2500 1.953109e+01
6937.5000 3.811630e+01
6938.7500 1.467366e+01
6940.0000 1.918734e+01
6941.2500 6.692744e+00
6942.5000 9.719330e+00
6943.7500 1.017294e+01
6945.0000 1.981587e+01
6946.2500 1.156135e+01
6947.5000 1.031015e+01
6948.7500 2.114598e+01
6950.0000 -1.901222e+01
6951.2500 1.103779e+01
6952.5000 8.451682e+00
6953.7500 1.309969e+00
6955.0000 1.624638e+01
6956.2500 1.289455e+01
6957.5000 7.066496e+00
6958.7500 2.792896e+01
6960.0000 1.689852e+01
6961.2500 2.231105e+01
6962.5000 1.720889e+01
6963.7500 1.484250e+01
6965.0000 1.883282e+01
6966.2500 3.627815e+00
6967.5000 1.511664e+01
6968.7500 2.182394e+01
6970.0000 2.622353e+01
6971.2500 2.174253e+01
6972.5000 2.305318e+01
6973.7500 2.080436e+01
6975.0000 1.981174e+01
6976.2500 9.334053e+00
6977.5000 -6.301623e+00
6978.7500 2.218890e+01
6980.0000 -1.612579e+00
6981.2500 1.081403e+01
6982.5000 3.755368e+01
6983.7500 1.205625e+01
6985.0000 4.834640e+00
6986.2500 1.093802e+01
6987.5000 7.544200e+00
6988.7500 1.208043e+01
6990.0000 2.812559e+01
6991.2500 7.511182e+00
6992.5000 1.289477e+01
6993.7500 2.337006e+01
6995.0000 2.389820e+01
6996.2500 3.028632e+01
6997.5000 1.788679e+01
6998.7500 2.372357e+01
7000.0000 2.113795e+01
7001.2500 2.054801e+01
7002.5000 1.420600e+01
7003.7500 2.613178e+01
7005.0000 8.546145e+00
7006.2500 1.807337e+01
7007.5000 1.640059e+01
7008.7500 6.247124e+00
7010.0000 2.802302e+01
7011.2500 3.864427e+01
7012.5000 2.081052e+01
7013.7500 3.869639e+01
7015.0000 2.171656e+01
7016.2500 1.923828e+01
7017.5000 9.807766e+00
7018.7500 3.031891e+01
7020.0000 2.407657e+01
7021.2500 1.833882e+01
7022.5000 3.465002e+00
7023.7500 2.442519e+01
7025.0000 2.953244e+01
7026.2500 3.219722e+01
7027.5000 1.677291e+01
7028.7500 3.897588e+01
7030.0000 1.014675e+01
7031.2500 8.638752e+00
7032.5000 8.574669e+00
7033.7500 3.722183e+01
7035.0000 3.327985e+01
7036.2500 2.457293e+01
7037.5000 2.188264e+01
7038.7500 2.082785e+01
7040.0000 1.036706e+01
7041.2500 1.438651e+01
7042.5000 2.731198e+01
7043.7500 1.464983e+01
7045.0000 3.111773e+01
7046.2500 1.092055e+01
7047.5000 1.664672e+01
7048.7500 3.157505e+01
7050.0000 1.509670e+01
7051.2500 1.521620e+01
7052.5000 1.079568e+01
7053.7500 2.048330e+01
7055.0000 1.141910e+01
7056.2500 1.547047e+01
7057.5000 2.855720e+01
7058.7500 1.939001e+01
7060.0000 2.750734e+01
7061.2500 1.589435e+01
7062.5000 1.788638e+01
7063.7500 3.237688e+01
7065.0000 2.030817e+01
7066.2500 1.476943e+01
7067.5000 3.462806e+00
7068.7500 1.489766e+01
7070.0000 1.333416e+01
7071.2500 2.398516e+01
7072.5000 6.118160e+00
7073.7500 2.824476e+01
7075.0000 2.068682e+01
7076.2500 1.399646e+01
7077.5000 1.102954e+01
7078.7500 4.739377e+00
7080.0000 2.587217e+01
7081.2500 2.248467e+01
7082.5000 2.425484e+01
7083.7500 1.703389e+01
7085.0000 1.744079e+01
7086.2500 2.262929e+01
7087.5000 2.926952e+01
7088.7500 2.508103e+01
7090.0000 2.960079e+01
7091.2500 2.032709e+01
7092.5000 1.165595e+01
7093.7500 2.100742e+01
7095.0000 1.902838e+01
7096.2500 2.826466e+01
7097.5000 2.049718e+01
7098.7500 3.923597e+00
7100.0000 1.491843e+01
7101.2500 1.710662e+01
7102.5000 1.830919e+01
7103.7500 2.178643e+01
7105.0000 1.919346e+01
7106.2500 1.136428e+01
7107.5000 2.934044e+01
7108.7500 2.091148e+01
7110.0000 1.971810e+01
7111.2500 1.447502e+01
7112.5000 2.701901e+01
7113.7500 1.374854e+01
7115.0000 1.526357e+01
7116.2500 1.955405e+01
7117.5000 2.502292e+01
7118.7500 2.982240e+01
7120.0000 1.402937e+01
7121.2500 3.122270e+01
7122.5000 2.741244e+01
7123.7500 1.483844e+01
7125.0000 1.738000e+01
7126.2500 1.398560e+01
7127.5000 1.504860e+01
7128.7500 3.269204e+00
7130.0000 6.972268e+00
7131.2500 1.032361e+00
7132.5000 1.844447e+01
7133.7500 3.317665e+01
7135.0000 1.421131e+01
7136.2500 1.114297e+01
7137.5000 1.997249e+01
7138.7500 3.260352e+01
7140.0000 2.920424e+01
7141.2500 3.065493e+01
7142.5000 2.606927e+01
7143.7500 2.994975e+01
7145.0000 3.412393e+01
7146.2500 1.627205e+01
7147.5000 1.620352e+01
7148.7500 2.103781e+01
7150.0000 3.038499e+01
7151.2500 2.052406e+01
7152.5000 1.689953e+01
7153.7500 1.481663e+01
7155.0000 2.553973e+01
7156.2500 3.356296e+01
7157.5000 1.527708e+01
7158.7500 3.329777e+01
7160.0000 1.174523e+01
7161.2500 2.906904e+01
7162.5000 1.656668e+01
7163.7500 1.404826e+01
7165.0000 8.888381e+00
7166.2500 2.636858e+01
7167.5000 2.042123e+01
7168.7500 2.140413e+01
7170.0000 1.034367e+01
7171.2500 1.615184e+01
7172.5000 4.075074e+01
7173.7500 2.664044e+01
7175.0000 2.736364e+01
7176.2500 2.973694e+01
7177.5000 3.504615e+01
7178.7500 1.753897e+01
7180.0000 3.311478e+01
7181.2500 1.929711e+01
7182.5000 3.737942e+01
7183.7500 2.671820e+01
7185.0000 2.708673e+01
7186.2500 1.849207e+01
7187.5000 1.943743e+00
7188.7500 9.018307e+00
7190.0000 3.417714e+00
7191.2500 2.329320e+01
7192.5000 1.289847e+01
7193.7500 1.720484e+01
7195.0000 1.397501e+01
7196.2500 2.404630e+01
7197.5000 3.552833e+01
7198.7500 4.173542e+01
7200.0000 2.805913e+01
7201.2500 -5.927875e-01
7202.5000 2.815746e+01
7203.7500 3.381755e+01
7205.0000 2.689627e+01
7206.2500 2.165002e+01
7207.5000 2.287413e+01
7208.7500 1.808265e+01
7210.0000 1.369848e+01
7211.2500 2.927485e+01
7212.5000 1.056678e+01
7213.7500 2.161821e+01
7215.0000 4.703720e+01
7216.2500 1.929071e+01
7217.5000 1.890824e+01
7218.7500 2.810617e+01
7220.0000 7.387370e+00
7221.2500 2.092705e+01
7222.5000 4.447411e+01
7223.7500 1.780423e+01
7225.0000 1.687497e+01
7226.2500 2.577231e+01
7227.5000 2.468704e+01
7228.7500 2.054206e+01
7230.0000 3.187461e+01
7231.2500 2.992441e+01
7232.5000 2.544080e+01
7233.7500 3.872420e+00
7235.0000 -1.355945e+01
7236.2500 3.247494e+01
7237.5000 -5.802903e-01
7238.7500 -3.250523e+01
7240.0000 3.009527e+01
7241.2500 4.123935e+01
7242.5000 1.722975e+01
7243.7500 -3.020811e+01
7245.0000 -1.765421e+01
7246.2500 4.647568e+01
7247.5000 3.838882e+01
7248.7500 2.072674e+01
7250.0000 2.590080e+01
7251.2500 -1.095267e+01
7252.5000 1.446947e+01
7253.7500 2.008857e+01
7255.0000 4.663145e+01
7256.2500 2.670926e+01
7257.5000 1.468958e+01
7258.7500 2.072342e+01
7260.0000 1.000312e+01
7261.2500 5.072105e+00
7262.5000 2.763576e+00
7263.7500 1.658061e+01
7265.0000 2.671732e+01
7266.2500 2.446596e+01
7267.5000 1.730896e+01
7268.7500 1.156230e+01
7270.0000 1.176701e+01
7271.2500 2.336286e+01
7272.5000 1.906642e+01
7273.7500 5.497597e+01
7275.0000 -2.223313e+01
7276.2500 3.085218e+01
7277.5000 6.420170e+00
7278.7500 -8.055888e+00
7280.0000 -3.202534e+00
7281.2500 4.031127e+01
7282.5000 -9.204269e+00
7283.7500 6.267783e+00
7285.0000 3.381929e+01
7286.2500 2.485055e+01
7287.5000 3.438156e+01
7288.7500 1.138867e+01
7290.0000 1.305061e+01
7291.2500 2.788465e+01
7292.5000 2.935415e+00
7293.7500 1.160387e+01
7295.0000 3.473088e+01
7296.2500 -1.148527e+01
7297.5000 2.104049e+01
7298.7500 1.315318e+01
7300.0000 9.113599e+00
7301.2500 1.035498e+01
7302.5000 2.385956e+01
7303.7500 1.196878e+01
7305.0000 1.362550e+01
7306.2500 2.543090e+01
7307.5000 1.507460e+01
7308.7500 1.726856e+01
7310.0000 1.206122e+01
7311.2500 6.796158e+00
7312.5000 2.456198e+01
7313.7500 4.388054e+01
7315.0000 3.639162e+01
7316.2500 8.840765e+00
7317.5000 3.207838e+01
7318.7500 2.057704e+01
7320.0000 2.447692e+01
7321.2500 1.795887e+01
7322.5000 6.653217e+00
7323.7500 1.436727e+01
7325.0000 8.189325e+00
7326.2500 3.560624e+01
7327.5000 -1.294710e+01
7328.7500 9.459211e+00
7330.0000 2.947057e+01
7331.2500 2.191362e+01
7332.5000 1.815108e+01
7333.7500 1.160538e+01
7335.0000 4.362763e+00
7336.2500 1.323866e+01
7337.5000 4.118608e+01
7338.7500 3.204970e-01
7340.0000 7.573599e+01
7341.2500 -5.029706e+01
7342.5000 1.525232e+01
7343.7500 1.756328e+01
7345.0000 8.775479e+00
7346.2500 1.140713e+01
7347.5000 1.540345e+01
7348.7500 1.260287e+01
7350.0000 1.648660e+01
7351.2500 -3.350629e+00
7352.5000 1.391796e+01
7353.7500 -3.517457e-01
7355.0000 5.320354e+00
7356.2500 3.193432e+01
7357.5000 4.846304e+01
7358.7500 2.263711e-01
7360.0000 1.098805e+01
7361.2500 2.577764e+01
7362.5000 1.463438e+01
7363.7500 7.611552e+00
7365.0000 1.405891e+01
7366.2500 5.175517e+01
7367.5000 7.076625e+00
7368.7500 5.758561e+01
7370.0000 2.232571e+01
7371.2500 1.968218e+01
7372.5000 1.914292e+01
7373.7500 2.479637e+01
7375.0000 1.496118e+01
7376.2500 1.403841e+01
7377.5000 1.926986e+01
7378.7500 2.132966e+01
7380.0000 3.975978e+00
7381.2500 1.724900e+01
7382.5000 1.786696e+01
7383.7500 2.703101e+01
7385.0000 2.273282e+01
7386.2500 9.208327e+00
7387.5000 1.471305e+01
7388.7500 2.558283e+01
7390.0000 1.112550e+01
7391.2500 -1.535858e+01
7392.5000 1.944211e+01
7393.7500 1.736891e+01
7395.0000 1.281932e+01
7396.2500 1.975550e+01
7397.5000 1.855850e+01
7398.7500 4.261356e+01
7400.0000 2.515382e+01
7401.2500 2.714816e+01
7402.5000 6.861908e+01
7403.7500 1.423596e+01
7405.0000 3.452405e+01
7406.2500 1.294500e+01
7407.5000 2.819651e-02
7408.7500 2.360511e+01
7410.0000 1.733256e+01
7411.2500 2.668520e+01
7412.5000 3.855355e+01
7413.7500 1.993038e+01
7415.0000 2.037369e+01
7416.2500 2.082186e+01
7417.5000 2.381117e+01
7418.7500 3.234719e+01
7420.0000 3.438883e+01
7421.2500 1.742752e+01
7422.5000 2.387469e+01
7423.7500 2.373279e+01
7425.0000 1.790353e+01
7426.2500 1.963009e+01
7427.5000 2.120722e+01
7428.7500 1.836497e+01
7430.0000 8.854893e+00
7431.2500 2.452919e+01
7432.5000 1.606407e+00
7433.7500 2.176895e+01
7435.0000 2.296106e+01
7436.2500 2.457993e+01
7437.5000 7.198445e+00
7438.7500 -1.002564e+00
7440.0000 2.469943e+01
7441.2500 1.883783e+01
7442.5000 2.117597e+01
7443.7500 2.957704e+01
7445.0000 2.818998e+01
7446.2500 8.913356e+00
7447.5000 2.040389e+01
7448.7500 3.217870e+01
7450.0000 2.214265e+01
7451.2500 1.297244e+01
7452.5000 2.616460e-01
7453.7500 1.111658e+01
7455.0000 7.400370e+00
7456.2500 1.515127e+01
7457.5000 1.265239e+01
7458.7500 2.864286e+01
7460.0000 1.390685e+01
7461.2500 3.407847e+00
7462.5000 1.245936e+01
7463.7500 3.036880e+01
7465.0000 1.407493e+01
7466.2500 1.744245e+01
7467.5000 3.080533e+01
7468.7500 2.572776e+01
7470.0000 4.088186e+01
7471.2500 7.285802e+01
7472.5000 1.175664e+02
7473.7500 9.497454e+01
7475.0000 3.045316e+01
7476.2500 6.530076e+01
7477.5000 1.694398e+02
7478.7500 1.569723e+02
7480.0000 4.568366e+01
7481.2500 1.259038e+01
7482.5000 1.530686e+01
7483.7500 -1.528846e+01
7485.0000 1.827610e+00
7486.2500 1.043376e+01
7487.5000 2.812307e+01
7488.7500 8.372169e+00
7490.0000 3.051159e+01
7491.2500 2.453097e+01
7492.5000 1.298048e+01
7493.7500 3.527155e+01
7495.0000 5.083070e+00
7496.2500 6.781090e+00
7497.5000 2.399760e+01
7498.7500 2.937550e+01
7500.0000 1.754932e+01
7501.2500 2.032494e+01
7502.5000 2.372093e+01
7503.7500 1.491150e+01
7505.0000 1.689461e+01
7506.2500 2.462168e+01
7507.5000 1.451054e+01
7508.7500 1.506554e+01
7510.0000 2.851093e+01
7511.2500 1.884892e+01
7512.5000 1.860318e+01
7513.7500 2.816390e+01
7515.0000 3.204675e+01
7516.2500 3.507657e+00
7517.5000 1.031444e+01
7518.7500 2.476042e+01
7520.0000 1.375890e+01
7521.2500 4.769884e+01
7522.5000 3.148475e+01
7523.7500 -2.322150e+01
7525.0000 -6.919822e+00
7526.2500 3.994375e+01
7527.5000 1.761842e+01
7528.7500 2.140698e+01
7530.0000 2.334612e+01
7531.2500 -2.001393e+00
7532.5000 1.482054e+01
7533.7500 1.956406e+01
7535.0000 2.282751e+01
7536.2500 4.134717e+01
7537.5000 3.279033e+01
7538.7500 3.816743e+01
7540.0000 2.838833e+01
7541.2500 1.781950e+01
7542.5000 1.701613e+01
7543.7500 1.700349e+01
7545.0000 3.407458e+01
7546.2500 1.348233e+01
7547.5000 3.276390e+01
7548.7500 3.269495e+01
7550.0000 2.722358e+01
7551.2500 2.364769e+01
7552.5000 2.529327e+01
7553.7500 2.840775e+01
7555.0000 1.613327e+01
7556.2500 1.724512e+01
7557.5000 2.194812e+01
7558.7500 2.911516e+01
7560.0000 2.047409e+01
7561.2500 1.521876e+01
7562.5000 1.729531e+01
7563.7500 1.705484e+01
7565.0000 2.006935e+01
7566.2500 2.541532e+01
7567.5000 1.756170e+01
7568.7500 3.560864e+01
7570.0000 4.082443e+01
7571.2500 3.278983e+01
7572.5000 7.595234e+01
7573.7500 3.627414e+01
7575.0000 3.404152e+01
7576.2500 2.528144e+01
7577.5000 8.330858e+00
7578.7500 2.183051e+01
7580.0000 3.005401e+01
7581.2500 2.967528e+01
7582.5000 2.603881e+01
7583.7500 5.959243e+00
7585.0000 5.213410e+01
7586.2500 7.749607e+01
7587.5000 4.655221e+01
7588.7500 1.833084e+01
7590.0000 2.638066e+01
7591.2500 2.258740e+01
7592.5000 4.410250e+01
7593.7500 3.196812e+01
7595.0000 4.113166e+00
7596.2500 2.052006e+00
7597.5000 1.319167e+01
7598.7500 3.274883e+01
7600.0000 -1.071175e+01
7601.2500 -3.292500e+00
7602.5000 9.984628e+00
7603.7500 3.159651e+01
7605.0000 2.390531e+01
7606.2500 4.870378e+01
7607.5000 6.238148e+01
7608.7500 5.853460e+01
7610.0000 1.403307e+01
7611.2500 2.321749e+01
7612.5000 1.411893e+01
7613.7500 4.038063e+01
7615.0000 3.184422e+01
7616.2500 3.362750e+01
7617.5000 -2.784045e+01
7618.7500 7.189016e+00
7620.0000 2.097210e+01
7621.2500 3.676992e+01
7622.5000 2.557534e+01
7623.7500 2.041687e+01
7625.0000 2.220740e+01
7626.2500 -1.338129e+00
7627.5000 1.478118e+01
7628.7500 3.346566e+01
7630.0000 1.900009e+01
7631.2500 1.740625e+01
7632.5000 2.701533e+01
7633.7500 3.332898e+01
7635.0000 4.802608e+00
7636.2500 1.991396e+01
7637.5000 4.650877e+01
7638.7500 1.938168e+01
7640.0000 1.256944e+01
7641.2500 1.554343e+01
7642.5000 2.092217e+01
7643.7500 3.527830e+01
7645.0000 2.245304e+01
7646.2500 1.888694e+01
7647.5000 4.179644e+00
7648.7500 2.462735e+01
7650.0000 3.418730e+01
7651.2500 3.104298e+01
7652.5000 2.008953e+01
7653.7500 4.121225e+01
7655.0000 2.208958e+01
7656.2500 3.114220e+01
7657.5000 3.147548e+01
7658.7500 3.183450e+01
7660.0000 2.421595e+01
7661.2500 2.891209e+01
7662.5000 2.750378e+01
7663.7500 1.142729e+01
7665.0000 3.802612e+01
7666.2500 3.061835e+01
7667.5000 3.202341e+01
7668.7500 9.995537e+00
7670.0000 3.153465e+01
7671.2500 2.672980e+01
7672.5000 2.594531e+01
7673.7500 4.267694e+01
7675.0000 1.532741e+01
7676.2500 1.709622e+01
7677.5000 2.372251e+01
7678.7500 3.279831e+01
7680.0000 1.048779e+01
7681.2500 8.389235e+00
7682.5000 1.009909e+01
7683.7500 2.413068e+01
7685.0000 1.321098e+01
7686.2500 7.679892e+00
7687.5000 3.293623e+01
7688.7500 2.290479e+01
7690.0000 2.041514e+01
7691.2500 1.380643e+01
7692.5000 1.454436e+01
7693.7500 2.005771e+01
7695.0000 2.219436e+01
7696.2500 2.541945e+01
7697.5000 -3.294995e+00
7698.7500 2.767662e+01
7700.0000 2.073984e+01
7701.2500 -1.438335e+01
7702.5000 2.145979e+01
7703.7500 2.367252e+01
7705.0000 1.757118e+01
7706.2500 2.551901e+01
7707.5000 6.144696e+00
7708.7500 2.019599e+01
7710.0000 5.385303e+01
7711.2500 1.215649e+00
7712.5000 1.546414e+02
7713.7500 8.886621e+01
7715.0000 3.946101e+01
7716.2500 2.078258e+01
7717.5000 -4.528138e+01
7718.7500 3.735660e+01
7720.0000 5.282093e+01
7721.2500 3.484547e+01
7722.5000 2.047465e+01
7723.7500 1.317780e+01
7725.0000 1.437257e+01
7726.2500 2.172666e+01
7727.5000 1.582063e+01
7728.7500 2.351221e+01
7730.0000 1.648617e+01
7731.2500 1.494823e+01
7732.5000 2.801585e+01
7733.7500 4.278233e+01
7735.0000 1.308707e+01
7736.2500 3.479804e+01
7737.5000 1.205128e+01
7738.7500 2.767729e+01
7740.0000 2.447721e+01
7741.2500 2.102711e+01
7742.5000 1.439310e+01
7743.7500 2.246189e+01
7745.0000 1.693523e+01
7746.2500 1.694223e+01
7747.5000 6.501614e+01
7748.7500 -4.898687e+01
7750.0000 6.002287e+01
7751.2500 2.388158e+01
7752.5000 4.001929e+01
7753.7500 3.999644e+01
7755.0000 1.326099e+01
7756.2500 3.008317e+01
7757.5000 4.310847e+01
7758.7500 3.213709e+01
7760.0000 7.177020e+01
7761.2500 3.321626e+00
7762.5000 3.328397e+01
7763.7500 1.521260e+01
7765.0000 3.717165e+01
7766.2500 1.375208e+01
7767.5000 2.424106e+01
7768.7500 2.352341e+01
7770.0000 2.611131e+01
7771.2500 3.665847e+01
7772.5000 -9.852415e-01
7773.7500 1.315492e+01
7775.0000 2.449338e+01
7776.2500 2.798536e+01
7777.5000 4.440032e+01
7778.7500 2.477605e+01
7780.0000 2.985447e+01
7781.2500 2.308859e+01
7782.5000 3.743268e+01
7783.7500 8.436646e+00
7785.0000 1.859664e+01
7786.2500 2.492102e+01
7787.5000 3.144684e+01
7788.7500 1.535814e+01
7790.0000 5.774432e+00
7791.2500 4.414545e+01
7792.5000 -3.747995e+01
7793.7500 1.234280e+02
7795.0000 8.188126e+01
7796.2500 3.301791e+01
7797.5000 1.339297e+01
7798.7500 3.515427e+01
7800.0000 3.012907e+01
7801.2500 2.881734e+01
7802.5000 1.958566e+01
7803.7500 1.691341e+01
7805.0000 2.252542e+01
7806.2500 1.749042e+01
7807.5000 1.900089e+01
7808.7500 -4.990446e+00
7810.0000 -3.513400e+00
7811.2500 3.562809e+01
7812.5000 5.759653e+00
7813.7500 2.284372e+01
7815.0000 1.731789e+01
7816.2500 2.518711e+01
7817.5000 2.291892e+01
7818.7500 6.963631e+01
7820.0000 -1.195465e+01
7821.2500 -3.337665e+01
7822.5000 1.097144e+01
7823.7500 5.413496e+01
7825.0000 1.713780e+01
7826.2500 1.500807e+01
7827.5000 1.985166e+01
7828.7500 1.060242e+01
7830.0000 4.130167e+01
7831.2500 1.467434e+01
7832.5000 1.132576e+01
7833.7500 2.336503e+01
7835.0000 3.396965e+01
7836.2500 3.235540e+01
7837.5000 2.800646e+01
7838.7500 5.181036e+01
7840.0000 2.298919e+00
7841.2500 -1.671675e+01
7842.5000 6.259069e+00
7843.7500 9.410157e+00
7845.0000 3.013199e+01
7846.2500 2.942449e+01
7847.5000 2.423185e+01
7848.7500 1.543049e+01
7850.0000 4.882814e+01
7851.2500 4.273418e+01
7852.5000 5.242619e+01
7853.7500 6.286734e+01
7855.0000 4.191231e+00
7856.2500 4.568083e+01
7857.5000 1.671225e+01
7858.7500 1.465135e+01
7860.0000 3.642665e+01
7861.2500 2.836572e+01
7862.5000 -2.123666e+00
7863.7500 4.842376e+01
7865.0000 4.432700e+01
7866.2500 2.679876e+01
7867.5000 7.718008e+00
7868.7500 1.775610e+01
7870.0000 5.890817e+01
7871.2500 -7.160344e+00
7872.5000 6.432553e+00
7873.7500 2.099817e+01
7875.0000 3.008010e+01
7876.2500 4.374611e+01
7877.5000 -2.361291e+00
7878.7500 -4.775350e+00
7880.0000 1.392767e+01
7881.2500 2.216850e+01
7882.5000 1.921073e+00
7883.7500 8.623065e+00
7885.0000 2.895481e+01
7886.2500 4.713855e+01
7887.5000 3.175581e+01
7888.7500 2.270713e+01
7890.0000 -3.606430e+00
7891.2500 -1.412743e+01
7892.5000 4.367123e+01
7893.7500 2.112091e+01
7895.0000 2.742392e+01
7896.2500 1.679953e+01
7897.5000 1.999294e+01
7898.7500 2.974933e+01
7900.0000 1.838668e+01
7901.2500 2.668239e+01
7902.5000 3.257647e+01
7903.7500 1.949685e+01
7905.0000 3.007087e+01
7906.2500 3.516296e+01
7907.5000 2.318386e+01
7908.7500 2.657591e+01
7910.0000 5.706279e+01
7911.2500 1.152171e+02
7912.5000 2.766938e+01
7913.7500 3.579057e+01
7915.0000 4.286558e+00
7916.2500 3.249947e+01
7917.5000 3.263924e+01
7918.7500 7.202298e+01
7920.0000 1.152221e+01
7921.2500 7.943575e+01
7922.5000 4.289336e+01
7923.7500 3.927539e+01
7925.0000 6.937631e+00
7926.2500 2.576049e+01
7927.5000 1.624055e+01
7928.7500 5.135832e+01
7930.0000 4.175069e+01
7931.2500 -2.582241e+01
7932.5000 -1.907100e+01
7933.7500 3.519337e+01
7935.0000 3.741798e+01
7936.2500 1.612887e+01
7937.5000 2.484104e+01
7938.7500 3.037525e+01
7940.0000 3.089678e+01
7941.2500 1.316439e+01
7942.5000 1.409079e+01
7943.7500 2.961856e+01
7945.0000 6.428154e+00
7946.2500 9.693092e+00
7947.5000 -1.385975e+01
7948.7500 3.854116e+01
7950.0000 1.691126e+01
7951.2500 1.618577e+00
7952.5000 3.869668e+01
7953.7500 1.201563e+01
7955.0000 2.292630e+01
7956.2500 -6.744218e-01
7957.5000 2.799551e+01
7958.7500 2.606510e+00
7960.0000 8.108451e+00
7961.2500 4.711103e+01
7962.5000 7.586103e+01
7963.7500 4.700534e+01
7965.0000 3.203883e+01
7966.2500 1.656208e+00
7967.5000 3.248168e+01
7968.7500 3.007643e+01
7970.0000 2.577997e+01
7971.2500 1.099412e+01
7972.5000 1.987060e+01
7973.7500 1.613387e+01
7975.0000 1.650043e+01
7976.2500 -1.295148e+01
7977.5000 5.949999e+01
7978.7500 2.936139e+01
7980.0000 -2.888614e+01
7981.2500 -1.747134e+01
7982.5000 3.588622e+01
7983.7500 1.988614e+01
7985.0000 9.480789e+00
7986.2500 2.097742e+01
7987.5000 1.709788e+01
7988.7500 1.489088e+01
7990.0000 2.405139e+01
7991.2500 1.549881e+02
7992.5000 1.826820e+01
7993.7500 1.030402e+02
7995.0000 4.645931e+01
7996.2500 4.022887e+01
7997.5000 1.599093e+01
7998.7500 8.137434e+00
8000.0000 2.300440e+01
8001.2500 1.719656e+01
8002.5000 1.241882e+01
8003.7500 -2.823145e+00
8005.0000 1.075995e+01
8006.2500 2.442392e+01
8007.5000 3.594601e+01
8008.7500 1.759256e+01
8010.0000 1.653178e+01
8011.2500 1.179092e+01
8012.5000 3.405038e+01
8013.7500 2.508534e+01
8015.0000 2.568109e+01
8016.2500 4.101815e+01
8017.5000 1.773414e+01
8018.7500 -4.026282e+00
8020.0000 1.495102e+01
8021.2500 4.918567e+01
8022.5000 3.220287e+01
8023.7500 6.160473e+01
8025.0000 -5.199298e+01
8026.2500 -4.238760e+01
8027.5000 3.316700e+01
8028.7500 2.480102e+01
8030.0000 3.527159e+01
8031.2500 3.438023e+01
8032.5000 2.817901e+01
8033.7500 4.296777e+01
8035.0000 2.804002e+01
8036.2500 2.893076e+01
8037.5000 3.564698e+01
8038.7500 2.743538e+01
8040.0000 2.624983e+01
8041.2500 2.885350e+01
8042.5000 4.147347e+01
8043.7500 2.384298e+01
8045.0000 2.757899e+01
8046.2500 4.002629e+01
8047.5000 3.475233e+01
8048.7500 3.721159e+01
8050.0000 5.719431e+01
8051.2500 5.249706e+01
8052.5000 -1.077643e+01
8053.7500 2.190111e+01
8055.0000 1.496269e+01
8056.2500 2.948663e+01
8057.5000 2.090708e+01
8058.7500 4.625011e+01
8060.0000 3.152171e+01
8061.2500 3.911489e+00
8062.5000 1.626291e+01
8063.7500 9.947761e+00
8065.0000 3.388971e+01
8066.2500 2.203342e+01
8067.5000 1.235187e+01
8068.7500 3.224879e+01
8070.0000 3.309119e+01
8071.2500 3.344801e+01
8072.5000 3.868764e+01
8073.7500 3.032437e+01
8075.0000 2.893353e+01
8076.2500 5.076884e+01
8077.5000 2.340402e+01
8078.7500 2.498965e+01
8080.0000 5.155471e+01
8081.2500 3.496181e+01
8082.5000 2.781088e+01
8083.7500 1.747837e+01
8085.0000 2.679357e+01
8086.2500 1.731853e+01
8087.5000 3.523452e+01
8088.7500 2.372948e+01
8090.0000 3.596761e+01
8091.2500 4.170419e+01
8092.5000 1.169117e+01
8093.7500 3.405212e+01
8095.0000 3.946218e+01
8096.2500 2.736456e+01
8097.5000 3.022636e+01
8098.7500 3.102582e+01
8100.0000 4.695945e+01
8101.2500 4.735962e+01
8102.5000 4.743340e+01
8103.7500 4.059552e+01
8105.0000 1.964626e+01
8106.2500 2.262002e+01
8107.5000 4.077681e+01
8108.7500 4.988614e+01
8110.0000 2.083321e+01
8111.2500 3.681588e+01
8112.5000 2.618554e+01
8113.7500 2.602950e+01
8115.0000 -2.792724e+00
8116.2500 1.241928e+01
8117.5000 2.444204e+01
8118.7500 4.703895e+01
8120.0000 3.198171e+01
8121.2500 2.865644e+01
8122.5000 4.485268e+01
8123.7500 2.799277e+01
8125.0000 4.421694e+01
8126.2500 1.848694e+01
8127.5000 3.556829e+01
8128.7500 2.898559e+01
8130.0000 1.443758e+01
8131.2500 9.185941e+00
8132.5000 2.110791e+01
8133.7500 2.174561e+01
8135.0000 1.910851e+01
8136.2500 4.168404e+01
8137.5000 2.675698e+01
8138.7500 2.844638e+01
8140.0000 2.144704e+00
8141.2500 4.856021e+01
8142.5000 2.226926e+01
8143.7500 3.237540e+01
8145.0000 3.664191e+01
8146.2500 2.934629e+01
8147.5000 1.258052e+01
8148.7500 4.210386e+01
8150.0000 3.095994e+01
8151.2500 3.479597e+01
8152.5000 1.908056e+01
8153.7500 3.788677e+01
8155.0000 3.640799e+01
8156.2500 2.922777e+01
8157.5000 2.912422e+01
8158.7500 2.196130e+01
8160.0000 2.973937e+01
8161.2500 2.771178e+01
8162.5000 3.698160e+01
8163.7500 3.497745e+01
8165.0000 3.546885e+01
8166.2500 2.086860e+01
8167.5000 2.184154e+01
8168.7500 3.162984e+01
8170.0000 4.474608e+01
8171.2500 5.653508e+01
8172.5000 1.789756e+01
8173.7500 -3.269275e+00
8175.0000 3.067534e+01
8176.2500 3.106866e+01
8177.5000 3.098084e+01
8178.7500 3.764141e+01
8180.0000 2.894227e+01
8181.2500 3.351770e+01
8182.5000 4.082206e+01
8183.7500 3.205826e+01
8185.0000 4.054877e+01
8186.2500 3.331049e+01
8187.5000 4.733455e+01
8188.7500 3.018747e+01
8190.0000 3.409365e+01
8191.2500 4.473007e+01
8192.5000 3.094215e+01
8193.7500 3.137189e+01
8195.0000 2.895011e+01
8196.2500 1.450881e+01
8197.5000 2.022182e+01
8198.7500 8.214774e+00
8200.0000 1.684871e+01
8201.2500 3.107806e+01
8202.5000 4.662881e+01
8203.7500 3.527414e+01
8205.0000 3.455302e+01
8206.2500 3.015151e+01
8207.5000 3.201146e+01
8208.7500 2.267126e+01
8210.0000 2.510852e+01
8211.2500 2.243947e+01
8212.5000 1.382535e+01
8213.7500 3.381389e+01
8215.0000 3.830702e+01
8216.2500 4.335295e+01
8217.5000 2.717074e+01
8218.7500 1.489220e+01
8220.0000 2.562916e+01
8221.2500 2.507427e+01
8222.5000 3.839118e+01
8223.7500 4.332589e+01
8225.0000 5.357766e+01
8226.2500 3.836309e+01
8227.5000 2.089399e+01
8228.7500 1.860375e+01
8230.0000 2.503291e+01
8231.2500 2.501538e+01
8232.5000 1.996641e+01
8233.7500 3.114607e+01
8235.0000 2.681230e+01
8236.2500 3.327344e+01
8237.5000 5.160326e+01
8238.7500 4.141014e+01
8240.0000 3.421505e+01
8241.2500 2.403722e+01
8242.5000 2.400584e+01
8243.7500 1.635252e+01
8245.0000 4.987038e+01
8246.2500 1.656846e+01
8247.5000 1.133684e+01
8248.7500 3.158513e+01
8250.0000 2.200603e+01
8251.2500 3.250407e+01
8252.5000 3.623922e+01
8253.7500 4.428900e+01
8255.0000 2.577818e+01
8256.2500 2.857355e+01
8257.5000 1.219437e+01
8258.7500 2.601982e+01
8260.0000 3.266080e+01
8261.2500 1.233197e+01
8262.5000 1.743805e+01
8263.7500 2.982220e+01
8265.0000 2.789042e+01
8266.2500 4.490966e+01
8267.5000 2.473837e+01
8268.7500 1.502083e+01
8270.0000 9.001578e-01
8271.2500 4.368393e+01
8272.5000 3.028007e+01
8273.7500 2.219700e+01
8275.0000 3.337159e+01
8276.2500 4.428888e+01
8277.5000 3.161775e+01
8278.7500 1.522798e+01
8280.0000 6.894151e+01
8281.2500 4.597738e+01
8282.5000 6.032104e+01
8283.7500 2.811170e+01
8285.0000 4.566114e+01
8286.2500 3.896717e+01
8287.5000 3.765048e+01
8288.7500 2.365068e+01
8290.0000 3.261650e+01
8291.2500 2.524256e+01
8292.5000 1.984921e+01
8293.7500 2.816709e+01
8295.0000 2.567410e+01
8296.2500 4.742012e+01
8297.5000 9.527736e+00
8298.7500 3.853864e+01
8300.0000 -2.556025e+01
8301.2500 3.177649e+01
8302.5000 3.613470e+01
8303.7500 1.937652e+01
8305.0000 1.944030e+01
8306.2500 3.460960e+01
8307.5000 2.683931e+01
8308.7500 1.652948e+01
8310.0000 8.863635e+01
8311.2500 -9.003361e+00
8312.5000 3.980996e+01
8313.7500 2.518777e+01
8315.0000 2.426201e+01
8316.2500 7.571136e+00
8317.5000 2.894073e+01
8318.7500 1.087605e+01
8320.0000 3.094896e+01
8321.2500 3.137594e+01
8322.5000 3.475082e+01
8323.7500 4.416669e+01
8325.0000 2.701006e+01
8326.2500 1.933558e+01
8327.5000 1.094617e+01
8328.7500 1.699701e+01
8330.0000 3.063332e+01
8331.2500 2.156728e+01
8332.5000 4.188869e+01
8333.7500 1.625707e+01
8335.0000 2.572885e+01
8336.2500 1.394278e+01
8337.5000 5.231922e+01
8338.7500 1.372120e+01
8340.0000 2.497416e+01
8341.2500 1.033292e+01
8342.5000 1.788639e+01
8343.7500 2.617014e+01
8345.0000 2.702150e+01
8346.2500 4.253237e+01
8347.5000 4.533552e+01
8348.7500 2.447613e+01
8350.0000 5.158954e+01
8351.2500 7.163353e+00
8352.5000 3.477021e+01
8353.7500 1.667292e+01
8355.0000 3.084656e+01
8356.2500 1.418041e+01
8357.5000 1.323793e+01
8358.7500 3.778747e+01
8360.0000 5.804514e+01
8361.2500 1.760944e+01
8362.5000 3.531341e+01
8363.7500 -4.411111e+01
8365.0000 2.333844e+01
8366.2500 2.132027e+01
8367.5000 2.285895e+01
8368.7500 3.485005e+01
8370.0000 3.339766e+01
8371.2500 3.990914e+01
8372.5000 3.820610e+01
8373.7500 2.684301e+01
8375.0000 2.864990e+01
8376.2500 2.289336e+01
8377.5000 3.496706e+01
8378.7500 1.518766e+01
8380.0000 5.265157e+01
8381.2500 3.712392e+01
8382.5000 2.562277e+01
8383.7500 7.110316e+00
8385.0000 3.403493e+01
8386.2500 2.986850e+01
8387.5000 2.921395e+01
8388.7500 2.391200e+01
8390.0000 3.187726e+01
8391.2500 3.502992e+01
8392.5000 4.108982e+01
8393.7500 1.107193e+01
8395.0000 2.658631e+01
8396.2500 2.335365e+01
8397.5000 1.936805e+01
8398.7500 2.250053e+01
8400.0000 4.488256e+01
8401.2500 4.145383e+01
8402.5000 3.469600e+01
8403.7500 2.047559e+01
8405.0000 3.090436e+01
8406.2500 3.064867e+01
8407.5000 9.946365e+00
8408.7500 1.793270e+01
8410.0000 2.485924e+01
8411.2500 3.280688e+01
8412.5000 1.118093e+01
8413.7500 1.125484e+00
8415.0000 4.614486e+01
8416.2500 -2.343201e+01
8417.5000 1.361490e+01
8418.7500 1.144485e+01
8420.0000 1.829377e+01
8421.2500 3.072233e+01
8422.5000 2.236902e+01
8423.7500 1.901991e+01
8425.0000 3.012214e+01
8426.2500 5.413075e+01
8427.5000 -2.829096e+00
8428.7500 2.295551e+01
8430.0000 2.172683e+01
8431.2500 4.113735e+01
8432.5000 4.824930e+01
8433.7500 3.540765e+01
8435.0000 2.584752e+01
8436.2500 2.269522e+01
8437.5000 2.583146e+01
8438.7500 4.074865e+01
8440.0000 6.034311e+00
8441.2500 2.261297e+01
8442.5000 3.445088e+00
8443.7500 3.686188e+01
8445.0000 1.248863e+01
8446.2500 1.217274e+01
8447.5000 1.704579e+00
8448.7500 3.667160e+01
8450.0000 6.066124e+01
8451.2500 9.352431e+01
8452.5000 2.776223e+01
8453.7500 -3.505635e-01
8455.0000 3.186653e+01
8456.2500 2.918225e+01
8457.5000 1.685070e+01
8458.7500 3.721778e+01
8460.0000 1.479365e+01
8461.2500 4.833179e+01
8462.5000 1.153024e+02
8463.7500 2.577177e+01
8465.0000 2.983386e+01
8466.2500 4.033992e+01
8467.5000 9.668696e+01
8468.7500 3.935238e+01
8470.0000 2.712544e+01
8471.2500 4.287215e+01
8472.5000 3.770598e+01
8473.7500 2.229603e+01
8475.0000 3.153616e+01
8476.2500 3.307278e+01
8477.5000 3.355156e+01
8478.7500 1.884279e+01
8480.0000 1.680088e+01
8481.2500 1.852120e+01
8482.5000 3.324246e+01
8483.7500 2.812757e+01
8485.0000 3.358908e+01
8486.2500 2.812381e+01
8487.5000 3.576947e+01
8488.7500 2.587383e+01
8490.0000 2.962136e+01
8491.2500 6.425099e+00
8492.5000 4.468836e+01
8493.7500 5.044024e+01
8495.0000 1.327733e+01
8496.2500 2.919356e+01
8497.5000 2.261466e+01
8498.7500 2.526567e+01
8500.0000 1.897024e+01
8501.2500 2.257435e+01
8502.5000 6.544675e+01
8503.7500 6.216825e+01
8505.0000 3.164049e+01
8506.2500 -8.121725e+00
8507.5000 5.262285e+01
8508.7500 3.068227e+01
8510.0000 3.639384e+01
8511.2500 4.906657e+01
8512.5000 2.340070e+01
8513.7500 2.905675e+01
8515.0000 2.468129e+01
8516.2500 3.591129e+01
8517.5000 2.573526e+01
8518.7500 4.410399e+01
8520.0000 3.193608e+01
8521.2500 2.794878e+01
8522.5000 3.205277e+01
8523.7500 2.349236e+01
8525.0000 3.461595e+00
8526.2500 6.535013e+00
8527.5000 1.839863e+01
8528.7500 4.460934e+01
8530.0000 1.344060e+01
8531.2500 1.819554e+01
8532.5000 1.497663e+01
8533.7500 4.661954e+00
8535.0000 3.122245e+01
8536.2500 2.961746e+01
8537.5000 8.167686e+00
8538.7500 5.325806e+01
8540.0000 2.615689e+01
8541.2500 3.579911e+01
8542.5000 3.050469e+01
8543.7500 2.710913e+01
8545.0000 2.383540e+01
8546.2500 4.950545e+01
8547.5000 -1.914313e+00
8548.7500 -9.657990e+00
8550.0000 -7.602130e+00
8551.2500 3.292534e+01
8552.5000 2.158819e+01
8553.7500 4.012889e+01
8555.0000 1.652389e+01
8556.2500 3.192745e+01
8557.5000 1.456181e+01
8558.7500 2.432695e+01
8560.0000 1.890708e+01
8561.2500 7.701637e+00
8562.5000 2.610437e-01
8563.7500 -2.266498e+00
8565.0000 2.224320e+01
8566.2500 3.088623e+01
8567.5000 3.174363e+01
8568.7500 3.418270e+01
8570.0000 1.208557e+01
8571.2500 1.363081e+01
8572.5000 1.332371e+01
8573.7500 2.190212e+01
8575.0000 2.497422e+01
8576.2500 7.204489e+00
8577.5000 2.295941e+01
8578.7500 3.818388e+01
8580.0000 3.495128e+01
8581.2500 1.285544e+01
8582.5000 1.697468e+01
8583.7500 1.967639e+01
8585.0000 3.910941e+01
8586.2500 2.509896e+01
8587.5000 2.984581e+01
8588.7500 3.270231e+01
8590.0000 3.076420e+01
8591.2500 3.551711e+01
8592.5000 1.157207e+01
8593.7500 3.224167e+01
8595.0000 2.795201e+01
8596.2500 1.419083e+01
8597.5000 -1.662203e+01
8598.7500 4.184243e+01
8600.0000 3.505932e+01
8601.2500 2.299660e+01
8602.5000 2.727375e+01
8603.7500 1.471005e+01
8605.0000 4.481472e+01
8606.2500 4.125743e+01
8607.5000 3.533855e+01
8608.7500 4.403402e+01
8610.0000 3.188912e+01
8611.2500 1.278873e+01
8612.5000 5.269603e+00
8613.7500 3.268354e+01
8615.0000 2.037273e+01
8616.2500 7.665180e+00
8617.5000 4.224669e+01
8618.7500 6.004266e+00
8620.0000 3.516725e+01
8621.2500 1.355438e+01
8622.5000 -8.554111e+00
8623.7500 5.517113e+01
8625.0000 1.857630e+01
8626.2500 -1.142512e+01
8627.5000 3.115747e+01
8628.7500 3.271607e+01
8630.0000 -3.152456e+01
8631.2500 3.345975e+01
8632.5000 2.528686e+01
8633.7500 -1.068635e+01
8635.0000 5.805997e+01
8636.2500 2.783829e+01
8637.5000 1.420896e+01
8638.7500 3.338110e+01
8640.0000 6.208836e+00
8641.2500 5.609087e+00
8642.5000 -2.731308e+01
8643.7500 2.378641e+01
8645.0000 3.135562e+01
8646.2500 7.954708e+00
8647.5000 2.530102e+01
8648.7500 -3.154751e+00
8650.0000 2.674926e+01
8651.2500 3.580501e+01
8652.5000 3.450487e+01
8653.7500 3.171484e+01
8655.0000 4.391184e+01
8656.2500 4.612024e+01
8657.5000 1.015372e+01
8658.7500 2.961878e+01
8660.0000 4.599998e+01
8661.2500 3.916507e+01
8662.5000 5.763624e+01
8663.7500 2.136611e+01
8665.0000 -2.992767e+01
8666.2500 2.103824e+01
8667.5000 4.511880e+01
8668.7500 4.539635e+01
8670.0000 -3.006770e+01
8671.2500 -1.029387e+01
8672.5000 3.137815e+01
8673.7500 1.622363e+01
8675.0000 -1.707925e+01
8676.2500 -1.977553e+01
8677.5000 2.177094e+01
8678.7500 2.965173e+01
8680.0000 2.237763e+01
8681.2500 2.929809e+00
8682.5000 2.727392e+01
8683.7500 1.875231e+01
8685.0000 1.829949e+01
8686.2500 2.796459e+01
8687.5000 -2.390253e+01
8688.7500 1.577332e+01
8690.0000 2.395680e+01
8691.2500 3.836509e+01
8692.5000 1.374688e+01
8693.7500 2.456725e+01
8695.0000 2.448863e+01
8696.2500 -1.271850e+00
8697.5000 2.976974e+01
8698.7500 1.415248e+01
8700.0000 1.911614e+01
8701.2500 3.287608e+01
8702.5000 2.338208e+01
8703.7500 4.573719e+01
8705.0000 5.111629e+01
8706.2500 4.357853e+01
8707.5000 4.355967e+01
8708.7500 1.989959e+01
8710.0000 2.508213e+01
8711.2500 2.580074e+01
8712.5000 1.413640e+01
8713.7500 2.776492e+01
8715.0000 1.855779e+01
8716.2500 2.959966e+01
8717.5000 1.231201e+01
8718.7500 -6.759081e+00
8720.0000 3.562410e+01
8721.2500 2.199591e+01
8722.5000 2.577548e+01
8723.7500 3.765923e+01
8725.0000 2.877575e+01
8726.2500 2.516567e+01
8727.5000 8.152117e+00
8728.7500 2.278362e+01
8730.0000 2.453310e+01
8731.2500 2.369869e+01
8732.5000 1.943849e+01
8733.7500 2.744297e+01
8735.0000 1.685282e+01
8736.2500 3.041523e+01
8737.5000 3.714158e+01
8738.7500 1.865717e+01
8740.0000 2.486506e+01
8741.2500 2.810409e+01
8742.5000 1.878355e+01
8743.7500 3.335259e+01
8745.0000 2.762042e+01
8746.2500 6.842932e+00
8747.5000 1.025222e+01
8748.7500 3.430362e+01
8750.0000 1.369267e+01
8751.2500 1.133263e+01
8752.5000 2.598976e+01
8753.7500 2.491388e+01
8755.0000 4.046532e+01
8756.2500 3.240975e+01
8757.5000 6.464244e+01
8758.7500 1.427081e+01
8760.0000 8.901598e+01
8761.2500 -8.298039e+01
8762.5000 -9.516127e+01
8763.7500 4.167447e+01
8765.0000 9.521515e+01
8766.2500 1.021494e+02
8767.5000 7.646465e+01
8768.7500 -5.881370e+01
8770.0000 -1.470561e+01
8771.2500 1.199691e+01
8772.5000 7.710555e+00
8773.7500 1.941096e+01
8775.0000 1.007178e+02
8776.2500 -3.364183e+01
8777.5000 1.183415e+02
8778.7500 -1.239835e+02
8780.0000 2.767047e+00
8781.2500 5.716013e+01
8782.5000 5.744754e+00
8783.7500 8.182808e+00
8785.0000 2.392903e+01
8786.2500 6.138960e+00
8787.5000 2.880621e+01
8788.7500 5.839799e+01
8790.0000 4.138632e+00
8791.2500 3.622240e+01
8792.5000 6.439356e+00
8793.7500 2.376376e+01
8795.0000 4.040168e+01
8796.2500 3.689416e+01
8797.5000 1.733562e+01
8798.7500 2.619695e+01
8800.0000 2.225076e+01
8801.2500 1.229798e+01
8802.5000 2.627392e+01
8803.7500 8.674561e+00
8805.0000 8.708421e+00
8806.2500 4.374580e+01
8807.5000 4.002920e+01
8808.7500 4.025777e+01
8810.0000 3.724941e+01
8811.2500 -9.537207e-01
8812.5000 2.278910e+01
8813.7500 1.749793e+00
8815.0000 1.383609e+01
8816.2500 2.871734e+01
8817.5000 2.913725e+01
8818.7500 1.983352e+01
8820.0000 1.430200e+01
8821.2500 1.289530e+01
8822.5000 7.437119e+00
8823.7500 8.427160e+01
8825.0000 4.460080e+01
8826.2500 1.955601e+01
8827.5000 4.549722e+01
8828.7500 3.525591e+01
8830.0000 2.191312e+01
8831.2500 3.935881e+01
8832.5000 2.527699e+01
8833.7500 9.553067e+01
8835.0000 -4.176424e+01
8836.2500 -6.589508e-01
8837.5000 -3.407404e+01
8838.7500 7.063432e+01
8840.0000 1.328934e+01
8841.2500 3.715025e+01
8842.5000 1.660554e+01
8843.7500 1.941311e+01
8845.0000 -2.775692e+01
8846.2500 3.572144e+00
8847.5000 1.710304e+01
8848.7500 -4.313769e+00
8850.0000 -2.748758e+01
8851.2500 2.004506e+01
8852.5000 2.513675e+01
8853.7500 2.074898e+01
8855.0000 1.390879e+01
8856.2500 1.245564e+01
8857.5000 2.343612e+01
8858.7500 1.525555e+01
8860.0000 1.911455e+01
8861.2500 1.846789e+01
8862.5000 2.248379e+01
8863.7500 3.858465e+01
8865.0000 4.164078e+01
8866.2500 5.201918e+01
8867.5000 9.758796e+01
8868.7500 -1.810534e+01
8870.0000 2.141400e+01
8871.2500 2.144988e+01
8872.5000 2.257248e+01
8873.7500 2.728524e+01
8875.0000 3.211708e+01
8876.2500 1.314057e+01
8877.5000 2.098149e+01
8878.7500 2.907146e+00
8880.0000 -3.891179e+00
8881.2500 -1.522539e+01
8882.5000 7.383305e+01
8883.7500 5.763633e+01
8885.0000 -2.287687e+00
8886.2500 6.443487e+01
8887.5000 -2.581392e+01
8888.7500 4.778102e+01
8890.0000 1.242662e+01
8891.2500 -1.223776e+00
8892.5000 2.124543e+01
8893.7500 1.985851e+01
8895.0000 -2.746614e+00
8896.2500 9.629027e+00
8897.5000 1.464550e+01
8898.7500 2.891659e+01
8900.0000 5.222362e+01
8901.2500 3.764717e+01
8902.5000 3.301548e+01
8903.7500 -8.799950e+01
8905.0000 6.566330e+01
8906.2500 4.016961e+01
8907.5000 -1.248830e+00
8908.7500 -5.185639e+00
8910.0000 1.286187e+01
8911.2500 4.044165e+01
8912.5000 2.307458e+01
8913.7500 5.612581e+00
8915.0000 4.680438e+00
8916.2500 9.800733e+01
8917.5000 -1.518280e+02
8918.7500 3.872861e+01
8920.0000 1.268220e+01
8921.2500 1.515948e+02
8922.5000 4.992471e+01
8923.7500 -7.127888e-01
8925.0000 1.052296e+01
8926.2500 -3.034026e+00
8927.5000 -2.240264e+00
8928.7500 2.930619e+01
8930.0000 1.532946e+01
8931.2500 1.868677e+01
8932.5000 2.069041e+01
8933.7500 4.766098e+01
8935.0000 1.156888e+01
8936.2500 1.362156e+01
8937.5000 2.255878e+01
8938.7500 2.398131e+01
8940.0000 -9.871720e+00
8941.2500 4.196373e+01
8942.5000 9.154498e+01
8943.7500 4.795391e+01
8945.0000 4.605364e+01
8946.2500 1.704618e+01
8947.5000 5.115247e+00
8948.7500 -2.281485e+00
8950.0000 2.160834e+01
8951.2500 -4.849136e+00
8952.5000 -1.183051e+01
8953.7500 1.339790e+01
8955.0000 8.717849e+01
8956.2500 4.523306e+01
8957.5000 1.269939e+01
8958.7500 3.568549e+01
8960.0000 2.046585e+01
8961.2500 2.000747e+01
8962.5000 -1.082178e+01
8963.7500 1.687939e+01
8965.0000 1.892467e+01
8966.2500 1.703379e+01
8967.5000 3.066232e+01
8968.7500 5.213852e+00
8970.0000 3.601990e+01
8971.2500 2.290037e+01
8972.5000 4.184930e+01
8973.7500 -3.510704e+00
8975.0000 1.132248e+01
8976.2500 2.484353e+01
8977.5000 1.323983e+01
8978.7500 2.195230e+01
8980.0000 -4.194169e+00
8981.2500 5.894133e+00
8982.5000 2.957733e+01
8983.7500 1.007590e+01
8985.0000 7.064028e+00
8986.2500 -4.498527e+01
8987.5000 -5.556612e+01
8988.7500 -1.072993e+01
8990.0000 8.546005e+00
8991.2500 2.298621e+01
8992.5000 2.992223e+01
8993.7500 2.054268e+00
8995.0000 5.789518e-02
8996.2500 1.151667e+01
8997.5000 1.274323e+01
8998.7500 6.142134e+00
9000.0000 -5.146601e+01
9001.2500 8.122236e+01
9002.5000 4.380983e+00
9003.7500 4.827609e+01
9005.0000 4.558281e+01
9006.2500 -3.798652e+00
9007.5000 2.442279e+01
9008.7500 1.411744e+01
9010.0000 -1.088876e-01
9011.2500 1.542272e+01
9012.5000 1.807644e+01
9013.7500 3.806080e+01
9015.0000 1.907001e+01
9016.2500 2.423244e+01
9017.5000 5.755007e+01
9018.7500 1.914858e+01
9020.0000 3.294629e+01
9021.2500 3.262816e+01
9022.5000 1.921488e+01
9023.7500 1.718891e+01
9025.0000 2.652823e+01
9026.2500 3.071701e+01
9027.5000 8.906656e+00
9028.7500 3.595667e+01
9030.0000 4.567837e+01
9031.2500 2.133845e+01
9032.5000 1.425003e+01
9033.7500 1.623098e+01
9035.0000 3.213857e+01
9036.2500 -1.534661e+01
9037.5000 6.830997e+01
9038.7500 6.459371e+01
9040.0000 2.327313e+01
9041.2500 1.585180e+01
9042.5000 3.153981e+00
9043.7500 5.300441e+01
9045.0000 1.899088e+01
9046.2500 3.996930e+01
9047.5000 3.789240e+01
9048.7500 2.245977e+01
9050.0000 6.800919e+01
9051.2500 2.882301e+01
9052.5000 4.937778e+01
9053.7500 2.422193e+01
9055.0000 1.315121e+01
9056.2500 4.550044e+00
9057.5000 7.303425e+00
9058.7500 2.488584e+01
9060.0000 1.572215e+01
9061.2500 1.393480e+01
9062.5000 6.354838e+00
9063.7500 2.706642e+01
9065.0000 -9.218275e+00
9066.2500 3.570072e+01
9067.5000 1.372503e+01
9068.7500 2.391495e+01
9070.0000 -3.951623e+00
9071.2500 1.385651e+01
9072.5000 1.147907e+01
9073.7500 3.754999e+01
9075.0000 2.639698e+01
9076.2500 3.925152e+01
9077.5000 5.544065e+00
9078.7500 2.343952e+01
9080.0000 -5.439467e-01
9081.2500 1.611628e+01
9082.5000 2.229992e+01
9083.7500 2.802474e+01
9085.0000 6.287964e+00
9086.2500 1.657208e+01
9087.5000 4.203040e+01
9088.7500 2.978360e+01
9090.0000 3.686424e+01
9091.2500 7.087518e+00
9092.5000 2.012878e+01
9093.7500 3.838984e+01
9095.0000 3.716477e+01
9096.2500 1.225583e+01
9097.5000 8.631449e+00
9098.7500 3.209760e+01
9100.0000 2.717975e+01
9101.2500 6.960086e+00
9102.5000 1.945547e+01
9103.7500 5.654255e+01
9105.0000 5.406453e+01
9106.2500 2.996705e+01
9107.5000 1.975156e+00
9108.7500 2.354977e+01
9110.0000 4.630312e+01
9111.2500 2.688808e+01
9112.5000 3.054387e+01
9113.7500 4.180115e+01
9115.0000 3.001311e+01
9116.2500 1.701163e+01
9117.5000 2.265195e+01
9118.7500 2.458847e+01
9120.0000 1.383653e+01
9121.2500 2.306846e+00
9122.5000 3.691750e+01
9123.7500 8.572100e+00
9125.0000 2.565995e+01
9126.2500 1.875658e+01
9127.5000 3.718869e+01
9128.7500 1.555048e+00
9130.0000 1.949377e+01
9131.2500 1.681389e+01
9132.5000 2.150071e+01
9133.7500 2.585328e+01
9135.0000 1.577014e+01
9136.2500 2.092289e+01
9137.5000 3.674517e+01
9138.7500 4.409888e+01
9140.0000 1.744131e+01
9141.2500 4.817542e+01
9142.5000 3.208042e+01
9143.7500 3.588164e+01
9145.0000 -1.214447e+00
9146.2500 9.610234e+00
9147.5000 1.747282e+01
9148.7500 3.514670e+01
9150.0000 4.064371e+01
9151.2500 1.025176e+01
9152.5000 -1.404713e+01
9153.7500 3.701548e+01
9155.0000 1.906006e+01
9156.2500 2.005242e+01
9157.5000 3.049009e+01
9158.7500 3.847943e+01
9160.0000 2.495842e+01
9161.2500 5.650333e+01
9162.5000 4.716430e+01
9163.7500 3.557906e+01
9165.0000 2.879525e+01
9166.2500 -4.954524e+00
9167.5000 1.760267e+01
9168.7500 4.175109e+01
9170.0000 4.248460e+01
9171.2500 2.145300e+01
9172.5000 1.724368e+01
9173.7500 2.034435e+01
9175.0000 1.888382e+01
9176.2500 2.119198e+01
9177.5000 1.154346e+01
9178.7500 4.304765e+01
9180.0000 3.271912e+00
9181.2500 2.025857e+01
9182.5000 2.194770e+01
9183.7500 1.278324e+01
9185.0000 3.108344e+01
9186.2500 4.180702e+01
9187.5000 7.062974e+00
9188.7500 3.721230e+01
9190.0000 3.089458e+01
9191.2500 3.526109e+01
9192.5000 4.184214e+01
9193.7500 2.832620e+01
9195.0000 1.915496e+01
9196.2500 3.750800e+00
9197.5000 1.956254e+01
9198.7500 7.686028e+00
9200.0000 1.233306e+01
9201.2500 2.368996e+01
9202.5000 1.250510e+01
9203.7500 3.965896e+01
9205.0000 2.946358e+01
9206.2500 4.288621e+00
9207.5000 2.129955e-01
9208.7500 7.128882e+00
9210.0000 8.951007e+00
9211.2500 2.026023e+01
9212.5000 3.433054e+01
9213.7500 2.083148e+01
9215.0000 1.080986e+01
9216.2500 3.366555e+00
9217.5000 5.186007e+01
9218.7500 5.555285e+01
9220.0000 4.110212e+01
9221.2500 2.417607e+01
9222.5000 3.786124e+01
9223.7500 4.227454e+01
9225.0000 2.845256e+01
9226.2500 3.478514e+01
9227.5000 3.859335e+01
9228.7500 5.045968e+01
9230.0000 1.726303e+01
9231.2500 3.300526e+01
9232.5000 3.634879e+01
9233.7500 3.254111e+01
9235.0000 4.670155e+00
9236.2500 3.044225e+01
9237.5000 2.757603e+01
9238.7500 1.866795e+01
9240.0000 1.823246e+01
9241.2500 1.569117e+01
9242.5000 1.332752e+01
9243.7500 1.678519e+01
9245.0000 2.174615e+01
9246.2500 3.560532e+01
9247.5000 1.373244e+01
9248.7500 1.701713e+01
9250.0000 1.818353e+01
9251.2500 6.048021e+00
9252.5000 1.343449e+01
9253.7500 -8.317461e-01
9255.0000 2.547747e+01
9256.2500 4.954840e+01
9257.5000 3.028199e+01
9258.7500 1.047523e+01
9260.0000 2.715017e+01
9261.2500 -8.287087e+00
9262.5000 3.501530e+01
9263.7500 2.760735e+01
9265.0000 4.230488e+01
9266.2500 1.278041e+01
9267.5000 9.117442e+00
9268.7500 1.895894e+01
9270.0000 2.338110e+01
9271.2500 1.794398e+00
9272.5000 8.248037e+00
9273.7500 3.511271e+01
9275.0000 3.692076e+01
9276.2500 3.700826e+01
9277.5000 3.368193e+01
9278.7500 3.539460e+01
9280.0000 4.762973e+00
9281.2500 3.103599e+01
9282.5000 5.039104e+01
9283.7500 3.203584e+01
9285.0000 3.760168e+01
9286.2500 3.468287e+01
9287.5000 6.204693e+00
9288.7500 3.223893e+01
9290.0000 1.004461e+01
9291.2500 1.675037e+01
9292.5000 2.325028e+01
9293.7500 2.316165e+01
9295.0000 4.552027e+01
9296.2500 3.107835e+01
9297.5000 2.266844e+01
9298.7500 9.870534e+00
9300.0000 2.860042e+00
9301.2500 1.709889e+01
9302.5000 3.910998e+00
9303.7500 -2.000010e+01
9305.0000 2.093814e+01
9306.2500 -7.537582e+01
9307.5000 -1.653386e+02
9308.7500 -2.233954e+02
9310.0000 -5.783865e+01
9311.2500 -1.892665e+02
9312.5000 2.910617e+02
9313.7500 6.171117e+01
9315.0000 -2.475271e+02
9316.2500 2.254144e+01
9317.5000 -2.596713e+01
9318.7500 2.838212e+01
9320.0000 2.043634e+01
9321.2500 2.362570e+01
9322.5000 -3.716129e+02
9323.7500 -1.248225e+01
9325.0000 -6.501828e+01
9326.2500 -1.395456e+02
9327.5000 3.053917e+01
9328.7500 1.007138e+01
9330.0000 1.170107e+01
9331.2500 2.936530e+01
9332.5000 -3.328843e+01
9333.7500 -2.200502e+01
9335.0000 -2.339815e+01
9336.2500 -1.531613e+02
9337.5000 -4.663325e+00
9338.7500 -9.420329e+01
9340.0000 -5.316557e+01
9341.2500 6.018846e+00
9342.5000 -3.144680e+01
9343.7500 -1.347511e+00
9345.0000 1.803808e+01
9346.2500 2.560676e+01
9347.5000 -1.038631e+01
9348.7500 -3.496280e+01
9350.0000 7.742032e+01
