# original catalogue: arc_list.txt
# original data-cube: ../muse_ne/MACSJ0416_NE_DATACUBE_FINAL_caminha_zap.fits
# source ID: spock2
# number of extracted pixels: 25
# extracted position: 64.038998 -24.070241
# wavelenth[Angstrom], flux[10**(-20)*erg/s/cm**2/Angstrom]
4750.0000 1.154808e+01
4751.2500 3.394765e+01
4752.5000 -2.068952e+01
4753.7500 2.612682e+01
4755.0000 -1.475849e+01
4756.2500 6.334634e-01
4757.5000 1.899370e+00
4758.7500 -1.465430e+01
4760.0000 2.552794e+01
4761.2500 8.085057e+00
4762.5000 4.913225e+01
4763.7500 -9.106946e+00
4765.0000 -6.457810e+00
4766.2500 -1.602480e+01
4767.5000 2.125035e+01
4768.7500 5.059075e+01
4770.0000 4.952413e+01
4771.2500 2.250102e+01
4772.5000 4.168115e+00
4773.7500 6.647688e+00
4775.0000 3.683750e+01
4776.2500 4.504979e+01
4777.5000 -2.434542e+00
4778.7500 2.952323e+01
4780.0000 2.138864e+01
4781.2500 -6.222744e+00
4782.5000 1.241414e+01
4783.7500 6.863461e+00
4785.0000 -2.692060e+01
4786.2500 -9.097357e+00
4787.5000 -1.495756e+01
4788.7500 4.004432e+00
4790.0000 1.613257e+01
4791.2500 2.251323e+01
4792.5000 1.425076e+01
4793.7500 1.050675e+01
4795.0000 -1.370179e+01
4796.2500 -4.316098e+00
4797.5000 -1.196372e+01
4798.7500 -3.897346e+00
4800.0000 5.015308e+01
4801.2500 2.779579e+01
4802.5000 3.596410e+01
4803.7500 3.274740e+00
4805.0000 1.300229e+01
4806.2500 3.455961e+01
4807.5000 4.726632e+01
4808.7500 2.653573e+01
4810.0000 -1.926409e+01
4811.2500 1.122265e+01
4812.5000 9.372658e+00
4813.7500 -8.002214e+00
4815.0000 1.290326e+01
4816.2500 1.155027e+01
4817.5000 -1.377225e+00
4818.7500 8.471023e+00
4820.0000 7.058945e+00
4821.2500 2.790898e+01
4822.5000 1.897690e+01
4823.7500 -1.759404e+01
4825.0000 -2.015842e+01
4826.2500 4.517180e+00
4827.5000 -1.294819e+01
4828.7500 5.789707e+01
4830.0000 1.552991e+00
4831.2500 -1.703041e+01
4832.5000 8.325933e+00
4833.7500 5.074685e+01
4835.0000 -6.885326e+00
4836.2500 3.098272e+01
4837.5000 2.059221e+01
4838.7500 7.838211e+00
4840.0000 1.311547e+01
4841.2500 3.931100e+00
4842.5000 2.069770e+01
4843.7500 2.831882e+01
4845.0000 7.990984e+00
4846.2500 2.413530e+01
4847.5000 1.949683e+01
4848.7500 -7.722535e+00
4850.0000 1.145975e+01
4851.2500 1.562341e+01
4852.5000 4.162831e+01
4853.7500 2.527307e+00
4855.0000 -6.832933e+00
4856.2500 9.667995e+00
4857.5000 1.815900e+01
4858.7500 1.947986e+01
4860.0000 -4.963688e+00
4861.2500 -6.068396e+00
4862.5000 4.158921e+01
4863.7500 6.822073e+00
4865.0000 4.106244e+01
4866.2500 3.560514e+01
4867.5000 -9.799732e+00
4868.7500 5.797514e+01
4870.0000 3.526952e+01
4871.2500 6.461142e+00
4872.5000 2.698902e+01
4873.7500 4.102899e+01
4875.0000 6.427505e+00
4876.2500 -1.713801e+01
4877.5000 1.765546e+01
4878.7500 2.961135e+01
4880.0000 3.082398e+01
4881.2500 5.439528e+01
4882.5000 2.882847e+01
4883.7500 3.440797e+00
4885.0000 2.619917e+01
4886.2500 1.918829e+00
4887.5000 2.272492e+01
4888.7500 3.918736e+00
4890.0000 4.554874e+01
4891.2500 1.688672e+01
4892.5000 8.707333e+00
4893.7500 7.443482e-02
4895.0000 4.599665e+01
4896.2500 2.641139e+01
4897.5000 2.644390e+01
4898.7500 4.861629e+01
4900.0000 5.759267e+01
4901.2500 1.005070e+01
4902.5000 3.207432e+01
4903.7500 3.100377e+01
4905.0000 -1.831879e+01
4906.2500 1.867217e+01
4907.5000 3.343887e+01
4908.7500 4.934340e+01
4910.0000 2.696127e+01
4911.2500 1.444659e+01
4912.5000 9.766324e+00
4913.7500 1.377361e+01
4915.0000 2.882076e+01
4916.2500 9.945118e+00
4917.5000 1.794895e+01
4918.7500 3.779773e+01
4920.0000 1.682220e+01
4921.2500 4.157111e+01
4922.5000 3.491797e+01
4923.7500 -6.480136e+00
4925.0000 1.743139e+01
4926.2500 1.581581e+01
4927.5000 -9.279078e+00
4928.7500 2.246114e+01
4930.0000 3.403973e+01
4931.2500 8.555880e+00
4932.5000 4.331006e+00
4933.7500 1.529418e+01
4935.0000 -1.517727e+01
4936.2500 2.022150e+01
4937.5000 5.226977e+01
4938.7500 1.428942e+01
4940.0000 8.392751e+00
4941.2500 2.937172e+01
4942.5000 1.939112e+00
4943.7500 9.114468e+00
4945.0000 6.040727e+00
4946.2500 2.767221e+01
4947.5000 8.255793e+00
4948.7500 1.503298e+01
4950.0000 -9.078718e+00
4951.2500 2.834261e+01
4952.5000 1.415786e+01
4953.7500 2.605579e+01
4955.0000 3.249461e+01
4956.2500 2.235089e+01
4957.5000 2.159327e+01
4958.7500 2.493006e+01
4960.0000 4.405341e+01
4961.2500 3.175840e+01
4962.5000 3.558706e+01
4963.7500 1.240074e+01
4965.0000 9.784800e+00
4966.2500 4.981208e+01
4967.5000 3.820383e+01
4968.7500 2.874280e+01
4970.0000 6.835088e+00
4971.2500 -3.263160e+00
4972.5000 -1.605657e+01
4973.7500 -9.208483e+00
4975.0000 1.405332e+01
4976.2500 -1.667284e+01
4977.5000 3.083689e+01
4978.7500 2.084247e+01
4980.0000 1.080707e+01
4981.2500 3.341168e+00
4982.5000 2.038969e+01
4983.7500 -1.801382e+01
4985.0000 1.128232e+01
4986.2500 2.564205e+01
4987.5000 4.119135e+00
4988.7500 1.105635e+01
4990.0000 3.743861e+01
4991.2500 2.547866e+01
4992.5000 1.461145e+01
4993.7500 3.163631e+01
4995.0000 3.196585e+01
4996.2500 3.450219e+01
4997.5000 2.827313e+01
4998.7500 -3.171575e+01
5000.0000 1.638239e+01
5001.2500 2.431333e+01
5002.5000 1.779991e+01
5003.7500 -3.975776e+00
5005.0000 1.237403e+01
5006.2500 3.221294e+01
5007.5000 8.076177e+01
5008.7500 -1.447488e+01
5010.0000 1.771983e+01
5011.2500 2.445873e+01
5012.5000 1.203911e+01
5013.7500 2.344078e+01
5015.0000 1.659746e+01
5016.2500 2.847656e+01
5017.5000 2.039371e+01
5018.7500 -2.356828e+00
5020.0000 -1.305189e+01
5021.2500 -1.038829e+01
5022.5000 -1.675130e+01
5023.7500 -4.665356e+00
5025.0000 7.399882e+00
5026.2500 1.294734e+01
5027.5000 1.972079e+01
5028.7500 2.167243e+01
5030.0000 2.190234e+01
5031.2500 3.410406e+01
5032.5000 -8.349235e+00
5033.7500 -1.144942e+01
5035.0000 1.403816e+01
5036.2500 1.036996e+01
5037.5000 2.631204e+00
5038.7500 4.125667e+00
5040.0000 1.421749e+01
5041.2500 2.062324e+01
5042.5000 1.078571e+01
5043.7500 2.207866e+00
5045.0000 1.825985e+01
5046.2500 1.725342e+01
5047.5000 2.140867e+01
5048.7500 2.345666e+01
5050.0000 1.531200e+01
5051.2500 2.535566e+01
5052.5000 3.416748e+01
5053.7500 9.120358e+00
5055.0000 3.155166e+01
5056.2500 1.833860e+01
5057.5000 7.332794e+00
5058.7500 3.201596e+01
5060.0000 1.600133e+01
5061.2500 3.208831e+01
5062.5000 2.604828e+01
5063.7500 7.971664e+00
5065.0000 3.664303e+01
5066.2500 1.777725e+01
5067.5000 -1.457313e+01
5068.7500 1.202147e+01
5070.0000 1.364545e+01
5071.2500 -4.950897e+00
5072.5000 -4.675502e+00
5073.7500 2.109087e+01
5075.0000 -1.106249e+01
5076.2500 2.271118e+01
5077.5000 -8.220831e+00
5078.7500 7.241583e+00
5080.0000 7.585813e+00
5081.2500 2.066648e+01
5082.5000 2.469885e+01
5083.7500 1.292606e+01
5085.0000 1.457592e+01
5086.2500 4.111869e+01
5087.5000 1.552493e+01
5088.7500 -5.689523e+00
5090.0000 9.790288e-01
5091.2500 1.651705e+01
5092.5000 2.101229e+01
5093.7500 -3.712535e+00
5095.0000 -6.779515e+00
5096.2500 8.527557e+00
5097.5000 2.069508e+01
5098.7500 -1.619971e+01
5100.0000 5.422432e-01
5101.2500 3.210452e+01
5102.5000 1.265781e+01
5103.7500 1.752408e+01
5105.0000 1.577077e+01
5106.2500 3.752387e+00
5107.5000 2.746854e+01
5108.7500 3.909550e+01
5110.0000 9.013027e+00
5111.2500 -1.847304e+00
5112.5000 2.586153e+01
5113.7500 2.659206e+01
5115.0000 -5.167265e+00
5116.2500 -5.831831e-01
5117.5000 3.961248e+00
5118.7500 1.014528e+01
5120.0000 3.436175e+01
5121.2500 2.511156e+01
5122.5000 7.369180e+00
5123.7500 2.521211e+01
5125.0000 5.134596e+00
5126.2500 4.692552e+00
5127.5000 4.473598e+01
5128.7500 2.987974e+01
5130.0000 1.396286e+01
5131.2500 4.006076e+01
5132.5000 4.902255e+01
5133.7500 4.130062e+00
5135.0000 1.191879e+01
5136.2500 2.829585e+01
5137.5000 1.251763e+01
5138.7500 2.768998e+01
5140.0000 1.709700e+01
5141.2500 1.404423e+01
5142.5000 1.288534e+01
5143.7500 2.510518e+01
5145.0000 9.940967e+00
5146.2500 1.731580e+01
5147.5000 3.308118e+01
5148.7500 1.590657e+01
5150.0000 1.679416e+01
5151.2500 1.931442e+01
5152.5000 7.633802e+00
5153.7500 2.950314e+01
5155.0000 -2.400820e+00
5156.2500 6.202755e-01
5157.5000 1.147776e+01
5158.7500 3.376205e+01
5160.0000 -1.963184e+00
5161.2500 -9.103525e-01
5162.5000 5.121485e+01
5163.7500 2.421759e+01
5165.0000 1.496013e+01
5166.2500 2.022629e+01
5167.5000 7.057907e+00
5168.7500 1.802172e+01
5170.0000 2.636756e+01
5171.2500 2.310057e+01
5172.5000 6.045060e+00
5173.7500 2.600014e+01
5175.0000 2.280818e+01
5176.2500 7.646914e+00
5177.5000 2.074950e+01
5178.7500 2.703660e+01
5180.0000 3.074289e+01
5181.2500 2.576561e+01
5182.5000 2.179715e+01
5183.7500 2.948895e+01
5185.0000 -7.216125e+00
5186.2500 1.420032e+01
5187.5000 2.281793e+01
5188.7500 6.639134e+00
5190.0000 1.972407e+01
5191.2500 6.970946e+00
5192.5000 4.864000e+00
5193.7500 3.508365e+01
5195.0000 5.162905e+00
5196.2500 4.398322e+00
5197.5000 2.433842e+01
5198.7500 2.484601e+01
5200.0000 -7.376559e+00
5201.2500 1.394478e+01
5202.5000 2.109195e+01
5203.7500 6.144960e+00
5205.0000 -3.981681e-01
5206.2500 1.972498e+01
5207.5000 -9.307522e-01
5208.7500 5.332191e+00
5210.0000 -3.096084e+00
5211.2500 1.078334e+01
5212.5000 2.041470e+01
5213.7500 1.244243e+01
5215.0000 9.519117e+00
5216.2500 2.547841e+01
5217.5000 1.782295e+00
5218.7500 1.635433e+01
5220.0000 2.391524e+01
5221.2500 5.479305e+01
5222.5000 4.381853e+01
5223.7500 3.764225e+01
5225.0000 2.566845e+01
5226.2500 -3.756505e+00
5227.5000 2.583300e+01
5228.7500 2.530353e+01
5230.0000 2.889740e+01
5231.2500 -5.132556e-01
5232.5000 1.056699e+01
5233.7500 -2.244792e+00
5235.0000 3.002712e+01
5236.2500 3.661246e+01
5237.5000 3.940438e+01
5238.7500 3.085180e+00
5240.0000 -9.123236e+00
5241.2500 -4.337087e+00
5242.5000 1.698214e+01
5243.7500 4.635284e+01
5245.0000 4.669056e-01
5246.2500 2.531832e+01
5247.5000 -7.053456e-01
5248.7500 7.288830e+00
5250.0000 2.939187e+01
5251.2500 5.620774e+00
5252.5000 3.087885e+01
5253.7500 7.625050e+00
5255.0000 -5.889781e+00
5256.2500 4.424338e+00
5257.5000 5.160041e+00
5258.7500 1.471641e+01
5260.0000 3.337957e+01
5261.2500 2.051594e+01
5262.5000 2.955856e+01
5263.7500 1.398900e+01
5265.0000 1.572657e+01
5266.2500 1.367245e+01
5267.5000 3.724641e+01
5268.7500 2.407761e+01
5270.0000 9.956670e+00
5271.2500 2.745246e+01
5272.5000 6.685618e+00
5273.7500 3.391779e+01
5275.0000 3.610544e+01
5276.2500 2.651581e+01
5277.5000 1.139329e+01
5278.7500 1.406485e+01
5280.0000 1.295072e+01
5281.2500 2.992234e+01
5282.5000 1.768177e+01
5283.7500 9.411970e+00
5285.0000 2.039582e+01
5286.2500 4.811180e+01
5287.5000 4.122053e+01
5288.7500 1.766586e+01
5290.0000 -1.844306e+00
5291.2500 -1.357315e+01
5292.5000 9.307531e+00
5293.7500 1.917334e+01
5295.0000 1.471991e+01
5296.2500 2.745196e+01
5297.5000 1.334908e+01
5298.7500 2.437755e+01
5300.0000 1.977325e+01
5301.2500 1.603662e+01
5302.5000 2.064152e+01
5303.7500 4.712568e+00
5305.0000 2.952029e+00
5306.2500 2.222585e+01
5307.5000 1.779413e+01
5308.7500 2.150192e+01
5310.0000 -2.386745e+00
5311.2500 -4.028741e+00
5312.5000 3.608649e+01
5313.7500 3.045917e+01
5315.0000 7.496974e+00
5316.2500 1.015689e+01
5317.5000 3.911355e+00
5318.7500 -1.573544e+01
5320.0000 -1.807540e+00
5321.2500 1.010093e+01
5322.5000 2.255690e+01
5323.7500 2.130758e+01
5325.0000 6.692780e+00
5326.2500 2.321374e+01
5327.5000 1.514003e+01
5328.7500 3.522323e+01
5330.0000 9.506971e+00
5331.2500 2.680378e+01
5332.5000 1.333335e+01
5333.7500 2.471518e+01
5335.0000 3.391344e+01
5336.2500 -3.621323e+00
5337.5000 3.544736e+00
5338.7500 2.220210e+01
5340.0000 2.472345e+01
5341.2500 2.448272e+01
5342.5000 2.422217e+01
5343.7500 6.101366e+00
5345.0000 8.959801e+00
5346.2500 -1.856920e+01
5347.5000 1.484806e+01
5348.7500 1.686186e+01
5350.0000 8.029799e+00
5351.2500 3.885177e+00
5352.5000 3.562526e+01
5353.7500 3.074822e+01
5355.0000 2.981322e+01
5356.2500 1.530232e+01
5357.5000 -9.241048e+00
5358.7500 -2.148196e+01
5360.0000 8.853724e+00
5361.2500 2.402485e+01
5362.5000 2.190405e+01
5363.7500 1.779158e+01
5365.0000 1.263804e+00
5366.2500 6.912940e+00
5367.5000 1.598767e+01
5368.7500 2.238088e+01
5370.0000 5.864597e+00
5371.2500 -4.647709e+00
5372.5000 2.546395e+01
5373.7500 9.155752e-02
5375.0000 2.523995e+01
5376.2500 1.438416e+01
5377.5000 -8.005774e+00
5378.7500 -3.553810e+00
5380.0000 -7.968127e-01
5381.2500 -5.156415e+00
5382.5000 2.176443e+01
5383.7500 1.910440e+01
5385.0000 1.655255e+01
5386.2500 2.700909e+01
5387.5000 2.993078e+01
5388.7500 2.455486e+01
5390.0000 1.064446e+01
5391.2500 9.100467e-01
5392.5000 8.924833e+00
5393.7500 1.046147e+01
5395.0000 1.613350e+01
5396.2500 2.720588e+01
5397.5000 1.619215e+01
5398.7500 2.239750e+01
5400.0000 3.315648e+01
5401.2500 1.436568e+01
5402.5000 6.580718e+00
5403.7500 4.312036e+00
5405.0000 5.991602e+01
5406.2500 3.943098e+01
5407.5000 2.464133e+01
5408.7500 3.153492e+01
5410.0000 2.409559e+01
5411.2500 3.768475e+01
5412.5000 1.416856e+01
5413.7500 1.358117e+01
5415.0000 1.806071e+01
5416.2500 1.842388e+01
5417.5000 1.222679e+01
5418.7500 1.690813e+01
5420.0000 1.671401e+00
5421.2500 3.946469e+00
5422.5000 -7.894859e+00
5423.7500 -7.199010e+00
5425.0000 3.638341e+01
5426.2500 1.483183e+01
5427.5000 1.852094e+01
5428.7500 1.371501e+01
5430.0000 2.721467e+01
5431.2500 1.277427e+01
5432.5000 1.576312e+01
5433.7500 3.493368e+01
5435.0000 2.752744e+01
5436.2500 1.533382e+00
5437.5000 2.634148e+01
5438.7500 3.297474e+01
5440.0000 2.283575e+01
5441.2500 6.343328e+00
5442.5000 7.313152e+00
5443.7500 1.312636e+01
5445.0000 -9.929474e+00
5446.2500 3.043222e+01
5447.5000 -2.732145e+00
5448.7500 1.434506e+01
5450.0000 1.214277e+01
5451.2500 -7.531056e+00
5452.5000 2.870474e+01
5453.7500 1.650262e+01
5455.0000 1.525082e+01
5456.2500 1.527693e+01
5457.5000 1.851261e+01
5458.7500 2.131413e+01
5460.0000 1.137057e+01
5461.2500 4.252492e+01
5462.5000 3.644881e+01
5463.7500 1.468049e+01
5465.0000 1.164111e+01
5466.2500 2.369822e+01
5467.5000 3.766071e+01
5468.7500 1.529040e+01
5470.0000 4.027486e+01
5471.2500 3.764953e+01
5472.5000 3.930087e+01
5473.7500 1.429178e+01
5475.0000 3.338955e+01
5476.2500 2.698997e+01
5477.5000 2.983696e+01
5478.7500 1.978518e+01
5480.0000 -2.846425e+00
5481.2500 2.362949e+01
5482.5000 2.870246e+01
5483.7500 1.716554e+01
5485.0000 9.620844e+00
5486.2500 7.378436e+00
5487.5000 2.304295e+01
5488.7500 1.292984e+01
5490.0000 1.419111e+01
5491.2500 1.164635e+00
5492.5000 3.061522e+01
5493.7500 1.428203e+01
5495.0000 1.324970e+01
5496.2500 9.989285e+00
5497.5000 1.613464e-01
5498.7500 1.214824e+01
5500.0000 6.030088e+00
5501.2500 -8.589142e+00
5502.5000 2.814042e+01
5503.7500 1.088658e+01
5505.0000 2.824163e+01
5506.2500 2.760537e+01
5507.5000 5.541116e+00
5508.7500 3.421149e+01
5510.0000 1.436290e+01
5511.2500 2.343527e+01
5512.5000 2.331776e+01
5513.7500 2.551143e+01
5515.0000 7.531489e+00
5516.2500 3.211021e+01
5517.5000 4.576256e+00
5518.7500 2.111252e+01
5520.0000 2.780122e+01
5521.2500 3.735401e+01
5522.5000 1.222229e+01
5523.7500 -3.185537e-01
5525.0000 1.611985e+01
5526.2500 4.819933e+01
5527.5000 -6.286437e+00
5528.7500 -7.876880e-01
5530.0000 2.495760e+01
5531.2500 1.442531e+01
5532.5000 9.806005e+00
5533.7500 6.493300e+00
5535.0000 -1.637873e+00
5536.2500 -2.492943e+00
5537.5000 1.074598e+01
5538.7500 2.911560e+01
5540.0000 6.114034e+00
5541.2500 4.669011e+01
5542.5000 1.634342e+01
5543.7500 -1.766847e+01
5545.0000 5.558397e+00
5546.2500 1.238673e+01
5547.5000 2.335237e+01
5548.7500 1.859381e+01
5550.0000 -5.811374e+00
5551.2500 1.397314e+01
5552.5000 4.440377e+00
5553.7500 -3.448082e+00
5555.0000 -1.519144e+01
5556.2500 2.143454e+01
5557.5000 1.271841e+01
5558.7500 1.060165e+01
5560.0000 -7.776571e+00
5561.2500 7.706967e+00
5562.5000 7.490632e-01
5563.7500 4.428857e+01
5565.0000 2.490958e+01
5566.2500 4.075119e+00
5567.5000 4.591470e+00
5568.7500 1.015476e+01
5570.0000 1.708101e+01
5571.2500 2.915413e+01
5572.5000 3.572577e+00
5573.7500 8.691391e+00
5575.0000 7.889202e+00
5576.2500 7.769086e+00
5577.5000 8.024278e+00
5578.7500 8.749342e+00
5580.0000 1.030840e+01
5581.2500 8.047490e+00
5582.5000 -3.619221e+00
5583.7500 9.701751e+00
5585.0000 2.059084e+01
5586.2500 2.682270e+01
5587.5000 3.531436e+00
5588.7500 2.247950e+01
5590.0000 9.234379e+00
5591.2500 4.379608e+01
5592.5000 1.069031e+01
5593.7500 1.612299e+01
5595.0000 1.006865e+01
5596.2500 3.740022e+01
5597.5000 3.901868e+00
5598.7500 2.000333e+01
5600.0000 1.476858e+00
5601.2500 6.390559e-01
5602.5000 -5.429497e+00
5603.7500 1.609067e+01
5605.0000 2.913937e+01
5606.2500 4.748735e+00
5607.5000 1.992357e+01
5608.7500 4.762915e+01
5610.0000 9.021469e+00
5611.2500 -1.165912e+01
5612.5000 2.252522e+01
5613.7500 1.386425e+01
5615.0000 -1.585552e+01
5616.2500 3.331297e+01
5617.5000 1.508824e+01
5618.7500 -7.314154e+00
5620.0000 3.894080e+00
5621.2500 2.957274e+01
5622.5000 8.708498e+00
5623.7500 4.037432e+00
5625.0000 2.980701e+01
5626.2500 2.143024e+01
5627.5000 -2.971703e+00
5628.7500 -1.521789e+01
5630.0000 -1.173785e+00
5631.2500 5.781940e+00
5632.5000 5.611605e+00
5633.7500 2.682694e+01
5635.0000 2.522615e+01
5636.2500 1.040658e+01
5637.5000 1.925362e+01
5638.7500 2.546545e+01
5640.0000 6.360429e+00
5641.2500 -1.063108e-01
5642.5000 3.415377e+01
5643.7500 2.506157e+01
5645.0000 2.872850e+00
5646.2500 1.614859e+01
5647.5000 2.354455e+01
5648.7500 1.627503e+01
5650.0000 1.979473e+01
5651.2500 2.056521e+01
5652.5000 1.408988e+01
5653.7500 2.866417e+01
5655.0000 4.634389e+01
5656.2500 2.049853e+01
5657.5000 1.444002e+01
5658.7500 2.451784e+01
5660.0000 2.338072e+01
5661.2500 1.342210e+01
5662.5000 8.180520e+00
5663.7500 5.935734e+00
5665.0000 -3.219068e+00
5666.2500 1.805101e+01
5667.5000 1.980138e+01
5668.7500 2.966996e+01
5670.0000 2.187415e+01
5671.2500 2.249019e+01
5672.5000 6.770309e+00
5673.7500 4.024161e+01
5675.0000 1.956746e+01
5676.2500 7.852247e+00
5677.5000 2.792230e+00
5678.7500 6.735533e+00
5680.0000 2.649842e+01
5681.2500 4.071275e+01
5682.5000 2.870530e+01
5683.7500 4.565204e+01
5685.0000 1.150778e+01
5686.2500 3.294316e+01
5687.5000 1.615950e+01
5688.7500 -5.324534e+00
5690.0000 -8.803029e+00
5691.2500 1.546939e+01
5692.5000 1.254726e+01
5693.7500 3.568043e+00
5695.0000 2.340484e+01
5696.2500 1.502625e+01
5697.5000 2.479832e+01
5698.7500 -6.179497e+00
5700.0000 1.450056e+01
5701.2500 6.564005e+00
5702.5000 1.644060e+01
5703.7500 3.562166e+01
5705.0000 5.531520e+01
5706.2500 2.001213e+01
5707.5000 1.899608e+01
5708.7500 3.132281e+01
5710.0000 2.206142e+01
5711.2500 4.077703e+01
5712.5000 3.043641e+01
5713.7500 2.228371e+01
5715.0000 -7.959442e+00
5716.2500 2.088655e+01
5717.5000 2.787468e+01
5718.7500 9.195467e+00
5720.0000 3.106561e+01
5721.2500 5.163137e+00
5722.5000 2.327056e+01
5723.7500 2.395313e+01
5725.0000 3.082747e+01
5726.2500 1.639708e+01
5727.5000 1.688661e+00
5728.7500 1.211818e+01
5730.0000 4.447516e+01
5731.2500 2.134304e+01
5732.5000 3.480100e+01
5733.7500 4.657510e+01
5735.0000 1.538706e+01
5736.2500 2.448285e+01
5737.5000 3.480537e+01
5738.7500 5.112421e+01
5740.0000 5.961719e+01
5741.2500 2.615172e+01
5742.5000 1.275744e+01
5743.7500 1.311223e+01
5745.0000 2.518523e+00
5746.2500 2.788649e+01
5747.5000 2.723138e+01
5748.7500 7.194619e+00
5750.0000 3.622756e+01
5751.2500 3.630913e+01
5752.5000 9.154930e+00
5753.7500 1.224252e+01
5755.0000 9.197714e+00
5756.2500 2.935114e+01
5757.5000 3.029489e+01
5758.7500 2.280726e+01
5760.0000 1.564596e+01
5761.2500 5.275377e+01
5762.5000 2.939807e+01
5763.7500 2.833357e+01
5765.0000 2.032222e+01
5766.2500 8.636081e+00
5767.5000 1.195271e+01
5768.7500 1.598010e+01
5770.0000 2.511480e+01
5771.2500 1.870768e+01
5772.5000 2.767965e+01
5773.7500 3.478780e+01
5775.0000 1.002616e+01
5776.2500 2.805599e+01
5777.5000 3.258902e+01
5778.7500 4.646568e+01
5780.0000 2.139471e+01
5781.2500 2.071456e+00
5782.5000 1.556502e+01
5783.7500 3.208780e+01
5785.0000 -2.531058e+00
5786.2500 -2.907387e+00
5787.5000 3.064462e+01
5788.7500 3.424426e+01
5790.0000 8.422708e+00
5791.2500 1.593322e+01
5792.5000 5.471246e+00
5793.7500 2.556584e+01
5795.0000 2.538192e+01
5796.2500 2.688160e+01
5797.5000 5.054205e+01
5798.7500 -7.061539e+00
5800.0000 2.688537e+01
5801.2500 5.563367e-01
5802.5000 2.883144e+01
5803.7500 2.682988e+01
5805.0000 2.621177e+01
5806.2500 1.413405e+01
5807.5000 4.139722e+01
5808.7500 -1.144948e+01
5810.0000 8.211839e+00
5811.2500 1.022841e+01
5812.5000 2.056193e+01
5813.7500 3.149333e+01
5815.0000 3.619769e+01
5816.2500 1.044660e+01
5817.5000 2.357364e+01
5818.7500 2.139600e+01
5820.0000 -7.576896e+00
5821.2500 2.738918e+01
5822.5000 2.225680e+01
5823.7500 7.106586e+00
5825.0000 1.286569e+01
5826.2500 2.593580e+01
5827.5000 1.320366e+01
5828.7500 1.983401e+01
5830.0000 3.389347e+01
5831.2500 1.499556e+01
5832.5000 3.442324e+01
5833.7500 3.088996e+01
5835.0000 2.538817e+01
5836.2500 1.536038e+01
5837.5000 2.020907e+01
5838.7500 4.342641e+01
5840.0000 2.651960e+01
5841.2500 4.355133e+01
5842.5000 4.307369e+01
5843.7500 2.906796e+01
5845.0000 -1.107905e+00
5846.2500 -2.693208e+00
5847.5000 1.232158e+01
5848.7500 1.262818e+01
5850.0000 3.934740e+01
5851.2500 2.215950e+01
5852.5000 2.364864e+01
5853.7500 2.561224e+01
5855.0000 1.777937e+01
5856.2500 1.742892e+01
5857.5000 2.580789e+01
5858.7500 1.524813e+01
5860.0000 2.034276e+01
5861.2500 1.449625e+01
5862.5000 9.645402e+00
5863.7500 5.241358e+00
5865.0000 -1.900820e+00
5866.2500 1.611226e+01
5867.5000 9.881533e-01
5868.7500 2.609186e+01
5870.0000 3.085416e+01
5871.2500 4.536389e+01
5872.5000 1.386805e+01
5873.7500 2.075049e+00
5875.0000 2.245589e+01
5876.2500 2.728906e+00
5877.5000 2.597680e+01
5878.7500 2.590172e+01
5880.0000 2.280418e+01
5881.2500 -3.699503e+00
5882.5000 -1.090610e+01
5883.7500 2.269773e+01
5885.0000 4.699529e+01
5886.2500 2.551521e+01
5887.5000 4.065361e+01
5888.7500 1.221802e+01
5890.0000 1.210665e+01
5891.2500 3.353137e+01
5892.5000 2.129484e+01
5893.7500 -4.149063e-02
5895.0000 1.803913e+01
5896.2500 1.081490e+01
5897.5000 2.720283e+01
5898.7500 7.089229e+00
5900.0000 4.521676e+01
5901.2500 2.731228e+01
5902.5000 3.214555e+01
5903.7500 6.082082e+00
5905.0000 2.197085e+01
5906.2500 2.284357e+01
5907.5000 1.177653e+01
5908.7500 1.353190e+01
5910.0000 9.464464e+00
5911.2500 2.573676e-01
5912.5000 -7.107940e-01
5913.7500 1.274721e+01
5915.0000 4.262677e+01
5916.2500 -1.062464e+01
5917.5000 2.984282e+01
5918.7500 1.287943e+01
5920.0000 2.851897e+01
5921.2500 2.933433e+01
5922.5000 3.025424e+01
5923.7500 1.882546e+01
5925.0000 2.980878e+01
5926.2500 2.610012e+01
5927.5000 1.589619e+01
5928.7500 3.201791e+01
5930.0000 -4.335120e+00
5931.2500 -1.148047e+01
5932.5000 1.404570e+01
5933.7500 1.517449e+01
5935.0000 2.017585e+01
5936.2500 1.819329e+01
5937.5000 3.139110e+01
5938.7500 3.400670e+01
5940.0000 1.090385e+01
5941.2500 2.162742e+01
5942.5000 2.007193e+01
5943.7500 2.322774e+01
5945.0000 2.866644e+01
5946.2500 4.423827e+01
5947.5000 9.531831e+00
5948.7500 4.269649e+01
5950.0000 2.580959e+01
5951.2500 1.629640e+01
5952.5000 3.925049e+01
5953.7500 2.590969e+01
5955.0000 -4.032666e+00
5956.2500 2.947235e+01
5957.5000 3.156730e+01
5958.7500 3.881788e+01
5960.0000 9.946715e+00
5961.2500 2.555130e+01
5962.5000 1.500226e+01
5963.7500 2.505250e+01
5965.0000 2.074263e+01
5966.2500 2.244882e+01
5967.5000 2.965554e+01
5968.7500 2.982231e+01
5970.0000 4.298719e+01
5971.2500 4.032168e+01
5972.5000 2.418579e+01
5973.7500 1.241577e+01
5975.0000 2.171834e+01
5976.2500 7.455205e+00
5977.5000 3.710796e+01
5978.7500 3.430616e+01
5980.0000 2.545897e+01
5981.2500 3.226833e+01
5982.5000 1.882764e+01
5983.7500 2.875878e+01
5985.0000 2.212770e+01
5986.2500 8.884230e+00
5987.5000 1.435311e+01
5988.7500 1.894203e+01
5990.0000 9.684266e+00
5991.2500 1.871969e+01
5992.5000 1.387955e+01
5993.7500 2.345047e+01
5995.0000 1.970865e+01
5996.2500 2.966476e+01
5997.5000 3.743456e+01
5998.7500 2.764052e+01
6000.0000 6.035288e+01
6001.2500 2.292610e+01
6002.5000 5.130735e+00
6003.7500 3.031977e+01
6005.0000 7.778390e+00
6006.2500 9.393539e+00
6007.5000 3.571544e+01
6008.7500 3.074098e+01
6010.0000 3.514313e+01
6011.2500 4.056656e+01
6012.5000 2.513188e+01
6013.7500 -1.143315e+01
6015.0000 8.921897e+00
6016.2500 -1.011425e+01
6017.5000 8.301385e+00
6018.7500 1.466670e+01
6020.0000 1.690049e+01
6021.2500 3.715210e+01
6022.5000 1.670968e+01
6023.7500 -5.789299e+00
6025.0000 1.747607e+00
6026.2500 8.040595e+00
6027.5000 7.564343e+00
6028.7500 9.961422e+00
6030.0000 2.479381e+01
6031.2500 1.064079e+01
6032.5000 4.311616e+00
6033.7500 1.165715e+01
6035.0000 2.538788e+01
6036.2500 1.441989e+01
6037.5000 4.658113e+00
6038.7500 2.504408e+01
6040.0000 2.657861e+01
6041.2500 2.565775e+00
6042.5000 3.604119e+00
6043.7500 1.774415e+01
6045.0000 2.183529e+01
6046.2500 2.259890e+01
6047.5000 2.185460e+01
6048.7500 3.818420e+01
6050.0000 3.627136e+01
6051.2500 4.531296e+01
6052.5000 3.849416e+01
6053.7500 6.006840e-02
6055.0000 8.211025e+00
6056.2500 4.247230e+01
6057.5000 2.453553e+01
6058.7500 1.566711e+01
6060.0000 -9.468376e+00
6061.2500 2.633561e+01
6062.5000 2.549634e+01
6063.7500 3.331987e+01
6065.0000 3.385600e+01
6066.2500 4.692522e+01
6067.5000 6.335708e+00
6068.7500 4.845827e+01
6070.0000 1.593529e+01
6071.2500 2.925996e+01
6072.5000 3.382265e+01
6073.7500 1.072238e+01
6075.0000 3.206391e+01
6076.2500 1.252418e+01
6077.5000 2.546971e+01
6078.7500 2.014435e+01
6080.0000 1.382310e+01
6081.2500 4.304133e+01
6082.5000 3.076940e+01
6083.7500 1.574143e+01
6085.0000 1.478510e+01
6086.2500 1.448768e+01
6087.5000 2.544459e+01
6088.7500 2.471281e+01
6090.0000 1.953192e+01
6091.2500 3.869718e+01
6092.5000 5.539439e+00
6093.7500 3.289477e+01
6095.0000 2.301098e+01
6096.2500 1.005272e+01
6097.5000 4.731486e+01
6098.7500 4.428137e+00
6100.0000 2.278434e+01
6101.2500 1.859827e+01
6102.5000 3.501781e+01
6103.7500 2.426775e+01
6105.0000 1.989312e+01
6106.2500 6.460884e+00
6107.5000 2.427221e+00
6108.7500 1.507782e+01
6110.0000 2.910290e+01
6111.2500 2.045266e+01
6112.5000 2.801518e+01
6113.7500 1.823170e+01
6115.0000 3.719259e+01
6116.2500 1.464105e+01
6117.5000 1.425861e+01
6118.7500 3.162637e+01
6120.0000 2.999957e+01
6121.2500 3.536190e+01
6122.5000 1.253624e+01
6123.7500 1.036077e+01
6125.0000 3.032624e+01
6126.2500 3.975057e+00
6127.5000 4.572223e+01
6128.7500 2.580190e+01
6130.0000 2.744246e+01
6131.2500 3.343798e+00
6132.5000 2.737195e+01
6133.7500 1.680803e+01
6135.0000 3.551340e-01
6136.2500 1.792390e+01
6137.5000 1.851186e+01
6138.7500 2.024761e+01
6140.0000 2.735962e+01
6141.2500 3.882805e+01
6142.5000 2.502569e+01
6143.7500 5.214150e+01
6145.0000 1.627375e+01
6146.2500 1.836541e+01
6147.5000 1.933719e+01
6148.7500 1.334211e+01
6150.0000 1.218743e+01
6151.2500 2.938054e+01
6152.5000 2.880864e+01
6153.7500 9.494645e+00
6155.0000 5.512774e+00
6156.2500 1.901841e+01
6157.5000 3.388399e+01
6158.7500 1.989085e+01
6160.0000 4.204391e+00
6161.2500 1.098104e+01
6162.5000 3.392296e+00
6163.7500 1.823182e+01
6165.0000 1.738459e+01
6166.2500 3.517746e+01
6167.5000 2.558964e+01
6168.7500 2.014190e+01
6170.0000 3.958149e+01
6171.2500 3.242293e+01
6172.5000 1.656654e+01
6173.7500 3.285503e+01
6175.0000 4.908321e+01
6176.2500 1.037274e+01
6177.5000 2.078751e+01
6178.7500 1.914042e+01
6180.0000 2.277792e+01
6181.2500 6.299650e+00
6182.5000 3.024133e+01
6183.7500 3.899123e+01
6185.0000 4.728016e+01
6186.2500 2.854267e+01
6187.5000 2.364450e+01
6188.7500 2.578433e+01
6190.0000 2.800772e+01
6191.2500 2.320655e+01
6192.5000 1.126370e+01
6193.7500 2.452649e+01
6195.0000 4.335650e+00
6196.2500 1.010235e+01
6197.5000 2.301647e+01
6198.7500 3.750074e+01
6200.0000 1.060527e+01
6201.2500 -6.109733e+00
6202.5000 2.455191e+01
6203.7500 1.890039e+01
6205.0000 1.454531e+01
6206.2500 2.249022e+01
6207.5000 3.196922e+01
6208.7500 2.801386e+01
6210.0000 1.423404e+01
6211.2500 3.372332e+01
6212.5000 2.244300e+01
6213.7500 3.635916e+01
6215.0000 3.736666e+01
6216.2500 9.355597e+00
6217.5000 3.187780e+00
6218.7500 -3.332799e+00
6220.0000 4.020087e+01
6221.2500 1.042488e+01
6222.5000 4.765156e+00
6223.7500 2.945967e+01
6225.0000 3.355531e+01
6226.2500 2.109082e+01
6227.5000 2.740328e+01
6228.7500 5.009895e+00
6230.0000 2.643194e+01
6231.2500 3.033677e+01
6232.5000 1.121986e+01
6233.7500 3.671613e+01
6235.0000 5.931066e+01
6236.2500 -1.468671e+01
6237.5000 2.365449e+01
6238.7500 3.166260e+00
6240.0000 2.502049e+01
6241.2500 1.829233e+01
6242.5000 2.064404e+01
6243.7500 8.027397e+00
6245.0000 1.291284e+01
6246.2500 2.353356e+01
6247.5000 1.536432e+01
6248.7500 8.346734e+00
6250.0000 2.549318e+01
6251.2500 2.857978e+01
6252.5000 2.152723e+01
6253.7500 2.446150e+01
6255.0000 2.983665e+01
6256.2500 -1.017920e+01
6257.5000 6.313120e+00
6258.7500 5.216997e+01
6260.0000 2.458134e+01
6261.2500 1.835166e+01
6262.5000 3.146156e+01
6263.7500 2.487685e+01
6265.0000 4.313453e+00
6266.2500 4.045789e+00
6267.5000 1.098320e+01
6268.7500 1.140685e+01
6270.0000 7.026192e+00
6271.2500 2.529527e+00
6272.5000 1.036155e+01
6273.7500 2.451441e+01
6275.0000 1.987365e+01
6276.2500 3.001008e+00
6277.5000 1.459499e+01
6278.7500 2.701414e+01
6280.0000 1.703867e+01
6281.2500 1.707632e+01
6282.5000 1.824982e+01
6283.7500 1.698964e+01
6285.0000 2.036488e+01
6286.2500 1.260301e+01
6287.5000 4.452440e+01
6288.7500 -5.827151e+00
6290.0000 2.844702e+01
6291.2500 1.473618e+01
6292.5000 1.086844e+01
6293.7500 1.676166e+01
6295.0000 1.698977e+01
6296.2500 9.896634e+00
6297.5000 2.824214e+01
6298.7500 1.731459e+01
6300.0000 1.031236e+01
6301.2500 1.932019e+01
6302.5000 -1.910837e+01
6303.7500 1.590577e+01
6305.0000 -8.978298e+00
6306.2500 1.454174e+01
6307.5000 -3.222813e+00
6308.7500 1.118187e+00
6310.0000 3.581194e+01
6311.2500 1.786258e+01
6312.5000 1.543323e+01
6313.7500 2.843113e+01
6315.0000 1.666399e+01
6316.2500 1.893285e+01
6317.5000 2.109133e+01
6318.7500 -2.110262e+00
6320.0000 4.147881e+01
6321.2500 1.860977e+01
6322.5000 2.986699e+01
6323.7500 3.431484e+01
6325.0000 2.595880e+01
6326.2500 2.924885e+01
6327.5000 2.719696e+01
6328.7500 4.168087e+01
6330.0000 2.363123e+01
6331.2500 1.722933e+01
6332.5000 3.059943e+01
6333.7500 2.609924e+01
6335.0000 3.346388e+01
6336.2500 1.703598e+01
6337.5000 1.227397e+01
6338.7500 2.231972e+01
6340.0000 3.733783e+01
6341.2500 1.000803e+01
6342.5000 1.641445e+01
6343.7500 1.454361e+01
6345.0000 2.390678e+01
6346.2500 3.296051e+01
6347.5000 2.668624e+01
6348.7500 2.563788e+01
6350.0000 1.745488e+01
6351.2500 1.125960e+01
6352.5000 1.762134e+01
6353.7500 1.644308e+01
6355.0000 1.003749e+01
6356.2500 2.881091e+01
6357.5000 -7.601676e+00
6358.7500 2.170943e+01
6360.0000 2.045365e+01
6361.2500 1.442661e+01
6362.5000 5.998095e+00
6363.7500 1.573299e+01
6365.0000 1.340009e+01
6366.2500 3.028293e+01
6367.5000 1.449193e+01
6368.7500 2.366745e+01
6370.0000 2.980612e+01
6371.2500 7.883090e+00
6372.5000 3.858999e+01
6373.7500 2.052462e+01
6375.0000 1.555304e+01
6376.2500 1.899985e+01
6377.5000 2.570901e+01
6378.7500 1.924759e+01
6380.0000 1.566704e+01
6381.2500 2.886957e+01
6382.5000 2.776240e+01
6383.7500 2.717312e+01
6385.0000 1.385517e+01
6386.2500 1.312321e+01
6387.5000 6.239495e+00
6388.7500 2.593235e+01
6390.0000 9.245996e+00
6391.2500 1.141800e+01
6392.5000 1.784659e+01
6393.7500 3.350492e+01
6395.0000 2.290104e+01
6396.2500 3.055856e+01
6397.5000 3.676323e+01
6398.7500 1.622997e+01
6400.0000 7.279812e+00
6401.2500 2.572351e+01
6402.5000 2.527653e+01
6403.7500 2.446186e+01
6405.0000 4.519278e+00
6406.2500 8.282932e+00
6407.5000 1.047620e+01
6408.7500 1.803120e+01
6410.0000 2.083126e+01
6411.2500 2.275866e+01
6412.5000 1.503136e+01
6413.7500 1.163266e+01
6415.0000 4.798616e+00
6416.2500 2.511492e+01
6417.5000 2.187923e+01
6418.7500 3.471849e+01
6420.0000 3.946080e+01
6421.2500 4.037642e+01
6422.5000 2.549705e+01
6423.7500 2.049735e+01
6425.0000 3.416269e+01
6426.2500 2.233242e+01
6427.5000 1.862217e+01
6428.7500 1.133777e+01
6430.0000 1.221948e+01
6431.2500 1.827387e+01
6432.5000 2.981528e+01
6433.7500 2.338613e+01
6435.0000 1.788468e+01
6436.2500 1.622961e+01
6437.5000 1.495042e+01
6438.7500 2.482943e+01
6440.0000 3.518783e+01
6441.2500 1.861358e+01
6442.5000 3.362812e+01
6443.7500 2.191464e+01
6445.0000 2.427584e+01
6446.2500 2.235492e+01
6447.5000 1.247307e+01
6448.7500 2.086130e+01
6450.0000 1.578257e+01
6451.2500 3.320196e+01
6452.5000 3.069977e+01
6453.7500 2.077688e+01
6455.0000 3.295419e+01
6456.2500 1.663008e+01
6457.5000 4.849788e+00
6458.7500 2.006871e+01
6460.0000 3.338191e+01
6461.2500 2.254729e+01
6462.5000 1.697866e+01
6463.7500 3.720618e+01
6465.0000 1.436236e+01
6466.2500 2.861888e+01
6467.5000 4.027510e+01
6468.7500 3.381522e+00
6470.0000 2.277090e+01
6471.2500 1.933354e+01
6472.5000 2.467005e+01
6473.7500 1.564551e+01
6475.0000 2.883639e+01
6476.2500 1.118940e+01
6477.5000 2.189970e+01
6478.7500 1.585913e+01
6480.0000 1.038866e+01
6481.2500 4.458414e+01
6482.5000 2.330457e+01
6483.7500 1.562939e+01
6485.0000 2.447406e+01
6486.2500 3.410918e+01
6487.5000 2.613256e+01
6488.7500 2.987111e+01
6490.0000 2.915978e+01
6491.2500 3.113498e+01
6492.5000 3.627465e+01
6493.7500 2.781970e+01
6495.0000 2.950233e+01
6496.2500 1.553423e+01
6497.5000 3.163636e+01
6498.7500 8.490415e-01
6500.0000 2.850507e+00
6501.2500 7.557592e+00
6502.5000 4.148398e+00
6503.7500 2.090806e+01
6505.0000 1.303367e+01
6506.2500 -1.426854e+00
6507.5000 2.839918e+01
6508.7500 3.389410e+01
6510.0000 2.485961e+01
6511.2500 2.105222e+01
6512.5000 2.537658e+01
6513.7500 6.806766e+00
6515.0000 1.554459e+01
6516.2500 3.219841e+01
6517.5000 1.520646e+01
6518.7500 2.127756e+01
6520.0000 3.257295e+01
6521.2500 1.455889e+01
6522.5000 1.146137e+01
6523.7500 1.672711e+01
6525.0000 1.325895e+01
6526.2500 1.093825e+01
6527.5000 3.168350e+01
6528.7500 2.590522e+01
6530.0000 1.600119e+01
6531.2500 1.140548e+01
6532.5000 1.903042e+01
6533.7500 1.822088e+01
6535.0000 1.232466e+01
6536.2500 3.135531e+01
6537.5000 2.049281e+01
6538.7500 2.651786e+01
6540.0000 2.739471e+01
6541.2500 5.063763e+01
6542.5000 2.350412e+01
6543.7500 2.664079e+01
6545.0000 1.986846e+01
6546.2500 4.564660e+00
6547.5000 1.309597e+01
6548.7500 9.335594e+00
6550.0000 1.089914e+01
6551.2500 4.683253e+00
6552.5000 -7.905966e+00
6553.7500 1.226172e+01
6555.0000 -1.719594e+01
6556.2500 1.642820e+01
6557.5000 2.622172e+01
6558.7500 1.220920e+01
6560.0000 2.029398e+01
6561.2500 -1.360887e+01
6562.5000 1.229413e+01
6563.7500 4.479949e+01
6565.0000 6.324897e+00
6566.2500 1.401519e+01
6567.5000 2.058036e+01
6568.7500 4.461317e+01
6570.0000 1.403426e+01
6571.2500 1.631739e+01
6572.5000 9.621781e+00
6573.7500 2.258985e+01
6575.0000 1.877818e+01
6576.2500 3.910383e+00
6577.5000 2.043483e+01
6578.7500 1.777174e+01
6580.0000 1.668027e+01
6581.2500 1.737449e+01
6582.5000 3.099570e+01
6583.7500 3.591483e+01
6585.0000 2.645773e+01
6586.2500 9.801620e+00
6587.5000 1.506737e+01
6588.7500 1.702626e+01
6590.0000 2.479063e+01
6591.2500 1.832663e+01
6592.5000 2.426992e+01
6593.7500 2.412401e+01
6595.0000 8.049359e+00
6596.2500 1.767509e+01
6597.5000 1.661633e+01
6598.7500 1.913767e+01
6600.0000 2.397434e+01
6601.2500 2.531238e+01
6602.5000 2.869025e+01
6603.7500 5.174194e+01
6605.0000 4.882571e+01
6606.2500 3.096853e+01
6607.5000 3.854956e+01
6608.7500 2.639332e+01
6610.0000 2.040964e+01
6611.2500 8.596263e+00
6612.5000 2.541434e+01
6613.7500 1.937450e+01
6615.0000 2.786204e+01
6616.2500 1.087307e+01
6617.5000 1.528946e+01
6618.7500 3.867731e+01
6620.0000 1.439982e+01
6621.2500 3.234115e+01
6622.5000 3.708717e+01
6623.7500 2.812988e+01
6625.0000 4.743780e+00
6626.2500 2.620555e+01
6627.5000 1.890914e+01
6628.7500 1.481451e+01
6630.0000 2.922851e+01
6631.2500 1.284656e+01
6632.5000 5.047589e+00
6633.7500 2.098957e+01
6635.0000 2.044180e+01
6636.2500 9.805613e+00
6637.5000 2.924059e+01
6638.7500 1.476987e+01
6640.0000 2.812336e+01
6641.2500 1.134407e+01
6642.5000 6.341443e+00
6643.7500 3.033989e+01
6645.0000 3.288365e+01
6646.2500 1.233012e+01
6647.5000 2.858539e+01
6648.7500 3.011783e+01
6650.0000 2.693904e+01
6651.2500 2.674476e+01
6652.5000 2.345259e+01
6653.7500 2.117395e+01
6655.0000 1.674970e+01
6656.2500 1.336304e+01
6657.5000 3.034683e+01
6658.7500 1.633581e+01
6660.0000 1.475587e+01
6661.2500 1.879956e+01
6662.5000 6.850354e+00
6663.7500 1.657155e+01
6665.0000 2.892249e+01
6666.2500 3.342579e+01
6667.5000 3.496165e+01
6668.7500 3.717342e+01
6670.0000 2.213918e+01
6671.2500 2.532095e+01
6672.5000 2.689066e+01
6673.7500 1.939301e+01
6675.0000 1.727071e+01
6676.2500 1.568277e+01
6677.5000 3.217526e+01
6678.7500 1.551795e+01
6680.0000 1.674966e+01
6681.2500 2.268614e+01
6682.5000 2.077010e+01
6683.7500 3.555836e+00
6685.0000 2.051481e+01
6686.2500 1.853187e+01
6687.5000 2.719215e+01
6688.7500 2.507769e+01
6690.0000 1.968081e+01
6691.2500 1.742557e+01
6692.5000 3.065802e+01
6693.7500 3.748491e+01
6695.0000 1.930857e+01
6696.2500 1.801244e+01
6697.5000 1.268998e+01
6698.7500 3.079790e+01
6700.0000 2.600819e+01
6701.2500 1.852713e+01
6702.5000 1.308380e+01
6703.7500 6.332373e+00
6705.0000 4.608562e+01
6706.2500 2.461311e+01
6707.5000 9.984682e+00
6708.7500 2.119569e+00
6710.0000 1.590570e+01
6711.2500 3.406425e+01
6712.5000 3.776200e+01
6713.7500 1.512332e+01
6715.0000 3.864287e+00
6716.2500 1.145100e+01
6717.5000 3.072243e+01
6718.7500 2.715886e+01
6720.0000 3.293993e+01
6721.2500 2.496634e+01
6722.5000 1.927363e+01
6723.7500 9.172993e+00
6725.0000 1.288162e+01
6726.2500 2.290269e+01
6727.5000 2.804746e+01
6728.7500 1.901932e+01
6730.0000 2.059798e+01
6731.2500 2.035875e+01
6732.5000 3.529786e+01
6733.7500 2.368030e+01
6735.0000 1.862851e+01
6736.2500 2.737372e+01
6737.5000 1.675578e+01
6738.7500 1.849374e+01
6740.0000 3.040820e+01
6741.2500 2.511172e+01
6742.5000 2.418223e+01
6743.7500 2.843238e+01
6745.0000 3.236384e+01
6746.2500 2.847214e+01
6747.5000 2.106039e+01
6748.7500 8.951715e+00
6750.0000 1.679067e+01
6751.2500 2.712955e+01
6752.5000 2.116538e+01
6753.7500 1.706150e+01
6755.0000 2.096857e+01
6756.2500 2.893893e+01
6757.5000 5.884130e+00
6758.7500 3.316930e+00
6760.0000 2.797736e+01
6761.2500 1.869364e+01
6762.5000 1.667514e+01
6763.7500 1.859109e+01
6765.0000 2.087628e+01
6766.2500 2.637439e+01
6767.5000 2.068457e+01
6768.7500 1.542765e+01
6770.0000 3.482488e+01
6771.2500 2.451541e+01
6772.5000 2.440848e+01
6773.7500 2.614035e+01
6775.0000 2.018081e+01
6776.2500 1.838989e+01
6777.5000 2.400180e+01
6778.7500 8.460912e+00
6780.0000 2.342241e+01
6781.2500 2.604839e+01
6782.5000 1.038563e+01
6783.7500 2.107473e+01
6785.0000 3.236589e+01
6786.2500 3.364031e+01
6787.5000 2.223163e+01
6788.7500 1.790815e+01
6790.0000 1.461009e+01
6791.2500 2.664602e+01
6792.5000 2.430000e+01
6793.7500 2.351040e+01
6795.0000 1.335488e+01
6796.2500 1.436926e+01
6797.5000 2.261339e+01
6798.7500 1.072104e+01
6800.0000 3.548526e+00
6801.2500 1.300980e+01
6802.5000 2.396300e+01
6803.7500 2.281093e+01
6805.0000 2.018009e+01
6806.2500 3.525189e+01
6807.5000 2.224239e+01
6808.7500 1.653579e+01
6810.0000 1.756942e+01
6811.2500 2.780693e+01
6812.5000 3.501076e+01
6813.7500 9.631103e+00
6815.0000 1.748324e+01
6816.2500 2.367536e+01
6817.5000 2.238947e+01
6818.7500 2.542662e+01
6820.0000 2.541015e+01
6821.2500 2.033204e+01
6822.5000 3.657451e+01
6823.7500 3.253448e+01
6825.0000 2.494121e+01
6826.2500 1.530216e+01
6827.5000 1.282069e+01
6828.7500 6.409388e-01
6830.0000 4.271711e+01
6831.2500 3.974232e+01
6832.5000 2.907384e+01
6833.7500 2.638716e+01
6835.0000 9.709805e+00
6836.2500 1.575690e+01
6837.5000 2.888452e+01
6838.7500 2.129866e+01
6840.0000 3.329487e+01
6841.2500 1.934789e+01
6842.5000 2.514943e+01
6843.7500 2.345293e+01
6845.0000 1.430774e+01
6846.2500 1.659857e+01
6847.5000 1.745387e+01
6848.7500 1.321445e+01
6850.0000 2.031763e+01
6851.2500 2.086143e+01
6852.5000 1.622243e+01
6853.7500 2.736307e+01
6855.0000 1.788913e+01
6856.2500 2.884664e+01
6857.5000 2.725221e+01
6858.7500 1.551115e+01
6860.0000 2.666195e+01
6861.2500 3.821296e+00
6862.5000 3.839455e+01
6863.7500 8.482536e+00
6865.0000 2.252402e+01
6866.2500 3.061028e+01
6867.5000 3.299226e+01
6868.7500 -9.983809e+00
6870.0000 1.731141e+01
6871.2500 2.553982e+01
6872.5000 2.792270e+01
6873.7500 1.202376e+01
6875.0000 3.652256e+01
6876.2500 1.431797e+01
6877.5000 3.267065e+01
6878.7500 2.695783e+01
6880.0000 1.977826e+01
6881.2500 1.746238e+01
6882.5000 3.903667e+01
6883.7500 1.570557e+01
6885.0000 1.717980e+01
6886.2500 1.638436e+01
6887.5000 1.853226e+01
6888.7500 3.397349e+01
6890.0000 4.312923e+01
6891.2500 5.313247e+00
6892.5000 7.490659e+00
6893.7500 1.857859e+01
6895.0000 3.168800e+01
6896.2500 5.657011e+00
6897.5000 2.628758e+01
6898.7500 9.606211e+00
6900.0000 1.935216e+01
6901.2500 9.149587e+00
6902.5000 -2.005028e+00
6903.7500 -1.027770e+00
6905.0000 5.232740e+00
6906.2500 6.827558e+00
6907.5000 3.273285e+01
6908.7500 2.621866e+01
6910.0000 1.786220e+01
6911.2500 1.825209e+01
6912.5000 5.083430e+01
6913.7500 4.015715e+01
6915.0000 1.819552e+01
6916.2500 2.434719e+01
6917.5000 1.874284e+01
6918.7500 2.317449e+01
6920.0000 2.938313e+01
6921.2500 1.449099e+01
6922.5000 -1.344213e+00
6923.7500 2.080264e+01
6925.0000 2.336268e+01
6926.2500 1.498645e+01
6927.5000 1.596354e+01
6928.7500 2.799167e+01
6930.0000 4.227919e+01
6931.2500 1.836673e+01
6932.5000 3.672538e+01
6933.7500 3.253550e+01
6935.0000 4.130838e+01
6936.2500 2.521711e+01
6937.5000 9.400488e+00
6938.7500 2.392360e+01
6940.0000 3.015425e+01
6941.2500 2.721040e+01
6942.5000 2.414589e+01
6943.7500 2.125079e+01
6945.0000 1.988743e+01
6946.2500 1.607380e+01
6947.5000 -1.215624e+01
6948.7500 2.963144e+01
6950.0000 -1.463166e+01
6951.2500 1.718939e+01
6952.5000 1.223439e+01
6953.7500 3.299149e+01
6955.0000 5.326416e+00
6956.2500 8.742482e+00
6957.5000 2.293594e+01
6958.7500 1.220151e+01
6960.0000 2.593591e+01
6961.2500 2.323557e+01
6962.5000 8.215190e-01
6963.7500 1.722624e+01
6965.0000 1.286155e+01
6966.2500 4.711987e+00
6967.5000 5.034876e+01
6968.7500 3.008448e+01
6970.0000 1.409088e+01
6971.2500 3.342817e+01
6972.5000 2.328028e+01
6973.7500 1.152848e+01
6975.0000 3.840191e+00
6976.2500 1.368605e+01
6977.5000 2.802573e+01
6978.7500 3.159262e+01
6980.0000 -5.686610e+00
6981.2500 2.538212e+01
6982.5000 2.469720e+01
6983.7500 9.144831e+00
6985.0000 1.130298e+01
6986.2500 1.786599e+01
6987.5000 1.026213e+01
6988.7500 3.040957e+00
6990.0000 1.460691e+01
6991.2500 3.177213e+01
6992.5000 2.080091e+01
6993.7500 2.733366e+01
6995.0000 1.899961e+01
6996.2500 2.504130e+01
6997.5000 2.147376e+01
6998.7500 1.399761e+01
7000.0000 -5.975827e-01
7001.2500 2.686467e+01
7002.5000 1.882834e+01
7003.7500 1.032078e+01
7005.0000 1.879478e+01
7006.2500 1.291619e+01
7007.5000 1.896311e+01
7008.7500 1.890682e+01
7010.0000 1.383762e+01
7011.2500 2.993599e+01
7012.5000 2.042337e+01
7013.7500 -1.104302e+00
7015.0000 3.589449e+01
7016.2500 1.466520e+01
7017.5000 3.288103e+01
7018.7500 1.224843e+01
7020.0000 2.721335e+01
7021.2500 1.997858e+01
7022.5000 1.907287e+01
7023.7500 1.365871e+01
7025.0000 4.957460e+00
7026.2500 3.491086e+01
7027.5000 2.574860e+01
7028.7500 6.655571e+00
7030.0000 2.580661e+01
7031.2500 7.552197e+00
7032.5000 1.025523e+01
7033.7500 9.493228e+00
7035.0000 2.758443e+01
7036.2500 3.233963e+01
7037.5000 1.247628e+01
7038.7500 1.590601e+01
7040.0000 2.316544e+01
7041.2500 4.022689e+01
7042.5000 9.941353e+00
7043.7500 1.883355e+01
7045.0000 1.343647e+01
7046.2500 2.923760e+01
7047.5000 2.924842e+01
7048.7500 3.078153e+01
7050.0000 4.236997e+01
7051.2500 2.566725e+01
7052.5000 3.491689e+01
7053.7500 2.200543e+01
7055.0000 1.999063e+01
7056.2500 5.590785e+00
7057.5000 2.471701e+01
7058.7500 2.907310e+01
7060.0000 2.172515e+01
7061.2500 1.807325e+01
7062.5000 2.395041e+01
7063.7500 2.075703e+01
7065.0000 1.823263e+01
7066.2500 1.674684e+01
7067.5000 3.327230e+01
7068.7500 2.936173e+01
7070.0000 2.359401e+01
7071.2500 1.272328e+01
7072.5000 2.030552e+01
7073.7500 3.277184e+01
7075.0000 1.410347e+01
7076.2500 2.483762e+01
7077.5000 2.664234e+01
7078.7500 7.729122e+00
7080.0000 2.547416e+01
7081.2500 4.010686e+01
7082.5000 1.298166e+01
7083.7500 1.253290e+01
7085.0000 3.169559e+01
7086.2500 5.625466e-01
7087.5000 2.228304e+01
7088.7500 1.721977e+01
7090.0000 1.698855e+01
7091.2500 2.061579e+01
7092.5000 1.857339e+01
7093.7500 3.023415e+01
7095.0000 3.092629e+01
7096.2500 2.331576e+01
7097.5000 3.077499e+01
7098.7500 2.812351e+01
7100.0000 2.466998e+01
7101.2500 7.280926e+00
7102.5000 1.764227e+01
7103.7500 2.219575e+01
7105.0000 1.005553e+01
7106.2500 2.964432e+01
7107.5000 1.929524e+01
7108.7500 2.127419e+01
7110.0000 3.125895e+01
7111.2500 3.749414e+01
7112.5000 3.350275e+01
7113.7500 2.105339e+01
7115.0000 1.265466e+01
7116.2500 1.254754e+01
7117.5000 2.070269e+01
7118.7500 3.503092e+01
7120.0000 2.116323e+01
7121.2500 9.553214e+00
7122.5000 2.405556e+01
7123.7500 2.165054e+01
7125.0000 3.391047e+01
7126.2500 2.192863e+01
7127.5000 2.049250e+01
7128.7500 3.700771e+01
7130.0000 2.313852e+01
7131.2500 2.509279e+01
7132.5000 2.743336e+01
7133.7500 2.334128e+01
7135.0000 3.266318e+01
7136.2500 4.783802e+00
7137.5000 1.893306e+01
7138.7500 1.037221e+01
7140.0000 1.819168e+01
7141.2500 1.701908e+01
7142.5000 1.965102e+01
7143.7500 2.455766e+01
7145.0000 3.478603e+01
7146.2500 1.827950e+01
7147.5000 1.706365e+01
7148.7500 1.302325e+01
7150.0000 1.816460e+01
7151.2500 2.475701e+01
7152.5000 2.604400e+01
7153.7500 3.246627e+01
7155.0000 3.267589e+01
7156.2500 1.939792e+01
7157.5000 2.071247e+01
7158.7500 1.721339e+01
7160.0000 1.677385e+01
7161.2500 1.837262e+01
7162.5000 1.760544e+01
7163.7500 3.764313e+01
7165.0000 2.080574e+01
7166.2500 2.685720e+01
7167.5000 3.023062e+01
7168.7500 1.281879e+01
7170.0000 6.662937e+00
7171.2500 2.587311e+01
7172.5000 2.126241e+01
7173.7500 1.729481e+01
7175.0000 3.243230e+01
7176.2500 1.516586e+01
7177.5000 1.279582e+01
7178.7500 8.978225e+00
7180.0000 2.031671e+01
7181.2500 3.202266e+01
7182.5000 3.423248e+01
7183.7500 2.362648e+01
7185.0000 3.351851e+01
7186.2500 1.494611e+01
7187.5000 1.149492e+01
7188.7500 3.407593e+01
7190.0000 3.840773e+01
7191.2500 2.530941e+01
7192.5000 3.189504e+01
7193.7500 2.285799e+01
7195.0000 1.740453e+01
7196.2500 1.798636e+01
7197.5000 1.994894e+01
7198.7500 2.066370e+01
7200.0000 2.326807e+01
7201.2500 2.702848e+01
7202.5000 1.673574e+01
7203.7500 1.723671e+01
7205.0000 1.536177e+01
7206.2500 1.610268e+01
7207.5000 2.744237e+01
7208.7500 1.355198e+01
7210.0000 2.421424e+01
7211.2500 2.246962e+01
7212.5000 3.473255e+01
7213.7500 2.849482e+01
7215.0000 2.385511e+01
7216.2500 2.741648e+01
7217.5000 3.252253e+01
7218.7500 1.868579e+01
7220.0000 2.541035e+01
7221.2500 2.127819e+01
7222.5000 3.164953e+01
7223.7500 2.134634e+01
7225.0000 6.388223e+00
7226.2500 3.372796e+01
7227.5000 3.245997e+01
7228.7500 1.478407e+01
7230.0000 2.307036e+01
7231.2500 1.359225e+01
7232.5000 1.640134e+01
7233.7500 3.037364e+01
7235.0000 3.786607e+01
7236.2500 8.926038e+00
7237.5000 1.878076e+00
7238.7500 -2.807355e+01
7240.0000 1.269129e+01
7241.2500 3.224594e+01
7242.5000 1.784187e+01
7243.7500 6.012087e+00
7245.0000 2.015426e+01
7246.2500 6.652445e+01
7247.5000 2.429443e+01
7248.7500 3.982332e+01
7250.0000 3.054068e+01
7251.2500 3.719773e+01
7252.5000 2.000500e+01
7253.7500 1.701618e+01
7255.0000 2.576880e+01
7256.2500 3.916694e+01
7257.5000 2.251900e+01
7258.7500 2.947683e+01
7260.0000 1.624265e+01
7261.2500 1.694492e+01
7262.5000 3.497771e+00
7263.7500 1.990209e+01
7265.0000 1.961928e+01
7266.2500 2.581811e+01
7267.5000 2.611798e+01
7268.7500 1.773218e+01
7270.0000 1.671016e+01
7271.2500 1.733228e+01
7272.5000 1.318702e+01
7273.7500 -2.017753e+00
7275.0000 5.367745e+01
7276.2500 1.374030e+00
7277.5000 2.779238e+01
7278.7500 -6.783345e-01
7280.0000 2.286387e+01
7281.2500 2.389769e+01
7282.5000 -1.721011e+00
7283.7500 8.862395e+01
7285.0000 -1.841613e+01
7286.2500 7.106501e-01
7287.5000 3.431926e+01
7288.7500 2.912548e+01
7290.0000 6.970991e+00
7291.2500 1.400629e+01
7292.5000 2.984716e+01
7293.7500 3.378328e+01
7295.0000 3.004216e+01
7296.2500 8.804221e+00
7297.5000 2.043857e+01
7298.7500 2.752217e+01
7300.0000 3.077310e+01
7301.2500 1.860035e+01
7302.5000 3.548257e+01
7303.7500 5.120999e+01
7305.0000 3.621125e+01
7306.2500 8.411728e+00
7307.5000 2.313065e+01
7308.7500 2.486851e+01
7310.0000 3.352344e+01
7311.2500 3.234301e+01
7312.5000 2.191226e+01
7313.7500 -4.541075e+00
7315.0000 -2.390616e+01
7316.2500 -6.654744e-01
7317.5000 3.636527e+01
7318.7500 1.475748e+01
7320.0000 2.235754e+01
7321.2500 1.879539e+01
7322.5000 1.174044e+01
7323.7500 2.556602e+01
7325.0000 2.854533e+01
7326.2500 1.709401e+01
7327.5000 1.265489e+01
7328.7500 2.539488e+01
7330.0000 -3.318637e+00
7331.2500 1.482018e+01
7332.5000 2.215873e+01
7333.7500 1.355119e+01
7335.0000 1.288892e+01
7336.2500 1.346999e+01
7337.5000 2.703296e+01
7338.7500 -4.595369e+01
7340.0000 3.633540e+01
7341.2500 -1.400022e+01
7342.5000 3.275513e+01
7343.7500 1.850428e+01
7345.0000 9.243330e+00
7346.2500 3.297662e+01
7347.5000 1.538057e+01
7348.7500 1.066606e+01
7350.0000 2.027799e+01
7351.2500 1.808313e+01
7352.5000 2.385747e+01
7353.7500 1.801451e+01
7355.0000 2.356998e+01
7356.2500 2.984945e-01
7357.5000 2.986714e+01
7358.7500 7.387087e+00
7360.0000 -2.931669e+00
7361.2500 3.525037e+01
7362.5000 2.889903e+01
7363.7500 7.852987e+00
7365.0000 1.109660e+01
7366.2500 3.625380e+01
7367.5000 5.811650e+00
7368.7500 2.394928e+01
7370.0000 4.009466e-01
7371.2500 2.329964e+01
7372.5000 1.896931e+01
7373.7500 1.322498e+01
7375.0000 3.046150e+01
7376.2500 2.705001e+01
7377.5000 1.733203e+01
7378.7500 1.863952e+01
7380.0000 1.679531e+01
7381.2500 2.771240e+01
7382.5000 1.610936e+01
7383.7500 6.145341e+00
7385.0000 2.136532e+01
7386.2500 1.824022e+01
7387.5000 1.100531e+01
7388.7500 1.888874e+01
7390.0000 9.922695e+00
7391.2500 1.311655e+01
7392.5000 4.126242e+01
7393.7500 2.945402e+00
7395.0000 2.370459e+01
7396.2500 2.943319e+01
7397.5000 3.529443e+01
7398.7500 2.567505e+01
7400.0000 3.432915e+00
7401.2500 1.528415e+01
7402.5000 4.408067e+01
7403.7500 1.214168e+01
7405.0000 1.830227e+01
7406.2500 3.243671e+01
7407.5000 2.122764e+01
7408.7500 1.981194e+01
7410.0000 1.001861e+01
7411.2500 2.092287e+01
7412.5000 1.739253e+01
7413.7500 1.142466e+01
7415.0000 2.230971e+01
7416.2500 2.556641e+01
7417.5000 2.143254e+01
7418.7500 3.341460e+01
7420.0000 3.006379e+01
7421.2500 2.634856e+01
7422.5000 3.374830e+01
7423.7500 2.967647e+01
7425.0000 2.791320e+01
7426.2500 2.943768e+01
7427.5000 2.445038e+01
7428.7500 2.446363e+01
7430.0000 2.151667e+01
7431.2500 -2.239102e+00
7432.5000 6.081295e+00
7433.7500 3.467525e+01
7435.0000 2.065529e+01
7436.2500 6.439554e+00
7437.5000 2.379295e+01
7438.7500 1.038947e+00
7440.0000 1.539565e+01
7441.2500 2.134382e+01
7442.5000 2.982709e+01
7443.7500 2.243085e+01
7445.0000 1.657038e+01
7446.2500 3.414135e+01
7447.5000 1.825268e+01
7448.7500 1.877621e+01
7450.0000 1.593777e+01
7451.2500 2.000206e+01
7452.5000 9.002841e+00
7453.7500 1.864992e+01
7455.0000 2.176265e+01
7456.2500 1.984135e+01
7457.5000 3.758274e+01
7458.7500 1.970400e+01
7460.0000 1.259805e+01
7461.2500 1.126266e+01
7462.5000 8.516424e-01
7463.7500 2.918886e+01
7465.0000 1.766645e+01
7466.2500 1.983800e+01
7467.5000 2.414241e+01
7468.7500 4.873869e+01
7470.0000 3.912399e+01
7471.2500 7.033900e+01
7472.5000 9.395785e+01
7473.7500 9.969303e+01
7475.0000 4.472979e+01
7476.2500 7.373995e+01
7477.5000 1.486786e+02
7478.7500 1.388757e+02
7480.0000 7.721799e+01
7481.2500 2.856783e+01
7482.5000 3.807942e+01
7483.7500 -4.547435e+00
7485.0000 3.140287e+01
7486.2500 2.627813e+01
7487.5000 1.139875e+01
7488.7500 8.312188e+00
7490.0000 2.923496e+01
7491.2500 1.339840e+01
7492.5000 1.809938e+01
7493.7500 1.658902e+01
7495.0000 2.880614e+01
7496.2500 1.236271e+01
7497.5000 3.332068e+01
7498.7500 2.000819e+01
7500.0000 4.842666e+01
7501.2500 2.106871e+01
7502.5000 1.758225e+01
7503.7500 2.660514e+01
7505.0000 3.668625e+01
7506.2500 2.760763e+01
7507.5000 3.191466e+01
7508.7500 3.699464e+01
7510.0000 3.206134e+01
7511.2500 2.697523e+01
7512.5000 1.934421e+01
7513.7500 1.724453e+01
7515.0000 2.031212e+01
7516.2500 9.699022e+00
7517.5000 7.953188e+00
7518.7500 1.045636e+01
7520.0000 2.345272e+01
7521.2500 4.312114e+01
7522.5000 4.105663e+00
7523.7500 8.452971e+00
7525.0000 -1.472771e+01
7526.2500 3.666804e+01
7527.5000 1.440032e+01
7528.7500 2.680363e+01
7530.0000 -1.027290e+01
7531.2500 3.620349e+01
7532.5000 3.510017e+01
7533.7500 3.504908e+01
7535.0000 2.504117e+01
7536.2500 1.195209e+01
7537.5000 2.442315e+01
7538.7500 2.064322e+01
7540.0000 2.793797e+01
7541.2500 1.995720e+01
7542.5000 3.262778e+01
7543.7500 2.553798e+01
7545.0000 2.318036e+01
7546.2500 2.073311e+01
7547.5000 2.587332e+01
7548.7500 2.418157e+01
7550.0000 6.264458e+00
7551.2500 2.488052e+01
7552.5000 1.566687e+01
7553.7500 1.227337e+01
7555.0000 1.953043e+01
7556.2500 1.635196e+01
7557.5000 3.927775e+01
7558.7500 8.175146e+00
7560.0000 1.903938e+01
7561.2500 3.392361e+01
7562.5000 2.188692e+01
7563.7500 2.567982e+01
7565.0000 2.686578e+01
7566.2500 2.695841e+01
7567.5000 2.506058e+01
7568.7500 1.689184e+01
7570.0000 2.436977e+01
7571.2500 1.405399e+01
7572.5000 1.163928e+01
7573.7500 2.678164e+01
7575.0000 2.238305e+01
7576.2500 8.139437e+00
7577.5000 1.130450e+01
7578.7500 4.746373e+01
7580.0000 3.648790e+01
7581.2500 3.218188e+01
7582.5000 3.756509e+01
7583.7500 4.306863e+01
7585.0000 9.891371e+00
7586.2500 7.861954e+00
7587.5000 3.624084e+01
7588.7500 3.141085e+01
7590.0000 3.034745e+01
7591.2500 3.270068e+01
7592.5000 2.764511e+01
7593.7500 4.180188e+01
7595.0000 3.230254e+01
7596.2500 -3.653683e+00
7597.5000 1.425733e+01
7598.7500 2.988775e+01
7600.0000 2.122653e+01
7601.2500 4.159605e+01
7602.5000 5.536795e+01
7603.7500 5.017070e+01
7605.0000 4.461428e+01
7606.2500 4.134236e+00
7607.5000 4.782571e+01
7608.7500 2.503871e+01
7610.0000 4.016700e+01
7611.2500 3.319524e+01
7612.5000 5.555484e+01
7613.7500 1.592211e+01
7615.0000 6.488743e+00
7616.2500 3.642789e+01
7617.5000 -2.908227e+00
7618.7500 1.773367e+01
7620.0000 4.908403e+01
7621.2500 3.955433e+01
7622.5000 1.721214e+01
7623.7500 -9.615364e+00
7625.0000 2.444268e+01
7626.2500 8.827626e+00
7627.5000 7.116730e+01
7628.7500 5.986438e+01
7630.0000 -1.622222e+01
7631.2500 1.526167e+01
7632.5000 2.844414e+01
7633.7500 5.309342e+01
7635.0000 1.125292e+01
7636.2500 4.053721e+01
7637.5000 3.592948e+01
7638.7500 4.571255e+01
7640.0000 3.201698e+01
7641.2500 8.591877e+00
7642.5000 4.922659e+01
7643.7500 1.805877e+01
7645.0000 2.350504e+01
7646.2500 4.982973e+01
7647.5000 4.178933e+01
7648.7500 1.339651e+01
7650.0000 1.407284e+01
7651.2500 4.083159e+01
7652.5000 1.100706e+01
7653.7500 2.960099e+01
7655.0000 8.059651e+00
7656.2500 2.535675e+01
7657.5000 3.547525e+01
7658.7500 3.439933e+01
7660.0000 2.597595e+01
7661.2500 2.496104e+01
7662.5000 1.215529e+01
7663.7500 1.685178e+01
7665.0000 2.160197e+01
7666.2500 4.063194e+01
7667.5000 2.800469e+01
7668.7500 3.560510e+01
7670.0000 2.441411e+01
7671.2500 1.386378e+01
7672.5000 1.799797e+01
7673.7500 3.561525e+01
7675.0000 3.508204e+01
7676.2500 2.305180e+01
7677.5000 1.861538e+01
7678.7500 1.527365e+01
7680.0000 1.944661e+01
7681.2500 1.734429e+01
7682.5000 5.275290e+00
7683.7500 2.155666e+01
7685.0000 1.503064e+01
7686.2500 2.168174e+01
7687.5000 3.009745e+01
7688.7500 1.769152e+01
7690.0000 2.879014e+01
7691.2500 2.237533e+01
7692.5000 1.057657e+01
7693.7500 2.351878e+01
7695.0000 3.769167e+01
7696.2500 5.513726e+00
7697.5000 1.168785e+01
7698.7500 8.509505e+00
7700.0000 2.423188e+01
7701.2500 2.039754e+01
7702.5000 3.583992e+01
7703.7500 2.607880e+01
7705.0000 2.473781e+01
7706.2500 2.576284e+01
7707.5000 2.592008e+01
7708.7500 3.799306e+01
7710.0000 5.006281e+01
7711.2500 -9.329395e+00
7712.5000 5.856724e+01
7713.7500 4.262799e+01
7715.0000 4.296351e+01
7716.2500 5.115946e+01
7717.5000 2.219613e+01
7718.7500 2.490276e+01
7720.0000 1.506990e+01
7721.2500 2.859239e+01
7722.5000 1.811328e+01
7723.7500 3.987434e+01
7725.0000 4.542598e+01
7726.2500 3.024529e+01
7727.5000 2.496762e+01
7728.7500 2.000489e+01
7730.0000 1.618084e+01
7731.2500 1.569516e+01
7732.5000 3.294532e+01
7733.7500 4.134203e+01
7735.0000 1.829598e+01
7736.2500 2.933526e+01
7737.5000 3.776884e+01
7738.7500 1.891055e+01
7740.0000 1.987018e+01
7741.2500 1.970991e+01
7742.5000 2.977886e+01
7743.7500 3.746799e+01
7745.0000 4.317730e+01
7746.2500 4.079440e+01
7747.5000 6.864159e+01
7748.7500 -4.906417e+01
7750.0000 7.586209e+01
7751.2500 1.535256e+01
7752.5000 4.949783e+00
7753.7500 2.729229e+01
7755.0000 3.574693e+01
7756.2500 1.565722e+01
7757.5000 8.945624e+01
7758.7500 7.159256e+01
7760.0000 6.498772e+01
7761.2500 2.023171e+01
7762.5000 2.957947e+01
7763.7500 4.008122e+01
7765.0000 3.767806e+01
7766.2500 3.350512e+01
7767.5000 4.139721e+01
7768.7500 3.105411e+01
7770.0000 2.743827e+01
7771.2500 2.781803e+01
7772.5000 3.666300e+01
7773.7500 9.704779e+00
7775.0000 1.481401e+01
7776.2500 8.979465e+00
7777.5000 3.899604e+01
7778.7500 2.131602e+01
7780.0000 1.121409e+01
7781.2500 5.269122e+01
7782.5000 1.706631e+01
7783.7500 4.222759e+01
7785.0000 4.102717e+01
7786.2500 4.767580e+01
7787.5000 4.425533e+01
7788.7500 5.524258e+01
7790.0000 2.351685e+01
7791.2500 3.180683e+01
7792.5000 -1.814118e+01
7793.7500 1.361419e+01
7795.0000 7.124991e-01
7796.2500 1.864792e+01
7797.5000 2.799118e+01
7798.7500 3.643179e+01
7800.0000 2.474119e+01
7801.2500 3.417497e+01
7802.5000 1.253312e+01
7803.7500 5.817301e+00
7805.0000 1.026666e+01
7806.2500 2.647031e+01
7807.5000 4.949865e+01
7808.7500 2.627892e+01
7810.0000 6.562615e+01
7811.2500 2.199904e+01
7812.5000 2.208924e+01
7813.7500 3.477570e+01
7815.0000 3.432345e+00
7816.2500 3.064770e+01
7817.5000 2.660781e+01
7818.7500 3.725985e+01
7820.0000 8.095695e+01
7821.2500 -1.249468e+01
7822.5000 6.758838e+01
7823.7500 2.055153e+01
7825.0000 1.829523e+01
7826.2500 1.379463e+01
7827.5000 2.393084e+01
7828.7500 3.525136e+01
7830.0000 1.926677e+01
7831.2500 2.919302e+01
7832.5000 3.010938e+01
7833.7500 7.509302e+00
7835.0000 1.799196e+01
7836.2500 2.617160e+01
7837.5000 3.585101e+01
7838.7500 3.945724e+01
7840.0000 7.999993e+00
7841.2500 1.219224e+00
7842.5000 2.221099e+01
7843.7500 2.235300e+01
7845.0000 3.729548e+01
7846.2500 3.932445e+01
7847.5000 2.853182e+01
7848.7500 2.206216e+01
7850.0000 2.854740e+01
7851.2500 4.264132e+01
7852.5000 2.365886e+01
7853.7500 4.253724e+01
7855.0000 5.160884e+01
7856.2500 4.433061e+01
7857.5000 4.027974e+01
7858.7500 3.543066e+00
7860.0000 2.937855e+01
7861.2500 -2.009577e+01
7862.5000 3.074688e+01
7863.7500 3.390138e+01
7865.0000 2.386593e+01
7866.2500 2.719688e+01
7867.5000 5.810507e+01
7868.7500 7.711296e+00
7870.0000 4.178253e+01
7871.2500 -2.457861e+01
7872.5000 3.837621e+01
7873.7500 1.062837e+01
7875.0000 1.671687e+01
7876.2500 1.208174e+01
7877.5000 -2.877813e+00
7878.7500 2.465038e+01
7880.0000 9.726307e+00
7881.2500 1.905414e+01
7882.5000 -8.895981e+00
7883.7500 2.132476e+01
7885.0000 3.130629e+01
7886.2500 3.980853e+01
7887.5000 2.700646e+01
7888.7500 3.776708e+01
7890.0000 -3.158097e+00
7891.2500 -6.889730e+00
7892.5000 5.358155e+01
7893.7500 4.429110e+01
7895.0000 2.702211e+01
7896.2500 2.547602e+01
7897.5000 2.918202e+01
7898.7500 5.829766e+01
7900.0000 2.163852e+01
7901.2500 2.058138e+01
7902.5000 1.957978e+01
7903.7500 3.763409e+01
7905.0000 3.431573e+01
7906.2500 3.449216e+01
7907.5000 4.248429e+01
7908.7500 2.987846e+01
7910.0000 4.636599e+01
7911.2500 6.387027e+01
7912.5000 1.593460e+01
7913.7500 3.624133e+01
7915.0000 4.371368e+01
7916.2500 3.885511e+01
7917.5000 3.098986e+01
7918.7500 5.288537e+01
7920.0000 -1.063997e+00
7921.2500 -3.105738e+00
7922.5000 -3.501908e+00
7923.7500 3.311011e+01
7925.0000 4.498835e+00
7926.2500 1.283615e+01
7927.5000 1.488598e+01
7928.7500 2.986569e+01
7930.0000 3.051642e+01
7931.2500 5.672132e+01
7932.5000 4.430312e+01
7933.7500 3.113738e+01
7935.0000 1.589375e+01
7936.2500 2.737624e+01
7937.5000 2.459482e+01
7938.7500 2.168243e+01
7940.0000 6.645050e+00
7941.2500 2.044403e+01
7942.5000 1.867129e+01
7943.7500 6.270308e+00
7945.0000 4.162798e+01
7946.2500 2.688233e+01
7947.5000 4.410270e+01
7948.7500 2.920006e+01
7950.0000 3.507028e+01
7951.2500 2.167792e+01
7952.5000 3.076592e+01
7953.7500 1.758175e+01
7955.0000 2.335980e+01
7956.2500 3.404656e+01
7957.5000 4.246141e+01
7958.7500 2.611865e+01
7960.0000 2.402283e+01
7961.2500 2.133415e+01
7962.5000 5.757964e+01
7963.7500 1.563858e+01
7965.0000 9.147364e+00
7966.2500 2.178516e+01
7967.5000 4.333517e+01
7968.7500 1.639024e+01
7970.0000 8.892817e+00
7971.2500 1.247202e+01
7972.5000 7.067969e+00
7973.7500 3.093406e+00
7975.0000 3.606018e+01
7976.2500 2.894752e+01
7977.5000 1.627569e+01
7978.7500 1.385270e+01
7980.0000 -1.605764e+00
7981.2500 1.799705e+01
7982.5000 2.843224e+01
7983.7500 2.972676e+01
7985.0000 2.642176e+01
7986.2500 1.528835e+01
7987.5000 2.002186e+01
7988.7500 7.572442e+00
7990.0000 3.829631e+01
7991.2500 6.094727e+01
7992.5000 -7.563094e+00
7993.7500 9.369480e+01
7995.0000 -3.644106e+01
7996.2500 -6.477186e+00
7997.5000 3.973251e+01
7998.7500 1.987126e+01
8000.0000 3.283173e+01
8001.2500 4.981311e+01
8002.5000 5.092657e+01
8003.7500 3.566327e+01
8005.0000 2.234025e+01
8006.2500 1.968333e+01
8007.5000 1.253875e+01
8008.7500 2.468090e+01
8010.0000 3.607458e+01
8011.2500 3.010393e+01
8012.5000 4.812126e+01
8013.7500 -2.683180e+01
8015.0000 5.097290e+01
8016.2500 4.036324e+01
8017.5000 2.973646e+01
8018.7500 3.711309e+01
8020.0000 1.441374e+01
8021.2500 3.506364e+01
8022.5000 4.267142e+01
8023.7500 8.162758e+00
8025.0000 8.737095e+01
8026.2500 -7.770904e+00
8027.5000 2.611447e+01
8028.7500 1.855575e+01
8030.0000 3.612416e+01
8031.2500 1.454988e+01
8032.5000 8.633883e+00
8033.7500 2.951650e+01
8035.0000 3.416789e+01
8036.2500 2.558069e+01
8037.5000 4.605376e+01
8038.7500 3.285349e+01
8040.0000 1.440915e+01
8041.2500 2.140551e+01
8042.5000 2.900546e+01
8043.7500 1.989762e+01
8045.0000 1.878162e+01
8046.2500 1.365360e+01
8047.5000 8.771382e+00
8048.7500 2.087004e+01
8050.0000 3.010600e+01
8051.2500 3.949803e+01
8052.5000 6.013917e+01
8053.7500 3.320197e+01
8055.0000 3.429143e+01
8056.2500 2.755447e+01
8057.5000 1.777097e+01
8058.7500 3.509548e+01
8060.0000 2.400259e+01
8061.2500 1.402287e+01
8062.5000 4.290114e+01
8063.7500 3.849188e+01
8065.0000 3.500191e+01
8066.2500 3.623199e+01
8067.5000 3.496965e+01
8068.7500 2.501615e+01
8070.0000 2.675494e+01
8071.2500 2.357287e+01
8072.5000 3.257528e+01
8073.7500 4.849130e+01
8075.0000 4.387984e+01
8076.2500 3.549930e+01
8077.5000 5.385085e+01
8078.7500 3.375662e+01
8080.0000 4.403219e+01
8081.2500 4.435241e+01
8082.5000 3.948778e+01
8083.7500 4.775634e+01
8085.0000 3.643224e+01
8086.2500 2.664851e+01
8087.5000 2.822614e+01
8088.7500 2.760033e+01
8090.0000 3.076732e+01
8091.2500 3.795965e+01
8092.5000 3.611888e+01
8093.7500 2.689893e+01
8095.0000 3.845138e+01
8096.2500 2.804991e+01
8097.5000 2.111971e+01
8098.7500 3.090835e+01
8100.0000 3.764147e+01
8101.2500 1.125793e+01
8102.5000 7.296062e+01
8103.7500 2.837744e+01
8105.0000 2.232352e+01
8106.2500 1.262500e+01
8107.5000 3.570743e+01
8108.7500 3.257139e+01
8110.0000 3.627024e+01
8111.2500 4.093831e+01
8112.5000 3.079822e+01
8113.7500 2.045422e+01
8115.0000 2.983664e+01
8116.2500 7.329337e+00
8117.5000 2.353975e+01
8118.7500 4.321442e+01
8120.0000 2.491214e+01
8121.2500 3.664312e+01
8122.5000 3.870715e+01
8123.7500 5.329855e+01
8125.0000 2.833470e+01
8126.2500 2.459957e+01
8127.5000 3.680826e+01
8128.7500 3.872003e+01
8130.0000 2.836420e+01
8131.2500 2.933946e+01
8132.5000 2.322964e+01
8133.7500 6.383462e+00
8135.0000 3.969662e+01
8136.2500 3.806107e+01
8137.5000 5.366970e+01
8138.7500 1.828680e+01
8140.0000 -5.328738e-02
8141.2500 3.133146e+01
8142.5000 3.749524e+01
8143.7500 5.679885e+01
8145.0000 2.100426e+01
8146.2500 2.821399e+01
8147.5000 2.534319e+01
8148.7500 1.511019e+01
8150.0000 3.404527e+01
8151.2500 3.690364e+01
8152.5000 5.865463e+00
8153.7500 2.430469e+01
8155.0000 2.957650e+01
8156.2500 3.977400e+01
8157.5000 2.095858e+01
8158.7500 1.378869e+01
8160.0000 2.531108e+01
8161.2500 4.329876e+01
8162.5000 4.443333e+01
8163.7500 3.959547e+01
8165.0000 2.177200e+01
8166.2500 1.774028e+01
8167.5000 3.778581e+01
8168.7500 3.256850e+01
8170.0000 2.084824e+01
8171.2500 2.980410e+01
8172.5000 2.731416e+01
8173.7500 3.474006e+01
8175.0000 3.421394e+01
8176.2500 1.199545e+01
8177.5000 4.174305e+01
8178.7500 5.345026e+01
8180.0000 3.380618e+01
8181.2500 3.086209e+01
8182.5000 3.230593e+01
8183.7500 8.817505e+00
8185.0000 3.505401e+01
8186.2500 4.570214e+01
8187.5000 4.935918e+01
8188.7500 3.461872e+01
8190.0000 2.238166e+01
8191.2500 2.663028e+01
8192.5000 2.467696e+01
8193.7500 2.504744e+01
8195.0000 2.907335e+01
8196.2500 3.356859e+01
8197.5000 3.311256e+01
8198.7500 3.855561e+01
8200.0000 2.527781e+01
8201.2500 3.884089e+01
8202.5000 2.785959e+01
8203.7500 3.658812e+01
8205.0000 4.008467e+01
8206.2500 3.522519e+01
8207.5000 2.663948e+01
8208.7500 1.216355e+01
8210.0000 2.119233e+01
8211.2500 3.016195e+01
8212.5000 2.726358e+01
8213.7500 7.148059e+00
8215.0000 2.214657e+01
8216.2500 2.802244e+01
8217.5000 2.334778e+01
8218.7500 3.162686e+01
8220.0000 1.862279e+01
8221.2500 1.528792e+01
8222.5000 3.667389e+01
8223.7500 2.470792e+01
8225.0000 5.389917e+01
8226.2500 5.938611e+01
8227.5000 2.592711e+01
8228.7500 3.700686e+01
8230.0000 2.874180e+01
8231.2500 2.816921e+01
8232.5000 3.354118e+01
8233.7500 1.749748e+01
8235.0000 3.589019e+01
8236.2500 4.012859e+01
8237.5000 4.920055e+01
8238.7500 5.565010e+00
8240.0000 6.765768e+00
8241.2500 3.987265e+01
8242.5000 3.088918e+01
8243.7500 2.748742e+01
8245.0000 2.366223e+01
8246.2500 4.272152e+01
8247.5000 3.264608e+01
8248.7500 4.288610e+01
8250.0000 4.325287e+01
8251.2500 2.802242e+01
8252.5000 2.087382e+01
8253.7500 2.395265e+01
8255.0000 2.487760e+01
8256.2500 3.089315e+01
8257.5000 1.197619e+01
8258.7500 2.260481e+01
8260.0000 3.950524e+01
8261.2500 3.762720e+01
8262.5000 2.279906e+01
8263.7500 2.662461e+01
8265.0000 3.650020e+01
8266.2500 2.397075e+01
8267.5000 6.777175e+00
8268.7500 2.730144e+01
8270.0000 2.431818e+01
8271.2500 2.950464e+01
8272.5000 3.015536e+01
8273.7500 2.412046e+01
8275.0000 2.859744e+01
8276.2500 4.251846e+01
8277.5000 6.072077e+01
8278.7500 -4.076219e+00
8280.0000 3.704336e+00
8281.2500 -2.541311e+01
8282.5000 7.527750e+01
8283.7500 1.014861e+01
8285.0000 1.423303e+01
8286.2500 4.271758e+01
8287.5000 3.979390e+01
8288.7500 2.765570e+01
8290.0000 2.930219e+01
8291.2500 3.456607e+01
8292.5000 4.092189e+01
8293.7500 2.547208e+01
8295.0000 4.560382e+01
8296.2500 6.402480e+01
8297.5000 2.319479e+01
8298.7500 4.216235e+01
8300.0000 -2.567630e+01
8301.2500 -1.202997e+00
8302.5000 1.942417e+01
8303.7500 3.435783e+01
8305.0000 2.333790e+01
8306.2500 3.376097e+01
8307.5000 4.350159e+01
8308.7500 4.168372e+01
8310.0000 -5.285004e+00
8311.2500 2.125624e+01
8312.5000 4.044286e+01
8313.7500 1.862930e+01
8315.0000 1.569036e+01
8316.2500 5.445546e+01
8317.5000 2.072488e+01
8318.7500 1.159000e+01
8320.0000 1.608653e+01
8321.2500 3.008375e+01
8322.5000 3.167552e+01
8323.7500 2.155560e+01
8325.0000 2.625237e+01
8326.2500 2.979767e+01
8327.5000 3.208880e+01
8328.7500 3.293271e+01
8330.0000 3.347859e+01
8331.2500 4.574662e+01
8332.5000 2.530130e+01
8333.7500 8.158072e+00
8335.0000 2.327015e+01
8336.2500 5.350758e+01
8337.5000 3.156316e+01
8338.7500 3.183458e+01
8340.0000 4.556735e+01
8341.2500 5.784574e+00
8342.5000 -5.646914e+00
8343.7500 2.640699e+01
8345.0000 2.330515e+01
8346.2500 9.530135e+01
8347.5000 -2.234249e+01
8348.7500 2.798109e+01
8350.0000 4.170274e+01
8351.2500 3.692723e+01
8352.5000 2.299084e+01
8353.7500 6.996811e+00
8355.0000 1.976302e+01
8356.2500 1.963230e+01
8357.5000 2.520613e+01
8358.7500 4.486147e+01
8360.0000 2.544442e+01
8361.2500 2.940423e+00
8362.5000 3.092165e+01
8363.7500 5.425979e+01
8365.0000 1.474638e+00
8366.2500 1.310623e+01
8367.5000 1.700339e+01
8368.7500 2.304203e+01
8370.0000 2.640150e+01
8371.2500 2.674354e+01
8372.5000 3.649099e+01
8373.7500 2.233786e+01
8375.0000 2.770193e+01
8376.2500 3.080484e+01
8377.5000 5.076250e+01
8378.7500 1.081019e+01
8380.0000 6.354786e+01
8381.2500 1.710785e+01
8382.5000 8.445724e+01
8383.7500 4.361987e+01
8385.0000 1.071886e+01
8386.2500 4.299116e+01
8387.5000 3.508397e+01
8388.7500 3.013076e+01
8390.0000 1.909269e+01
8391.2500 2.061147e+01
8392.5000 2.820081e+01
8393.7500 3.460209e+01
8395.0000 1.332489e+01
8396.2500 3.795090e+01
8397.5000 4.217307e+01
8398.7500 1.887160e+01
8400.0000 2.686561e+01
8401.2500 -3.477765e+01
8402.5000 2.625464e+01
8403.7500 1.685094e+01
8405.0000 1.949546e+01
8406.2500 1.013093e+01
8407.5000 2.088407e+01
8408.7500 2.418587e+01
8410.0000 2.353712e+01
8411.2500 1.464330e+01
8412.5000 3.999735e+01
8413.7500 1.038530e+01
8415.0000 2.694844e+01
8416.2500 5.933054e+01
8417.5000 -7.990794e+00
8418.7500 3.195365e+01
8420.0000 3.087321e+01
8421.2500 3.022903e+01
8422.5000 6.111392e+00
8423.7500 2.910466e+01
8425.0000 2.628715e+01
8426.2500 -1.179976e+01
8427.5000 3.167503e+01
8428.7500 2.149413e+01
8430.0000 2.486548e+01
8431.2500 1.524077e+01
8432.5000 -2.044447e+01
8433.7500 2.866423e+01
8435.0000 4.160585e+01
8436.2500 2.182900e+01
8437.5000 3.920633e+01
8438.7500 2.647211e+01
8440.0000 2.497073e+01
8441.2500 2.384489e+01
8442.5000 2.362411e+01
8443.7500 1.806224e+01
8445.0000 3.759528e+01
8446.2500 3.707607e+01
8447.5000 2.773406e+01
8448.7500 1.779585e+01
8450.0000 -2.138644e+00
8451.2500 5.498412e+01
8452.5000 5.397171e+01
8453.7500 9.153202e+00
8455.0000 1.167653e+01
8456.2500 2.581653e+01
8457.5000 2.365359e+01
8458.7500 2.639725e+01
8460.0000 2.520831e+01
8461.2500 2.432855e+01
8462.5000 9.851843e+01
8463.7500 1.132465e+01
8465.0000 2.348251e+01
8466.2500 4.246090e+01
8467.5000 2.773327e+01
8468.7500 2.213658e+01
8470.0000 3.225293e+01
8471.2500 3.283306e+01
8472.5000 1.728185e+01
8473.7500 1.843304e+01
8475.0000 3.667548e+01
8476.2500 2.811402e+01
8477.5000 3.896621e+01
8478.7500 4.190062e+01
8480.0000 2.614526e+01
8481.2500 1.471877e+01
8482.5000 2.718461e+01
8483.7500 3.112737e+01
8485.0000 2.825246e+01
8486.2500 3.125960e+01
8487.5000 1.480487e+01
8488.7500 1.623653e+01
8490.0000 2.704298e+01
8491.2500 5.615952e+01
8492.5000 2.134605e+01
8493.7500 -7.764684e+01
8495.0000 6.012476e+01
8496.2500 3.143677e+01
8497.5000 2.447501e+01
8498.7500 3.248476e+01
8500.0000 5.345638e+01
8501.2500 6.489693e+01
8502.5000 6.272563e+01
8503.7500 2.399849e+01
8505.0000 3.980640e+01
8506.2500 -1.462345e+01
8507.5000 1.584187e+01
8508.7500 3.458992e+01
8510.0000 1.007968e+01
8511.2500 1.860886e+01
8512.5000 2.035607e+01
8513.7500 3.971248e+01
8515.0000 4.215055e+01
8516.2500 3.665485e+01
8517.5000 2.943379e+01
8518.7500 2.956636e+01
8520.0000 2.708648e+01
8521.2500 3.695414e+01
8522.5000 3.305022e+01
8523.7500 1.599560e+01
8525.0000 1.639032e+01
8526.2500 2.757911e+01
8527.5000 2.094520e+01
8528.7500 3.791661e+01
8530.0000 2.024192e+01
8531.2500 1.587847e+01
8532.5000 2.901191e+01
8533.7500 3.369531e+01
8535.0000 2.753589e+01
8536.2500 1.186011e+01
8537.5000 4.381279e+01
8538.7500 3.848322e+01
8540.0000 2.899654e+01
8541.2500 1.708514e+01
8542.5000 2.694756e+01
8543.7500 4.501122e+01
8545.0000 2.971068e+01
8546.2500 3.051884e+01
8547.5000 4.686228e+01
8548.7500 -2.249118e+01
8550.0000 -2.745099e+01
8551.2500 2.200198e+01
8552.5000 1.454608e+01
8553.7500 4.666953e+01
8555.0000 2.850496e+01
8556.2500 3.680013e+01
8557.5000 3.590553e+01
8558.7500 2.938266e+01
8560.0000 3.123024e+01
8561.2500 2.027929e+01
8562.5000 1.378642e+01
8563.7500 1.786188e+01
8565.0000 2.889985e+01
8566.2500 3.876023e+01
8567.5000 2.857870e+01
8568.7500 2.749832e+01
8570.0000 3.191107e+01
8571.2500 2.133571e+01
8572.5000 1.260294e+01
8573.7500 2.340716e+01
8575.0000 3.676398e+01
8576.2500 1.803144e+01
8577.5000 2.128119e+01
8578.7500 1.532967e+01
8580.0000 2.458087e+01
8581.2500 2.255745e+01
8582.5000 2.386122e+01
8583.7500 2.878432e+01
8585.0000 1.412830e+01
8586.2500 3.832930e+01
8587.5000 2.547411e+01
8588.7500 -9.836613e+00
8590.0000 2.255400e+01
8591.2500 3.172132e+01
8592.5000 2.748370e+01
8593.7500 3.779200e+01
8595.0000 3.424710e+01
8596.2500 4.746856e+01
8597.5000 5.154726e+01
8598.7500 2.938563e+01
8600.0000 2.842540e+01
8601.2500 3.343621e+01
8602.5000 1.493568e+01
8603.7500 3.350876e+01
8605.0000 2.203565e+01
8606.2500 1.582809e+01
8607.5000 4.219740e+01
8608.7500 4.621338e+01
8610.0000 4.839070e+01
8611.2500 3.999309e+01
8612.5000 2.688854e+01
8613.7500 4.792096e+01
8615.0000 1.090973e+01
8616.2500 1.307208e+01
8617.5000 3.240626e+01
8618.7500 1.492482e+01
8620.0000 1.804338e+01
8621.2500 -2.167506e+00
8622.5000 5.533679e+01
8623.7500 2.354325e-01
8625.0000 -6.264764e+00
8626.2500 2.411127e+01
8627.5000 1.905833e+01
8628.7500 1.718774e+01
8630.0000 -2.332200e+01
8631.2500 -2.372884e+01
8632.5000 -9.912963e+00
8633.7500 1.756997e+01
8635.0000 4.290107e+01
8636.2500 -2.366522e+01
8637.5000 2.029446e+00
8638.7500 2.176786e+01
8640.0000 1.726789e+01
8641.2500 2.799080e+01
8642.5000 9.156407e+00
8643.7500 2.487679e+01
8645.0000 4.191335e+01
8646.2500 5.526301e+01
8647.5000 2.528105e+00
8648.7500 -5.110629e+00
8650.0000 2.497671e+01
8651.2500 3.159078e+01
8652.5000 2.312098e+01
8653.7500 7.916817e+00
8655.0000 1.579074e+01
8656.2500 2.206593e+01
8657.5000 -1.324407e+01
8658.7500 2.312775e+01
8660.0000 4.988264e+00
8661.2500 5.374249e+01
8662.5000 6.944879e+00
8663.7500 2.199333e+01
8665.0000 2.106568e+01
8666.2500 7.030869e+00
8667.5000 2.701920e+01
8668.7500 3.396180e+01
8670.0000 3.405457e+01
8671.2500 2.082728e+01
8672.5000 5.479928e+00
8673.7500 3.180891e+00
8675.0000 7.230154e+01
8676.2500 -8.146000e-02
8677.5000 4.950588e+01
8678.7500 2.429795e+01
8680.0000 -7.307553e-01
8681.2500 1.536937e+01
8682.5000 3.605005e+01
8683.7500 2.310191e+01
8685.0000 1.511101e+01
8686.2500 5.908450e+01
8687.5000 1.925125e+01
8688.7500 3.234132e+01
8690.0000 3.460718e+01
8691.2500 3.034712e+00
8692.5000 2.780424e+01
8693.7500 1.894049e+01
8695.0000 1.940810e+01
8696.2500 1.151439e+01
8697.5000 3.042438e+01
8698.7500 8.111308e+00
8700.0000 3.754571e+00
8701.2500 3.233695e+01
8702.5000 5.933258e+01
8703.7500 2.931502e+01
8705.0000 3.903898e+01
8706.2500 1.722909e+01
8707.5000 2.632718e+01
8708.7500 2.686777e+01
8710.0000 1.524243e+01
8711.2500 2.259849e+01
8712.5000 1.109729e+01
8713.7500 3.122341e+01
8715.0000 4.606777e+01
8716.2500 1.420240e+01
8717.5000 1.734787e+01
8718.7500 2.904327e+01
8720.0000 2.236860e+01
8721.2500 1.392603e+01
8722.5000 2.655003e+01
8723.7500 1.407918e+01
8725.0000 1.038896e+01
8726.2500 4.515128e+01
8727.5000 3.172027e+01
8728.7500 2.652380e+01
8730.0000 2.409787e+01
8731.2500 1.505984e+01
8732.5000 2.089361e+01
8733.7500 2.239946e+01
8735.0000 1.445733e+01
8736.2500 4.772034e+01
8737.5000 1.599806e+01
8738.7500 2.795615e+01
8740.0000 3.807891e+01
8741.2500 2.829928e+01
8742.5000 1.682141e+01
8743.7500 2.932804e+01
8745.0000 3.923395e+01
8746.2500 2.420350e+01
8747.5000 4.708545e+01
8748.7500 1.274052e+01
8750.0000 2.730379e+01
8751.2500 1.004357e+01
8752.5000 1.428022e+01
8753.7500 3.139092e+01
8755.0000 4.026931e+01
8756.2500 -1.074411e+01
8757.5000 2.079988e+01
8758.7500 -5.258270e+01
8760.0000 -2.324405e+01
8761.2500 -9.334880e+01
8762.5000 8.947733e+01
8763.7500 -4.099461e+01
8765.0000 1.550120e+00
8766.2500 -5.077075e+01
8767.5000 4.507398e+01
8768.7500 2.747411e+01
8770.0000 -2.641062e+01
8771.2500 -1.520168e+01
8772.5000 7.739446e+00
8773.7500 6.876568e+00
8775.0000 -2.567904e+01
8776.2500 -1.034848e+02
8777.5000 2.123573e+01
8778.7500 -1.334910e+02
8780.0000 -6.030971e+01
8781.2500 1.026247e+01
8782.5000 1.224663e+01
8783.7500 2.205001e+01
8785.0000 2.007599e+01
8786.2500 3.283949e+01
8787.5000 2.470616e+01
8788.7500 2.032861e+01
8790.0000 1.265998e+01
8791.2500 5.248501e+01
8792.5000 3.260609e+01
8793.7500 1.943361e+01
8795.0000 8.634180e+00
8796.2500 3.308482e+01
8797.5000 4.080444e+00
8798.7500 1.441817e+01
8800.0000 1.535053e+01
8801.2500 2.309272e+01
8802.5000 3.201803e+01
8803.7500 1.653417e+01
8805.0000 2.921651e+01
8806.2500 4.809038e+00
8807.5000 3.225564e+01
8808.7500 2.750749e+01
8810.0000 3.270346e+01
8811.2500 3.296059e+01
8812.5000 -1.930241e+00
8813.7500 1.175448e+00
8815.0000 -9.748039e-01
8816.2500 8.028570e+00
8817.5000 2.729753e+01
8818.7500 2.113216e+01
8820.0000 3.133205e+01
8821.2500 2.054097e+01
8822.5000 -4.510337e+01
8823.7500 -5.181324e+01
8825.0000 1.277069e+02
8826.2500 1.426807e+01
8827.5000 -1.783617e+00
8828.7500 -2.290423e+01
8830.0000 -8.100362e+01
8831.2500 -2.442586e+01
8832.5000 -1.901001e+01
8833.7500 -3.621778e+01
8835.0000 5.034717e+01
8836.2500 -1.328844e+02
8837.5000 -2.300771e+01
8838.7500 -1.795092e+01
8840.0000 -7.297419e+00
8841.2500 1.877387e+01
8842.5000 2.095210e+01
8843.7500 1.306327e+01
8845.0000 -2.773721e-01
8846.2500 1.281960e+01
8847.5000 4.080487e+01
8848.7500 1.445132e+01
8850.0000 1.677605e+01
8851.2500 -2.653456e+01
8852.5000 2.082642e+01
8853.7500 9.224246e+00
8855.0000 2.474763e+01
8856.2500 2.579817e+01
8857.5000 1.195432e+01
8858.7500 1.313658e+01
8860.0000 -9.635938e+00
8861.2500 2.091239e+01
8862.5000 -5.856872e-02
8863.7500 3.062326e+01
8865.0000 3.065042e+01
8866.2500 -3.069589e+01
8867.5000 4.557301e+00
8868.7500 3.798494e+01
8870.0000 2.597090e+00
8871.2500 -3.420368e+00
8872.5000 3.494455e+01
8873.7500 1.719375e+01
8875.0000 3.023063e+01
8876.2500 2.312478e+01
8877.5000 3.566036e+01
8878.7500 2.819981e+01
8880.0000 1.595897e+01
8881.2500 -2.015989e+01
8882.5000 -3.419012e+01
8883.7500 3.319160e+01
8885.0000 3.515163e+01
8886.2500 3.163486e+01
8887.5000 6.792190e+01
8888.7500 -5.065038e+01
8890.0000 -3.316171e+01
8891.2500 1.907732e+01
8892.5000 -1.689168e+00
8893.7500 2.657989e+01
8895.0000 1.000030e+00
8896.2500 8.690069e+00
8897.5000 -4.155769e+00
8898.7500 2.634645e+00
8900.0000 -9.637691e+00
8901.2500 1.434006e+01
8902.5000 5.056784e+01
8903.7500 2.561544e+01
8905.0000 2.804803e+01
8906.2500 5.885902e+00
8907.5000 3.653541e+01
8908.7500 2.567762e+01
8910.0000 9.456991e+00
8911.2500 2.992560e+00
8912.5000 2.416541e+01
8913.7500 1.945333e+01
8915.0000 -5.654120e+00
8916.2500 -3.818841e+00
8917.5000 -1.113730e+02
8918.7500 1.484278e+01
8920.0000 -3.996845e+00
8921.2500 8.966236e+00
8922.5000 -6.869017e+01
8923.7500 -3.064309e+01
8925.0000 3.138036e+00
8926.2500 3.565344e+01
8927.5000 1.721599e+01
8928.7500 -2.256924e+00
8930.0000 2.124810e+01
8931.2500 2.617067e+01
8932.5000 1.363804e+01
8933.7500 1.843666e+01
8935.0000 1.541532e+01
8936.2500 7.071993e+00
8937.5000 1.599318e+00
8938.7500 1.900720e+01
8940.0000 7.425514e+00
8941.2500 -5.647435e+01
8942.5000 7.573318e+01
8943.7500 3.692326e+01
8945.0000 4.158691e+01
8946.2500 -2.842801e+00
8947.5000 1.803583e+01
8948.7500 8.301542e+00
8950.0000 3.781628e+01
8951.2500 2.858612e+01
8952.5000 1.589660e+01
8953.7500 -7.284523e+00
8955.0000 -2.813847e+01
8956.2500 -4.733924e+01
8957.5000 -1.157074e+01
8958.7500 2.035789e+01
8960.0000 -2.244856e+01
8961.2500 -7.669817e+00
8962.5000 -2.956316e+01
8963.7500 1.030644e+01
8965.0000 2.901240e+01
8966.2500 2.172127e+01
8967.5000 3.372916e+01
8968.7500 3.561704e+01
8970.0000 3.524245e+01
8971.2500 4.008184e+01
8972.5000 2.645012e+01
8973.7500 3.924722e+01
8975.0000 1.826733e+01
8976.2500 2.224722e+01
8977.5000 2.841072e+01
8978.7500 2.543809e+01
8980.0000 1.772775e+01
8981.2500 1.105280e+01
8982.5000 4.503838e+01
8983.7500 1.943230e+01
8985.0000 8.581979e+00
8986.2500 3.294240e+01
8987.5000 2.343368e+01
8988.7500 4.953133e+01
8990.0000 3.742501e+01
8991.2500 1.552895e+01
8992.5000 3.366529e+01
8993.7500 2.800324e+01
8995.0000 3.617219e+01
8996.2500 1.861227e+01
8997.5000 7.363187e+00
8998.7500 4.639825e+00
9000.0000 2.658531e+01
9001.2500 5.272780e+01
9002.5000 1.000219e+02
9003.7500 3.060523e+01
9005.0000 -9.220728e+00
9006.2500 3.064245e+01
9007.5000 2.090688e+01
9008.7500 1.007459e+01
9010.0000 1.911083e+01
9011.2500 1.458652e+01
9012.5000 1.430322e+01
9013.7500 1.016165e+01
9015.0000 2.147201e+01
9016.2500 3.125187e+01
9017.5000 2.885758e+01
9018.7500 3.115538e+01
9020.0000 4.672651e+01
9021.2500 2.015231e+01
9022.5000 3.114656e+01
9023.7500 3.559105e+01
9025.0000 3.648574e+01
9026.2500 1.416024e+01
9027.5000 2.294073e+01
9028.7500 3.812427e+01
9030.0000 3.293904e+01
9031.2500 1.994088e+01
9032.5000 2.841635e+01
9033.7500 7.655124e+00
9035.0000 3.667347e+01
9036.2500 2.432648e+01
9037.5000 8.030367e+01
9038.7500 2.146398e+01
9040.0000 5.226251e+00
9041.2500 8.978707e+00
9042.5000 1.211895e+01
9043.7500 1.762242e+01
9045.0000 1.056533e+01
9046.2500 9.401133e+00
9047.5000 4.032584e+01
9048.7500 2.339222e+01
9050.0000 7.004557e+01
9051.2500 2.152132e+01
9052.5000 -1.587710e+01
9053.7500 4.188113e+01
9055.0000 2.462669e+01
9056.2500 2.355923e+01
9057.5000 2.043385e+01
9058.7500 1.040468e+01
9060.0000 1.486801e+01
9061.2500 3.343773e+01
9062.5000 1.064142e+01
9063.7500 2.282537e+01
9065.0000 2.049860e+01
9066.2500 1.734879e+01
9067.5000 9.849615e+00
9068.7500 1.393430e+01
9070.0000 9.304682e+00
9071.2500 3.275971e+01
9072.5000 2.618292e+01
9073.7500 2.947143e+01
9075.0000 2.647881e+01
9076.2500 4.915650e+00
9077.5000 1.804461e+01
9078.7500 3.460421e+01
9080.0000 2.572501e+01
9081.2500 -6.751218e+00
9082.5000 3.550633e+01
9083.7500 3.177472e+01
9085.0000 3.123855e+01
9086.2500 4.458002e+01
9087.5000 1.606430e+01
9088.7500 1.541023e+01
9090.0000 2.718613e+01
9091.2500 -1.058112e+01
9092.5000 6.231721e+00
9093.7500 4.193468e+01
9095.0000 -4.937433e+00
9096.2500 9.806114e+00
9097.5000 5.258413e+01
9098.7500 2.477523e+01
9100.0000 4.143426e+01
9101.2500 -8.944082e+00
9102.5000 -4.257960e+01
9103.7500 2.786511e+01
9105.0000 3.354790e+01
9106.2500 4.336728e+01
9107.5000 4.647599e+00
9108.7500 3.980977e+01
9110.0000 3.629247e+01
9111.2500 3.490847e+01
9112.5000 3.801635e+01
9113.7500 4.019415e+01
9115.0000 3.295034e+01
9116.2500 2.191300e+01
9117.5000 3.792442e+01
9118.7500 2.544128e+01
9120.0000 3.708954e+01
9121.2500 2.882146e+01
9122.5000 3.326970e+01
9123.7500 3.662661e+01
9125.0000 1.438842e+01
9126.2500 2.101787e+01
9127.5000 4.575179e+01
9128.7500 3.094302e+01
9130.0000 3.878362e+01
9131.2500 1.027107e-03
9132.5000 5.244921e+00
9133.7500 2.776827e+01
9135.0000 3.216895e+01
9136.2500 1.754099e+01
9137.5000 1.179467e+01
9138.7500 2.459926e+01
9140.0000 2.594053e+01
9141.2500 4.030817e+01
9142.5000 3.346775e+01
9143.7500 4.404747e+01
9145.0000 1.558687e+01
9146.2500 2.280691e+01
9147.5000 1.906992e+01
9148.7500 2.810236e+01
9150.0000 2.903169e+01
9151.2500 1.627018e+01
9152.5000 -6.483280e+00
9153.7500 3.987048e+01
9155.0000 4.998558e+01
9156.2500 3.706741e+01
9157.5000 1.562444e+00
9158.7500 1.501497e+01
9160.0000 1.598907e+01
9161.2500 3.742554e+01
9162.5000 3.240833e+01
9163.7500 3.138791e+01
9165.0000 5.887696e+01
9166.2500 4.419966e+01
9167.5000 4.116938e+01
9168.7500 2.479229e+01
9170.0000 4.484468e+01
9171.2500 3.976190e+01
9172.5000 1.213277e+01
9173.7500 1.541598e+01
9175.0000 2.092152e+01
9176.2500 2.981504e+01
9177.5000 2.935512e+00
9178.7500 2.261721e+01
9180.0000 3.369307e+01
9181.2500 4.159970e+01
9182.5000 2.708548e+01
9183.7500 3.224737e+01
9185.0000 2.874455e+01
9186.2500 1.005712e+01
9187.5000 2.621114e+01
9188.7500 2.371956e+01
9190.0000 3.311193e+01
9191.2500 2.254356e+01
9192.5000 3.026700e+01
9193.7500 2.416752e+01
9195.0000 1.725328e+01
9196.2500 2.753694e+00
9197.5000 1.231618e+01
9198.7500 2.579764e+01
9200.0000 3.422565e+01
9201.2500 1.042387e+01
9202.5000 1.348764e+01
9203.7500 3.816860e+01
9205.0000 2.743926e+01
9206.2500 3.291557e+01
9207.5000 3.306736e+01
9208.7500 1.794494e+01
9210.0000 3.155559e+01
9211.2500 6.829715e-01
9212.5000 1.452077e+01
9213.7500 2.270834e+01
9215.0000 4.203770e+01
9216.2500 1.016458e+01
9217.5000 1.639991e+01
9218.7500 2.426574e+01
9220.0000 3.703513e+01
9221.2500 2.138734e+01
9222.5000 8.932486e+00
9223.7500 6.540240e+01
9225.0000 2.769261e+01
9226.2500 1.844879e+00
9227.5000 3.547453e+01
9228.7500 1.458023e+01
9230.0000 -3.357502e-01
9231.2500 2.207516e+01
9232.5000 3.459127e+01
9233.7500 4.573160e+01
9235.0000 6.354536e+01
9236.2500 3.251645e+01
9237.5000 1.468596e+01
9238.7500 3.069111e+01
9240.0000 2.239528e+01
9241.2500 2.634309e+01
9242.5000 3.106230e+01
9243.7500 4.403241e+01
9245.0000 9.602910e+00
9246.2500 1.776521e+01
9247.5000 5.043055e+01
9248.7500 3.361548e+01
9250.0000 2.786042e+01
9251.2500 5.723602e+01
9252.5000 2.802841e+01
9253.7500 4.965082e+01
9255.0000 1.597939e+01
9256.2500 3.239231e+01
9257.5000 2.296737e+01
9258.7500 1.023337e+01
9260.0000 -1.023911e+00
9261.2500 1.332563e+01
9262.5000 2.021263e+01
9263.7500 8.637658e+00
9265.0000 4.842792e+01
9266.2500 1.274833e+01
9267.5000 7.326769e+00
9268.7500 3.632075e+01
9270.0000 3.454782e+01
9271.2500 3.092499e+01
9272.5000 6.200208e+00
9273.7500 3.024204e+01
9275.0000 3.667014e+01
9276.2500 1.337225e+01
9277.5000 2.435617e+01
9278.7500 1.972673e+01
9280.0000 3.156228e+01
9281.2500 3.350348e+01
9282.5000 2.040057e+01
9283.7500 2.390493e+01
9285.0000 3.729259e+01
9286.2500 5.862654e+00
9287.5000 2.948710e+01
9288.7500 3.036101e+01
9290.0000 3.337984e+01
9291.2500 2.066622e+01
9292.5000 3.158765e+01
9293.7500 8.534840e+00
9295.0000 1.733581e+01
9296.2500 2.688149e+01
9297.5000 -6.441464e+00
9298.7500 1.249764e+00
9300.0000 7.184658e+00
9301.2500 -2.303757e+01
9302.5000 -5.705943e+01
9303.7500 -1.642101e+02
9305.0000 -1.466687e+02
9306.2500 -8.252493e+01
9307.5000 -1.132464e+02
9308.7500 -2.276881e+02
9310.0000 -2.163480e+02
9311.2500 -6.346077e+02
9312.5000 2.227723e+02
9313.7500 3.936375e+01
9315.0000 -4.860558e+02
9316.2500 -1.460075e+02
9317.5000 -1.332509e+02
9318.7500 -1.124321e+02
9320.0000 -1.363526e+02
9321.2500 -1.880061e+02
9322.5000 -3.562987e+02
9323.7500 -2.724040e+02
9325.0000 -1.903180e+02
9326.2500 -1.755961e+02
9327.5000 -3.221594e+01
9328.7500 -9.382877e+00
9330.0000 -2.165805e+01
9331.2500 1.983107e+01
9332.5000 -2.977630e+01
9333.7500 -5.510513e+01
9335.0000 -9.909545e+01
9336.2500 -7.935213e+01
9337.5000 1.295784e+02
9338.7500 -5.125592e+01
9340.0000 -1.233696e+02
9341.2500 -8.589593e+00
9342.5000 2.242324e+01
9343.7500 1.250751e+01
9345.0000 3.742259e+01
9346.2500 3.114191e+01
9347.5000 2.667887e+01
9348.7500 6.445148e+01
9350.0000 1.174895e+02
