# original catalogue: arc_list.txt
# original data-cube: ../muse_ne/MACSJ0416_NE_DATACUBE_FINAL_caminha_zap.fits
# source ID: 8
# number of extracted pixels: 25
# extracted position: 64.038352 -24.069752
# wavelenth[Angstrom], flux[10**(-20)*erg/s/cm**2/Angstrom]
4750.0000 6.168783e+00
4751.2500 5.406744e+01
4752.5000 2.407875e+01
4753.7500 4.374549e+01
4755.0000 3.844809e+01
4756.2500 -2.382964e+01
4757.5000 -4.668285e+01
4758.7500 1.669773e+01
4760.0000 3.168391e+01
4761.2500 -2.641243e+01
4762.5000 3.836542e+01
4763.7500 1.721926e+01
4765.0000 4.349442e+01
4766.2500 5.068690e+01
4767.5000 1.179310e+01
4768.7500 4.415907e+01
4770.0000 3.771156e+01
4771.2500 -3.771967e+01
4772.5000 1.618360e+01
4773.7500 2.654259e+01
4775.0000 5.361680e+00
4776.2500 4.753663e+00
4777.5000 2.446065e+01
4778.7500 3.911054e+00
4780.0000 2.004009e+01
4781.2500 1.095584e+01
4782.5000 2.400826e+01
4783.7500 1.374877e+01
4785.0000 2.623133e+01
4786.2500 6.660033e+00
4787.5000 1.317366e+01
4788.7500 -4.348772e+00
4790.0000 -1.373456e+01
4791.2500 5.655475e+00
4792.5000 1.159657e+01
4793.7500 3.870083e+01
4795.0000 -1.025002e+01
4796.2500 3.514382e+01
4797.5000 3.979747e+01
4798.7500 2.020880e+01
4800.0000 -1.861192e+00
4801.2500 1.103699e-01
4802.5000 -1.919485e+01
4803.7500 -7.420379e+00
4805.0000 4.307605e+01
4806.2500 1.036298e+01
4807.5000 4.529418e+00
4808.7500 3.431997e+01
4810.0000 4.141228e+01
4811.2500 1.341248e+01
4812.5000 3.638518e+01
4813.7500 1.775092e-01
4815.0000 2.998708e+01
4816.2500 3.228548e+01
4817.5000 3.026668e+01
4818.7500 2.708226e+01
4820.0000 4.962513e+00
4821.2500 2.941763e+01
4822.5000 1.652514e+01
4823.7500 2.006983e+01
4825.0000 1.989721e+01
4826.2500 9.592979e+00
4827.5000 3.012443e+01
4828.7500 1.814345e+01
4830.0000 2.831527e+01
4831.2500 1.050312e+01
4832.5000 1.661001e+01
4833.7500 -5.006894e+00
4835.0000 -5.057001e+00
4836.2500 2.366243e+01
4837.5000 2.595941e+01
4838.7500 3.452317e+01
4840.0000 -5.862205e+00
4841.2500 -4.999113e-01
4842.5000 5.977737e+00
4843.7500 4.498500e+01
4845.0000 2.732387e+01
4846.2500 3.129624e+01
4847.5000 -1.496662e+00
4848.7500 1.069989e+00
4850.0000 7.635199e+00
4851.2500 2.102138e+01
4852.5000 2.543364e+01
4853.7500 3.882268e+01
4855.0000 2.512137e+01
4856.2500 2.793560e+01
4857.5000 6.127398e+00
4858.7500 -1.006341e+01
4860.0000 -9.307794e+00
4861.2500 5.172219e+00
4862.5000 1.449146e+01
4863.7500 -2.932930e+00
4865.0000 3.039311e+01
4866.2500 -1.323410e+01
4867.5000 -4.860146e+00
4868.7500 7.509048e+00
4870.0000 5.894167e+00
4871.2500 1.401197e+00
4872.5000 2.028369e+00
4873.7500 1.878078e+01
4875.0000 1.718567e+01
4876.2500 2.554999e+01
4877.5000 1.714523e+01
4878.7500 5.474139e+00
4880.0000 8.872274e+00
4881.2500 2.435087e+01
4882.5000 1.722305e+01
4883.7500 3.448927e+01
4885.0000 1.964668e+01
4886.2500 2.397080e+00
4887.5000 4.920290e+01
4888.7500 7.248252e+00
4890.0000 6.839147e+00
4891.2500 5.227958e+00
4892.5000 -1.587735e+01
4893.7500 2.583531e+00
4895.0000 3.015399e+01
4896.2500 1.651743e+01
4897.5000 9.354463e+00
4898.7500 2.391158e+01
4900.0000 3.875750e+01
4901.2500 1.822622e+01
4902.5000 7.526779e-01
4903.7500 1.322252e+01
4905.0000 1.004370e+01
4906.2500 1.680482e+01
4907.5000 2.374920e+00
4908.7500 -1.542195e+01
4910.0000 4.142348e+00
4911.2500 1.138326e+01
4912.5000 3.985308e+01
4913.7500 3.375596e+01
4915.0000 8.450049e+00
4916.2500 1.291644e+01
4917.5000 1.030614e+01
4918.7500 2.091472e+00
4920.0000 -4.437181e+00
4921.2500 7.819518e+00
4922.5000 8.045939e+00
4923.7500 6.630875e+00
4925.0000 3.570484e+01
4926.2500 5.210959e+01
4927.5000 1.987831e+01
4928.7500 1.877983e+01
4930.0000 5.056876e+00
4931.2500 6.706761e+00
4932.5000 1.573983e+01
4933.7500 1.452657e+01
4935.0000 -1.502394e+01
4936.2500 4.467399e+00
4937.5000 3.350525e+01
4938.7500 4.679821e+00
4940.0000 7.503139e+00
4941.2500 1.033399e+01
4942.5000 4.029670e+00
4943.7500 -6.841281e+00
4945.0000 7.276669e+00
4946.2500 2.918710e+01
4947.5000 9.947960e+00
4948.7500 3.586302e+00
4950.0000 2.856152e+01
4951.2500 4.674091e+01
4952.5000 1.391907e+01
4953.7500 1.777038e+01
4955.0000 3.356503e+01
4956.2500 3.621386e+01
4957.5000 8.085671e+00
4958.7500 2.608060e+01
4960.0000 2.907518e+01
4961.2500 2.156675e+01
4962.5000 2.520392e+01
4963.7500 2.536851e+01
4965.0000 5.579612e-01
4966.2500 -1.097210e+01
4967.5000 8.927551e+00
4968.7500 3.046685e+01
4970.0000 6.518559e+00
4971.2500 5.640419e+00
4972.5000 2.089013e+01
4973.7500 1.395972e+01
4975.0000 2.567897e+01
4976.2500 1.863050e+01
4977.5000 2.887348e+01
4978.7500 4.284370e+01
4980.0000 1.683789e+01
4981.2500 3.528696e+01
4982.5000 4.704217e+01
4983.7500 3.729272e+01
4985.0000 5.602833e+01
4986.2500 3.955217e+01
4987.5000 1.871637e+01
4988.7500 1.211122e+01
4990.0000 2.194803e+01
4991.2500 2.170301e+01
4992.5000 7.078553e+00
4993.7500 2.252834e+01
4995.0000 1.282473e+01
4996.2500 1.502860e+01
4997.5000 1.341586e+01
4998.7500 1.085497e+01
5000.0000 1.973689e+01
5001.2500 -8.523637e+00
5002.5000 1.030314e+01
5003.7500 1.016635e+01
5005.0000 5.525694e-01
5006.2500 2.072205e+01
5007.5000 2.723970e+01
5008.7500 4.566692e+01
5010.0000 8.241398e+00
5011.2500 7.919650e+00
5012.5000 1.369401e+01
5013.7500 5.801308e+01
5015.0000 5.838277e+00
5016.2500 -6.201334e+00
5017.5000 1.963906e+01
5018.7500 1.157173e+00
5020.0000 5.234387e+01
5021.2500 -2.510329e+00
5022.5000 2.239384e+01
5023.7500 2.279247e+01
5025.0000 3.273080e+01
5026.2500 -5.841658e+00
5027.5000 2.624672e+01
5028.7500 3.406182e+01
5030.0000 1.514743e+01
5031.2500 2.395827e+01
5032.5000 2.070901e+01
5033.7500 1.929038e+01
5035.0000 -7.824231e+00
5036.2500 1.911681e+00
5037.5000 8.734100e+00
5038.7500 1.874125e+01
5040.0000 2.586630e+01
5041.2500 8.018318e+00
5042.5000 1.769176e+01
5043.7500 9.736422e+00
5045.0000 3.733979e+01
5046.2500 3.543395e+01
5047.5000 2.510692e+01
5048.7500 8.644996e+00
5050.0000 4.715481e+01
5051.2500 3.156940e+01
5052.5000 3.336528e+01
5053.7500 2.905403e+01
5055.0000 4.705114e+01
5056.2500 2.078575e+01
5057.5000 4.881196e+00
5058.7500 1.489985e+01
5060.0000 1.529857e+01
5061.2500 2.417873e+01
5062.5000 1.740242e+01
5063.7500 7.914266e+00
5065.0000 1.506981e+01
5066.2500 2.904385e+01
5067.5000 1.893610e+00
5068.7500 -1.522104e+01
5070.0000 1.323732e+01
5071.2500 1.815798e+01
5072.5000 1.707773e+01
5073.7500 2.755888e+01
5075.0000 3.005299e+01
5076.2500 3.519997e+01
5077.5000 2.235881e+01
5078.7500 3.517421e+01
5080.0000 1.775426e+01
5081.2500 -2.761602e+01
5082.5000 1.174376e+01
5083.7500 1.895059e+01
5085.0000 -1.038856e+01
5086.2500 -7.709888e+00
5087.5000 2.262379e+01
5088.7500 -4.250676e+00
5090.0000 2.076379e+00
5091.2500 -1.696465e+00
5092.5000 -5.961566e+00
5093.7500 -1.979489e+01
5095.0000 -9.583610e+00
5096.2500 6.002477e-01
5097.5000 -1.130575e+00
5098.7500 2.152191e+01
5100.0000 6.055188e+00
5101.2500 1.864032e+01
5102.5000 1.937057e+01
5103.7500 3.721828e+01
5105.0000 3.281486e+01
5106.2500 -1.464250e+01
5107.5000 2.001595e+01
5108.7500 2.592755e+01
5110.0000 -2.256634e+01
5111.2500 1.671541e+01
5112.5000 6.945139e+00
5113.7500 1.525665e+01
5115.0000 -2.062276e+00
5116.2500 7.386390e+00
5117.5000 4.616778e+01
5118.7500 2.156622e+01
5120.0000 -1.023699e+01
5121.2500 2.376025e+01
5122.5000 5.601642e+00
5123.7500 -4.317353e+00
5125.0000 5.407228e+00
5126.2500 6.899009e+00
5127.5000 3.990012e+01
5128.7500 2.060726e+01
5130.0000 4.200330e+01
5131.2500 5.305854e+01
5132.5000 4.928455e+00
5133.7500 2.167110e+01
5135.0000 2.869971e+01
5136.2500 3.000800e+01
5137.5000 3.360922e+01
5138.7500 6.741796e+00
5140.0000 2.005151e+01
5141.2500 2.577392e+01
5142.5000 1.763532e+01
5143.7500 1.900243e+01
5145.0000 2.655056e+01
5146.2500 2.046358e+01
5147.5000 7.065917e-01
5148.7500 1.463146e+01
5150.0000 2.748266e+01
5151.2500 1.204557e+01
5152.5000 3.895887e+01
5153.7500 6.583547e+00
5155.0000 2.400805e+01
5156.2500 1.185044e+01
5157.5000 2.097478e+01
5158.7500 3.269451e+00
5160.0000 3.066886e+01
5161.2500 2.110660e+01
5162.5000 4.199104e+01
5163.7500 6.762939e+00
5165.0000 -1.075031e+00
5166.2500 1.871122e+01
5167.5000 1.289995e+01
5168.7500 2.967538e+01
5170.0000 1.592913e+01
5171.2500 3.082547e+01
5172.5000 1.151900e+01
5173.7500 1.727980e+01
5175.0000 2.982228e+01
5176.2500 1.046203e+01
5177.5000 1.367740e+01
5178.7500 2.000184e+01
5180.0000 3.016414e+01
5181.2500 3.131668e+01
5182.5000 1.295707e+01
5183.7500 1.499685e+01
5185.0000 2.062446e+01
5186.2500 1.394304e+01
5187.5000 8.109018e+00
5188.7500 3.620008e+00
5190.0000 2.260723e+01
5191.2500 2.219438e+01
5192.5000 2.510757e+01
5193.7500 6.087062e+01
5195.0000 1.569148e+01
5196.2500 -4.406952e+00
5197.5000 9.922630e+00
5198.7500 1.800286e+01
5200.0000 2.641724e+01
5201.2500 9.348539e+00
5202.5000 4.803742e+01
5203.7500 5.189664e+01
5205.0000 1.570930e+01
5206.2500 3.934745e+01
5207.5000 3.065179e+01
5208.7500 -5.992101e-01
5210.0000 1.361165e+01
5211.2500 8.443940e-01
5212.5000 1.261322e+01
5213.7500 6.281117e+00
5215.0000 2.073182e+01
5216.2500 8.800621e+00
5217.5000 2.645038e+01
5218.7500 -7.710123e-02
5220.0000 3.131700e+01
5221.2500 3.194598e+01
5222.5000 3.245887e+01
5223.7500 1.723414e+01
5225.0000 -2.874972e+00
5226.2500 -7.597971e-01
5227.5000 1.129766e+01
5228.7500 1.414217e+01
5230.0000 2.953647e+01
5231.2500 8.020482e+00
5232.5000 5.645404e+00
5233.7500 2.911099e+01
5235.0000 -4.057318e+00
5236.2500 1.045592e+01
5237.5000 2.992460e+01
5238.7500 1.014733e+01
5240.0000 -4.424405e+00
5241.2500 2.104552e+01
5242.5000 6.486496e+00
5243.7500 2.734527e+01
5245.0000 -3.737195e+00
5246.2500 1.741555e+01
5247.5000 4.626878e+00
5248.7500 1.927992e+01
5250.0000 3.485580e+01
5251.2500 2.665974e+01
5252.5000 3.074001e+01
5253.7500 2.807790e+01
5255.0000 3.146978e+01
5256.2500 1.329712e+01
5257.5000 4.324774e+01
5258.7500 5.331188e+01
5260.0000 2.805881e+01
5261.2500 1.934125e+01
5262.5000 1.658776e+01
5263.7500 2.270528e+01
5265.0000 2.926571e+01
5266.2500 3.471070e+01
5267.5000 1.345402e+01
5268.7500 1.921199e+01
5270.0000 5.382341e+00
5271.2500 1.202646e+01
5272.5000 2.193964e+01
5273.7500 2.761146e+01
5275.0000 -5.956485e+00
5276.2500 1.758229e+00
5277.5000 3.058784e+00
5278.7500 7.729262e+00
5280.0000 -8.085115e+00
5281.2500 1.620654e+01
5282.5000 -6.598901e+00
5283.7500 2.831107e+01
5285.0000 3.780530e+01
5286.2500 -1.044661e+01
5287.5000 1.814773e+01
5288.7500 1.652841e+01
5290.0000 1.072908e+01
5291.2500 1.996594e+01
5292.5000 3.632132e+01
5293.7500 1.049463e+01
5295.0000 2.574068e+01
5296.2500 4.166978e+01
5297.5000 4.358322e+00
5298.7500 4.241508e+01
5300.0000 3.768555e+01
5301.2500 1.929599e+00
5302.5000 3.376857e+01
5303.7500 2.136729e+01
5305.0000 2.597300e+01
5306.2500 1.935447e+01
5307.5000 7.914246e+00
5308.7500 -2.576886e+00
5310.0000 -1.035398e+01
5311.2500 8.667801e+00
5312.5000 3.338850e+01
5313.7500 2.498379e+01
5315.0000 2.681008e+01
5316.2500 2.691497e+01
5317.5000 1.229112e+01
5318.7500 4.861154e+01
5320.0000 1.796668e+01
5321.2500 5.195094e+01
5322.5000 3.467753e+01
5323.7500 3.075408e+01
5325.0000 1.098770e+01
5326.2500 3.924066e+01
5327.5000 3.141536e+01
5328.7500 2.305222e+01
5330.0000 2.405485e+00
5331.2500 8.016565e+00
5332.5000 2.517690e+01
5333.7500 2.261531e+01
5335.0000 3.401930e+01
5336.2500 5.143090e+00
5337.5000 1.497751e+01
5338.7500 2.099107e+01
5340.0000 4.634051e+01
5341.2500 8.727812e+00
5342.5000 2.918988e+01
5343.7500 9.993460e+00
5345.0000 3.014549e+00
5346.2500 4.871160e+00
5347.5000 2.784842e+00
5348.7500 2.491681e+01
5350.0000 1.493677e+00
5351.2500 1.440869e+01
5352.5000 1.284048e+00
5353.7500 1.208762e+01
5355.0000 1.680550e+00
5356.2500 7.254866e+00
5357.5000 1.072254e+01
5358.7500 5.933475e+00
5360.0000 3.383406e+01
5361.2500 2.598928e+01
5362.5000 2.282878e+01
5363.7500 2.876214e+01
5365.0000 1.634363e+01
5366.2500 5.667913e+00
5367.5000 1.568509e+01
5368.7500 9.203718e+00
5370.0000 2.155720e+01
5371.2500 -1.106425e+01
5372.5000 -1.395358e+01
5373.7500 3.046082e+01
5375.0000 5.740361e+00
5376.2500 1.340564e+00
5377.5000 4.284004e+01
5378.7500 4.469115e+01
5380.0000 -6.600072e-01
5381.2500 1.633681e+01
5382.5000 8.341711e+00
5383.7500 4.775401e+01
5385.0000 2.533299e+01
5386.2500 1.330690e+01
5387.5000 5.005118e+01
5388.7500 2.525930e+01
5390.0000 2.334133e+01
5391.2500 1.506907e+01
5392.5000 3.339896e+00
5393.7500 6.925775e+00
5395.0000 4.611731e+01
5396.2500 2.954752e+01
5397.5000 3.254427e+00
5398.7500 7.136592e+00
5400.0000 2.206281e+01
5401.2500 1.423138e+01
5402.5000 1.058998e+01
5403.7500 2.372405e+01
5405.0000 1.250442e+01
5406.2500 3.987859e+01
5407.5000 4.308509e+01
5408.7500 2.402729e+01
5410.0000 3.188041e+01
5411.2500 6.337821e+00
5412.5000 3.315940e+01
5413.7500 1.945364e+01
5415.0000 3.973091e+00
5416.2500 3.418532e+01
5417.5000 2.942070e+01
5418.7500 2.539951e+01
5420.0000 1.792385e+01
5421.2500 1.124583e+01
5422.5000 2.164077e+01
5423.7500 3.466394e+01
5425.0000 5.064490e+00
5426.2500 2.146373e+01
5427.5000 3.080759e+01
5428.7500 3.669766e+01
5430.0000 1.400591e+01
5431.2500 2.208941e+01
5432.5000 2.108546e+01
5433.7500 3.877407e+01
5435.0000 3.363203e+01
5436.2500 4.773325e+00
5437.5000 7.292737e+00
5438.7500 2.296036e+01
5440.0000 3.807850e+01
5441.2500 2.694602e+01
5442.5000 2.222130e+01
5443.7500 3.045161e+01
5445.0000 1.214999e+01
5446.2500 1.684685e+01
5447.5000 4.324042e+01
5448.7500 2.655750e+01
5450.0000 1.711679e+01
5451.2500 2.906309e+00
5452.5000 3.647911e+01
5453.7500 2.150946e+01
5455.0000 1.624999e+01
5456.2500 2.297448e+01
5457.5000 4.149813e+01
5458.7500 2.652016e+01
5460.0000 1.027513e+01
5461.2500 2.589640e+01
5462.5000 3.501615e+01
5463.7500 2.412993e+01
5465.0000 1.202293e+01
5466.2500 1.952993e+01
5467.5000 1.893198e+01
5468.7500 2.469018e+01
5470.0000 -7.459839e+00
5471.2500 1.035159e+01
5472.5000 7.951363e+00
5473.7500 2.393863e+01
5475.0000 3.176944e+01
5476.2500 2.607399e+01
5477.5000 2.186569e+01
5478.7500 3.779414e+01
5480.0000 2.876223e+01
5481.2500 8.133090e+00
5482.5000 2.944423e+01
5483.7500 2.628666e+01
5485.0000 2.117513e+01
5486.2500 4.111239e+01
5487.5000 2.873012e+01
5488.7500 2.802397e+01
5490.0000 4.852785e+01
5491.2500 3.356329e+01
5492.5000 5.201952e+01
5493.7500 3.038208e+01
5495.0000 1.566978e+01
5496.2500 3.222758e+01
5497.5000 1.858168e+01
5498.7500 9.219442e+00
5500.0000 5.015284e+01
5501.2500 1.673984e+01
5502.5000 2.597943e+01
5503.7500 1.637234e+01
5505.0000 1.428215e+01
5506.2500 1.862799e+01
5507.5000 3.556394e+01
5508.7500 9.633593e+00
5510.0000 1.569870e+01
5511.2500 -2.354080e+00
5512.5000 1.694296e+00
5513.7500 1.712743e+01
5515.0000 1.246826e+00
5516.2500 -1.319557e+01
5517.5000 2.877365e+01
5518.7500 3.205888e+01
5520.0000 1.927568e+01
5521.2500 2.089983e+01
5522.5000 1.351048e+01
5523.7500 1.771573e+01
5525.0000 1.478675e+01
5526.2500 2.891370e+00
5527.5000 1.294202e+01
5528.7500 5.161534e+01
5530.0000 1.199846e+01
5531.2500 2.996163e+01
5532.5000 9.693484e+00
5533.7500 -7.521113e+00
5535.0000 1.087779e+01
5536.2500 1.163192e+01
5537.5000 3.555155e+01
5538.7500 2.532976e+01
5540.0000 1.850864e+01
5541.2500 -3.969562e+00
5542.5000 3.754104e+00
5543.7500 4.192195e+00
5545.0000 6.365939e+00
5546.2500 3.608707e+01
5547.5000 3.320928e+01
5548.7500 -1.011032e+01
5550.0000 3.546601e+01
5551.2500 3.652249e+01
5552.5000 3.404771e+01
5553.7500 -1.531245e+00
5555.0000 9.132241e+00
5556.2500 2.029520e+01
5557.5000 1.644369e+01
5558.7500 2.430890e+01
5560.0000 2.133709e+01
5561.2500 3.515103e+01
5562.5000 1.320388e+01
5563.7500 1.826575e+01
5565.0000 3.305775e+01
5566.2500 8.928962e-01
5567.5000 9.382446e+00
5568.7500 2.892449e+01
5570.0000 2.406091e+01
5571.2500 1.802835e+01
5572.5000 1.744574e+01
5573.7500 1.365908e+01
5575.0000 1.370212e+01
5576.2500 1.588262e+01
5577.5000 1.595589e+01
5578.7500 1.550623e+01
5580.0000 1.602879e+01
5581.2500 2.275556e+01
5582.5000 3.648426e+00
5583.7500 1.869004e+01
5585.0000 3.645624e+01
5586.2500 1.264281e+01
5587.5000 1.378704e+01
5588.7500 1.486646e+01
5590.0000 2.182328e+01
5591.2500 2.733394e+01
5592.5000 2.696691e+00
5593.7500 1.178565e+01
5595.0000 1.283309e+01
5596.2500 2.507540e+01
5597.5000 4.244396e+01
5598.7500 4.311567e+01
5600.0000 2.324194e+01
5601.2500 2.468828e+01
5602.5000 4.953914e+00
5603.7500 -1.195355e+00
5605.0000 -1.154610e+01
5606.2500 4.139958e+01
5607.5000 5.045347e+01
5608.7500 3.057864e+01
5610.0000 5.506748e+00
5611.2500 -5.998077e+00
5612.5000 2.264666e+01
5613.7500 2.374005e+01
5615.0000 3.532092e+01
5616.2500 3.060106e+01
5617.5000 3.180619e+01
5618.7500 3.341543e+01
5620.0000 4.294331e+01
5621.2500 2.278685e+01
5622.5000 1.737392e+01
5623.7500 2.530132e+01
5625.0000 1.446213e+01
5626.2500 2.600899e+01
5627.5000 4.010418e+01
5628.7500 3.082793e+01
5630.0000 3.403724e+01
5631.2500 5.086523e+01
5632.5000 2.170388e+01
5633.7500 1.853033e+01
5635.0000 2.930832e+01
5636.2500 -3.823170e+00
5637.5000 3.837101e+00
5638.7500 1.167811e+01
5640.0000 1.996273e+01
5641.2500 1.567319e+01
5642.5000 2.538469e+01
5643.7500 1.522742e+01
5645.0000 2.012015e+01
5646.2500 3.000133e+01
5647.5000 3.274235e+01
5648.7500 1.249516e+01
5650.0000 2.915734e+01
5651.2500 2.232805e+01
5652.5000 1.701804e+01
5653.7500 4.450135e+01
5655.0000 2.633255e+00
5656.2500 2.260722e+00
5657.5000 2.335401e+01
5658.7500 2.909664e+00
5660.0000 3.418308e+01
5661.2500 4.151281e+01
5662.5000 1.266623e+01
5663.7500 3.060113e+01
5665.0000 3.684850e+01
5666.2500 2.788218e+01
5667.5000 3.339487e+01
5668.7500 3.393985e+01
5670.0000 4.157829e+01
5671.2500 1.470353e+01
5672.5000 2.754907e+01
5673.7500 4.312426e+01
5675.0000 3.131681e+01
5676.2500 1.674152e+01
5677.5000 3.063422e+01
5678.7500 1.286703e+00
5680.0000 1.964911e+01
5681.2500 2.151055e+01
5682.5000 2.999046e+01
5683.7500 3.119153e+00
5685.0000 2.066768e+01
5686.2500 3.911839e+01
5687.5000 4.504478e+01
5688.7500 4.842887e+01
5690.0000 3.516754e+01
5691.2500 3.087913e+01
5692.5000 4.014069e+01
5693.7500 3.467968e+01
5695.0000 -6.216340e+00
5696.2500 4.012479e+01
5697.5000 4.011187e+01
5698.7500 1.047724e+01
5700.0000 2.652561e+01
5701.2500 1.239264e+01
5702.5000 2.956611e+01
5703.7500 2.076917e+01
5705.0000 3.088597e+00
5706.2500 1.070784e+01
5707.5000 3.294077e+01
5708.7500 1.465628e+01
5710.0000 3.442443e+01
5711.2500 3.735722e+01
5712.5000 2.296166e+01
5713.7500 7.873535e-03
5715.0000 1.804570e+01
5716.2500 2.293563e+01
5717.5000 1.041135e+01
5718.7500 2.822959e+01
5720.0000 2.180868e+01
5721.2500 4.299282e+01
5722.5000 2.019442e+01
5723.7500 8.816849e+00
5725.0000 1.518375e+01
5726.2500 2.792805e+01
5727.5000 4.718373e+01
5728.7500 3.068481e+01
5730.0000 1.024782e+00
5731.2500 3.960151e+01
5732.5000 3.982531e+01
5733.7500 3.920242e+01
5735.0000 -2.228678e+00
5736.2500 2.161851e+01
5737.5000 1.860269e+01
5738.7500 1.776805e+01
5740.0000 3.076347e+01
5741.2500 2.183436e+01
5742.5000 4.761763e+00
5743.7500 -6.085698e+00
5745.0000 9.495724e+00
5746.2500 -3.868428e+00
5747.5000 7.397191e+00
5748.7500 3.850642e+00
5750.0000 2.121366e+01
5751.2500 3.517774e+01
5752.5000 6.731668e+00
5753.7500 9.734159e+00
5755.0000 2.334412e+01
5756.2500 6.463786e+00
5757.5000 1.144672e+01
5758.7500 1.643802e+01
5760.0000 3.327338e+01
5761.2500 -6.194309e+00
5762.5000 1.459001e+01
5763.7500 4.302668e+01
5765.0000 4.333035e+01
5766.2500 3.682285e+01
5767.5000 3.394276e+01
5768.7500 1.815091e+01
5770.0000 2.309830e+01
5771.2500 3.134183e+01
5772.5000 3.311098e+01
5773.7500 1.577742e+00
5775.0000 1.881140e+01
5776.2500 6.498994e+00
5777.5000 1.872598e+01
5778.7500 4.840202e+01
5780.0000 9.759813e+00
5781.2500 2.942507e+01
5782.5000 1.858113e+01
5783.7500 2.996760e+01
5785.0000 4.165805e+01
5786.2500 3.032991e+01
5787.5000 2.963042e+01
5788.7500 2.989814e+01
5790.0000 3.576936e+01
5791.2500 2.384648e+01
5792.5000 2.968233e+01
5793.7500 2.510059e+01
5795.0000 1.630538e+01
5796.2500 1.798484e+01
5797.5000 3.464553e+01
5798.7500 3.574048e+01
5800.0000 1.310971e+01
5801.2500 2.930124e+01
5802.5000 4.490972e+01
5803.7500 3.259262e+01
5805.0000 8.348393e-01
5806.2500 1.944387e+01
5807.5000 1.888363e+01
5808.7500 8.873734e+00
5810.0000 4.682471e+01
5811.2500 2.829958e+01
5812.5000 3.442980e+01
5813.7500 9.684785e+00
5815.0000 9.838706e+00
5816.2500 9.179216e+00
5817.5000 1.658530e+01
5818.7500 1.892505e+01
5820.0000 1.765151e+01
5821.2500 2.294502e+01
5822.5000 2.817143e+01
5823.7500 2.000116e+01
5825.0000 3.855750e+01
5826.2500 5.161982e+01
5827.5000 4.091646e+01
5828.7500 2.714348e+01
5830.0000 2.827384e+01
5831.2500 2.274333e+01
5832.5000 2.110616e+01
5833.7500 -5.107617e+00
5835.0000 3.462525e+01
5836.2500 2.094263e+01
5837.5000 3.970483e+01
5838.7500 2.459081e+01
5840.0000 2.330119e+01
5841.2500 4.841143e+01
5842.5000 4.255170e+01
5843.7500 2.536764e+00
5845.0000 2.292476e+01
5846.2500 4.656326e+01
5847.5000 2.729034e+01
5848.7500 1.742700e+01
5850.0000 1.421734e+01
5851.2500 2.491073e+01
5852.5000 4.508195e+01
5853.7500 1.784593e+01
5855.0000 2.659073e+01
5856.2500 3.252560e+01
5857.5000 1.361756e+01
5858.7500 -1.651640e+00
5860.0000 -8.063663e+00
5861.2500 4.615155e+01
5862.5000 1.761411e+01
5863.7500 3.400174e+01
5865.0000 2.768153e+01
5866.2500 3.169340e+00
5867.5000 2.978999e+01
5868.7500 2.473099e+01
5870.0000 1.512139e+01
5871.2500 4.101287e+01
5872.5000 2.788328e+01
5873.7500 5.119789e+01
5875.0000 2.558138e+01
5876.2500 1.062152e+01
5877.5000 2.061818e+01
5878.7500 1.336873e+01
5880.0000 1.740419e+01
5881.2500 3.164150e+01
5882.5000 1.876899e+01
5883.7500 1.932966e+01
5885.0000 5.764102e-01
5886.2500 -1.597571e+00
5887.5000 -6.762436e+00
5888.7500 2.131659e+01
5890.0000 1.944398e+01
5891.2500 1.275209e+01
5892.5000 2.759294e+01
5893.7500 1.140297e+01
5895.0000 1.891433e+01
5896.2500 2.042461e+01
5897.5000 7.438196e+00
5898.7500 1.608834e+00
5900.0000 1.178851e+01
5901.2500 5.915682e+00
5902.5000 1.770528e+01
5903.7500 1.318785e+01
5905.0000 4.006091e+01
5906.2500 1.650612e+01
5907.5000 2.994710e+01
5908.7500 2.795266e+01
5910.0000 1.065134e+01
5911.2500 1.624599e+01
5912.5000 2.122518e+01
5913.7500 2.920490e+01
5915.0000 1.319356e+01
5916.2500 1.078330e+01
5917.5000 -3.470318e+00
5918.7500 2.644303e+01
5920.0000 3.013134e+01
5921.2500 3.552118e+01
5922.5000 2.781166e+01
5923.7500 2.662184e+01
5925.0000 -1.342351e+01
5926.2500 1.241195e+01
5927.5000 1.314722e+01
5928.7500 -4.033079e+00
5930.0000 2.842351e+01
5931.2500 1.602302e+01
5932.5000 2.299056e+01
5933.7500 1.701819e+01
5935.0000 -5.895642e+00
5936.2500 2.192906e+01
5937.5000 2.745792e+01
5938.7500 2.264802e+01
5940.0000 3.479313e+01
5941.2500 1.770511e+01
5942.5000 2.569516e+01
5943.7500 9.619559e+00
5945.0000 1.480349e+01
5946.2500 -1.987625e+01
5947.5000 8.614694e+00
5948.7500 2.125517e+01
5950.0000 2.080534e+01
5951.2500 2.224111e+01
5952.5000 -9.731200e-01
5953.7500 3.066560e+00
5955.0000 2.950562e+01
5956.2500 3.121948e+01
5957.5000 2.656409e+01
5958.7500 8.851262e+00
5960.0000 7.837314e+00
5961.2500 1.340503e+01
5962.5000 1.907308e+01
5963.7500 2.234821e+01
5965.0000 1.768004e+01
5966.2500 3.151799e+01
5967.5000 2.386493e+01
5968.7500 3.920831e+01
5970.0000 1.048732e+01
5971.2500 3.945347e+01
5972.5000 3.592210e+01
5973.7500 1.477723e+01
5975.0000 4.579111e+01
5976.2500 1.987353e+01
5977.5000 4.189583e+01
5978.7500 4.934640e+01
5980.0000 2.355756e+01
5981.2500 1.510736e+01
5982.5000 1.126733e+01
5983.7500 3.503835e+01
5985.0000 5.041483e+01
5986.2500 2.171111e+01
5987.5000 3.639544e+01
5988.7500 5.284721e+00
5990.0000 1.879207e+01
5991.2500 2.863764e+00
5992.5000 1.223298e+01
5993.7500 5.072023e+00
5995.0000 2.894353e+01
5996.2500 4.612654e+00
5997.5000 1.737636e+01
5998.7500 2.710272e+01
6000.0000 2.343232e+01
6001.2500 5.313490e+00
6002.5000 2.185873e+01
6003.7500 4.966582e+01
6005.0000 1.312883e+01
6006.2500 -1.888375e+01
6007.5000 2.767104e+01
6008.7500 1.112103e+01
6010.0000 3.899990e+01
6011.2500 3.117611e+01
6012.5000 2.045267e+00
6013.7500 3.499925e+01
6015.0000 2.107609e+01
6016.2500 3.781777e+01
6017.5000 1.597944e+01
6018.7500 1.117942e+01
6020.0000 2.882816e+01
6021.2500 1.055685e+01
6022.5000 3.175700e-01
6023.7500 3.300479e+01
6025.0000 2.901074e+01
6026.2500 2.931606e+01
6027.5000 3.074974e+01
6028.7500 2.657551e+01
6030.0000 2.084159e+01
6031.2500 -6.406031e+00
6032.5000 1.117273e+01
6033.7500 8.276707e+00
6035.0000 7.398213e+00
6036.2500 1.777826e+01
6037.5000 1.890845e+01
6038.7500 2.906034e+01
6040.0000 1.875040e+01
6041.2500 2.219386e+01
6042.5000 2.851409e+01
6043.7500 2.307984e+01
6045.0000 3.121957e+01
6046.2500 7.093340e+00
6047.5000 3.240647e+01
6048.7500 9.617672e+00
6050.0000 1.408455e+01
6051.2500 1.717216e+01
6052.5000 8.460537e+00
6053.7500 9.224638e+00
6055.0000 1.231956e+01
6056.2500 2.554912e+01
6057.5000 3.595543e+01
6058.7500 1.474156e+01
6060.0000 1.294077e+01
6061.2500 4.231849e+01
6062.5000 3.652295e+01
6063.7500 2.548084e+01
6065.0000 1.548077e+01
6066.2500 3.631092e+00
6067.5000 3.225332e+01
6068.7500 1.707579e+01
6070.0000 3.043507e+01
6071.2500 4.377807e+01
6072.5000 2.902941e+01
6073.7500 2.257257e+01
6075.0000 1.339351e+01
6076.2500 2.963400e+01
6077.5000 2.243292e+01
6078.7500 1.811921e+01
6080.0000 1.871624e+01
6081.2500 4.390811e+00
6082.5000 1.792442e+01
6083.7500 1.527500e+01
6085.0000 3.268234e+01
6086.2500 2.351956e+01
6087.5000 1.740683e+01
6088.7500 4.103863e+01
6090.0000 5.971749e+01
6091.2500 2.261639e+01
6092.5000 1.307379e+01
6093.7500 5.162547e+01
6095.0000 1.739811e+01
6096.2500 1.981785e+01
6097.5000 1.425127e+01
6098.7500 2.282283e+01
6100.0000 2.493060e+01
6101.2500 7.922979e+00
6102.5000 2.242725e+01
6103.7500 -4.836558e+00
6105.0000 3.053685e+01
6106.2500 3.180777e+01
6107.5000 1.963947e+01
6108.7500 2.169634e+01
6110.0000 1.338749e+01
6111.2500 1.750363e+01
6112.5000 1.983418e+01
6113.7500 1.798775e+01
6115.0000 3.845392e+01
6116.2500 3.908566e+01
6117.5000 2.891984e+01
6118.7500 1.400347e+01
6120.0000 2.636600e+01
6121.2500 8.658094e+00
6122.5000 2.075680e+01
6123.7500 3.138694e+01
6125.0000 2.021410e+01
6126.2500 4.274641e+01
6127.5000 2.517566e+01
6128.7500 -2.612430e+00
6130.0000 3.434533e+01
6131.2500 1.978480e+01
6132.5000 1.407915e+01
6133.7500 9.198907e+00
6135.0000 2.015851e+01
6136.2500 1.838342e+01
6137.5000 2.226083e+01
6138.7500 1.674864e+01
6140.0000 -1.819370e+00
6141.2500 1.527352e+01
6142.5000 2.364368e+01
6143.7500 5.091753e+00
6145.0000 2.733479e+01
6146.2500 1.642507e+01
6147.5000 1.935366e+01
6148.7500 2.692740e+01
6150.0000 2.790344e+01
6151.2500 2.893246e+01
6152.5000 1.655484e+01
6153.7500 1.924487e+01
6155.0000 2.575674e+01
6156.2500 5.614348e+00
6157.5000 2.456347e+00
6158.7500 1.223111e+01
6160.0000 4.102346e+01
6161.2500 1.015959e+01
6162.5000 1.759644e+01
6163.7500 2.868332e+01
6165.0000 2.626116e+01
6166.2500 7.359774e+00
6167.5000 3.525878e+01
6168.7500 8.809628e+00
6170.0000 2.241885e+01
6171.2500 2.863122e+01
6172.5000 2.909790e+00
6173.7500 5.788717e+00
6175.0000 1.655202e+01
6176.2500 1.240182e+01
6177.5000 -3.014363e+00
6178.7500 1.519373e+01
6180.0000 1.770719e+01
6181.2500 1.715882e+01
6182.5000 3.211833e+01
6183.7500 4.419742e+01
6185.0000 4.044041e+01
6186.2500 8.778496e+00
6187.5000 3.375536e+01
6188.7500 2.690672e+01
6190.0000 1.170272e+01
6191.2500 3.374920e+01
6192.5000 2.762149e+01
6193.7500 1.492688e+01
6195.0000 1.692854e+01
6196.2500 1.242965e+01
6197.5000 2.200751e+01
6198.7500 3.499385e+01
6200.0000 2.165114e+01
6201.2500 3.058994e+01
6202.5000 1.083174e+01
6203.7500 2.859885e+01
6205.0000 2.539841e+01
6206.2500 2.936243e+01
6207.5000 2.497835e+01
6208.7500 2.450513e+01
6210.0000 3.497512e+01
6211.2500 6.723674e+00
6212.5000 2.225205e+01
6213.7500 2.482783e+01
6215.0000 1.241622e+00
6216.2500 3.181981e+01
6217.5000 3.148569e+01
6218.7500 1.686603e+01
6220.0000 3.681376e+01
6221.2500 5.207277e+00
6222.5000 1.473732e+01
6223.7500 1.082159e+01
6225.0000 1.619266e+01
6226.2500 1.985049e+01
6227.5000 1.946298e+01
6228.7500 3.457779e+01
6230.0000 1.731069e+01
6231.2500 1.459569e+01
6232.5000 1.307412e+01
6233.7500 3.293304e+01
6235.0000 2.452136e+01
6236.2500 1.911426e+01
6237.5000 2.988515e+01
6238.7500 2.983752e+01
6240.0000 4.608774e-02
6241.2500 9.786869e+00
6242.5000 2.332392e+01
6243.7500 1.028653e+01
6245.0000 2.643333e+01
6246.2500 2.475421e+01
6247.5000 1.471270e+01
6248.7500 2.875170e+01
6250.0000 3.161191e+01
6251.2500 3.129560e+01
6252.5000 7.322091e+00
6253.7500 2.056303e+01
6255.0000 2.089659e+01
6256.2500 -7.325473e+00
6257.5000 1.402569e+01
6258.7500 2.215711e+01
6260.0000 1.366457e+01
6261.2500 2.528857e+01
6262.5000 2.286908e+01
6263.7500 -2.893731e+00
6265.0000 2.675807e+01
6266.2500 3.170371e+01
6267.5000 2.943044e+01
6268.7500 3.291793e+01
6270.0000 1.167542e+01
6271.2500 2.431835e+01
6272.5000 -5.623470e+00
6273.7500 1.018115e+01
6275.0000 4.334270e+01
6276.2500 1.927173e+00
6277.5000 6.288682e+00
6278.7500 2.857296e+01
6280.0000 1.940068e+01
6281.2500 6.423059e+00
6282.5000 2.987695e+01
6283.7500 1.934605e+00
6285.0000 1.065097e+01
6286.2500 2.605005e+01
6287.5000 2.779587e+01
6288.7500 3.639835e+01
6290.0000 2.531247e+01
6291.2500 1.336044e+01
6292.5000 2.432907e+01
6293.7500 3.278296e+01
6295.0000 1.774976e+01
6296.2500 1.777045e+01
6297.5000 3.872972e+01
6298.7500 1.614773e+01
6300.0000 1.652544e+01
6301.2500 1.617649e+01
6302.5000 4.053719e-01
6303.7500 2.614020e+01
6305.0000 2.088125e+01
6306.2500 3.148766e+01
6307.5000 4.684958e+00
6308.7500 1.375816e+01
6310.0000 3.453495e+01
6311.2500 2.130943e+01
6312.5000 2.009742e+01
6313.7500 2.435957e+01
6315.0000 2.905818e+01
6316.2500 9.951020e+00
6317.5000 1.166556e+01
6318.7500 3.339725e+01
6320.0000 2.675347e+01
6321.2500 2.298718e+00
6322.5000 -8.467610e-01
6323.7500 5.976128e+00
6325.0000 6.673983e+00
6326.2500 8.944737e+00
6327.5000 1.164585e+01
6328.7500 -3.176775e+00
6330.0000 6.010975e+00
6331.2500 1.075338e+01
6332.5000 2.234983e+01
6333.7500 1.528694e+01
6335.0000 1.622386e+01
6336.2500 9.524190e+00
6337.5000 2.375091e+01
6338.7500 7.676623e+00
6340.0000 3.104194e+01
6341.2500 5.358533e+00
6342.5000 1.676912e+01
6343.7500 2.266633e+00
6345.0000 3.590802e+01
6346.2500 1.403333e+01
6347.5000 2.161099e+01
6348.7500 -1.601656e+00
6350.0000 -9.199728e+00
6351.2500 -7.882932e+00
6352.5000 1.657127e+01
6353.7500 2.387399e+01
6355.0000 1.726171e+01
6356.2500 -3.266720e+00
6357.5000 8.045568e+00
6358.7500 -3.850801e+00
6360.0000 1.188813e+01
6361.2500 2.020856e+01
6362.5000 2.269859e+01
6363.7500 1.162639e+01
6365.0000 3.780074e+01
6366.2500 3.687401e+01
6367.5000 2.223537e+01
6368.7500 1.778851e+01
6370.0000 3.275233e+01
6371.2500 1.010732e+01
6372.5000 9.319122e+00
6373.7500 1.495066e+00
6375.0000 9.044283e+00
6376.2500 2.384418e+01
6377.5000 2.596818e+01
6378.7500 7.048967e+00
6380.0000 1.278393e+01
6381.2500 2.184067e+01
6382.5000 1.257823e+01
6383.7500 -4.022887e-01
6385.0000 1.436007e+01
6386.2500 1.202435e+01
6387.5000 1.612609e+01
6388.7500 3.469680e+01
6390.0000 3.628893e+01
6391.2500 2.512313e+01
6392.5000 4.253222e+01
6393.7500 3.606452e+01
6395.0000 3.801061e+01
6396.2500 2.244957e+01
6397.5000 3.051176e+01
6398.7500 2.299218e+01
6400.0000 2.111522e+01
6401.2500 2.649925e+01
6402.5000 1.544802e+01
6403.7500 1.879303e+01
6405.0000 2.967507e+01
6406.2500 1.976762e+01
6407.5000 2.821082e+01
6408.7500 3.442792e+01
6410.0000 3.091359e+01
6411.2500 2.394384e+00
6412.5000 1.168916e+01
6413.7500 1.827636e+01
6415.0000 9.889534e-01
6416.2500 -1.784770e+00
6417.5000 1.725342e+01
6418.7500 2.199525e+01
6420.0000 1.411760e+01
6421.2500 5.434451e+00
6422.5000 2.336873e+01
6423.7500 4.466980e+01
6425.0000 1.626785e+01
6426.2500 2.781639e+01
6427.5000 1.121343e+01
6428.7500 2.186020e+01
6430.0000 2.552830e+01
6431.2500 3.624122e+01
6432.5000 3.364003e+01
6433.7500 2.642566e+01
6435.0000 7.854081e+00
6436.2500 3.404892e+01
6437.5000 1.803459e+01
6438.7500 1.811232e+01
6440.0000 3.337082e+01
6441.2500 1.933749e+01
6442.5000 9.263171e+00
6443.7500 2.037755e+01
6445.0000 1.611016e+01
6446.2500 3.304174e+01
6447.5000 2.338148e+01
6448.7500 3.412161e+00
6450.0000 2.445009e+01
6451.2500 1.516645e+01
6452.5000 1.517680e+01
6453.7500 2.945206e+01
6455.0000 3.109680e+01
6456.2500 1.012331e+01
6457.5000 1.819181e+01
6458.7500 1.028853e+01
6460.0000 1.151276e+01
6461.2500 1.820410e+01
6462.5000 1.569880e+01
6463.7500 -8.562803e+00
6465.0000 3.493027e+01
6466.2500 2.878347e+01
6467.5000 1.083436e+01
6468.7500 1.222263e+01
6470.0000 3.828644e+00
6471.2500 2.426164e-01
6472.5000 5.078954e+00
6473.7500 2.098031e+01
6475.0000 2.972571e+01
6476.2500 2.796735e+01
6477.5000 2.607061e+01
6478.7500 2.770894e+01
6480.0000 2.338025e+01
6481.2500 3.453219e+01
6482.5000 1.961652e+01
6483.7500 2.825961e+01
6485.0000 3.478138e+01
6486.2500 1.932818e+01
6487.5000 1.618598e+01
6488.7500 2.383177e+01
6490.0000 2.792553e+01
6491.2500 2.071781e+01
6492.5000 3.296001e+01
6493.7500 7.561625e+00
6495.0000 1.634739e+01
6496.2500 2.190726e+01
6497.5000 -3.204956e+00
6498.7500 3.111427e+01
6500.0000 -1.090375e+01
6501.2500 1.641029e+01
6502.5000 1.008002e+01
6503.7500 3.097384e+01
6505.0000 3.864089e+01
6506.2500 1.896031e+01
6507.5000 2.433556e+01
6508.7500 2.642383e+01
6510.0000 4.744928e+01
6511.2500 1.413845e+01
6512.5000 2.002323e+01
6513.7500 5.671818e+00
6515.0000 3.598639e+01
6516.2500 4.140272e+01
6517.5000 4.579651e+01
6518.7500 2.500797e+01
6520.0000 -4.639210e+00
6521.2500 1.389490e+01
6522.5000 1.931689e+01
6523.7500 5.885467e+00
6525.0000 1.982235e+01
6526.2500 1.966907e+01
6527.5000 2.149195e+01
6528.7500 3.840058e+01
6530.0000 2.339175e+01
6531.2500 1.501949e+01
6532.5000 2.990017e+01
6533.7500 -9.850334e+00
6535.0000 2.116348e+01
6536.2500 1.890807e+00
6537.5000 1.511871e+01
6538.7500 1.131374e+01
6540.0000 3.973413e+00
6541.2500 2.584853e+01
6542.5000 4.107965e+00
6543.7500 2.675151e+01
6545.0000 1.580661e+01
6546.2500 2.466801e+01
6547.5000 2.837020e+01
6548.7500 2.784586e+01
6550.0000 4.125218e+00
6551.2500 1.127596e+01
6552.5000 1.897994e+00
6553.7500 1.669272e+01
6555.0000 1.205956e+01
6556.2500 1.208948e+01
6557.5000 2.257460e+01
6558.7500 7.452106e+00
6560.0000 8.482275e+00
6561.2500 1.741187e+01
6562.5000 1.431423e+01
6563.7500 2.078431e+01
6565.0000 1.609699e+01
6566.2500 5.593258e+00
6567.5000 6.897869e+00
6568.7500 1.571507e+01
6570.0000 1.712844e+01
6571.2500 2.871025e+01
6572.5000 3.161827e+01
6573.7500 3.102342e+01
6575.0000 3.062823e+01
6576.2500 2.413555e+01
6577.5000 -1.685723e+00
6578.7500 2.342943e+01
6580.0000 1.793708e+01
6581.2500 1.807187e+01
6582.5000 1.733668e+01
6583.7500 3.108937e+01
6585.0000 9.557775e+00
6586.2500 1.899899e+01
6587.5000 4.041613e+01
6588.7500 2.653853e+01
6590.0000 1.632380e+01
6591.2500 1.079807e+01
6592.5000 1.777408e+01
6593.7500 1.252753e+01
6595.0000 1.004251e+01
6596.2500 4.024457e+01
6597.5000 2.285292e+01
6598.7500 1.808684e+01
6600.0000 1.983257e+01
6601.2500 8.741739e+00
6602.5000 2.404461e+01
6603.7500 4.185765e+01
6605.0000 9.175462e+00
6606.2500 1.467308e+01
6607.5000 1.991910e+01
6608.7500 1.957977e+01
6610.0000 2.694634e+01
6611.2500 2.981956e+01
6612.5000 1.594409e+01
6613.7500 3.029424e+01
6615.0000 3.028786e+01
6616.2500 3.796484e+01
6617.5000 2.872446e+01
6618.7500 4.328685e+01
6620.0000 2.840539e+01
6621.2500 1.715048e+01
6622.5000 1.357667e+01
6623.7500 3.097191e+01
6625.0000 2.265889e+01
6626.2500 1.803433e+01
6627.5000 3.777873e+01
6628.7500 1.388526e+01
6630.0000 2.003404e+01
6631.2500 2.311984e+01
6632.5000 2.197915e+01
6633.7500 2.453117e+01
6635.0000 3.529733e+01
6636.2500 2.472825e+01
6637.5000 3.593550e+01
6638.7500 9.590755e+00
6640.0000 1.206128e+01
6641.2500 1.387017e+01
6642.5000 2.134975e+01
6643.7500 5.807641e+00
6645.0000 2.439349e+01
6646.2500 1.823960e+01
6647.5000 2.083403e+01
6648.7500 2.406399e+01
6650.0000 1.384123e+01
6651.2500 1.683157e+01
6652.5000 1.194243e+01
6653.7500 1.346587e+01
6655.0000 8.982155e+00
6656.2500 1.267237e+01
6657.5000 3.765474e+01
6658.7500 2.083177e+01
6660.0000 3.649527e+01
6661.2500 2.577380e+01
6662.5000 2.468442e+01
6663.7500 1.961648e+01
6665.0000 2.354538e+01
6666.2500 2.601254e+01
6667.5000 3.441170e+01
6668.7500 6.290062e+00
6670.0000 2.448666e+01
6671.2500 2.096679e+01
6672.5000 1.466771e+01
6673.7500 1.815334e+01
6675.0000 1.749764e+01
6676.2500 2.698604e+01
6677.5000 2.914723e+01
6678.7500 1.814265e+01
6680.0000 2.639583e+01
6681.2500 3.543965e+01
6682.5000 3.235434e+01
6683.7500 2.452029e+01
6685.0000 2.923595e+01
6686.2500 2.235635e+01
6687.5000 1.596543e+01
6688.7500 2.958883e+01
6690.0000 1.354755e+01
6691.2500 1.796829e+01
6692.5000 1.036846e+01
6693.7500 2.207374e+01
6695.0000 2.451477e+01
6696.2500 2.114324e+01
6697.5000 1.375961e+01
6698.7500 1.431602e+01
6700.0000 3.337909e+01
6701.2500 1.234839e+01
6702.5000 2.351179e+01
6703.7500 2.896338e+01
6705.0000 2.467846e+01
6706.2500 2.098413e+01
6707.5000 2.692934e+01
6708.7500 2.500502e+01
6710.0000 3.154031e+01
6711.2500 1.903627e+01
6712.5000 2.574121e+01
6713.7500 9.241258e+00
6715.0000 7.113022e+00
6716.2500 2.919250e+01
6717.5000 1.537337e+01
6718.7500 1.688982e+01
6720.0000 3.224158e+01
6721.2500 3.797258e+01
6722.5000 1.981552e+01
6723.7500 1.817132e+01
6725.0000 1.693191e+01
6726.2500 -2.380141e+00
6727.5000 2.140096e+01
6728.7500 3.214698e+01
6730.0000 2.148405e+01
6731.2500 3.078610e+01
6732.5000 1.457103e+01
6733.7500 2.075414e+01
6735.0000 1.156895e+01
6736.2500 1.654939e+01
6737.5000 2.943218e+01
6738.7500 1.486554e+01
6740.0000 2.056383e+01
6741.2500 1.268051e+01
6742.5000 2.002988e+01
6743.7500 2.231066e+01
6745.0000 1.635696e+01
6746.2500 9.716755e+00
6747.5000 1.437740e+01
6748.7500 1.997616e+01
6750.0000 1.196719e+01
6751.2500 2.263275e+01
6752.5000 2.124963e+01
6753.7500 1.027714e+01
6755.0000 2.302588e+01
6756.2500 1.992581e+01
6757.5000 3.065944e+01
6758.7500 1.870907e+01
6760.0000 4.808051e+00
6761.2500 1.398883e+01
6762.5000 1.642227e+01
6763.7500 1.878216e+01
6765.0000 3.372616e+01
6766.2500 3.606158e+01
6767.5000 2.441262e+01
6768.7500 3.211221e+01
6770.0000 2.982039e+01
6771.2500 2.600893e+01
6772.5000 3.108432e+01
6773.7500 3.511905e+01
6775.0000 2.555813e+01
6776.2500 1.450693e+01
6777.5000 1.971875e+01
6778.7500 2.391137e+01
6780.0000 2.211500e+01
6781.2500 1.696735e+01
6782.5000 2.903065e+01
6783.7500 2.232166e+01
6785.0000 3.304500e+01
6786.2500 2.616861e+01
6787.5000 2.307359e+01
6788.7500 2.243370e+01
6790.0000 1.705755e+01
6791.2500 2.721409e+01
6792.5000 1.444567e+01
6793.7500 1.602360e+01
6795.0000 2.795827e+01
6796.2500 2.144393e+01
6797.5000 9.948827e+00
6798.7500 1.121518e+01
6800.0000 2.875573e+01
6801.2500 2.571004e+01
6802.5000 3.906823e+01
6803.7500 3.098816e+01
6805.0000 2.390282e+01
6806.2500 3.509047e+01
6807.5000 2.475344e+01
6808.7500 1.387968e+01
6810.0000 1.086988e+01
6811.2500 2.363032e+01
6812.5000 1.689136e+01
6813.7500 1.453170e+01
6815.0000 2.726964e+01
6816.2500 2.045479e+01
6817.5000 1.776093e+01
6818.7500 2.735721e+01
6820.0000 2.876277e+01
6821.2500 3.054958e+01
6822.5000 1.125777e+01
6823.7500 1.869958e+01
6825.0000 1.563858e+01
6826.2500 2.262145e+01
6827.5000 -1.159093e+01
6828.7500 -1.910053e+00
6830.0000 -4.508888e+00
6831.2500 1.625986e+00
6832.5000 2.486300e+01
6833.7500 2.196937e+01
6835.0000 1.101115e+01
6836.2500 2.624304e+01
6837.5000 2.502768e+01
6838.7500 1.320206e+01
6840.0000 1.840494e+01
6841.2500 4.071229e+01
6842.5000 3.699742e+01
6843.7500 2.942785e+01
6845.0000 1.025274e+01
6846.2500 2.896654e+01
6847.5000 2.177768e+01
6848.7500 2.401676e+01
6850.0000 7.731607e+00
6851.2500 1.742548e+01
6852.5000 3.650748e+01
6853.7500 2.228018e+01
6855.0000 1.657592e+01
6856.2500 1.163515e+01
6857.5000 2.948736e+01
6858.7500 1.362112e+01
6860.0000 7.460684e+00
6861.2500 6.711493e+00
6862.5000 2.791699e+01
6863.7500 1.739864e+01
6865.0000 1.184218e+01
6866.2500 2.570176e+01
6867.5000 1.719341e+01
6868.7500 2.286601e-02
6870.0000 4.340396e+00
6871.2500 2.905520e+01
6872.5000 2.129090e+01
6873.7500 1.053700e+01
6875.0000 9.989846e-01
6876.2500 1.530710e+01
6877.5000 2.789760e+01
6878.7500 2.771610e+01
6880.0000 2.726453e+01
6881.2500 3.589566e+01
6882.5000 1.517617e+01
6883.7500 2.394063e+01
6885.0000 2.470643e+01
6886.2500 2.077822e+01
6887.5000 1.324148e+01
6888.7500 3.251361e+01
6890.0000 3.960421e+00
6891.2500 -2.020830e+00
6892.5000 1.527959e+01
6893.7500 2.826728e+01
6895.0000 3.643421e+01
6896.2500 2.061369e+01
6897.5000 3.171457e+01
6898.7500 1.379618e+01
6900.0000 3.419009e+01
6901.2500 9.231003e+00
6902.5000 2.329058e+01
6903.7500 2.216394e+01
6905.0000 6.672874e+00
6906.2500 2.374048e+01
6907.5000 1.582070e+01
6908.7500 2.878152e+01
6910.0000 2.618452e+01
6911.2500 -8.563091e+00
6912.5000 7.066198e+00
6913.7500 2.108561e+01
6915.0000 1.271603e+01
6916.2500 2.290111e+01
6917.5000 9.511354e+00
6918.7500 5.241580e+00
6920.0000 3.344887e+01
6921.2500 1.981219e+01
6922.5000 1.552397e+01
6923.7500 1.687022e+01
6925.0000 1.232261e+01
6926.2500 2.713446e+01
6927.5000 1.021311e+01
6928.7500 2.175079e+01
6930.0000 3.396841e+01
6931.2500 3.692987e+01
6932.5000 2.438074e+01
6933.7500 2.539765e+01
6935.0000 1.703439e+01
6936.2500 8.123025e+00
6937.5000 -1.029657e+01
6938.7500 -1.799849e-01
6940.0000 5.312325e+00
6941.2500 5.517017e-02
6942.5000 1.910162e+01
6943.7500 2.795860e+01
6945.0000 2.358463e+01
6946.2500 3.884914e+01
6947.5000 -1.712261e+01
6948.7500 2.479859e+01
6950.0000 3.621119e+01
6951.2500 2.941167e+01
6952.5000 2.072317e+01
6953.7500 1.799625e+01
6955.0000 2.542371e+01
6956.2500 1.803812e+01
6957.5000 2.510436e+01
6958.7500 1.454379e+01
6960.0000 2.357564e+01
6961.2500 3.913477e+01
6962.5000 3.139554e+01
6963.7500 2.480015e+01
6965.0000 2.844196e+01
6966.2500 1.767238e+01
6967.5000 2.747175e+01
6968.7500 6.952961e+00
6970.0000 3.600581e+01
6971.2500 1.574001e+01
6972.5000 2.559875e+01
6973.7500 1.426079e+01
6975.0000 3.241141e+01
6976.2500 -4.485426e-01
6977.5000 1.840490e+01
6978.7500 1.011369e+01
6980.0000 4.967007e+00
6981.2500 8.157803e+00
6982.5000 1.213661e+01
6983.7500 2.966040e+01
6985.0000 2.896862e+01
6986.2500 2.504905e+01
6987.5000 1.562572e+01
6988.7500 3.074054e+01
6990.0000 1.955748e+01
6991.2500 8.030531e+00
6992.5000 2.422482e+01
6993.7500 8.718777e+00
6995.0000 3.712157e+01
6996.2500 1.860361e+01
6997.5000 1.464665e+01
6998.7500 3.415592e+01
7000.0000 3.173586e+01
7001.2500 3.499086e+01
7002.5000 3.816619e+01
7003.7500 4.919533e+01
7005.0000 1.861466e+01
7006.2500 1.701293e+01
7007.5000 1.705497e+01
7008.7500 1.526625e+01
7010.0000 2.769888e+01
7011.2500 2.072220e-01
7012.5000 8.917191e+00
7013.7500 3.456953e+01
7015.0000 1.681228e+01
7016.2500 5.779650e+00
7017.5000 2.431003e+01
7018.7500 7.320686e+00
7020.0000 2.102211e+01
7021.2500 1.801239e+01
7022.5000 9.986494e+00
7023.7500 2.240755e+01
7025.0000 1.675012e+00
7026.2500 2.066403e+01
7027.5000 3.375252e+01
7028.7500 3.952044e+01
7030.0000 1.078237e+01
7031.2500 1.559698e+01
7032.5000 1.878965e+01
7033.7500 1.262092e+01
7035.0000 4.087636e+01
7036.2500 1.288487e+01
7037.5000 2.322545e+01
7038.7500 1.108054e+01
7040.0000 3.716298e+01
7041.2500 1.628074e+01
7042.5000 2.994221e+01
7043.7500 2.315397e+01
7045.0000 1.212077e+01
7046.2500 1.945554e+01
7047.5000 2.402230e+01
7048.7500 1.310904e+01
7050.0000 4.970742e+00
7051.2500 1.865870e+01
7052.5000 1.672496e+01
7053.7500 4.118588e+01
7055.0000 2.775734e+01
7056.2500 1.948705e+01
7057.5000 2.418801e+01
7058.7500 1.059659e+01
7060.0000 4.972472e+00
7061.2500 1.135853e+01
7062.5000 1.624971e+00
7063.7500 2.261440e+01
7065.0000 2.893819e+01
7066.2500 3.073371e+01
7067.5000 1.857813e+01
7068.7500 3.068439e+00
7070.0000 2.009058e+01
7071.2500 2.676650e+01
7072.5000 2.087686e+01
7073.7500 2.942939e+01
7075.0000 1.802217e+01
7076.2500 1.944657e+01
7077.5000 2.460201e+01
7078.7500 1.348753e+01
7080.0000 3.896495e+01
7081.2500 1.522460e+01
7082.5000 2.660972e+01
7083.7500 2.413106e+01
7085.0000 2.054286e+01
7086.2500 3.910112e+01
7087.5000 3.764232e+01
7088.7500 2.110879e+01
7090.0000 1.235037e+01
7091.2500 4.346507e+01
7092.5000 3.435824e+01
7093.7500 3.294432e+01
7095.0000 3.420729e+01
7096.2500 2.628522e+01
7097.5000 2.228663e+01
7098.7500 1.268681e+01
7100.0000 3.085637e+01
7101.2500 1.503770e+01
7102.5000 2.147241e+01
7103.7500 2.190161e+01
7105.0000 2.053940e+01
7106.2500 2.785248e+01
7107.5000 2.811817e+01
7108.7500 7.911938e+00
7110.0000 1.932856e+01
7111.2500 2.876189e+01
7112.5000 2.270807e+01
7113.7500 3.134388e+01
7115.0000 1.508729e+01
7116.2500 1.969797e+01
7117.5000 7.783964e+00
7118.7500 2.676202e+01
7120.0000 7.875992e+00
7121.2500 1.669760e+01
7122.5000 1.172316e+01
7123.7500 1.288047e+01
7125.0000 2.309693e+01
7126.2500 3.160131e+01
7127.5000 1.181736e+01
7128.7500 1.896742e+01
7130.0000 1.101131e+01
7131.2500 3.246561e+01
7132.5000 2.931119e+01
7133.7500 2.239287e+01
7135.0000 2.265475e+01
7136.2500 2.229352e+01
7137.5000 2.367359e+01
7138.7500 2.102357e+01
7140.0000 2.165482e+01
7141.2500 3.519254e+01
7142.5000 2.466073e+01
7143.7500 4.317659e+01
7145.0000 1.385157e+01
7146.2500 3.016634e+01
7147.5000 1.689049e+01
7148.7500 9.385134e+00
7150.0000 4.021191e+01
7151.2500 3.082222e+01
7152.5000 2.286743e+01
7153.7500 3.269709e+01
7155.0000 2.576847e+01
7156.2500 2.880665e+01
7157.5000 1.653806e+01
7158.7500 2.328475e+01
7160.0000 2.649868e+01
7161.2500 3.197330e+01
7162.5000 2.012247e+01
7163.7500 2.175659e+01
7165.0000 1.353388e+01
7166.2500 5.128635e+00
7167.5000 1.334960e+01
7168.7500 4.931670e+00
7170.0000 2.469871e+01
7171.2500 1.404389e+01
7172.5000 2.410214e+01
7173.7500 3.633133e+01
7175.0000 2.533614e+01
7176.2500 2.454299e+01
7177.5000 1.069169e+01
7178.7500 1.042881e+01
7180.0000 1.155504e+01
7181.2500 4.144282e+01
7182.5000 2.602174e+01
7183.7500 1.622465e+01
7185.0000 3.421855e+01
7186.2500 1.425709e+01
7187.5000 2.816669e+01
7188.7500 2.016202e+01
7190.0000 1.776779e+01
7191.2500 2.017211e+01
7192.5000 3.426558e+01
7193.7500 2.283405e+01
7195.0000 2.201825e+01
7196.2500 3.248263e+01
7197.5000 1.360689e+01
7198.7500 2.054175e+01
7200.0000 1.897923e+01
7201.2500 2.276468e+01
7202.5000 3.132922e+01
7203.7500 2.046328e+01
7205.0000 8.255203e+00
7206.2500 1.824605e+01
7207.5000 2.655217e+01
7208.7500 2.523418e+01
7210.0000 2.561228e+01
7211.2500 2.303741e+01
7212.5000 2.154958e+01
7213.7500 2.253997e+01
7215.0000 3.038005e+01
7216.2500 1.965650e+01
7217.5000 2.436119e+01
7218.7500 1.015298e+01
7220.0000 2.232948e+01
7221.2500 1.555462e+01
7222.5000 2.005074e+01
7223.7500 2.467116e+01
7225.0000 3.262362e+01
7226.2500 1.814611e+01
7227.5000 2.004887e+01
7228.7500 2.188448e+01
7230.0000 3.479342e+01
7231.2500 1.156230e+01
7232.5000 8.497063e+00
7233.7500 1.154795e+01
7235.0000 2.058269e+01
7236.2500 1.836750e+01
7237.5000 -1.077107e+00
7238.7500 -3.822174e+00
7240.0000 -3.020605e+00
7241.2500 4.564647e+01
7242.5000 3.328009e+00
7243.7500 3.573321e+01
7245.0000 1.832055e+01
7246.2500 -3.786026e+00
7247.5000 5.194548e+01
7248.7500 1.132882e+01
7250.0000 1.569840e+01
7251.2500 5.303254e-01
7252.5000 1.460896e+01
7253.7500 4.891364e+00
7255.0000 2.915349e+01
7256.2500 1.661747e+01
7257.5000 2.207479e+01
7258.7500 1.986615e+01
7260.0000 1.903528e+01
7261.2500 3.120443e+01
7262.5000 2.387345e+01
7263.7500 3.382792e+01
7265.0000 -1.717324e+00
7266.2500 1.537374e+01
7267.5000 8.660866e+00
7268.7500 2.337961e+01
7270.0000 1.275402e+01
7271.2500 1.777035e-01
7272.5000 1.161486e+01
7273.7500 4.521914e+00
7275.0000 -1.141960e+01
7276.2500 2.038336e+01
7277.5000 2.064158e+01
7278.7500 1.084829e+01
7280.0000 2.406202e+01
7281.2500 3.214968e+00
7282.5000 -6.263742e-01
7283.7500 1.133485e+01
7285.0000 1.422993e+01
7286.2500 -1.434269e+00
7287.5000 1.688799e+01
7288.7500 -1.301318e+00
7290.0000 2.034608e+01
7291.2500 4.219673e+01
7292.5000 3.688015e+01
7293.7500 1.565021e+01
7295.0000 3.991489e+00
7296.2500 1.651747e+00
7297.5000 1.011592e+01
7298.7500 2.626462e+01
7300.0000 2.260190e+01
7301.2500 2.437938e+01
7302.5000 1.800979e+01
7303.7500 2.037672e+01
7305.0000 1.136000e+01
7306.2500 1.982869e+01
7307.5000 2.205760e+01
7308.7500 1.181893e+01
7310.0000 1.841631e+01
7311.2500 1.275544e+01
7312.5000 3.791379e+01
7313.7500 4.539733e+01
7315.0000 1.984504e+01
7316.2500 -2.325208e+01
7317.5000 7.643982e+01
7318.7500 5.324632e+00
7320.0000 2.237139e+01
7321.2500 1.468642e+01
7322.5000 1.548897e+01
7323.7500 3.770892e+01
7325.0000 1.596363e+01
7326.2500 1.800755e+01
7327.5000 -4.663074e+00
7328.7500 1.324624e+01
7330.0000 3.732735e+01
7331.2500 -5.368886e+00
7332.5000 2.003153e+01
7333.7500 1.815072e+01
7335.0000 2.158799e+01
7336.2500 1.141261e+01
7337.5000 1.642936e+01
7338.7500 4.026035e+01
7340.0000 4.977830e+01
7341.2500 -2.748667e+01
7342.5000 1.725708e+01
7343.7500 2.655098e+01
7345.0000 1.295349e+01
7346.2500 1.327518e+01
7347.5000 2.510368e+01
7348.7500 2.578138e+01
7350.0000 1.293688e+01
7351.2500 1.634503e+01
7352.5000 1.307991e+01
7353.7500 2.337191e+01
7355.0000 1.731548e+01
7356.2500 2.805728e+01
7357.5000 -2.285263e+01
7358.7500 -3.868954e+01
7360.0000 2.755727e+01
7361.2500 2.121815e+01
7362.5000 2.374904e+00
7363.7500 3.222634e+01
7365.0000 2.980408e+01
7366.2500 2.004580e+01
7367.5000 -2.229549e+01
7368.7500 7.333012e+01
7370.0000 3.478745e+01
7371.2500 -1.549283e+01
7372.5000 2.326838e+01
7373.7500 1.773161e+01
7375.0000 2.133957e+01
7376.2500 1.829251e+00
7377.5000 1.375614e+01
7378.7500 2.087336e+01
7380.0000 2.209574e+01
7381.2500 1.014615e+01
7382.5000 1.965422e+01
7383.7500 2.713166e+01
7385.0000 6.476405e+00
7386.2500 2.166597e+01
7387.5000 1.530807e+01
7388.7500 1.324655e+01
7390.0000 1.694330e+01
7391.2500 -2.904042e+01
7392.5000 -3.631273e+01
7393.7500 3.864072e+01
7395.0000 2.766432e+01
7396.2500 1.680465e+01
7397.5000 9.854727e+00
7398.7500 3.521629e+01
7400.0000 -5.545964e+00
7401.2500 -1.844439e+01
7402.5000 -4.295221e-01
7403.7500 1.370110e+01
7405.0000 2.668330e+01
7406.2500 2.399955e+01
7407.5000 2.830721e+01
7408.7500 1.740597e+01
7410.0000 3.595532e+01
7411.2500 2.845693e+01
7412.5000 3.880685e+01
7413.7500 1.776352e+01
7415.0000 2.334507e+01
7416.2500 1.927235e+01
7417.5000 1.989651e+01
7418.7500 1.433668e+01
7420.0000 1.088327e+01
7421.2500 2.483162e+01
7422.5000 2.852965e+01
7423.7500 2.940657e+01
7425.0000 1.845186e+01
7426.2500 2.105119e+01
7427.5000 2.392737e+01
7428.7500 -3.264065e+00
7430.0000 3.689130e+01
7431.2500 2.015369e+01
7432.5000 2.786285e+01
7433.7500 9.907257e+00
7435.0000 1.843904e+01
7436.2500 2.234965e+01
7437.5000 -9.487043e+00
7438.7500 6.073073e+00
7440.0000 3.445861e+01
7441.2500 3.611106e+01
7442.5000 2.589225e+01
7443.7500 2.984865e+01
7445.0000 2.169360e+01
7446.2500 2.045296e+01
7447.5000 1.995204e+01
7448.7500 2.427105e+01
7450.0000 2.580823e+01
7451.2500 2.811847e+01
7452.5000 2.036126e+01
7453.7500 2.777893e+01
7455.0000 2.728601e+01
7456.2500 3.040840e+01
7457.5000 9.570682e+00
7458.7500 3.134830e+01
7460.0000 1.857418e+01
7461.2500 7.484911e+00
7462.5000 -7.439609e-01
7463.7500 6.589643e+00
7465.0000 1.905091e+01
7466.2500 5.020284e+01
7467.5000 1.789326e+00
7468.7500 1.537489e+01
7470.0000 3.213181e+01
7471.2500 8.148524e+01
7472.5000 1.258791e+02
7473.7500 9.402822e+01
7475.0000 3.411488e+01
7476.2500 7.329722e+01
7477.5000 1.683653e+02
7478.7500 1.813019e+02
7480.0000 6.311543e+01
7481.2500 1.421442e+01
7482.5000 6.861383e+00
7483.7500 2.186559e+01
7485.0000 2.358886e+01
7486.2500 2.297711e+01
7487.5000 2.560912e+01
7488.7500 2.646961e+01
7490.0000 3.183723e+01
7491.2500 1.153993e+01
7492.5000 3.619633e+01
7493.7500 3.659910e+01
7495.0000 2.473711e+01
7496.2500 2.996081e+01
7497.5000 3.350208e+01
7498.7500 1.428319e+01
7500.0000 1.157066e+01
7501.2500 1.908529e+01
7502.5000 2.389148e+01
7503.7500 2.807625e+01
7505.0000 2.007405e+01
7506.2500 2.716692e+01
7507.5000 1.846728e+01
7508.7500 3.669367e+01
7510.0000 2.519256e+01
7511.2500 9.300357e+00
7512.5000 1.896005e+01
7513.7500 1.712090e+01
7515.0000 2.064441e+01
7516.2500 3.778675e+00
7517.5000 1.506928e+01
7518.7500 1.224334e+01
7520.0000 1.766477e+01
7521.2500 2.196499e+01
7522.5000 5.325317e+01
7523.7500 1.660347e+01
7525.0000 -9.872550e+00
7526.2500 1.723680e+01
7527.5000 1.839015e+01
7528.7500 4.928851e+01
7530.0000 5.131124e+00
7531.2500 2.602967e+01
7532.5000 2.615768e+01
7533.7500 2.475836e+01
7535.0000 1.489567e+01
7536.2500 3.858617e+00
7537.5000 2.453010e+01
7538.7500 2.743697e+01
7540.0000 2.469367e+01
7541.2500 1.600704e+01
7542.5000 1.631399e+01
7543.7500 4.025203e+01
7545.0000 3.598562e+01
7546.2500 3.278745e+01
7547.5000 4.228287e+01
7548.7500 2.840348e+01
7550.0000 3.998582e+01
7551.2500 3.013964e+01
7552.5000 1.744580e+01
7553.7500 1.891106e+01
7555.0000 1.798927e+01
7556.2500 1.114669e+01
7557.5000 3.580420e+01
7558.7500 4.423249e+00
7560.0000 3.746598e+01
7561.2500 1.246123e+01
7562.5000 1.414818e+01
7563.7500 4.232396e+01
7565.0000 2.638506e+01
7566.2500 3.349549e+01
7567.5000 2.163873e+01
7568.7500 2.809030e+01
7570.0000 2.594073e+01
7571.2500 2.530642e+01
7572.5000 -1.346983e+01
7573.7500 3.109367e+01
7575.0000 2.342995e+01
7576.2500 2.805046e+01
7577.5000 3.251280e+01
7578.7500 5.729257e+00
7580.0000 3.144675e+01
7581.2500 3.991427e+01
7582.5000 2.891914e+01
7583.7500 1.738817e+01
7585.0000 4.273938e+01
7586.2500 7.231053e+01
7587.5000 1.999595e+01
7588.7500 3.027988e+01
7590.0000 2.513506e+01
7591.2500 4.656591e+01
7592.5000 1.687308e+01
7593.7500 3.518471e+01
7595.0000 -3.745444e+00
7596.2500 -2.991361e+01
7597.5000 -5.126925e+00
7598.7500 5.085183e+01
7600.0000 5.301025e+00
7601.2500 3.443643e+01
7602.5000 4.678131e+01
7603.7500 1.023506e+02
7605.0000 6.300061e+01
7606.2500 7.324011e+00
7607.5000 8.325587e+01
7608.7500 5.291605e+01
7610.0000 5.152568e+01
7611.2500 5.328318e+01
7612.5000 5.813827e+00
7613.7500 5.513760e+01
7615.0000 1.652868e+01
7616.2500 3.322295e+01
7617.5000 5.861390e+01
7618.7500 9.231809e+00
7620.0000 4.198090e+00
7621.2500 3.972536e+01
7622.5000 6.009824e+00
7623.7500 5.119905e+01
7625.0000 5.338372e+01
7626.2500 -2.061959e+01
7627.5000 1.013904e+02
7628.7500 6.952216e+01
7630.0000 -1.550600e+01
7631.2500 -2.424343e+00
7632.5000 9.717819e+00
7633.7500 3.374503e+01
7635.0000 3.494009e+01
7636.2500 2.985373e+01
7637.5000 3.394800e+01
7638.7500 6.209724e+01
7640.0000 3.024065e+01
7641.2500 3.355687e+01
7642.5000 3.334258e+01
7643.7500 4.059399e+01
7645.0000 2.856585e+01
7646.2500 1.365945e+01
7647.5000 2.095126e+01
7648.7500 1.675808e+01
7650.0000 3.626862e+01
7651.2500 1.187339e+01
7652.5000 4.246273e+01
7653.7500 3.601727e+01
7655.0000 1.741558e+01
7656.2500 2.883605e+01
7657.5000 8.484256e+00
7658.7500 4.488326e+01
7660.0000 3.364852e+01
7661.2500 7.262747e+01
7662.5000 4.164124e+01
7663.7500 3.208985e+01
7665.0000 2.007682e+01
7666.2500 3.193144e+01
7667.5000 2.674747e+01
7668.7500 1.914982e+01
7670.0000 3.310169e+01
7671.2500 2.262919e+01
7672.5000 1.821182e+01
7673.7500 2.862968e+01
7675.0000 2.194098e+01
7676.2500 2.389858e+01
7677.5000 1.885961e+01
7678.7500 2.963831e+01
7680.0000 3.106621e+01
7681.2500 3.355595e+01
7682.5000 1.427368e+01
7683.7500 2.098795e+01
7685.0000 1.792743e+01
7686.2500 2.330958e+01
7687.5000 7.502964e+00
7688.7500 2.591982e+01
7690.0000 1.435387e+01
7691.2500 3.572904e+01
7692.5000 1.983217e+01
7693.7500 6.305209e+00
7695.0000 1.600098e+01
7696.2500 3.172297e+01
7697.5000 1.263248e+01
7698.7500 3.798767e+01
7700.0000 3.100095e+01
7701.2500 2.895104e+01
7702.5000 3.437088e+01
7703.7500 3.533683e+01
7705.0000 2.058489e+01
7706.2500 4.788732e+00
7707.5000 1.999215e+01
7708.7500 1.741735e+01
7710.0000 3.970304e+01
7711.2500 6.443397e+00
7712.5000 2.895369e+01
7713.7500 1.641565e+01
7715.0000 4.533185e+01
7716.2500 5.043021e+01
7717.5000 4.651180e+01
7718.7500 1.473964e+01
7720.0000 4.598489e+01
7721.2500 1.543567e+01
7722.5000 6.877342e+00
7723.7500 -3.534730e+00
7725.0000 2.381284e+00
7726.2500 1.599581e+01
7727.5000 -2.444045e-01
7728.7500 6.873137e+00
7730.0000 2.771071e+01
7731.2500 3.297492e+01
7732.5000 2.207868e+01
7733.7500 1.475436e+01
7735.0000 1.840042e+01
7736.2500 3.832442e+01
7737.5000 3.179427e+01
7738.7500 4.027721e+01
7740.0000 3.358337e+01
7741.2500 2.604770e+01
7742.5000 3.888615e+01
7743.7500 2.378119e+01
7745.0000 1.834891e+01
7746.2500 1.955736e+01
7747.5000 6.603732e+01
7748.7500 9.336107e+01
7750.0000 7.837376e+01
7751.2500 8.272047e+01
7752.5000 2.662802e+01
7753.7500 2.865363e+01
7755.0000 2.612609e+01
7756.2500 1.438107e+01
7757.5000 2.753737e+01
7758.7500 4.254801e+01
7760.0000 9.326618e+01
7761.2500 2.685179e+01
7762.5000 2.740356e+01
7763.7500 3.464497e+01
7765.0000 3.266296e+01
7766.2500 1.970116e+01
7767.5000 1.920463e+01
7768.7500 3.236871e+01
7770.0000 4.017887e+01
7771.2500 4.519638e+01
7772.5000 2.412903e+01
7773.7500 1.063054e+01
7775.0000 3.695297e+01
7776.2500 1.917852e+01
7777.5000 2.553406e+01
7778.7500 3.334977e+01
7780.0000 8.064258e+00
7781.2500 2.414223e+01
7782.5000 2.859133e+01
7783.7500 6.441405e+00
7785.0000 1.060350e+01
7786.2500 1.960258e+01
7787.5000 2.681405e+01
7788.7500 2.021449e+01
7790.0000 2.916840e+01
7791.2500 5.306765e+01
7792.5000 -1.677392e+01
7793.7500 -2.351771e+01
7795.0000 -4.984453e+01
7796.2500 2.493052e+01
7797.5000 2.968932e+01
7798.7500 3.141650e+01
7800.0000 3.338937e+01
7801.2500 2.589280e+01
7802.5000 1.122802e+01
7803.7500 6.890389e+00
7805.0000 7.737702e+00
7806.2500 1.032543e-02
7807.5000 -1.930909e+01
7808.7500 -1.382195e+01
7810.0000 -1.004276e+01
7811.2500 2.194020e+01
7812.5000 2.144827e+01
7813.7500 2.010548e+01
7815.0000 3.017435e+01
7816.2500 2.994690e+01
7817.5000 4.297658e+01
7818.7500 6.029945e+01
7820.0000 6.170111e+01
7821.2500 -3.253296e+01
7822.5000 -1.320231e+01
7823.7500 3.679016e+01
7825.0000 3.702069e+01
7826.2500 2.020365e+01
7827.5000 2.049659e+01
7828.7500 2.604490e+01
7830.0000 1.876540e+01
7831.2500 4.111236e+01
7832.5000 5.050881e+01
7833.7500 2.540501e+01
7835.0000 2.147990e+01
7836.2500 2.143481e+01
7837.5000 3.278524e+01
7838.7500 4.848109e+01
7840.0000 -5.431887e+00
7841.2500 -1.759204e+01
7842.5000 1.651165e+01
7843.7500 2.741967e+01
7845.0000 2.621703e+01
7846.2500 5.177790e+01
7847.5000 1.677360e+01
7848.7500 1.909583e+01
7850.0000 4.460472e+01
7851.2500 -1.688205e+00
7852.5000 2.464052e+00
7853.7500 3.747819e+01
7855.0000 1.014087e+01
7856.2500 2.056029e+01
7857.5000 2.254291e+01
7858.7500 5.799430e+00
7860.0000 1.007537e+01
7861.2500 -2.626066e+00
7862.5000 1.194606e+01
7863.7500 2.572158e+01
7865.0000 3.815518e+01
7866.2500 5.811709e+01
7867.5000 3.342865e+01
7868.7500 -1.311633e+00
7870.0000 3.670750e+01
7871.2500 -9.901362e+00
7872.5000 -1.677679e+01
7873.7500 2.777152e+01
7875.0000 3.580653e+01
7876.2500 5.458198e+01
7877.5000 1.865142e+01
7878.7500 8.557457e+00
7880.0000 6.249675e+00
7881.2500 3.757713e+01
7882.5000 -9.924813e+00
7883.7500 1.945648e+01
7885.0000 1.278350e+01
7886.2500 2.755836e+01
7887.5000 3.668706e+01
7888.7500 7.498362e+00
7890.0000 3.366727e+01
7891.2500 2.241737e+01
7892.5000 2.865480e+01
7893.7500 2.276554e+01
7895.0000 2.507713e+01
7896.2500 2.755394e+01
7897.5000 3.481310e+01
7898.7500 3.709172e+01
7900.0000 4.247409e+01
7901.2500 4.148381e+01
7902.5000 2.934926e+01
7903.7500 3.631614e+01
7905.0000 2.528951e+01
7906.2500 3.254798e+01
7907.5000 2.760473e+01
7908.7500 2.998462e+01
7910.0000 1.532015e+01
7911.2500 4.644117e+01
7912.5000 -1.750478e+01
7913.7500 4.873483e+01
7915.0000 5.195081e+01
7916.2500 2.436190e+01
7917.5000 9.517260e+00
7918.7500 1.365353e+01
7920.0000 5.096681e+00
7921.2500 8.447998e+00
7922.5000 3.775190e+01
7923.7500 8.870165e+00
7925.0000 2.777706e+01
7926.2500 -1.558417e+00
7927.5000 3.111225e+01
7928.7500 5.866234e+01
7930.0000 3.815646e+01
7931.2500 9.691109e+00
7932.5000 1.350823e+01
7933.7500 4.285487e+01
7935.0000 2.322476e+01
7936.2500 2.285709e+01
7937.5000 2.574689e+01
7938.7500 1.678217e+01
7940.0000 4.541981e+01
7941.2500 3.369982e+01
7942.5000 2.564777e+01
7943.7500 1.162501e+01
7945.0000 2.181873e+01
7946.2500 1.915067e+01
7947.5000 5.393661e+01
7948.7500 5.153146e+01
7950.0000 -5.782036e+00
7951.2500 2.122484e+01
7952.5000 4.596851e+01
7953.7500 1.822976e+01
7955.0000 3.912502e+01
7956.2500 2.716247e+01
7957.5000 3.750360e+01
7958.7500 1.424537e+01
7960.0000 1.148046e+01
7961.2500 5.394300e+01
7962.5000 5.585423e+00
7963.7500 8.417237e+00
7965.0000 3.930240e+01
7966.2500 -1.264398e+01
7967.5000 2.744435e+01
7968.7500 3.073143e+01
7970.0000 1.801446e+01
7971.2500 1.922724e+01
7972.5000 2.666912e+01
7973.7500 6.016163e+00
7975.0000 2.705824e+01
7976.2500 2.637840e+01
7977.5000 2.574705e+01
7978.7500 1.433554e+01
7980.0000 -4.941154e+00
7981.2500 -3.267931e+00
7982.5000 1.354406e+01
7983.7500 2.229273e+01
7985.0000 3.375703e+01
7986.2500 9.020668e+00
7987.5000 1.569435e+01
7988.7500 1.711654e+01
7990.0000 5.261525e+01
7991.2500 -6.819460e+00
7992.5000 1.574338e+01
7993.7500 7.050387e+01
7995.0000 -4.117831e+00
7996.2500 4.169342e+01
7997.5000 3.033887e+01
7998.7500 9.090910e+00
8000.0000 2.201467e+01
8001.2500 1.214282e+01
8002.5000 3.472838e+01
8003.7500 3.204857e+01
8005.0000 3.314116e+01
8006.2500 3.346011e+01
8007.5000 3.098451e+01
8008.7500 3.799977e+01
8010.0000 2.242459e+01
8011.2500 4.294003e+01
8012.5000 4.467403e+00
8013.7500 -4.423284e+01
8015.0000 1.628316e+01
8016.2500 3.721909e+01
8017.5000 2.469155e+01
8018.7500 2.429154e+01
8020.0000 5.213379e+01
8021.2500 3.255980e+01
8022.5000 3.444286e+01
8023.7500 6.143124e+01
8025.0000 7.503343e+01
8026.2500 3.465688e+01
8027.5000 7.747661e+00
8028.7500 2.738361e+01
8030.0000 9.597225e+00
8031.2500 2.764532e+01
8032.5000 2.512041e+01
8033.7500 3.978476e+01
8035.0000 2.891492e+01
8036.2500 3.771710e+01
8037.5000 4.432305e+01
8038.7500 3.980075e+01
8040.0000 2.554694e+01
8041.2500 2.409943e+01
8042.5000 2.824401e+01
8043.7500 3.969821e+01
8045.0000 3.199080e+01
8046.2500 2.202671e+01
8047.5000 3.341507e+01
8048.7500 3.238740e+01
8050.0000 3.935274e+01
8051.2500 4.905487e+01
8052.5000 2.546724e+01
8053.7500 4.529880e+01
8055.0000 2.053081e+01
8056.2500 1.568855e+01
8057.5000 4.014769e+01
8058.7500 3.103834e+01
8060.0000 5.206482e+01
8061.2500 3.860237e+01
8062.5000 5.162209e+00
8063.7500 3.466885e+01
8065.0000 5.650822e+01
8066.2500 3.694136e+01
8067.5000 3.465382e+01
8068.7500 2.858864e+01
8070.0000 2.146588e+01
8071.2500 2.494105e+01
8072.5000 1.865654e+01
8073.7500 3.503796e+01
8075.0000 3.146751e+01
8076.2500 2.503162e+01
8077.5000 3.055957e+01
8078.7500 3.252664e+01
8080.0000 3.846004e+01
8081.2500 3.374289e+01
8082.5000 3.236220e+01
8083.7500 4.164926e+01
8085.0000 2.976972e+01
8086.2500 3.416950e+01
8087.5000 3.648632e+01
8088.7500 3.324828e+01
8090.0000 4.240815e+01
8091.2500 4.092357e+01
8092.5000 1.970469e+01
8093.7500 2.605797e+01
8095.0000 1.668645e+01
8096.2500 3.237800e+01
8097.5000 3.816071e+01
8098.7500 1.994907e+01
8100.0000 2.081185e+01
8101.2500 2.899524e+01
8102.5000 4.093941e+01
8103.7500 3.057066e+01
8105.0000 4.898148e+01
8106.2500 3.520102e+01
8107.5000 4.064193e+01
8108.7500 3.090468e+01
8110.0000 2.217590e+01
8111.2500 3.693605e+01
8112.5000 4.451463e+01
8113.7500 2.883134e+01
8115.0000 3.824514e+01
8116.2500 3.679694e+01
8117.5000 2.835621e+01
8118.7500 2.141987e+01
8120.0000 3.763308e+01
8121.2500 4.151358e+01
8122.5000 3.349900e+01
8123.7500 3.362238e+01
8125.0000 4.432362e+01
8126.2500 2.646082e+01
8127.5000 2.191316e+01
8128.7500 4.744563e+01
8130.0000 2.664134e+01
8131.2500 5.672283e+01
8132.5000 3.001190e+01
8133.7500 4.244365e+01
8135.0000 3.224085e+01
8136.2500 3.824168e+01
8137.5000 2.971864e+01
8138.7500 3.750526e+01
8140.0000 6.709576e+01
8141.2500 3.041803e+01
8142.5000 4.450728e+01
8143.7500 3.644943e+01
8145.0000 -6.062252e+00
8146.2500 1.914991e+01
8147.5000 2.472045e+01
8148.7500 3.117088e+01
8150.0000 4.681777e+01
8151.2500 3.787169e+01
8152.5000 3.666297e+01
8153.7500 3.374281e+01
8155.0000 4.340331e+01
8156.2500 3.382023e+01
8157.5000 3.594759e+01
8158.7500 3.111796e+01
8160.0000 2.515767e+01
8161.2500 2.608021e+01
8162.5000 3.575284e+01
8163.7500 4.226366e+01
8165.0000 3.936111e+01
8166.2500 3.763328e+01
8167.5000 2.797941e+01
8168.7500 3.350135e+01
8170.0000 2.418081e+01
8171.2500 4.110953e+01
8172.5000 2.633972e+01
8173.7500 1.833886e+01
8175.0000 2.491183e+01
8176.2500 2.443605e+01
8177.5000 1.231578e+01
8178.7500 2.949821e+01
8180.0000 2.665657e+01
8181.2500 3.105748e+01
8182.5000 2.752431e+01
8183.7500 2.420028e+01
8185.0000 4.140990e+01
8186.2500 4.101465e+01
8187.5000 3.082563e+01
8188.7500 1.972446e+01
8190.0000 3.433123e+01
8191.2500 2.224502e+01
8192.5000 3.999212e+01
8193.7500 4.437709e+01
8195.0000 2.232926e+01
8196.2500 4.362698e+01
8197.5000 3.276277e+01
8198.7500 3.219877e+01
8200.0000 3.324235e+01
8201.2500 2.588662e+01
8202.5000 3.066548e+01
8203.7500 3.705010e+01
8205.0000 1.536578e+01
8206.2500 4.023491e+01
8207.5000 1.630654e+01
8208.7500 2.165696e+01
8210.0000 1.232605e+01
8211.2500 2.376427e+01
8212.5000 3.429739e+01
8213.7500 2.136661e+01
8215.0000 2.620213e+01
8216.2500 2.199803e+01
8217.5000 3.489888e+01
8218.7500 3.574134e+01
8220.0000 2.196834e+01
8221.2500 2.069328e+01
8222.5000 2.906237e+01
8223.7500 4.056844e+01
8225.0000 5.804236e+01
8226.2500 6.164639e+01
8227.5000 4.826507e+01
8228.7500 3.119378e+01
8230.0000 2.112505e+01
8231.2500 3.665943e+01
8232.5000 3.374263e+01
8233.7500 2.585409e+01
8235.0000 2.824517e+01
8236.2500 1.982231e+01
8237.5000 3.983711e+01
8238.7500 3.020034e+01
8240.0000 4.698331e+01
8241.2500 4.338714e+01
8242.5000 2.078703e+01
8243.7500 2.448541e+01
8245.0000 3.640187e+01
8246.2500 2.596168e+01
8247.5000 1.627292e+01
8248.7500 2.813365e+01
8250.0000 2.767492e+01
8251.2500 4.846528e+01
8252.5000 3.296653e+01
8253.7500 3.431213e+01
8255.0000 2.409829e+01
8256.2500 3.497143e+01
8257.5000 2.685179e+01
8258.7500 2.913168e+01
8260.0000 3.308953e+01
8261.2500 3.286602e+01
8262.5000 2.784050e+01
8263.7500 2.449107e+01
8265.0000 2.726186e+01
8266.2500 2.405460e+01
8267.5000 2.221650e+01
8268.7500 3.560403e+01
8270.0000 4.915523e+01
8271.2500 3.901948e+01
8272.5000 4.342410e+01
8273.7500 4.204582e+01
8275.0000 1.958510e+01
8276.2500 2.895208e+01
8277.5000 2.191536e+01
8278.7500 1.286089e+01
8280.0000 9.087188e-01
8281.2500 3.323834e+01
8282.5000 6.451878e+01
8283.7500 3.554440e+01
8285.0000 3.789912e+01
8286.2500 1.052485e-01
8287.5000 4.433024e+01
8288.7500 1.620393e+01
8290.0000 4.688060e+01
8291.2500 8.152586e+00
8292.5000 2.386921e+01
8293.7500 1.416877e+01
8295.0000 5.286436e+01
8296.2500 5.044283e+01
8297.5000 3.709819e+01
8298.7500 2.168949e+01
8300.0000 4.895776e+01
8301.2500 4.667773e+01
8302.5000 2.010960e+01
8303.7500 1.807706e+01
8305.0000 2.804878e+01
8306.2500 4.284177e+01
8307.5000 3.349778e+01
8308.7500 8.781715e+00
8310.0000 1.812550e+01
8311.2500 5.722778e+01
8312.5000 4.592896e+01
8313.7500 3.654936e+01
8315.0000 3.992363e+01
8316.2500 2.902812e+01
8317.5000 1.701321e+01
8318.7500 2.415189e+01
8320.0000 4.475174e+01
8321.2500 2.849142e+01
8322.5000 3.690580e+01
8323.7500 3.036915e+01
8325.0000 3.253473e+01
8326.2500 2.157428e+01
8327.5000 3.940264e+01
8328.7500 3.438542e+01
8330.0000 3.017017e+01
8331.2500 3.707552e+01
8332.5000 4.955399e+01
8333.7500 2.421876e+01
8335.0000 4.533064e+01
8336.2500 2.871187e+01
8337.5000 4.268917e+01
8338.7500 8.914434e+00
8340.0000 9.732025e+00
8341.2500 6.138208e+01
8342.5000 1.037257e+01
8343.7500 3.800373e+01
8345.0000 2.600090e+01
8346.2500 3.467738e+01
8347.5000 4.209631e+01
8348.7500 2.405884e+01
8350.0000 1.062736e+01
8351.2500 -9.777916e+00
8352.5000 1.994284e+01
8353.7500 8.469170e+01
8355.0000 1.816641e+01
8356.2500 2.587418e+01
8357.5000 2.918692e+01
8358.7500 2.858471e+01
8360.0000 4.943351e+01
8361.2500 2.832720e+01
8362.5000 3.904188e+01
8363.7500 2.719514e+01
8365.0000 4.183369e+01
8366.2500 5.373045e+01
8367.5000 1.761767e+01
8368.7500 5.027492e+01
8370.0000 3.145112e+01
8371.2500 3.693444e+01
8372.5000 5.087112e+01
8373.7500 1.852823e+01
8375.0000 3.229976e+01
8376.2500 2.634444e+01
8377.5000 3.422537e+01
8378.7500 2.019188e+01
8380.0000 -1.112978e+01
8381.2500 5.109932e+01
8382.5000 4.804768e+01
8383.7500 -2.218996e+01
8385.0000 3.515690e+01
8386.2500 4.853013e+01
8387.5000 2.274460e+01
8388.7500 3.410499e+01
8390.0000 2.530069e+01
8391.2500 1.409163e+01
8392.5000 2.201377e+01
8393.7500 1.451724e+01
8395.0000 3.539611e+01
8396.2500 2.686190e+01
8397.5000 3.137231e+01
8398.7500 3.394936e+01
8400.0000 2.415084e+01
8401.2500 5.370532e+01
8402.5000 2.965862e+01
8403.7500 1.534665e+01
8405.0000 2.191779e+01
8406.2500 3.405696e+01
8407.5000 4.461969e+01
8408.7500 3.221961e+01
8410.0000 3.762510e+01
8411.2500 3.299279e+01
8412.5000 4.106448e+01
8413.7500 4.797892e+01
8415.0000 2.982411e+01
8416.2500 5.290219e+01
8417.5000 5.200155e+01
8418.7500 1.332643e+01
8420.0000 3.532148e+01
8421.2500 4.903220e+01
8422.5000 3.220890e+01
8423.7500 3.816346e+01
8425.0000 3.352416e+01
8426.2500 1.607753e+01
8427.5000 7.975621e+01
8428.7500 4.315421e+01
8430.0000 3.290294e+01
8431.2500 2.454929e+01
8432.5000 -2.840569e+00
8433.7500 4.120905e+01
8435.0000 3.874303e+01
8436.2500 3.924287e+01
8437.5000 3.862021e+01
8438.7500 2.590832e+01
8440.0000 2.980404e+01
8441.2500 4.467809e+01
8442.5000 3.767645e+01
8443.7500 3.363704e+01
8445.0000 1.464535e+01
8446.2500 4.671764e+01
8447.5000 4.826915e+01
8448.7500 4.713874e+01
8450.0000 9.112025e+01
8451.2500 1.746680e+01
8452.5000 6.657135e+01
8453.7500 4.180634e+01
8455.0000 5.282217e+01
8456.2500 4.116495e+01
8457.5000 2.881598e+01
8458.7500 1.819907e+01
8460.0000 1.777483e+01
8461.2500 1.697474e+01
8462.5000 7.482022e+01
8463.7500 5.004815e+01
8465.0000 3.218593e+01
8466.2500 2.224576e+01
8467.5000 7.110685e+00
8468.7500 3.442666e+01
8470.0000 3.918061e+01
8471.2500 3.435543e+01
8472.5000 3.808578e+01
8473.7500 3.845363e+01
8475.0000 3.292610e+01
8476.2500 2.605653e+01
8477.5000 2.388362e+01
8478.7500 3.095279e+01
8480.0000 4.641273e+01
8481.2500 3.027746e+01
8482.5000 1.564238e+01
8483.7500 4.381553e+01
8485.0000 2.340043e+01
8486.2500 3.381166e+01
8487.5000 2.179678e+01
8488.7500 3.052305e+01
8490.0000 3.425170e+01
8491.2500 2.538102e+01
8492.5000 1.156846e+01
8493.7500 1.506191e+01
8495.0000 2.789862e+01
8496.2500 2.126353e+01
8497.5000 1.881866e+01
8498.7500 2.566590e+01
8500.0000 3.689264e+01
8501.2500 2.390112e+01
8502.5000 2.342864e+01
8503.7500 5.472398e+01
8505.0000 2.203528e+01
8506.2500 1.436983e+01
8507.5000 3.817507e+01
8508.7500 4.462603e+01
8510.0000 4.444489e+01
8511.2500 5.502091e+01
8512.5000 5.149927e+01
8513.7500 3.094201e+01
8515.0000 1.647582e+01
8516.2500 1.362504e+01
8517.5000 4.140711e+01
8518.7500 4.447387e+01
8520.0000 2.428092e+01
8521.2500 2.414300e+01
8522.5000 4.266216e+01
8523.7500 3.606049e+01
8525.0000 3.707783e+01
8526.2500 2.843247e+01
8527.5000 4.377500e+01
8528.7500 4.524568e+01
8530.0000 2.692303e+01
8531.2500 2.901852e+01
8532.5000 2.940760e+01
8533.7500 3.320278e+01
8535.0000 3.961502e+01
8536.2500 4.915332e+01
8537.5000 2.509539e+00
8538.7500 3.087365e+00
8540.0000 1.886371e+01
8541.2500 1.981316e+01
8542.5000 2.735541e+01
8543.7500 3.388235e+01
8545.0000 2.890892e+01
8546.2500 4.459381e+01
8547.5000 -7.599680e+00
8548.7500 5.414471e+01
8550.0000 1.390450e+01
8551.2500 3.660881e+01
8552.5000 4.119343e+01
8553.7500 4.165020e+01
8555.0000 3.211170e+01
8556.2500 2.193447e+01
8557.5000 1.848498e+01
8558.7500 2.918697e+01
8560.0000 2.866712e+01
8561.2500 3.870396e+01
8562.5000 2.649926e+01
8563.7500 3.534606e+01
8565.0000 2.472792e+01
8566.2500 2.464659e+01
8567.5000 3.289634e+01
8568.7500 3.268953e+01
8570.0000 3.088425e+01
8571.2500 3.087906e+01
8572.5000 3.099292e+01
8573.7500 3.599022e+01
8575.0000 3.782985e+01
8576.2500 2.648524e+01
8577.5000 2.510347e+01
8578.7500 1.941531e+01
8580.0000 1.754323e+01
8581.2500 3.471938e+01
8582.5000 2.298145e+01
8583.7500 2.426349e+01
8585.0000 3.250113e+01
8586.2500 3.129348e+01
8587.5000 3.384023e+01
8588.7500 2.255760e+01
8590.0000 3.022032e+01
8591.2500 4.074560e+01
8592.5000 2.992248e+01
8593.7500 3.076710e+01
8595.0000 2.735938e+01
8596.2500 2.877901e+01
8597.5000 5.714828e+01
8598.7500 4.101667e+01
8600.0000 3.641024e+01
8601.2500 3.502601e+01
8602.5000 1.487936e+01
8603.7500 1.999656e+01
8605.0000 4.477041e+01
8606.2500 4.201662e+01
8607.5000 2.450469e+01
8608.7500 2.022311e+01
8610.0000 3.364845e+01
8611.2500 2.711729e+01
8612.5000 3.276186e+01
8613.7500 3.784369e+01
8615.0000 2.428915e+01
8616.2500 2.711157e+01
8617.5000 4.074902e+01
8618.7500 1.560205e+01
8620.0000 1.400371e+01
8621.2500 2.743164e+01
8622.5000 2.913861e+01
8623.7500 3.621581e+01
8625.0000 -3.662748e-01
8626.2500 1.611686e+01
8627.5000 1.702891e+01
8628.7500 1.732544e+01
8630.0000 -8.343662e+00
8631.2500 4.728851e+01
8632.5000 5.756039e+01
8633.7500 -2.027235e+01
8635.0000 1.596058e+01
8636.2500 3.056265e+00
8637.5000 7.138068e+00
8638.7500 3.185795e+01
8640.0000 1.752090e+01
8641.2500 -7.689084e+00
8642.5000 7.986896e+00
8643.7500 5.562936e+01
8645.0000 2.520615e+01
8646.2500 2.827893e+01
8647.5000 1.044579e+01
8648.7500 1.599478e+01
8650.0000 2.377780e+01
8651.2500 4.054311e+01
8652.5000 1.682278e+01
8653.7500 2.133507e+01
8655.0000 2.566567e+01
8656.2500 1.551097e+01
8657.5000 1.367815e+01
8658.7500 3.592687e+01
8660.0000 2.000795e+01
8661.2500 2.008701e+01
8662.5000 5.182673e+01
8663.7500 1.516521e+01
8665.0000 -5.227785e+00
8666.2500 1.841297e+01
8667.5000 9.850072e+00
8668.7500 7.048930e+00
8670.0000 1.134104e+01
8671.2500 4.113827e+01
8672.5000 -1.269633e+00
8673.7500 2.379104e+01
8675.0000 -1.719267e+01
8676.2500 -1.600174e+01
8677.5000 1.903087e+01
8678.7500 4.024613e+01
8680.0000 1.269380e+01
8681.2500 2.242067e+01
8682.5000 3.536006e+01
8683.7500 3.183002e+01
8685.0000 3.176208e+01
8686.2500 1.784735e+01
8687.5000 1.148720e+01
8688.7500 4.003776e+01
8690.0000 1.468414e+01
8691.2500 -9.081501e+00
8692.5000 3.585435e+01
8693.7500 1.246841e+01
8695.0000 -6.463646e+00
8696.2500 1.603221e+01
8697.5000 1.368976e+01
8698.7500 1.622246e+01
8700.0000 5.004598e+01
8701.2500 3.384857e+01
8702.5000 3.653530e+01
8703.7500 4.127092e+01
8705.0000 5.376963e+01
8706.2500 3.396929e+01
8707.5000 4.408356e+01
8708.7500 1.673061e+01
8710.0000 2.163632e+01
8711.2500 2.269695e+01
8712.5000 1.662254e+01
8713.7500 4.887675e+01
8715.0000 3.979208e+01
8716.2500 3.643439e+01
8717.5000 2.211457e+01
8718.7500 -1.045563e+01
8720.0000 2.346613e+01
8721.2500 2.793650e+01
8722.5000 3.038173e+01
8723.7500 5.377036e+01
8725.0000 3.116246e+01
8726.2500 6.229929e+01
8727.5000 3.823505e+01
8728.7500 2.195927e+01
8730.0000 2.358771e+01
8731.2500 4.179219e+01
8732.5000 4.260152e+01
8733.7500 1.277575e+01
8735.0000 4.221445e+01
8736.2500 2.863185e+01
8737.5000 4.031890e+01
8738.7500 2.791409e+01
8740.0000 2.964070e+01
8741.2500 4.938885e+01
8742.5000 2.863389e+01
8743.7500 4.488422e+01
8745.0000 3.194584e+01
8746.2500 3.264221e+01
8747.5000 3.770403e+00
8748.7500 5.536131e+00
8750.0000 1.634236e+01
8751.2500 2.476586e+01
8752.5000 1.878751e+01
8753.7500 1.370541e+01
8755.0000 7.906305e+00
8756.2500 2.622352e+01
8757.5000 6.211411e+01
8758.7500 2.126986e+01
8760.0000 -1.283641e+01
8761.2500 -1.740418e+01
8762.5000 -1.486156e+00
8763.7500 3.971785e+01
8765.0000 1.486199e+01
8766.2500 6.449374e+01
8767.5000 7.852563e+01
8768.7500 2.172219e+01
8770.0000 -6.708745e+01
8771.2500 -8.308041e-02
8772.5000 2.394069e+01
8773.7500 3.950159e+01
8775.0000 4.704425e+01
8776.2500 -5.571660e+01
8777.5000 8.594542e+01
8778.7500 -1.290280e+02
8780.0000 -4.153044e+00
8781.2500 4.026950e+01
8782.5000 8.078929e+00
8783.7500 2.759464e+01
8785.0000 9.356763e+00
8786.2500 4.655175e+00
8787.5000 4.639812e+00
8788.7500 3.579103e+01
8790.0000 -2.620158e+01
8791.2500 -4.071297e+01
8792.5000 -3.553484e+00
8793.7500 1.537539e+01
8795.0000 3.786735e+01
8796.2500 4.624031e+01
8797.5000 2.206458e+01
8798.7500 2.070805e+01
8800.0000 2.867672e+01
8801.2500 1.836822e+01
8802.5000 1.841232e+01
8803.7500 6.493147e+00
8805.0000 2.074549e+01
8806.2500 1.323885e+01
8807.5000 1.225052e+01
8808.7500 3.437746e+01
8810.0000 1.856726e+01
8811.2500 1.539258e+01
8812.5000 2.291866e+01
8813.7500 2.904719e+01
8815.0000 2.492244e+01
8816.2500 3.652239e+01
8817.5000 2.513775e+01
8818.7500 2.788844e+01
8820.0000 7.506536e+00
8821.2500 1.306466e+01
8822.5000 1.062469e+01
8823.7500 1.387687e+01
8825.0000 1.425065e+02
8826.2500 2.269037e+01
8827.5000 1.982381e+01
8828.7500 -4.706335e-02
8830.0000 4.777900e-01
8831.2500 -2.037641e+00
8832.5000 -1.231210e+01
8833.7500 5.958100e+01
8835.0000 6.027530e+01
8836.2500 -1.153534e+02
8837.5000 2.925086e+00
8838.7500 3.591229e+01
8840.0000 2.177495e+01
8841.2500 3.212401e+01
8842.5000 7.474635e+00
8843.7500 2.338870e+01
8845.0000 2.188930e+01
8846.2500 2.665074e+01
8847.5000 2.151148e+00
8848.7500 -7.153362e+00
8850.0000 -2.850517e+01
8851.2500 2.575528e+01
8852.5000 2.883201e+01
8853.7500 3.639170e+01
8855.0000 2.733955e+01
8856.2500 3.419373e+01
8857.5000 1.785291e+01
8858.7500 3.062958e+01
8860.0000 3.697700e+01
8861.2500 6.465775e+00
8862.5000 -1.294481e+01
8863.7500 1.169104e+01
8865.0000 5.446180e+01
8866.2500 -7.743627e+00
8867.5000 3.579238e+00
8868.7500 1.734777e+01
8870.0000 -1.246081e+01
8871.2500 3.167545e+01
8872.5000 2.505767e+01
8873.7500 2.841900e+01
8875.0000 1.627104e+01
8876.2500 3.218425e+01
8877.5000 5.430883e+00
8878.7500 7.484733e+00
8880.0000 4.078310e-01
8881.2500 -1.450769e+01
8882.5000 6.812151e+00
8883.7500 4.247618e+01
8885.0000 4.844841e+01
8886.2500 4.171182e+01
8887.5000 7.245750e+01
8888.7500 -3.115318e+00
8890.0000 5.255396e+00
8891.2500 1.506100e+01
8892.5000 3.964547e+01
8893.7500 2.533906e+01
8895.0000 1.541800e+01
8896.2500 3.587553e-01
8897.5000 -5.726787e+00
8898.7500 3.729683e+01
8900.0000 3.754122e+01
8901.2500 1.523530e+01
8902.5000 -1.150358e+01
8903.7500 -2.911016e+01
8905.0000 -1.538169e+01
8906.2500 3.743822e+01
8907.5000 2.966604e+01
8908.7500 1.013063e+01
8910.0000 3.440885e+00
8911.2500 2.369132e+01
8912.5000 3.385547e+01
8913.7500 2.496693e+01
8915.0000 -3.600381e+00
8916.2500 2.797809e+01
8917.5000 -1.495672e+02
8918.7500 4.216338e+01
8920.0000 -1.192452e+00
8921.2500 3.992085e+01
8922.5000 5.052652e+01
8923.7500 2.064946e+01
8925.0000 3.465793e+00
8926.2500 1.118289e+01
8927.5000 1.921432e+01
8928.7500 -3.717911e+00
8930.0000 7.536610e+00
8931.2500 1.454813e+01
8932.5000 2.438421e+01
8933.7500 2.180816e+01
8935.0000 1.204323e+01
8936.2500 1.860677e+01
8937.5000 3.015582e+01
8938.7500 3.136448e+01
8940.0000 2.416327e+01
8941.2500 3.050265e+01
8942.5000 7.380149e+01
8943.7500 -1.302282e+02
8945.0000 -5.462101e-01
8946.2500 5.859169e+00
8947.5000 1.523037e+01
8948.7500 1.000706e+01
8950.0000 3.022270e+01
8951.2500 1.113864e+01
8952.5000 2.159821e+01
8953.7500 8.866902e+00
8955.0000 6.470276e+00
8956.2500 -1.557891e+02
8957.5000 2.055878e+01
8958.7500 5.703563e+01
8960.0000 6.012413e+01
8961.2500 5.105632e+00
8962.5000 2.118261e+01
8963.7500 3.219300e+01
8965.0000 2.136318e+01
8966.2500 2.763089e+01
8967.5000 2.590755e+01
8968.7500 2.190646e+01
8970.0000 2.620518e+01
8971.2500 5.322646e+00
8972.5000 2.874118e+01
8973.7500 3.220079e+01
8975.0000 1.728262e+01
8976.2500 3.545888e+01
8977.5000 2.580012e+01
8978.7500 1.083073e+01
8980.0000 8.651165e+00
8981.2500 1.343953e+01
8982.5000 2.318307e+01
8983.7500 1.653454e+01
8985.0000 5.311766e+01
8986.2500 3.626700e+01
8987.5000 6.163682e+01
8988.7500 2.839608e+01
8990.0000 -2.776690e-01
8991.2500 9.079104e-01
8992.5000 1.882790e+01
8993.7500 1.690182e+01
8995.0000 2.915710e+01
8996.2500 2.147396e+01
8997.5000 1.465230e+01
8998.7500 7.928560e+00
9000.0000 -7.424956e+00
9001.2500 1.216036e+02
9002.5000 1.286558e+02
9003.7500 2.822245e+01
9005.0000 2.601309e+01
9006.2500 1.474554e+01
9007.5000 1.648995e+01
9008.7500 3.852136e+01
9010.0000 1.620272e+01
9011.2500 3.166286e+01
9012.5000 3.759643e+01
9013.7500 1.560878e+01
9015.0000 3.865381e+01
9016.2500 2.999313e+01
9017.5000 3.215200e+01
9018.7500 4.618721e+01
9020.0000 2.599979e+01
9021.2500 1.533782e+01
9022.5000 1.718034e+01
9023.7500 3.702230e+01
9025.0000 4.785099e+01
9026.2500 2.103465e+01
9027.5000 1.833632e+01
9028.7500 1.866572e+01
9030.0000 1.850116e+01
9031.2500 2.981819e+01
9032.5000 2.288471e+01
9033.7500 4.254633e+01
9035.0000 4.815548e+01
9036.2500 4.005694e+01
9037.5000 4.697436e+00
9038.7500 3.093612e+01
9040.0000 2.700410e+01
9041.2500 2.508695e+01
9042.5000 2.419134e+01
9043.7500 3.209711e+01
9045.0000 2.255428e+01
9046.2500 3.715913e+00
9047.5000 2.028004e+01
9048.7500 3.157854e+01
9050.0000 2.943562e+01
9051.2500 -6.217432e+00
9052.5000 3.931366e+01
9053.7500 1.445165e+01
9055.0000 3.406574e+01
9056.2500 -2.075756e+00
9057.5000 1.378759e+01
9058.7500 3.954203e+01
9060.0000 5.380064e+01
9061.2500 1.704421e+01
9062.5000 3.752643e+01
9063.7500 5.520975e+01
9065.0000 3.237054e+01
9066.2500 3.099581e+01
9067.5000 2.844696e+01
9068.7500 3.651473e+01
9070.0000 3.660036e+00
9071.2500 1.361119e+01
9072.5000 3.484406e+01
9073.7500 2.157450e+01
9075.0000 2.980167e+01
9076.2500 3.157747e+01
9077.5000 2.803668e+01
9078.7500 2.826630e+01
9080.0000 1.341220e+01
9081.2500 1.705790e+01
9082.5000 3.248661e+01
9083.7500 1.742779e+01
9085.0000 1.698841e+01
9086.2500 1.330054e+01
9087.5000 1.581513e+01
9088.7500 1.929222e+01
9090.0000 2.582281e+01
9091.2500 2.187657e+01
9092.5000 2.615667e+01
9093.7500 3.530516e+01
9095.0000 2.968814e+01
9096.2500 8.688137e+00
9097.5000 3.732029e+01
9098.7500 2.282540e+01
9100.0000 2.221023e+01
9101.2500 -3.282300e+01
9102.5000 7.198122e+01
9103.7500 2.440139e+01
9105.0000 9.352642e+00
9106.2500 1.179612e+01
9107.5000 2.310550e+01
9108.7500 1.901207e+01
9110.0000 4.558533e+01
9111.2500 3.865144e+01
9112.5000 2.971109e+01
9113.7500 1.962064e+01
9115.0000 2.682185e+01
9116.2500 2.307629e+01
9117.5000 2.750801e+01
9118.7500 2.768780e+01
9120.0000 2.265395e+01
9121.2500 1.084600e+01
9122.5000 7.801898e+00
9123.7500 3.385670e+00
9125.0000 2.244043e+01
9126.2500 3.544081e+01
9127.5000 3.636678e+01
9128.7500 1.097084e+01
9130.0000 -8.239283e-01
9131.2500 2.199364e+01
9132.5000 4.150737e+01
9133.7500 1.513276e+01
9135.0000 5.927696e+00
9136.2500 2.479863e+01
9137.5000 1.964770e+01
9138.7500 2.811415e+01
9140.0000 5.536200e+01
9141.2500 2.943976e+01
9142.5000 2.996722e+01
9143.7500 3.292771e+01
9145.0000 2.830665e+01
9146.2500 3.277456e+01
9147.5000 4.223244e+00
9148.7500 2.756020e+01
9150.0000 4.588803e+01
9151.2500 1.358435e+01
9152.5000 1.184390e+01
9153.7500 1.035051e+01
9155.0000 2.078587e+01
9156.2500 2.076958e+01
9157.5000 -2.676978e+01
9158.7500 -1.194915e+01
9160.0000 -1.424673e+01
9161.2500 2.189802e+01
9162.5000 3.092697e+01
9163.7500 3.665158e+01
9165.0000 2.858338e+01
9166.2500 2.935900e+01
9167.5000 4.213940e+01
9168.7500 2.260730e+01
9170.0000 4.731347e+01
9171.2500 3.046638e+01
9172.5000 2.884045e+01
9173.7500 1.730640e+01
9175.0000 2.787986e+01
9176.2500 4.378599e+01
9177.5000 2.241186e+01
9178.7500 1.715539e+01
9180.0000 1.072575e+01
9181.2500 2.567323e+01
9182.5000 4.758760e+01
9183.7500 1.856669e+01
9185.0000 2.092867e+01
9186.2500 2.785096e+01
9187.5000 3.379135e+01
9188.7500 3.740629e+01
9190.0000 2.318698e+01
9191.2500 3.249445e+01
9192.5000 2.676151e+01
9193.7500 3.943470e+01
9195.0000 2.155050e+01
9196.2500 2.877507e+01
9197.5000 2.635591e+01
9198.7500 -1.501834e-01
9200.0000 1.344736e+01
9201.2500 8.195121e+00
9202.5000 2.854496e+01
9203.7500 5.024013e+01
9205.0000 2.135421e+01
9206.2500 5.900171e+01
9207.5000 2.723999e+01
9208.7500 3.191113e+01
9210.0000 3.257233e+01
9211.2500 2.865380e+01
9212.5000 9.012856e+00
9213.7500 1.595034e+01
9215.0000 9.651908e+00
9216.2500 1.252685e+01
9217.5000 -1.441157e+01
9218.7500 4.340064e+01
9220.0000 2.544012e+01
9221.2500 3.808923e+01
9222.5000 1.605602e+01
9223.7500 5.420611e+01
9225.0000 1.795710e+01
9226.2500 1.077089e+01
9227.5000 9.126404e+00
9228.7500 1.423773e+01
9230.0000 2.467704e+01
9231.2500 7.454290e+00
9232.5000 4.126359e+01
9233.7500 4.804811e+01
9235.0000 4.799453e+01
9236.2500 2.764157e+01
9237.5000 2.871286e+01
9238.7500 2.526839e+01
9240.0000 2.447095e+01
9241.2500 3.369415e+01
9242.5000 1.313706e+01
9243.7500 1.485250e+01
9245.0000 3.365029e+01
9246.2500 3.395404e+01
9247.5000 1.970707e+01
9248.7500 3.080683e+01
9250.0000 1.598113e+01
9251.2500 2.364328e+01
9252.5000 1.337340e+01
9253.7500 1.426322e+01
9255.0000 2.912678e+01
9256.2500 2.387402e+01
9257.5000 6.761771e+01
9258.7500 3.624704e+01
9260.0000 4.193380e+01
9261.2500 4.645275e+01
9262.5000 4.342785e+01
9263.7500 1.309994e+01
9265.0000 3.441007e+01
9266.2500 1.082821e+01
9267.5000 1.505767e+01
9268.7500 2.223319e+01
9270.0000 9.787589e+00
9271.2500 2.141422e+01
9272.5000 2.246037e+01
9273.7500 3.767279e+01
9275.0000 2.043867e+01
9276.2500 3.948897e+01
9277.5000 1.685927e+01
9278.7500 2.104633e+01
9280.0000 2.425307e+01
9281.2500 2.685676e+01
9282.5000 2.509453e+01
9283.7500 1.925713e+01
9285.0000 3.647877e+00
9286.2500 3.433632e+01
9287.5000 1.419589e+01
9288.7500 -1.667055e+00
9290.0000 3.236399e+01
9291.2500 2.394295e+01
9292.5000 1.179240e+01
9293.7500 3.787383e+01
9295.0000 2.220556e+01
9296.2500 2.256952e+01
9297.5000 2.017620e+01
9298.7500 8.584984e+00
9300.0000 -9.355536e+00
9301.2500 -1.209059e+01
9302.5000 -1.247980e+01
9303.7500 -6.291507e+01
9305.0000 -2.380532e+01
9306.2500 2.123812e+01
9307.5000 3.158583e+00
9308.7500 -3.087996e+02
9310.0000 -1.896291e+02
9311.2500 -3.044655e+02
9312.5000 5.724129e+01
9313.7500 1.346289e+02
9315.0000 -2.823471e+02
9316.2500 -5.046570e+01
9317.5000 -9.944395e+00
9318.7500 -2.923579e+01
9320.0000 -1.101180e+02
9321.2500 -4.882163e+01
9322.5000 -3.026176e+02
9323.7500 -1.363984e+02
9325.0000 -1.955866e+02
9326.2500 -1.440887e+02
9327.5000 2.277025e+01
9328.7500 -2.579594e+01
9330.0000 -6.361932e+00
9331.2500 4.208265e+01
9332.5000 -1.390959e+01
9333.7500 -4.746664e+01
9335.0000 -5.236392e+01
9336.2500 -5.194402e+01
9337.5000 -7.639754e+01
9338.7500 -8.955014e+01
9340.0000 -7.302605e+01
9341.2500 1.800047e+01
9342.5000 6.523439e+00
9343.7500 -2.915089e+01
9345.0000 -1.756967e+01
9346.2500 -3.834570e+01
9347.5000 2.549883e+00
9348.7500 6.148164e+01
9350.0000 4.429632e+01
