# original catalogue: arc_list.txt
# original data-cube: ../muse_ne/MACSJ0416_NE_DATACUBE_FINAL_caminha_zap.fits
# source ID: 11.3
# number of extracted pixels: 25
# extracted position: 64.03423 -24.06601
# wavelenth[Angstrom], flux[10**(-20)*erg/s/cm**2/Angstrom]
4750.0000 2.689124e+01
4751.2500 -4.762071e+01
4752.5000 -1.732262e+01
4753.7500 4.367999e+00
4755.0000 2.899772e+01
4756.2500 7.431421e+00
4757.5000 8.956394e+00
4758.7500 4.415587e+01
4760.0000 2.673057e+01
4761.2500 -8.658710e+00
4762.5000 3.373649e+01
4763.7500 2.003911e+01
4765.0000 -5.623109e+00
4766.2500 7.862928e+00
4767.5000 2.610136e+01
4768.7500 -3.666835e-01
4770.0000 -8.811012e+00
4771.2500 -7.008405e+00
4772.5000 -8.902987e+00
4773.7500 -1.499652e+01
4775.0000 2.381551e+01
4776.2500 -1.250484e+01
4777.5000 -1.465988e+01
4778.7500 1.464970e+01
4780.0000 1.325565e+01
4781.2500 -8.226194e-01
4782.5000 5.393854e+00
4783.7500 4.641845e+01
4785.0000 3.731458e+01
4786.2500 1.375900e+01
4787.5000 -9.139836e+00
4788.7500 -8.419523e+00
4790.0000 1.338881e+01
4791.2500 -8.900904e+00
4792.5000 -1.569695e+01
4793.7500 6.224330e+00
4795.0000 -2.645032e+01
4796.2500 -8.370313e-01
4797.5000 3.849260e+01
4798.7500 -5.027614e+00
4800.0000 -1.517951e+01
4801.2500 1.211246e+01
4802.5000 -2.278524e+00
4803.7500 7.163708e+01
4805.0000 1.465297e+00
4806.2500 3.439434e+01
4807.5000 -1.246967e+01
4808.7500 -1.906789e+01
4810.0000 1.039822e+01
4811.2500 -1.132608e+01
4812.5000 4.422970e+00
4813.7500 5.721372e+00
4815.0000 5.253663e+00
4816.2500 -2.489453e+01
4817.5000 -9.255057e+00
4818.7500 -1.134520e+01
4820.0000 -1.984814e+01
4821.2500 1.179868e-02
4822.5000 1.183667e+01
4823.7500 -2.124232e+01
4825.0000 1.585869e+01
4826.2500 3.177560e+01
4827.5000 8.523981e+00
4828.7500 1.661037e+01
4830.0000 -1.808532e+01
4831.2500 2.474701e+01
4832.5000 -1.547250e-01
4833.7500 -1.916762e+00
4835.0000 -4.561128e+01
4836.2500 -7.036651e+00
4837.5000 -2.253271e+01
4838.7500 -1.931423e+01
4840.0000 1.214089e+01
4841.2500 -4.587485e+01
4842.5000 -3.968867e-01
4843.7500 1.512933e+00
4845.0000 -3.169416e+00
4846.2500 -2.899166e+01
4847.5000 4.374851e+01
4848.7500 1.663578e+01
4850.0000 3.900974e+01
4851.2500 -1.481631e+01
4852.5000 -6.363694e+00
4853.7500 2.536592e+01
4855.0000 -9.400318e+00
4856.2500 1.223503e+01
4857.5000 1.341950e+01
4858.7500 -3.911185e+01
4860.0000 1.214751e+00
4861.2500 1.908149e+00
4862.5000 2.480171e+01
4863.7500 4.216289e+01
4865.0000 -1.068102e+01
4866.2500 1.010426e+00
4867.5000 -1.895129e+00
4868.7500 -2.021764e+01
4870.0000 -6.145943e+00
4871.2500 -2.563736e+01
4872.5000 3.790142e+00
4873.7500 2.596285e+01
4875.0000 -2.329212e+01
4876.2500 -2.366672e+00
4877.5000 7.343994e+00
4878.7500 -5.178733e+00
4880.0000 -9.882801e+00
4881.2500 8.909982e-01
4882.5000 -1.204209e+01
4883.7500 3.339574e+01
4885.0000 6.393263e+00
4886.2500 -6.129900e+00
4887.5000 1.616475e+01
4888.7500 2.399643e+01
4890.0000 -1.183117e+01
4891.2500 1.289165e+01
4892.5000 -2.647859e+01
4893.7500 -1.083708e+01
4895.0000 -2.854019e+01
4896.2500 -1.188571e+01
4897.5000 1.422661e+01
4898.7500 3.867410e+00
4900.0000 1.530226e+00
4901.2500 1.656775e+01
4902.5000 1.100315e+01
4903.7500 -1.243065e+01
4905.0000 3.712514e+01
4906.2500 7.627398e+00
4907.5000 -2.816278e+00
4908.7500 3.307167e+01
4910.0000 1.025621e+00
4911.2500 -2.039935e+01
4912.5000 2.082158e+01
4913.7500 3.926339e+01
4915.0000 9.120588e+00
4916.2500 2.902308e+01
4917.5000 1.340147e+01
4918.7500 -1.106158e+01
4920.0000 2.487310e+01
4921.2500 -1.133061e+01
4922.5000 1.553922e+01
4923.7500 -7.758249e+00
4925.0000 2.105146e+01
4926.2500 -1.608733e+01
4927.5000 9.637374e+00
4928.7500 2.855255e-01
4930.0000 -1.923903e+01
4931.2500 -9.929949e+00
4932.5000 -3.354139e+01
4933.7500 -2.982260e+01
4935.0000 8.633621e+00
4936.2500 4.039288e+00
4937.5000 -6.490979e+00
4938.7500 1.993841e+01
4940.0000 -6.745872e-01
4941.2500 3.938115e+01
4942.5000 3.125025e+01
4943.7500 3.301399e-01
4945.0000 3.453722e+00
4946.2500 8.194157e+00
4947.5000 2.480825e+01
4948.7500 -1.855907e+01
4950.0000 9.819955e+00
4951.2500 -1.015467e+01
4952.5000 -6.360524e+00
4953.7500 -3.238732e+01
4955.0000 -4.403466e+00
4956.2500 1.221751e+01
4957.5000 -9.089396e+00
4958.7500 -3.497988e+00
4960.0000 2.660643e+00
4961.2500 -1.598188e+01
4962.5000 6.978415e+00
4963.7500 1.851446e+01
4965.0000 4.072214e+00
4966.2500 3.566433e+01
4967.5000 7.991648e+00
4968.7500 -7.462402e+00
4970.0000 -5.339032e+00
4971.2500 -2.060507e+01
4972.5000 -3.221253e+00
4973.7500 8.159595e+00
4975.0000 -8.793880e-01
4976.2500 9.092441e+00
4977.5000 4.613398e-01
4978.7500 2.053493e+00
4980.0000 4.236280e+01
4981.2500 2.760922e+01
4982.5000 -6.140144e-01
4983.7500 -1.155299e+01
4985.0000 1.559725e+01
4986.2500 3.791148e+01
4987.5000 1.671263e+01
4988.7500 1.973510e+01
4990.0000 8.751581e+00
4991.2500 7.586053e+00
4992.5000 4.120850e+01
4993.7500 1.626654e+01
4995.0000 1.169398e+01
4996.2500 1.595893e+01
4997.5000 1.751835e+01
4998.7500 -2.202979e+01
5000.0000 -1.246861e+01
5001.2500 7.985697e+00
5002.5000 -3.105551e-02
5003.7500 7.553090e+00
5005.0000 -1.487918e+00
5006.2500 2.334578e+01
5007.5000 1.298004e+01
5008.7500 4.722263e+01
5010.0000 -1.844649e+01
5011.2500 -1.140492e+01
5012.5000 -6.086767e+00
5013.7500 1.042366e+01
5015.0000 1.401377e+01
5016.2500 2.424214e+01
5017.5000 2.019652e+01
5018.7500 1.563203e+01
5020.0000 -9.441371e+00
5021.2500 -5.534372e+00
5022.5000 2.382123e+01
5023.7500 1.108260e+01
5025.0000 -1.188791e+00
5026.2500 2.128771e+01
5027.5000 -1.920291e+01
5028.7500 6.434431e+00
5030.0000 2.177848e+01
5031.2500 1.074692e+01
5032.5000 -1.143265e+01
5033.7500 6.400431e+00
5035.0000 -3.676975e+01
5036.2500 1.353276e+01
5037.5000 -1.922675e+00
5038.7500 1.360839e+01
5040.0000 1.765018e+01
5041.2500 -1.307035e+01
5042.5000 5.626577e+00
5043.7500 1.264363e+01
5045.0000 1.136624e+01
5046.2500 7.991987e+00
5047.5000 7.566617e+00
5048.7500 3.574366e+01
5050.0000 8.839514e+00
5051.2500 2.384146e+01
5052.5000 3.690891e+00
5053.7500 9.523860e+00
5055.0000 2.312565e+00
5056.2500 -1.859028e+01
5057.5000 -9.466183e-01
5058.7500 1.220028e+01
5060.0000 3.655290e+00
5061.2500 1.089922e+01
5062.5000 4.459581e-01
5063.7500 -1.378218e+00
5065.0000 8.894674e+00
5066.2500 1.819704e+01
5067.5000 1.705536e+01
5068.7500 1.279092e+01
5070.0000 3.337048e+01
5071.2500 1.196683e+01
5072.5000 5.673286e+00
5073.7500 2.018554e+01
5075.0000 4.312641e+01
5076.2500 2.777628e+01
5077.5000 -1.589848e+01
5078.7500 6.530591e+00
5080.0000 7.361430e+00
5081.2500 1.377333e+01
5082.5000 2.734762e+01
5083.7500 4.210962e+01
5085.0000 9.520254e+00
5086.2500 7.448909e+00
5087.5000 -9.858026e-01
5088.7500 2.631765e+00
5090.0000 1.803307e+01
5091.2500 -4.760903e+00
5092.5000 8.994492e+00
5093.7500 -3.385431e+00
5095.0000 1.451143e+00
5096.2500 1.858373e+01
5097.5000 -6.658423e+00
5098.7500 1.340589e+01
5100.0000 2.331531e+01
5101.2500 5.902704e-01
5102.5000 9.386042e+00
5103.7500 -1.441444e+01
5105.0000 9.477778e+00
5106.2500 8.092121e+00
5107.5000 -6.289402e+00
5108.7500 -5.522439e+00
5110.0000 -3.309507e+00
5111.2500 -5.757353e+00
5112.5000 5.215668e+00
5113.7500 1.845311e+01
5115.0000 7.315073e+00
5116.2500 1.795497e+01
5117.5000 -1.412008e+01
5118.7500 5.858999e-02
5120.0000 2.087426e+01
5121.2500 6.500947e+00
5122.5000 4.396123e+00
5123.7500 -1.039030e+01
5125.0000 -5.690005e+00
5126.2500 2.722010e+01
5127.5000 1.263179e+01
5128.7500 -2.437727e+00
5130.0000 1.302191e+01
5131.2500 -1.388046e+01
5132.5000 6.998429e+00
5133.7500 8.361263e-01
5135.0000 4.610391e+00
5136.2500 1.029197e+01
5137.5000 8.285521e+00
5138.7500 3.982769e+00
5140.0000 -1.144444e+01
5141.2500 3.836568e+00
5142.5000 -1.251368e+00
5143.7500 3.459914e+01
5145.0000 1.858579e+01
5146.2500 -2.174842e-01
5147.5000 1.853693e+01
5148.7500 -9.888554e+00
5150.0000 -2.771554e+01
5151.2500 -5.117977e+00
5152.5000 -1.798517e+01
5153.7500 -5.606782e-02
5155.0000 -5.564637e+00
5156.2500 5.192540e+00
5157.5000 1.010538e+01
5158.7500 5.373672e+00
5160.0000 3.317251e+01
5161.2500 2.527651e+01
5162.5000 1.563759e+01
5163.7500 -1.727444e+01
5165.0000 -5.208560e+00
5166.2500 1.883940e+01
5167.5000 5.254799e+00
5168.7500 6.314059e+00
5170.0000 -1.573422e+01
5171.2500 1.635967e+01
5172.5000 -9.432000e+00
5173.7500 2.808287e+01
5175.0000 3.694766e+00
5176.2500 -5.343911e+00
5177.5000 1.449320e+01
5178.7500 -2.307055e+01
5180.0000 -1.338984e+01
5181.2500 7.518945e+00
5182.5000 1.951549e+01
5183.7500 1.647401e+01
5185.0000 1.770529e+01
5186.2500 2.486116e-01
5187.5000 -8.945488e+00
5188.7500 2.040795e+01
5190.0000 7.465214e+00
5191.2500 -4.162062e+00
5192.5000 2.906047e+01
5193.7500 -1.240855e+00
5195.0000 -1.750554e+00
5196.2500 7.149367e+00
5197.5000 2.369946e+01
5198.7500 4.700564e+00
5200.0000 1.842543e+01
5201.2500 2.113467e+01
5202.5000 -1.974307e+01
5203.7500 -1.362678e+00
5205.0000 9.752513e+00
5206.2500 -1.042219e+01
5207.5000 3.519565e+01
5208.7500 -1.358756e+01
5210.0000 -7.566027e+00
5211.2500 -1.505839e+00
5212.5000 -4.737143e+00
5213.7500 4.747434e-01
5215.0000 1.465586e+01
5216.2500 1.569028e+01
5217.5000 1.387682e+01
5218.7500 2.785608e+01
5220.0000 1.067202e+01
5221.2500 3.132377e+01
5222.5000 2.333836e+01
5223.7500 2.545679e+01
5225.0000 1.534611e+01
5226.2500 2.113340e+01
5227.5000 2.764281e+01
5228.7500 2.228560e+01
5230.0000 9.589249e+00
5231.2500 -2.857113e+00
5232.5000 3.640289e+00
5233.7500 -8.029741e+00
5235.0000 1.789647e+01
5236.2500 -2.377549e+01
5237.5000 6.828995e+00
5238.7500 1.391546e+01
5240.0000 -1.758666e+01
5241.2500 -2.200598e+00
5242.5000 -1.982635e+01
5243.7500 3.885297e+00
5245.0000 6.070156e+00
5246.2500 -1.537395e+01
5247.5000 1.151188e+01
5248.7500 1.837808e+01
5250.0000 -1.192594e+01
5251.2500 -6.431147e-01
5252.5000 1.537937e+01
5253.7500 2.909087e+00
5255.0000 1.934921e+01
5256.2500 7.733407e+00
5257.5000 5.691359e+01
5258.7500 -2.191259e+01
5260.0000 2.460021e+01
5261.2500 1.485555e+01
5262.5000 1.692339e+01
5263.7500 7.385985e+00
5265.0000 1.450626e+00
5266.2500 7.637551e+00
5267.5000 -9.287184e+00
5268.7500 4.051511e+00
5270.0000 -7.597246e+00
5271.2500 -6.945304e+00
5272.5000 4.093223e+01
5273.7500 2.391404e+00
5275.0000 4.328656e+01
5276.2500 7.925147e+00
5277.5000 1.303083e+01
5278.7500 1.092614e+01
5280.0000 1.756276e+01
5281.2500 6.752397e+00
5282.5000 9.548831e+00
5283.7500 -1.777558e+00
5285.0000 1.659200e+01
5286.2500 1.681656e+01
5287.5000 3.077406e+01
5288.7500 4.880582e+01
5290.0000 3.713970e+00
5291.2500 -1.665513e+01
5292.5000 4.078380e+00
5293.7500 -7.570379e+00
5295.0000 9.857034e+00
5296.2500 -1.392322e+01
5297.5000 2.014174e+01
5298.7500 1.795658e+01
5300.0000 6.187534e+00
5301.2500 -1.082670e+01
5302.5000 5.556115e+00
5303.7500 -6.701416e+00
5305.0000 -2.922249e+00
5306.2500 -3.787785e+00
5307.5000 -2.879708e+01
5308.7500 6.756666e+00
5310.0000 -6.948199e+00
5311.2500 5.126673e+00
5312.5000 -1.263227e+01
5313.7500 -1.921539e+00
5315.0000 1.501144e+01
5316.2500 2.086346e+01
5317.5000 -4.957146e+00
5318.7500 4.811536e+00
5320.0000 1.169725e+01
5321.2500 3.677239e-01
5322.5000 7.448993e+00
5323.7500 2.528424e+01
5325.0000 7.999829e+00
5326.2500 -1.916460e+01
5327.5000 1.413448e+01
5328.7500 -1.086397e+01
5330.0000 -1.363273e-01
5331.2500 1.581117e+01
5332.5000 2.604553e+01
5333.7500 1.366937e+01
5335.0000 1.101751e+01
5336.2500 1.224336e+01
5337.5000 7.238959e+00
5338.7500 1.028205e+01
5340.0000 2.144919e+01
5341.2500 1.874849e+01
5342.5000 1.822144e+01
5343.7500 1.789625e+01
5345.0000 -1.677984e+01
5346.2500 -3.368013e+00
5347.5000 1.217117e+01
5348.7500 1.481224e+00
5350.0000 -2.315739e+00
5351.2500 -1.598086e+01
5352.5000 3.710955e+01
5353.7500 -1.317602e+01
5355.0000 -2.852198e+00
5356.2500 -6.586731e+00
5357.5000 -1.622145e+01
5358.7500 -1.158867e+01
5360.0000 -4.679487e+00
5361.2500 -9.958073e+00
5362.5000 1.955918e+01
5363.7500 1.626723e+01
5365.0000 4.848238e+00
5366.2500 8.406702e+00
5367.5000 7.864735e+00
5368.7500 2.180997e+00
5370.0000 2.109867e+01
5371.2500 3.267217e+01
5372.5000 -1.386726e+00
5373.7500 6.881226e+00
5375.0000 2.562386e+01
5376.2500 2.103074e+01
5377.5000 -8.180652e+00
5378.7500 6.159023e+00
5380.0000 2.481201e+00
5381.2500 -6.223363e+00
5382.5000 -2.385325e+01
5383.7500 -2.411319e+00
5385.0000 1.437324e+01
5386.2500 1.425100e+01
5387.5000 1.432767e+01
5388.7500 -8.259506e+00
5390.0000 -6.162793e+00
5391.2500 1.433756e+01
5392.5000 2.599239e+01
5393.7500 2.406033e+01
5395.0000 2.286238e+01
5396.2500 2.681967e+00
5397.5000 -2.113557e+01
5398.7500 2.936736e+01
5400.0000 1.242760e+01
5401.2500 1.739147e+01
5402.5000 1.011965e+01
5403.7500 3.792842e+00
5405.0000 1.942320e+01
5406.2500 1.753277e+01
5407.5000 7.029848e+00
5408.7500 3.237933e+01
5410.0000 -1.495982e+01
5411.2500 -6.745994e-02
5412.5000 1.130067e+01
5413.7500 3.309111e+00
5415.0000 2.046941e+00
5416.2500 -6.536820e+00
5417.5000 -1.727885e+01
5418.7500 -9.241871e+00
5420.0000 5.613005e+00
5421.2500 1.840081e+01
5422.5000 -1.544806e+01
5423.7500 1.274118e+01
5425.0000 2.888568e+00
5426.2500 -2.534624e+01
5427.5000 1.593760e+01
5428.7500 1.913999e+01
5430.0000 -5.862882e+00
5431.2500 1.215416e+01
5432.5000 2.511729e+01
5433.7500 4.836692e+00
5435.0000 -1.680988e+01
5436.2500 2.802369e+01
5437.5000 -1.646410e+01
5438.7500 3.023356e+01
5440.0000 1.698353e+01
5441.2500 1.592691e+01
5442.5000 1.981700e+01
5443.7500 9.833907e+00
5445.0000 8.273088e+00
5446.2500 3.323217e+01
5447.5000 1.876034e+01
5448.7500 6.676715e+00
5450.0000 1.120263e+01
5451.2500 1.017950e+01
5452.5000 7.819082e+00
5453.7500 2.303370e+01
5455.0000 3.197899e+00
5456.2500 5.065524e+00
5457.5000 1.561199e+00
5458.7500 2.946468e+01
5460.0000 3.698252e+01
5461.2500 -2.983661e+00
5462.5000 7.682473e+00
5463.7500 8.948626e+00
5465.0000 -1.906042e+00
5466.2500 2.684672e+01
5467.5000 -1.606303e+01
5468.7500 -7.107020e+00
5470.0000 -4.079638e-01
5471.2500 -1.089205e+01
5472.5000 3.132924e+01
5473.7500 7.280940e+00
5475.0000 5.708741e+00
5476.2500 -4.122091e+00
5477.5000 6.356252e+00
5478.7500 9.689387e+00
5480.0000 -1.256361e+01
5481.2500 7.060355e+00
5482.5000 3.739610e+00
5483.7500 4.618546e+00
5485.0000 7.442592e+00
5486.2500 9.999847e+00
5487.5000 -1.062275e+01
5488.7500 4.853085e+00
5490.0000 7.343983e+00
5491.2500 -2.072450e+01
5492.5000 3.372482e+00
5493.7500 -3.432759e+00
5495.0000 1.241696e+01
5496.2500 -6.715979e+00
5497.5000 -1.345254e+01
5498.7500 8.343779e-01
5500.0000 -7.184259e+00
5501.2500 -5.672019e+00
5502.5000 7.113849e+00
5503.7500 3.877502e+00
5505.0000 3.127115e+00
5506.2500 8.212354e+00
5507.5000 6.280397e+00
5508.7500 3.285160e+00
5510.0000 1.421596e+01
5511.2500 4.042730e+01
5512.5000 -1.400180e+01
5513.7500 -1.647281e+01
5515.0000 2.936076e+00
5516.2500 8.747461e+00
5517.5000 1.649438e+01
5518.7500 6.604936e+00
5520.0000 -1.391950e+01
5521.2500 4.419184e+01
5522.5000 7.043448e+00
5523.7500 -4.196116e+00
5525.0000 2.808222e+01
5526.2500 -3.618696e+00
5527.5000 5.352380e+00
5528.7500 3.081927e+01
5530.0000 2.564480e+01
5531.2500 4.851110e+00
5532.5000 -9.938822e+00
5533.7500 -1.862718e+01
5535.0000 -1.341826e+01
5536.2500 -1.479882e+01
5537.5000 -2.972258e+00
5538.7500 -3.810908e+00
5540.0000 1.653793e+01
5541.2500 -1.581146e+01
5542.5000 -1.023651e+01
5543.7500 -5.053067e+00
5545.0000 1.648716e+01
5546.2500 1.506711e+01
5547.5000 -7.823464e-01
5548.7500 9.875016e+00
5550.0000 1.250587e+00
5551.2500 -5.493784e-02
5552.5000 -1.228441e+01
5553.7500 1.438297e+00
5555.0000 3.779147e+00
5556.2500 -2.729671e+01
5557.5000 1.357801e+00
5558.7500 -7.232992e+00
5560.0000 1.038197e+01
5561.2500 -8.424564e+00
5562.5000 2.664600e+01
5563.7500 7.504204e+00
5565.0000 3.425961e+01
5566.2500 2.766372e+01
5567.5000 -1.397602e+01
5568.7500 1.758773e+00
5570.0000 1.921566e+01
5571.2500 2.073033e+01
5572.5000 4.977664e+00
5573.7500 4.361025e+00
5575.0000 3.245826e+00
5576.2500 2.851679e+00
5577.5000 2.450672e+00
5578.7500 2.332549e+00
5580.0000 2.140194e+00
5581.2500 7.263539e+00
5582.5000 4.903517e-01
5583.7500 3.623401e+00
5585.0000 1.412275e+01
5586.2500 2.036981e+01
5587.5000 -7.510858e-01
5588.7500 6.187460e+00
5590.0000 -4.614756e+00
5591.2500 -1.633872e+00
5592.5000 2.693079e+00
5593.7500 5.142590e-01
5595.0000 -8.731711e+00
5596.2500 -7.013652e+00
5597.5000 -7.938219e+00
5598.7500 1.201020e+01
5600.0000 -1.994481e+01
5601.2500 -1.686701e+01
5602.5000 1.545371e+01
5603.7500 2.497133e+01
5605.0000 1.839097e+01
5606.2500 1.114993e+01
5607.5000 8.189158e+00
5608.7500 2.580742e+01
5610.0000 1.206462e+01
5611.2500 1.083339e+01
5612.5000 7.879595e+00
5613.7500 1.069416e+01
5615.0000 5.403072e+00
5616.2500 -6.597780e+00
5617.5000 -9.965036e+00
5618.7500 1.374627e+01
5620.0000 1.937799e+01
5621.2500 1.531190e+01
5622.5000 1.472700e+01
5623.7500 3.180340e+01
5625.0000 2.498799e+00
5626.2500 1.802879e+01
5627.5000 1.456190e+01
5628.7500 -1.618506e+01
5630.0000 1.406552e+01
5631.2500 -1.234224e+01
5632.5000 -4.591051e+00
5633.7500 6.589076e+00
5635.0000 -2.267788e+00
5636.2500 -1.359770e+01
5637.5000 4.153345e-01
5638.7500 2.938782e+01
5640.0000 1.678316e+01
5641.2500 -1.160363e+01
5642.5000 -2.201650e+01
5643.7500 -7.025178e+00
5645.0000 6.647115e+00
5646.2500 -1.021798e+00
5647.5000 1.401856e+01
5648.7500 -5.795077e-01
5650.0000 1.765508e+01
5651.2500 1.373218e+01
5652.5000 1.894601e+01
5653.7500 1.371978e+01
5655.0000 -1.226228e+01
5656.2500 7.393385e+00
5657.5000 2.205595e+01
5658.7500 1.109332e+01
5660.0000 1.377452e+01
5661.2500 1.846735e+01
5662.5000 2.774008e+01
5663.7500 1.142413e+01
5665.0000 -5.670142e+00
5666.2500 1.966902e+01
5667.5000 2.642285e+00
5668.7500 -3.608333e+01
5670.0000 3.106252e+00
5671.2500 -2.341923e+00
5672.5000 1.688495e+01
5673.7500 -1.053287e+01
5675.0000 -9.083185e-01
5676.2500 2.370518e+01
5677.5000 9.676826e+00
5678.7500 -1.126213e+01
5680.0000 1.948325e+01
5681.2500 4.079163e+00
5682.5000 -9.957077e+00
5683.7500 1.343800e+01
5685.0000 5.964041e-01
5686.2500 1.070895e+01
5687.5000 1.170282e+01
5688.7500 1.617149e+01
5690.0000 1.360812e+00
5691.2500 5.354109e-01
5692.5000 1.513644e+01
5693.7500 1.698133e+01
5695.0000 3.122353e+01
5696.2500 -6.426727e+00
5697.5000 -1.013947e+01
5698.7500 -7.796697e+00
5700.0000 1.093205e+01
5701.2500 -1.074546e+01
5702.5000 -9.904243e+00
5703.7500 -1.305139e+01
5705.0000 1.397956e+01
5706.2500 -6.188700e+00
5707.5000 8.821769e+00
5708.7500 1.163896e+01
5710.0000 3.743685e+00
5711.2500 8.096895e+00
5712.5000 5.422961e+00
5713.7500 2.204499e+01
5715.0000 -2.693802e+00
5716.2500 1.298372e+01
5717.5000 4.879686e+00
5718.7500 3.574284e+01
5720.0000 5.892003e+00
5721.2500 4.092929e+00
5722.5000 -1.889482e+01
5723.7500 -4.409180e+00
5725.0000 1.675014e+01
5726.2500 -4.901540e-01
5727.5000 -8.190303e+00
5728.7500 1.932761e+01
5730.0000 6.540595e+00
5731.2500 -1.905459e+01
5732.5000 1.460089e+01
5733.7500 2.019501e+01
5735.0000 -2.933599e+00
5736.2500 8.963955e+00
5737.5000 7.765316e+00
5738.7500 -6.896111e+00
5740.0000 8.274687e+00
5741.2500 -1.346761e+00
5742.5000 1.309861e+01
5743.7500 2.519856e+01
5745.0000 3.504736e+01
5746.2500 3.450512e+00
5747.5000 2.486745e+01
5748.7500 1.911334e+01
5750.0000 -1.704301e+01
5751.2500 2.856849e+01
5752.5000 2.013707e+01
5753.7500 1.591983e+01
5755.0000 1.724020e+01
5756.2500 -2.628906e+00
5757.5000 2.771461e+00
5758.7500 2.617203e+01
5760.0000 -4.262435e+00
5761.2500 6.507465e+00
5762.5000 1.389098e+01
5763.7500 -2.252817e+01
5765.0000 8.927436e+00
5766.2500 1.605259e+01
5767.5000 2.632287e+01
5768.7500 -2.992587e+00
5770.0000 -9.730059e+00
5771.2500 -1.467224e+01
5772.5000 8.382667e+00
5773.7500 -9.934921e-01
5775.0000 1.903808e+01
5776.2500 -2.421965e+01
5777.5000 -1.223703e+01
5778.7500 2.288826e+01
5780.0000 1.644863e+01
5781.2500 1.730393e+01
5782.5000 -2.975802e+01
5783.7500 3.533705e+01
5785.0000 2.215729e+01
5786.2500 -2.864034e+00
5787.5000 -3.890774e+00
5788.7500 -1.935744e+01
5790.0000 1.056574e+01
5791.2500 -4.031414e+00
5792.5000 -2.415457e+00
5793.7500 -1.996976e+01
5795.0000 -1.069980e+01
5796.2500 -1.744423e+01
5797.5000 1.342313e+00
5798.7500 2.648312e+01
5800.0000 -4.110003e+00
5801.2500 2.497363e+01
5802.5000 -2.175392e+00
5803.7500 5.919098e+00
5805.0000 -3.488411e+00
5806.2500 -6.405990e+00
5807.5000 5.100785e+00
5808.7500 1.229698e+01
5810.0000 3.514207e+01
5811.2500 1.722011e+01
5812.5000 6.935442e+00
5813.7500 1.695056e+01
5815.0000 1.474418e+01
5816.2500 -3.291661e+00
5817.5000 -7.457568e+00
5818.7500 7.349554e+00
5820.0000 1.048351e+01
5821.2500 4.912304e+00
5822.5000 -2.056042e+01
5823.7500 1.304500e+01
5825.0000 3.867045e+00
5826.2500 1.385714e+01
5827.5000 1.975073e+01
5828.7500 8.872795e+00
5830.0000 -1.030648e+01
5831.2500 3.537644e+00
5832.5000 -8.389714e+00
5833.7500 5.305872e+00
5835.0000 1.732544e+01
5836.2500 2.243071e+01
5837.5000 1.055637e+01
5838.7500 2.197220e+00
5840.0000 1.891478e+00
5841.2500 1.839515e+01
5842.5000 3.961389e+01
5843.7500 3.073420e+01
5845.0000 4.754371e+01
5846.2500 1.805034e+01
5847.5000 2.160856e+01
5848.7500 2.070905e+01
5850.0000 1.749810e+01
5851.2500 1.222528e+01
5852.5000 9.915447e+00
5853.7500 1.154407e+01
5855.0000 1.692727e+01
5856.2500 1.731097e+01
5857.5000 1.540094e+01
5858.7500 6.153333e+00
5860.0000 6.910450e-01
5861.2500 -2.239717e+00
5862.5000 1.780228e+01
5863.7500 2.784394e+01
5865.0000 1.289945e+01
5866.2500 4.682212e+00
5867.5000 -2.406701e+00
5868.7500 -2.069328e+01
5870.0000 -8.546477e+00
5871.2500 7.104325e+00
5872.5000 7.221567e-01
5873.7500 3.688688e+00
5875.0000 1.715780e+01
5876.2500 -9.122112e+00
5877.5000 5.927993e+00
5878.7500 2.606031e+01
5880.0000 1.879527e+01
5881.2500 3.779095e+00
5882.5000 1.510879e+00
5883.7500 -5.598610e+00
5885.0000 1.494427e+00
5886.2500 2.332941e+00
5887.5000 8.643699e-01
5888.7500 1.270051e+01
5890.0000 4.376010e+00
5891.2500 1.385820e+01
5892.5000 1.803398e+01
5893.7500 2.140297e+01
5895.0000 4.267715e+00
5896.2500 4.452692e+00
5897.5000 3.021528e+01
5898.7500 -4.971780e+00
5900.0000 2.922833e+00
5901.2500 2.994203e+01
5902.5000 -7.627399e+00
5903.7500 2.550957e+01
5905.0000 7.129984e-01
5906.2500 1.621203e+01
5907.5000 2.413069e+01
5908.7500 -5.225645e+00
5910.0000 2.333100e+00
5911.2500 3.011065e+01
5912.5000 1.699443e+01
5913.7500 -3.950697e+01
5915.0000 2.829946e+00
5916.2500 -1.362803e+00
5917.5000 1.951688e+01
5918.7500 3.513560e+01
5920.0000 -1.465033e+00
5921.2500 2.533694e+01
5922.5000 1.396521e+01
5923.7500 1.488803e+01
5925.0000 -1.139171e+00
5926.2500 -1.221608e+01
5927.5000 1.415384e+01
5928.7500 1.109313e+01
5930.0000 1.081030e+01
5931.2500 -2.956119e+00
5932.5000 -8.535046e+00
5933.7500 2.443189e+01
5935.0000 8.892790e+00
5936.2500 1.620992e-01
5937.5000 -9.902059e+00
5938.7500 -3.224900e+00
5940.0000 1.564514e+01
5941.2500 -2.410369e+01
5942.5000 -3.448025e+00
5943.7500 8.044344e+00
5945.0000 2.578859e+01
5946.2500 1.573057e+01
5947.5000 2.752309e+01
5948.7500 2.770611e+01
5950.0000 2.423312e+01
5951.2500 -1.350747e+01
5952.5000 -2.409986e+00
5953.7500 1.109544e+01
5955.0000 -4.044586e+00
5956.2500 -1.239460e+01
5957.5000 2.725046e+00
5958.7500 1.918349e+01
5960.0000 -1.281884e+01
5961.2500 2.988098e+00
5962.5000 -4.120503e+00
5963.7500 -3.712945e+00
5965.0000 1.705221e+01
5966.2500 2.087849e+01
5967.5000 1.206789e+01
5968.7500 9.614820e+00
5970.0000 -1.037865e+01
5971.2500 -1.211650e+01
5972.5000 5.470488e+00
5973.7500 1.956688e+01
5975.0000 -2.106859e+01
5976.2500 -1.465507e+01
5977.5000 1.187580e+01
5978.7500 2.370528e+01
5980.0000 -1.317746e+01
5981.2500 -3.047499e+00
5982.5000 1.115539e+01
5983.7500 1.431214e+01
5985.0000 2.378470e+01
5986.2500 -7.263871e+00
5987.5000 -5.851045e+00
5988.7500 1.061609e+01
5990.0000 -8.596278e-01
5991.2500 -1.691523e+01
5992.5000 7.354090e+00
5993.7500 -5.919886e+00
5995.0000 2.211904e+00
5996.2500 -1.380552e+01
5997.5000 2.116597e+01
5998.7500 1.062924e+01
6000.0000 6.602914e-01
6001.2500 1.330924e+00
6002.5000 -5.459250e+00
6003.7500 4.922578e+00
6005.0000 8.554083e+00
6006.2500 6.056838e-01
6007.5000 2.872090e+00
6008.7500 2.697890e+00
6010.0000 1.742146e+01
6011.2500 7.670090e+00
6012.5000 -1.263231e+01
6013.7500 -7.546249e+00
6015.0000 5.834331e+00
6016.2500 -6.787854e+00
6017.5000 -2.452199e-01
6018.7500 -1.325226e-02
6020.0000 2.909425e+01
6021.2500 2.047470e+01
6022.5000 -1.173797e-01
6023.7500 -1.075276e+01
6025.0000 1.771716e+01
6026.2500 1.112868e+01
6027.5000 -7.830893e+00
6028.7500 1.629761e+01
6030.0000 2.915173e+00
6031.2500 -9.355318e+00
6032.5000 3.047773e+00
6033.7500 3.465076e+01
6035.0000 1.616880e+01
6036.2500 2.396720e+01
6037.5000 -5.471919e+00
6038.7500 -7.204951e+00
6040.0000 1.770908e+01
6041.2500 -2.184255e+00
6042.5000 3.375016e+00
6043.7500 5.536155e+00
6045.0000 1.112021e+01
6046.2500 7.298649e+00
6047.5000 1.426290e+01
6048.7500 -7.633208e+00
6050.0000 1.784135e+01
6051.2500 2.333955e+00
6052.5000 6.942025e-01
6053.7500 -7.874199e+00
6055.0000 9.243151e+00
6056.2500 -6.750031e+00
6057.5000 -7.159103e+00
6058.7500 1.784161e+01
6060.0000 -4.292204e+00
6061.2500 -4.009890e+00
6062.5000 1.244417e+01
6063.7500 -5.175791e+00
6065.0000 2.355374e+01
6066.2500 -8.046165e+00
6067.5000 -5.913612e+00
6068.7500 -2.539867e+00
6070.0000 -6.355814e+00
6071.2500 8.663485e+00
6072.5000 1.325707e+01
6073.7500 2.628379e+00
6075.0000 2.097949e+01
6076.2500 6.170565e+00
6077.5000 2.519201e+01
6078.7500 8.352821e+00
6080.0000 -5.375183e+00
6081.2500 2.227815e+01
6082.5000 1.122415e+01
6083.7500 -5.963557e+00
6085.0000 1.526269e+01
6086.2500 -5.767407e+00
6087.5000 -6.507342e+00
6088.7500 9.767587e+00
6090.0000 7.897948e+00
6091.2500 3.607691e-01
6092.5000 1.402494e-01
6093.7500 -2.389321e+01
6095.0000 -1.636850e+01
6096.2500 -8.550966e+00
6097.5000 7.623202e-01
6098.7500 -1.037042e+01
6100.0000 1.451357e+01
6101.2500 1.293436e+01
6102.5000 1.474841e+01
6103.7500 6.636948e+00
6105.0000 1.214070e+01
6106.2500 2.164201e+00
6107.5000 1.738355e+01
6108.7500 -3.506436e+00
6110.0000 1.228181e+01
6111.2500 1.206092e+01
6112.5000 6.312698e+00
6113.7500 -1.009477e+01
6115.0000 1.336104e+01
6116.2500 1.412086e+01
6117.5000 5.645563e+00
6118.7500 2.087084e+01
6120.0000 -3.155896e+00
6121.2500 2.692893e+01
6122.5000 1.133134e+01
6123.7500 6.088129e+00
6125.0000 -7.135842e-01
6126.2500 4.079723e+00
6127.5000 1.024003e+01
6128.7500 1.347038e+01
6130.0000 8.864904e+00
6131.2500 7.456069e+00
6132.5000 -9.882256e+00
6133.7500 -8.709577e+00
6135.0000 1.127871e+01
6136.2500 9.064969e-01
6137.5000 -2.859647e+00
6138.7500 3.137686e+01
6140.0000 -6.209135e-01
6141.2500 2.459991e+01
6142.5000 3.364401e+01
6143.7500 3.328286e+00
6145.0000 4.026892e+00
6146.2500 8.978825e+00
6147.5000 1.627077e+01
6148.7500 2.438320e+01
6150.0000 2.325742e-01
6151.2500 1.997959e+01
6152.5000 8.446839e-01
6153.7500 8.604332e+00
6155.0000 1.122259e+00
6156.2500 9.194343e+00
6157.5000 1.629525e+00
6158.7500 5.190117e+00
6160.0000 -1.084632e+01
6161.2500 1.416540e+01
6162.5000 2.031288e+00
6163.7500 1.544846e+01
6165.0000 1.363490e+01
6166.2500 1.075744e+01
6167.5000 2.297778e+01
6168.7500 -8.672300e-01
6170.0000 2.805661e+01
6171.2500 1.450792e+01
6172.5000 1.471035e+01
6173.7500 2.827785e+00
6175.0000 -8.237343e+00
6176.2500 4.817739e+00
6177.5000 -1.084057e+01
6178.7500 3.032291e+00
6180.0000 -1.382281e+00
6181.2500 5.537770e+00
6182.5000 7.118021e+00
6183.7500 -5.227539e+00
6185.0000 -2.808799e+01
6186.2500 -1.190394e+01
6187.5000 2.196837e+01
6188.7500 1.058707e+01
6190.0000 1.739844e+01
6191.2500 9.626309e-01
6192.5000 6.054688e-01
6193.7500 8.126171e+00
6195.0000 1.042005e+01
6196.2500 -3.595452e+00
6197.5000 1.333792e+01
6198.7500 5.900755e+00
6200.0000 6.325223e+00
6201.2500 7.947960e+00
6202.5000 2.299153e+00
6203.7500 9.857780e+00
6205.0000 1.427587e+01
6206.2500 2.122919e+01
6207.5000 8.690240e+00
6208.7500 4.378078e+00
6210.0000 5.557260e+00
6211.2500 -6.401106e+00
6212.5000 8.457972e+00
6213.7500 1.741541e+01
6215.0000 1.376485e+01
6216.2500 9.805271e+00
6217.5000 -4.154489e+00
6218.7500 -1.744924e+00
6220.0000 2.894323e+01
6221.2500 -6.422584e-01
6222.5000 -5.743944e+00
6223.7500 -2.106520e+01
6225.0000 1.286131e+01
6226.2500 1.228083e+01
6227.5000 7.165081e+00
6228.7500 -7.945678e+00
6230.0000 5.223979e-01
6231.2500 5.379122e+00
6232.5000 1.095522e+01
6233.7500 -1.965279e+00
6235.0000 -2.539002e+00
6236.2500 4.230140e+00
6237.5000 1.897698e+00
6238.7500 -5.689029e+00
6240.0000 -3.763553e+00
6241.2500 -4.892686e+00
6242.5000 -8.499859e+00
6243.7500 1.785596e+01
6245.0000 7.405681e+00
6246.2500 2.598376e+01
6247.5000 1.234413e+01
6248.7500 2.104707e+01
6250.0000 6.016458e+00
6251.2500 9.573978e+00
6252.5000 -4.752351e+00
6253.7500 7.609227e+00
6255.0000 -4.325767e+00
6256.2500 -4.104326e+00
6257.5000 -1.020675e+01
6258.7500 -2.548928e+00
6260.0000 -6.417597e+00
6261.2500 1.724977e+01
6262.5000 1.261538e+01
6263.7500 1.403941e+01
6265.0000 3.313979e+01
6266.2500 1.005294e+01
6267.5000 2.318897e+00
6268.7500 6.661139e+00
6270.0000 2.617098e+01
6271.2500 4.308315e+00
6272.5000 1.363106e+01
6273.7500 2.483165e+01
6275.0000 1.074036e+01
6276.2500 1.175557e+01
6277.5000 5.433907e+00
6278.7500 -1.950200e+01
6280.0000 6.647128e-01
6281.2500 2.461855e+00
6282.5000 1.795881e+00
6283.7500 -1.231931e+01
6285.0000 6.240652e+00
6286.2500 2.897615e+01
6287.5000 2.697627e+01
6288.7500 -9.513022e+00
6290.0000 -5.649909e+00
6291.2500 1.770733e+01
6292.5000 1.149572e+01
6293.7500 -1.191451e+01
6295.0000 9.100122e+00
6296.2500 9.730556e+00
6297.5000 6.623497e+00
6298.7500 7.338174e+00
6300.0000 -4.900417e-01
6301.2500 4.807925e+00
6302.5000 -3.374232e+01
6303.7500 -2.085280e+01
6305.0000 1.184221e+00
6306.2500 -1.915425e+01
6307.5000 1.403743e+01
6308.7500 6.015954e+00
6310.0000 -4.840196e+00
6311.2500 -8.243327e-01
6312.5000 1.726028e+01
6313.7500 -3.129079e+00
6315.0000 1.599484e+01
6316.2500 6.513120e+00
6317.5000 7.348712e+00
6318.7500 -1.121241e+01
6320.0000 4.604317e+00
6321.2500 3.310049e+01
6322.5000 1.419140e+00
6323.7500 -3.904418e+00
6325.0000 1.328082e+01
6326.2500 6.948840e+00
6327.5000 -1.056218e+01
6328.7500 -2.287620e+01
6330.0000 1.111566e+01
6331.2500 6.329240e-01
6332.5000 -1.423412e+00
6333.7500 -3.706138e+00
6335.0000 1.803364e+01
6336.2500 1.347746e+00
6337.5000 -5.975033e+00
6338.7500 -1.200185e+01
6340.0000 9.202324e+00
6341.2500 1.815580e+01
6342.5000 1.106393e+01
6343.7500 5.007617e+00
6345.0000 7.717883e+00
6346.2500 -2.027220e+00
6347.5000 -1.644383e+00
6348.7500 3.886142e+01
6350.0000 7.660895e+00
6351.2500 1.464132e+01
6352.5000 5.605377e-01
6353.7500 -1.094930e+01
6355.0000 -1.324701e+01
6356.2500 3.155875e-02
6357.5000 -1.426543e+00
6358.7500 -1.180396e+01
6360.0000 1.346372e+00
6361.2500 3.642566e+00
6362.5000 1.152201e+01
6363.7500 -4.569241e-01
6365.0000 1.486804e+00
6366.2500 8.884389e+00
6367.5000 -6.517752e+00
6368.7500 -1.280790e+01
6370.0000 -2.490315e+00
6371.2500 1.417788e+00
6372.5000 1.280970e+01
6373.7500 1.357557e+01
6375.0000 7.320640e+00
6376.2500 6.180803e+00
6377.5000 -6.939724e+00
6378.7500 8.983333e+00
6380.0000 3.290070e+00
6381.2500 1.416487e+01
6382.5000 2.739428e+01
6383.7500 1.077712e+01
6385.0000 2.768239e+01
6386.2500 4.417118e+00
6387.5000 1.705397e+01
6388.7500 4.322054e+00
6390.0000 -1.681815e+01
6391.2500 1.209473e+01
6392.5000 1.992514e+01
6393.7500 4.985574e+00
6395.0000 -6.059816e+00
6396.2500 1.448809e+01
6397.5000 -4.913664e+00
6398.7500 1.167127e+01
6400.0000 7.866772e+00
6401.2500 2.051143e+01
6402.5000 1.628808e+01
6403.7500 1.748121e+01
6405.0000 3.281735e+00
6406.2500 1.377141e+01
6407.5000 6.163893e+00
6408.7500 1.414812e-02
6410.0000 1.854184e+00
6411.2500 1.143366e+01
6412.5000 2.345519e+00
6413.7500 7.879426e+00
6415.0000 9.615417e+00
6416.2500 2.085125e+01
6417.5000 7.831051e+00
6418.7500 1.233584e+01
6420.0000 1.376285e+01
6421.2500 1.331105e-01
6422.5000 -8.174583e+00
6423.7500 1.957692e+01
6425.0000 1.757359e+01
6426.2500 1.460074e+00
6427.5000 -9.485267e+00
6428.7500 1.332631e+01
6430.0000 6.701066e+00
6431.2500 1.219435e+01
6432.5000 -1.398723e+01
6433.7500 2.854690e+00
6435.0000 6.771242e+00
6436.2500 2.946583e+00
6437.5000 -3.145784e+00
6438.7500 -8.159666e+00
6440.0000 4.343588e+00
6441.2500 5.997787e+00
6442.5000 -3.036698e+00
6443.7500 6.110769e+00
6445.0000 -2.200821e+00
6446.2500 7.621054e+00
6447.5000 1.138266e+00
6448.7500 2.526061e+00
6450.0000 7.459222e+00
6451.2500 -2.354597e+00
6452.5000 -1.756993e+01
6453.7500 6.302032e+00
6455.0000 7.973539e+00
6456.2500 1.473192e-01
6457.5000 4.873058e+00
6458.7500 4.070354e+00
6460.0000 6.263466e+00
6461.2500 1.756911e+01
6462.5000 6.853406e+00
6463.7500 4.544027e+00
6465.0000 -2.766967e+00
6466.2500 8.257023e+00
6467.5000 4.912016e+00
6468.7500 1.664343e+01
6470.0000 1.740932e+01
6471.2500 -1.567731e+01
6472.5000 -6.306028e-02
6473.7500 8.166883e+00
6475.0000 -9.475770e+00
6476.2500 1.270012e+01
6477.5000 1.231296e+01
6478.7500 7.133028e+00
6480.0000 1.815123e+00
6481.2500 2.705421e+00
6482.5000 6.812836e+00
6483.7500 1.371550e+01
6485.0000 6.583759e+00
6486.2500 -2.405228e+00
6487.5000 4.620754e+00
6488.7500 1.892888e+01
6490.0000 1.769969e+00
6491.2500 1.180304e+01
6492.5000 5.334601e+00
6493.7500 -9.312140e+00
6495.0000 5.349908e+00
6496.2500 8.365143e+00
6497.5000 -3.330956e+01
6498.7500 3.411513e+01
6500.0000 -1.001832e+01
6501.2500 2.420972e+01
6502.5000 2.578065e+01
6503.7500 1.381183e+01
6505.0000 1.748837e+01
6506.2500 1.659604e+01
6507.5000 8.825685e+00
6508.7500 -1.854527e+01
6510.0000 3.220765e+01
6511.2500 1.143362e+01
6512.5000 3.219660e+00
6513.7500 1.860927e+01
6515.0000 5.952419e+00
6516.2500 3.038583e+00
6517.5000 2.199138e+01
6518.7500 3.168006e+01
6520.0000 1.274162e+01
6521.2500 1.669409e+01
6522.5000 -7.765933e+00
6523.7500 -7.158690e+00
6525.0000 4.185726e+00
6526.2500 4.816199e+00
6527.5000 1.204824e+00
6528.7500 1.573415e+01
6530.0000 1.553023e+01
6531.2500 2.904662e+01
6532.5000 2.305933e+01
6533.7500 -1.695349e-01
6535.0000 1.443391e+01
6536.2500 5.251756e+00
6537.5000 2.316084e+01
6538.7500 1.188199e+01
6540.0000 4.115389e+00
6541.2500 1.937029e+01
6542.5000 2.671226e+01
6543.7500 1.927820e+01
6545.0000 6.992743e+00
6546.2500 1.256232e+01
6547.5000 4.833352e+00
6548.7500 1.480273e+01
6550.0000 2.552263e+01
6551.2500 7.116373e+00
6552.5000 2.228578e+01
6553.7500 5.702294e+00
6555.0000 -8.407348e+00
6556.2500 9.551627e+00
6557.5000 3.615335e+00
6558.7500 8.396775e-01
6560.0000 -4.101744e-01
6561.2500 2.118932e+01
6562.5000 4.669012e+00
6563.7500 -1.190054e+01
6565.0000 -1.028100e+01
6566.2500 -9.086254e+00
6567.5000 6.883520e-01
6568.7500 9.606722e+00
6570.0000 -6.934576e-01
6571.2500 9.691654e+00
6572.5000 -5.513610e+00
6573.7500 6.951498e+00
6575.0000 6.672483e+00
6576.2500 1.247111e+01
6577.5000 1.049873e+01
6578.7500 2.169626e+01
6580.0000 4.014783e+00
6581.2500 -9.395302e+00
6582.5000 1.286527e+01
6583.7500 1.975111e+01
6585.0000 1.593161e+01
6586.2500 7.127494e+00
6587.5000 1.795676e+01
6588.7500 8.640093e+00
6590.0000 1.642627e+01
6591.2500 4.227955e+01
6592.5000 6.886133e+00
6593.7500 3.937178e+00
6595.0000 -6.309722e+00
6596.2500 1.199750e+01
6597.5000 2.260373e+01
6598.7500 1.186356e+01
6600.0000 -7.276300e+00
6601.2500 7.279787e-01
6602.5000 4.185537e+00
6603.7500 3.333726e+00
6605.0000 6.026935e+00
6606.2500 -3.767226e-01
6607.5000 3.528441e+00
6608.7500 2.227414e+01
6610.0000 2.293410e+00
6611.2500 1.226328e+01
6612.5000 1.074024e+01
6613.7500 1.258224e+01
6615.0000 2.463478e+00
6616.2500 1.149172e+00
6617.5000 9.969512e+00
6618.7500 3.479880e+00
6620.0000 1.651514e+01
6621.2500 4.975982e+00
6622.5000 6.047683e+00
6623.7500 -4.271735e+00
6625.0000 -9.491037e+00
6626.2500 1.505555e+01
6627.5000 9.404949e+00
6628.7500 -7.619991e+00
6630.0000 1.278576e+01
6631.2500 2.370726e-01
6632.5000 6.349710e+00
6633.7500 1.460057e+01
6635.0000 8.466688e+00
6636.2500 7.329788e+00
6637.5000 1.300471e+01
6638.7500 1.378790e+01
6640.0000 -2.189947e+00
6641.2500 1.604381e+01
6642.5000 1.281764e+01
6643.7500 1.536997e+01
6645.0000 2.010125e+00
6646.2500 -1.107067e+01
6647.5000 6.340019e+00
6648.7500 6.409529e+00
6650.0000 -6.687540e+00
6651.2500 1.863668e+01
6652.5000 -2.339079e+00
6653.7500 -8.270180e+00
6655.0000 4.814888e+00
6656.2500 1.411389e+01
6657.5000 9.576154e-02
6658.7500 -3.049993e+00
6660.0000 9.711920e+00
6661.2500 1.988863e+01
6662.5000 1.987947e+01
6663.7500 2.541250e+01
6665.0000 4.995059e-01
6666.2500 2.082828e+01
6667.5000 3.567713e+00
6668.7500 9.916163e+00
6670.0000 8.634897e+00
6671.2500 4.035371e+00
6672.5000 1.228637e+01
6673.7500 -3.974531e+00
6675.0000 3.052574e+01
6676.2500 2.767904e+01
6677.5000 -1.085383e+01
6678.7500 -8.147276e+00
6680.0000 5.230356e+00
6681.2500 3.688306e+00
6682.5000 -1.703469e+01
6683.7500 7.113478e+00
6685.0000 4.985797e+00
6686.2500 4.419514e+00
6687.5000 1.164720e+01
6688.7500 1.143745e+01
6690.0000 6.528326e+00
6691.2500 5.058920e+00
6692.5000 1.167425e+01
6693.7500 2.081042e+01
6695.0000 1.525556e+01
6696.2500 1.426399e+01
6697.5000 1.912884e+01
6698.7500 6.643972e+00
6700.0000 -6.095595e+00
6701.2500 -2.210800e+00
6702.5000 2.162475e+01
6703.7500 1.974389e+01
6705.0000 7.929130e+00
6706.2500 1.416525e+01
6707.5000 1.962210e+01
6708.7500 1.559405e+01
6710.0000 1.295132e+01
6711.2500 1.544489e+01
6712.5000 -1.150200e+00
6713.7500 -6.238399e+00
6715.0000 -1.383741e+01
6716.2500 1.539182e+01
6717.5000 2.295151e+01
6718.7500 1.601221e+01
6720.0000 -2.363266e+00
6721.2500 5.619807e+00
6722.5000 4.978323e+00
6723.7500 3.541340e+00
6725.0000 5.640982e+00
6726.2500 1.922336e+00
6727.5000 1.939669e+01
6728.7500 2.231856e+01
6730.0000 -7.320083e+00
6731.2500 -4.947088e+00
6732.5000 1.213816e+01
6733.7500 1.387754e+01
6735.0000 7.750887e+00
6736.2500 -9.086712e+00
6737.5000 2.168366e+01
6738.7500 8.311961e+00
6740.0000 -5.705112e+00
6741.2500 -1.349781e+00
6742.5000 6.414092e+00
6743.7500 1.358750e+01
6745.0000 1.026002e+01
6746.2500 6.843120e+00
6747.5000 6.990866e+00
6748.7500 1.874124e+01
6750.0000 -7.815816e+00
6751.2500 -4.302897e+00
6752.5000 1.364072e+01
6753.7500 1.033607e+01
6755.0000 -2.279756e+00
6756.2500 1.410285e+01
6757.5000 1.071680e+00
6758.7500 2.426478e+00
6760.0000 1.011180e+01
6761.2500 -6.149863e+00
6762.5000 -1.707531e+00
6763.7500 1.583533e+01
6765.0000 3.771068e+00
6766.2500 9.666932e+00
6767.5000 1.121990e+01
6768.7500 1.450759e+01
6770.0000 4.730419e+00
6771.2500 -1.098615e+01
6772.5000 -1.225328e+01
6773.7500 -1.623533e+01
6775.0000 2.048481e+01
6776.2500 1.455516e+01
6777.5000 1.520222e+01
6778.7500 4.833782e+00
6780.0000 7.357806e+00
6781.2500 3.735916e+00
6782.5000 1.392000e+01
6783.7500 1.127426e+01
6785.0000 5.090915e+00
6786.2500 -7.372086e-01
6787.5000 6.760163e+00
6788.7500 2.911617e+01
6790.0000 2.064707e+01
6791.2500 9.246689e+00
6792.5000 -8.955160e+00
6793.7500 5.417943e+00
6795.0000 2.562373e+00
6796.2500 1.690911e+01
6797.5000 1.298321e+01
6798.7500 6.282629e+00
6800.0000 8.450947e+00
6801.2500 -2.000491e+00
6802.5000 -2.236800e+01
6803.7500 3.562983e+00
6805.0000 1.199921e+01
6806.2500 -2.438347e+00
6807.5000 5.358974e+00
6808.7500 1.826232e+00
6810.0000 -1.072386e+00
6811.2500 1.424907e+01
6812.5000 -1.108736e+00
6813.7500 -2.850182e-01
6815.0000 -1.021248e+00
6816.2500 1.197485e+01
6817.5000 3.659375e+00
6818.7500 -4.292054e+00
6820.0000 -1.634366e+01
6821.2500 2.445751e+00
6822.5000 3.984358e+00
6823.7500 -2.853641e+00
6825.0000 -7.896683e+00
6826.2500 1.924520e+00
6827.5000 3.614354e+01
6828.7500 2.195503e+01
6830.0000 -1.670598e+01
6831.2500 2.499136e+01
6832.5000 -3.142022e+01
6833.7500 -5.967705e+00
6835.0000 -1.109830e+01
6836.2500 -1.178368e+00
6837.5000 4.523887e+00
6838.7500 1.050875e+01
6840.0000 1.701081e+00
6841.2500 2.600333e+01
6842.5000 7.792854e+00
6843.7500 -8.441564e-01
6845.0000 -1.298360e+00
6846.2500 1.008504e+01
6847.5000 -2.766888e+00
6848.7500 3.105640e+00
6850.0000 1.135807e+01
6851.2500 -5.899948e+00
6852.5000 6.681718e+00
6853.7500 1.304451e+01
6855.0000 -8.988704e+00
6856.2500 -7.874520e+00
6857.5000 2.430953e+00
6858.7500 -3.261214e+00
6860.0000 2.783763e+00
6861.2500 -6.269907e+00
6862.5000 3.495098e+00
6863.7500 4.629680e+00
6865.0000 -1.055850e+01
6866.2500 1.440468e+00
6867.5000 -1.783257e+01
6868.7500 4.320164e+00
6870.0000 -2.059256e+00
6871.2500 7.707098e+00
6872.5000 1.348418e+01
6873.7500 1.283995e+01
6875.0000 -2.888593e+00
6876.2500 -8.989749e+00
6877.5000 -2.678932e+00
6878.7500 -2.487301e+00
6880.0000 1.242709e+01
6881.2500 -2.616265e+00
6882.5000 1.560806e+01
6883.7500 6.564602e-01
6885.0000 8.623151e+00
6886.2500 1.840809e+01
6887.5000 -1.534077e+00
6888.7500 -4.488748e+00
6890.0000 4.645263e+00
6891.2500 1.298010e+01
6892.5000 -9.539547e+00
6893.7500 1.369754e+01
6895.0000 1.085535e+01
6896.2500 -7.994625e+00
6897.5000 2.305427e+01
6898.7500 -1.758091e+01
6900.0000 3.269752e+00
6901.2500 -2.360095e+01
6902.5000 1.233091e+01
6903.7500 -8.253978e+00
6905.0000 8.043714e+00
6906.2500 7.353762e+00
6907.5000 5.908187e+00
6908.7500 2.840202e+01
6910.0000 1.773888e+01
6911.2500 -1.493262e+00
6912.5000 1.356371e+01
6913.7500 1.840110e+01
6915.0000 -9.665847e-03
6916.2500 9.208777e+00
6917.5000 3.449266e+00
6918.7500 6.146437e+00
6920.0000 5.750440e+00
6921.2500 -1.804374e+01
6922.5000 -7.729761e+00
6923.7500 1.024706e+01
6925.0000 2.413550e+01
6926.2500 3.529257e+00
6927.5000 7.195370e+00
6928.7500 1.390058e+01
6930.0000 8.807425e-01
6931.2500 3.024251e+00
6932.5000 5.641670e+00
6933.7500 7.728930e+00
6935.0000 1.189344e+01
6936.2500 9.973434e+00
6937.5000 -1.856296e+01
6938.7500 -2.269596e+01
6940.0000 1.179279e+01
6941.2500 7.691263e+00
6942.5000 5.792004e+00
6943.7500 1.598383e+01
6945.0000 2.758380e+00
6946.2500 -1.305693e+01
6947.5000 6.425652e+00
6948.7500 -2.193973e-01
6950.0000 -4.666122e+00
6951.2500 -7.745066e+00
6952.5000 1.164624e+01
6953.7500 -3.916521e+00
6955.0000 -1.561672e+00
6956.2500 -1.478563e+00
6957.5000 8.136122e+00
6958.7500 9.301072e+00
6960.0000 7.253222e+00
6961.2500 -9.301063e+00
6962.5000 -7.054398e+00
6963.7500 -5.885271e+00
6965.0000 8.829761e+00
6966.2500 1.070445e+01
6967.5000 8.476843e+00
6968.7500 9.391111e+00
6970.0000 1.890199e+01
6971.2500 1.250803e+01
6972.5000 1.743101e+01
6973.7500 4.795571e+00
6975.0000 9.435788e+00
6976.2500 -5.928041e+00
6977.5000 -2.026852e+01
6978.7500 1.006773e+01
6980.0000 -7.162122e+00
6981.2500 -5.916136e+00
6982.5000 6.796451e-01
6983.7500 6.073292e+00
6985.0000 6.520742e+00
6986.2500 5.717431e+00
6987.5000 8.889246e+00
6988.7500 1.217781e+01
6990.0000 7.764378e-01
6991.2500 -7.826464e-01
6992.5000 1.047827e+01
6993.7500 1.527190e+01
6995.0000 5.468059e+00
6996.2500 1.429735e+01
6997.5000 8.190680e+00
6998.7500 1.774808e+01
7000.0000 2.541513e+01
7001.2500 8.828030e+00
7002.5000 6.499268e+00
7003.7500 1.061016e+01
7005.0000 -4.344360e-01
7006.2500 7.754580e+00
7007.5000 1.499736e+01
7008.7500 2.443452e+00
7010.0000 -2.047402e+00
7011.2500 1.254202e+01
7012.5000 8.551889e+00
7013.7500 1.270940e+01
7015.0000 2.745526e+00
7016.2500 5.699671e+00
7017.5000 9.064064e+00
7018.7500 -3.138099e-01
7020.0000 3.599214e+00
7021.2500 3.097462e+00
7022.5000 2.313284e+00
7023.7500 1.793112e+00
7025.0000 1.090199e+01
7026.2500 9.267105e+00
7027.5000 1.072400e+01
7028.7500 7.143960e+00
7030.0000 1.725987e+01
7031.2500 1.350803e+01
7032.5000 3.411726e+00
7033.7500 5.152529e+00
7035.0000 3.623489e+00
7036.2500 3.205648e+00
7037.5000 7.539658e+00
7038.7500 -5.931373e+00
7040.0000 -5.909992e+00
7041.2500 1.321337e+01
7042.5000 -9.308405e+00
7043.7500 1.051020e+00
7045.0000 -5.447896e+00
7046.2500 -2.909537e+00
7047.5000 3.992300e+01
7048.7500 1.134429e+01
7050.0000 7.251807e+00
7051.2500 3.473759e-02
7052.5000 1.482596e+01
7053.7500 2.450338e+01
7055.0000 7.802709e+00
7056.2500 -6.073799e+00
7057.5000 1.540248e+01
7058.7500 -7.410019e+00
7060.0000 1.747189e+01
7061.2500 6.331155e+00
7062.5000 1.822259e+00
7063.7500 -5.524065e+00
7065.0000 1.078217e+00
7066.2500 -1.628290e+00
7067.5000 3.424881e+00
7068.7500 -5.093425e+00
7070.0000 -8.496549e+00
7071.2500 6.945593e+00
7072.5000 -7.194596e+00
7073.7500 1.766329e+01
7075.0000 5.112946e+00
7076.2500 -5.067539e-02
7077.5000 -4.610670e+00
7078.7500 -6.931462e+00
7080.0000 4.595905e+00
7081.2500 1.320652e+01
7082.5000 5.063328e+00
7083.7500 1.553613e+01
7085.0000 -1.695335e+01
7086.2500 1.241426e+00
7087.5000 1.145543e+01
7088.7500 -3.355621e+00
7090.0000 -2.093092e+00
7091.2500 6.524724e+00
7092.5000 1.000639e+01
7093.7500 4.996593e+00
7095.0000 1.561832e+01
7096.2500 1.364877e+01
7097.5000 8.711735e+00
7098.7500 1.589894e-01
7100.0000 1.612953e+01
7101.2500 4.177560e+00
7102.5000 3.105126e+00
7103.7500 -5.104069e+00
7105.0000 -8.067142e+00
7106.2500 -6.847270e+00
7107.5000 3.089874e+00
7108.7500 1.931575e+01
7110.0000 1.895437e+01
7111.2500 8.810643e-01
7112.5000 -5.725950e-01
7113.7500 6.901711e+00
7115.0000 9.547530e+00
7116.2500 3.678894e+00
7117.5000 -5.875617e+00
7118.7500 5.949423e+00
7120.0000 5.992663e+00
7121.2500 8.631577e+00
7122.5000 1.091026e+01
7123.7500 1.966204e+00
7125.0000 6.578370e+00
7126.2500 -3.486780e+00
7127.5000 9.890471e+00
7128.7500 1.843490e+01
7130.0000 3.096672e+00
7131.2500 -9.455675e+00
7132.5000 -1.631084e+01
7133.7500 1.297997e+01
7135.0000 1.951122e+00
7136.2500 4.751319e+00
7137.5000 2.081520e+01
7138.7500 -6.217934e+00
7140.0000 2.051372e+01
7141.2500 3.678567e+00
7142.5000 9.938680e+00
7143.7500 5.247593e+00
7145.0000 -8.556170e+00
7146.2500 1.194072e+01
7147.5000 1.490566e+01
7148.7500 6.692712e+00
7150.0000 -1.394247e+01
7151.2500 -3.860058e+00
7152.5000 -1.427642e+00
7153.7500 1.489116e+00
7155.0000 6.392155e+00
7156.2500 1.403421e+01
7157.5000 1.075332e+01
7158.7500 1.371914e+01
7160.0000 3.137308e+00
7161.2500 1.268766e+01
7162.5000 -3.425090e+00
7163.7500 1.426522e+01
7165.0000 9.244522e+00
7166.2500 1.939997e+00
7167.5000 7.248374e+00
7168.7500 6.251667e+00
7170.0000 1.369517e+01
7171.2500 1.557265e+01
7172.5000 1.255028e+00
7173.7500 -8.375170e+00
7175.0000 -8.691869e+00
7176.2500 -6.968155e+00
7177.5000 6.213482e+00
7178.7500 6.540396e+00
7180.0000 1.403856e+01
7181.2500 1.158899e+01
7182.5000 9.548927e+00
7183.7500 9.239839e+00
7185.0000 1.632842e+01
7186.2500 -4.576500e+00
7187.5000 1.047803e+01
7188.7500 9.282990e+00
7190.0000 8.275908e-01
7191.2500 1.360418e+01
7192.5000 1.987301e+01
7193.7500 1.816427e+01
7195.0000 -8.022594e+00
7196.2500 5.846596e-02
7197.5000 3.732112e+00
7198.7500 1.589629e+01
7200.0000 1.056534e+01
7201.2500 1.718840e+00
7202.5000 -1.974923e+00
7203.7500 1.407616e+01
7205.0000 -6.123796e+00
7206.2500 -7.117023e+00
7207.5000 -1.661452e+00
7208.7500 -7.387629e+00
7210.0000 -6.965436e-01
7211.2500 1.667763e+00
7212.5000 2.300319e+00
7213.7500 4.044849e+00
7215.0000 -7.099851e-01
7216.2500 -4.224260e+00
7217.5000 6.730265e+00
7218.7500 6.655256e+00
7220.0000 1.333827e+01
7221.2500 1.685986e+00
7222.5000 6.730762e+00
7223.7500 5.863477e+00
7225.0000 -1.825954e+00
7226.2500 5.684118e+00
7227.5000 1.288967e+01
7228.7500 2.636498e+01
7230.0000 1.162969e+01
7231.2500 2.013863e+01
7232.5000 5.076637e+00
7233.7500 9.548340e+00
7235.0000 7.986402e+00
7236.2500 -4.799490e+00
7237.5000 -3.408048e+00
7238.7500 -2.260640e+01
7240.0000 2.500448e+01
7241.2500 5.248139e+01
7242.5000 -2.772772e+00
7243.7500 1.950624e+01
7245.0000 -3.094977e+00
7246.2500 7.269584e+00
7247.5000 1.775383e+01
7248.7500 -4.073858e+00
7250.0000 6.283727e+00
7251.2500 -1.137242e+01
7252.5000 1.936623e+01
7253.7500 -8.861210e+00
7255.0000 -1.712369e+00
7256.2500 9.504467e+00
7257.5000 -1.836600e+00
7258.7500 3.998043e+00
7260.0000 6.259880e+00
7261.2500 -2.142969e+01
7262.5000 -4.722753e+00
7263.7500 1.322472e+01
7265.0000 -5.641285e+00
7266.2500 1.214514e+00
7267.5000 3.349965e+00
7268.7500 9.509571e+00
7270.0000 7.194755e+00
7271.2500 3.246522e+00
7272.5000 2.765533e+00
7273.7500 -4.521894e+00
7275.0000 -4.459845e+01
7276.2500 3.828636e+00
7277.5000 5.031128e+01
7278.7500 2.165152e+01
7280.0000 3.120213e+00
7281.2500 7.798201e+00
7282.5000 -1.889386e+01
7283.7500 2.853749e+01
7285.0000 4.832531e+01
7286.2500 4.467100e+00
7287.5000 7.331154e+00
7288.7500 1.233022e+01
7290.0000 7.237489e+00
7291.2500 1.511256e+01
7292.5000 -4.030846e+00
7293.7500 -9.605209e+00
7295.0000 2.752842e+01
7296.2500 2.293639e+01
7297.5000 3.232395e+00
7298.7500 8.662201e+00
7300.0000 1.896310e+01
7301.2500 -1.087940e+00
7302.5000 -9.760099e+00
7303.7500 1.629063e+01
7305.0000 5.994863e+00
7306.2500 5.041587e+00
7307.5000 2.713682e-01
7308.7500 -1.507531e+01
7310.0000 -2.972277e+00
7311.2500 -6.697933e+00
7312.5000 -9.376397e+00
7313.7500 1.384134e+01
7315.0000 4.822952e+00
7316.2500 -1.371883e+01
7317.5000 4.902157e+01
7318.7500 3.479318e+00
7320.0000 -1.008576e+00
7321.2500 1.048565e+01
7322.5000 1.272582e+00
7323.7500 5.572954e+00
7325.0000 -8.211396e+00
7326.2500 7.567967e+00
7327.5000 -2.092009e+01
7328.7500 5.653902e+01
7330.0000 2.858983e+01
7331.2500 -2.099760e+01
7332.5000 -4.880241e+00
7333.7500 2.822583e+01
7335.0000 6.393825e+00
7336.2500 1.112895e+01
7337.5000 9.346462e+00
7338.7500 1.764278e+01
7340.0000 5.529705e+01
7341.2500 -2.819489e+01
7342.5000 -4.710389e+01
7343.7500 -1.121779e+01
7345.0000 9.185399e+00
7346.2500 1.493363e+01
7347.5000 1.376974e+01
7348.7500 2.961479e+01
7350.0000 2.483508e+01
7351.2500 2.179261e+01
7352.5000 -6.372675e+00
7353.7500 1.012737e+01
7355.0000 -1.081530e+01
7356.2500 8.130567e+00
7357.5000 -4.731093e+00
7358.7500 -3.244273e+00
7360.0000 1.375543e+01
7361.2500 1.222327e+01
7362.5000 9.038128e+00
7363.7500 1.780431e+01
7365.0000 1.616765e+01
7366.2500 1.190166e+01
7367.5000 -1.585390e+01
7368.7500 3.883462e+01
7370.0000 -9.432925e+01
7371.2500 -2.210793e+01
7372.5000 1.240370e+01
7373.7500 4.240921e+00
7375.0000 1.321887e+01
7376.2500 2.146108e+00
7377.5000 1.881344e+00
7378.7500 7.091825e+00
7380.0000 5.871173e+00
7381.2500 -9.319658e+00
7382.5000 2.408905e+00
7383.7500 1.230260e+01
7385.0000 -2.963924e+00
7386.2500 6.487977e+00
7387.5000 1.528218e+01
7388.7500 1.136745e-01
7390.0000 7.980698e+00
7391.2500 1.892751e+01
7392.5000 -9.153887e+00
7393.7500 -1.715062e+01
7395.0000 4.867532e+00
7396.2500 8.626063e+00
7397.5000 1.317077e+01
7398.7500 1.932103e+01
7400.0000 2.047642e+01
7401.2500 7.797235e+00
7402.5000 4.791671e+00
7403.7500 -3.255518e+01
7405.0000 1.971958e+00
7406.2500 1.525693e+01
7407.5000 1.128172e+00
7408.7500 6.681261e-01
7410.0000 4.170093e+00
7411.2500 1.709227e+00
7412.5000 8.850070e+00
7413.7500 1.512034e+00
7415.0000 6.135961e+00
7416.2500 3.722387e+00
7417.5000 -8.758979e+00
7418.7500 3.456610e+00
7420.0000 5.931280e+00
7421.2500 -4.780670e+00
7422.5000 6.277348e+00
7423.7500 -3.434000e+00
7425.0000 1.659578e+00
7426.2500 3.649819e+00
7427.5000 9.512268e+00
7428.7500 3.228574e+00
7430.0000 -2.661951e+00
7431.2500 2.544560e+01
7432.5000 6.342550e+00
7433.7500 5.528472e+00
7435.0000 4.176761e+00
7436.2500 1.442547e+00
7437.5000 -2.859763e+01
7438.7500 -3.135780e+01
7440.0000 3.360957e+00
7441.2500 9.242962e+00
7442.5000 1.413414e+01
7443.7500 5.214128e+00
7445.0000 5.102528e+00
7446.2500 7.787452e+00
7447.5000 1.539715e+01
7448.7500 7.273104e+00
7450.0000 1.652792e+01
7451.2500 -6.765142e+00
7452.5000 -3.865063e+00
7453.7500 -1.646373e+00
7455.0000 5.834896e+00
7456.2500 6.365668e+00
7457.5000 5.543200e+00
7458.7500 2.007329e+00
7460.0000 1.272357e+01
7461.2500 1.184439e+00
7462.5000 -2.066915e+00
7463.7500 6.232780e+00
7465.0000 3.815557e+00
7466.2500 -1.157701e+01
7467.5000 -1.344406e+00
7468.7500 1.464409e+01
7470.0000 1.876154e-01
7471.2500 2.997828e+01
7472.5000 1.259263e+01
7473.7500 -4.599827e+00
7475.0000 1.168573e+01
7476.2500 2.263059e+01
7477.5000 3.588792e+01
7478.7500 5.437270e+01
7480.0000 2.344249e+01
7481.2500 1.185487e+01
7482.5000 3.288453e+00
7483.7500 -2.221296e+00
7485.0000 6.179994e+00
7486.2500 8.616880e+00
7487.5000 -6.348934e+00
7488.7500 -2.840336e+00
7490.0000 -4.855866e+00
7491.2500 7.003630e+00
7492.5000 2.192774e+01
7493.7500 1.101015e+01
7495.0000 3.681450e+00
7496.2500 5.808107e+00
7497.5000 -2.436662e+00
7498.7500 1.835682e+01
7500.0000 4.293303e+00
7501.2500 5.721300e+00
7502.5000 1.204834e+01
7503.7500 9.778680e+00
7505.0000 -2.023999e+00
7506.2500 2.810017e+00
7507.5000 -1.092600e+00
7508.7500 1.610828e+01
7510.0000 2.029421e+01
7511.2500 -2.316146e+00
7512.5000 8.391815e+00
7513.7500 -1.182827e+00
7515.0000 -7.816785e+00
7516.2500 -4.994935e+00
7517.5000 1.092628e+01
7518.7500 -1.711701e+00
7520.0000 3.425375e+00
7521.2500 3.930168e+00
7522.5000 -1.863827e+01
7523.7500 -6.947987e+01
7525.0000 -2.147324e+01
7526.2500 5.586051e+00
7527.5000 -2.531166e+00
7528.7500 4.881479e+00
7530.0000 2.395228e+01
7531.2500 2.062468e+01
7532.5000 1.082519e+01
7533.7500 -1.425094e+00
7535.0000 1.115982e+00
7536.2500 1.152480e+01
7537.5000 1.361038e+01
7538.7500 1.876270e+01
7540.0000 -7.854858e+00
7541.2500 1.130172e+01
7542.5000 1.345282e+01
7543.7500 1.023971e+01
7545.0000 1.826212e+01
7546.2500 1.551392e+01
7547.5000 3.054942e+00
7548.7500 1.001323e+00
7550.0000 -1.318607e+01
7551.2500 -1.625537e+00
7552.5000 9.970638e+00
7553.7500 -5.062338e+00
7555.0000 4.792774e+00
7556.2500 7.267424e+00
7557.5000 1.800079e+01
7558.7500 1.282296e+01
7560.0000 8.803034e+00
7561.2500 -7.271101e+00
7562.5000 -6.083666e+00
7563.7500 5.259956e+00
7565.0000 1.367496e+01
7566.2500 6.836894e+00
7567.5000 9.648139e-01
7568.7500 8.224877e+00
7570.0000 -1.217129e+00
7571.2500 -2.274484e+01
7572.5000 -2.210695e+01
7573.7500 -4.532701e+00
7575.0000 3.957349e+00
7576.2500 -5.947555e+00
7577.5000 6.474589e+00
7578.7500 -5.414193e+00
7580.0000 1.864509e+01
7581.2500 -8.664676e+00
7582.5000 4.576831e+00
7583.7500 1.327998e+01
7585.0000 1.896721e+01
7586.2500 1.519648e+01
7587.5000 1.129210e+01
7588.7500 2.282240e+01
7590.0000 1.316142e+01
7591.2500 1.690276e+01
7592.5000 1.337752e+01
7593.7500 4.286408e-01
7595.0000 1.381123e+01
7596.2500 1.994863e+01
7597.5000 -1.129607e+01
7598.7500 1.443790e+01
7600.0000 -2.558768e+01
7601.2500 -2.648861e+01
7602.5000 1.441995e+01
7603.7500 -2.041704e+01
7605.0000 1.766547e+01
7606.2500 -6.542540e-01
7607.5000 -1.101744e+00
7608.7500 1.589256e+01
7610.0000 -4.413457e-01
7611.2500 -3.189456e-02
7612.5000 -1.202897e+01
7613.7500 -7.997015e+00
7615.0000 2.127890e+00
7616.2500 9.596079e+00
7617.5000 5.069557e+00
7618.7500 5.950275e+00
7620.0000 4.232195e+00
7621.2500 -1.168074e+01
7622.5000 -5.910723e+00
7623.7500 -1.339626e+01
7625.0000 -1.194348e+01
7626.2500 1.010799e+01
7627.5000 -1.087470e+01
7628.7500 4.610409e+01
7630.0000 7.985122e+00
7631.2500 -1.772606e+01
7632.5000 -3.225724e+00
7633.7500 3.539200e+00
7635.0000 9.879546e+00
7636.2500 -5.029648e+00
7637.5000 -1.692548e+00
7638.7500 -1.542375e+00
7640.0000 1.697193e+00
7641.2500 1.790282e+00
7642.5000 3.391768e+01
7643.7500 6.314592e+00
7645.0000 6.240309e+00
7646.2500 1.839976e+01
7647.5000 9.902060e+00
7648.7500 3.498639e+00
7650.0000 -5.437184e+00
7651.2500 -1.186563e+01
7652.5000 -1.772652e+01
7653.7500 2.505542e+01
7655.0000 2.562659e+01
7656.2500 1.907175e+01
7657.5000 5.715969e+00
7658.7500 6.934082e+00
7660.0000 -1.874409e+01
7661.2500 1.875124e+01
7662.5000 1.695726e+01
7663.7500 2.066891e+01
7665.0000 1.226381e+01
7666.2500 1.153105e+00
7667.5000 -2.613913e-01
7668.7500 6.725428e+00
7670.0000 1.263552e+01
7671.2500 -4.275351e+00
7672.5000 3.376726e-01
7673.7500 -1.692209e-01
7675.0000 1.949035e+00
7676.2500 1.135314e+01
7677.5000 3.721441e+00
7678.7500 3.641199e+00
7680.0000 2.238862e+01
7681.2500 1.566185e+01
7682.5000 -2.133597e+01
7683.7500 -1.424251e+00
7685.0000 -1.834591e+00
7686.2500 -2.010164e+01
7687.5000 6.742236e+00
7688.7500 2.017654e+01
7690.0000 1.364872e+01
7691.2500 1.554472e-01
7692.5000 3.028636e-01
7693.7500 2.483006e+00
7695.0000 1.390000e+01
7696.2500 -8.102341e+00
7697.5000 -8.508823e+00
7698.7500 1.990986e+01
7700.0000 7.992035e+00
7701.2500 3.540576e+00
7702.5000 7.749496e+00
7703.7500 1.663846e+01
7705.0000 5.664659e+00
7706.2500 1.355939e+01
7707.5000 1.130476e+00
7708.7500 9.760827e+00
7710.0000 -3.041176e+01
7711.2500 4.030156e+01
7712.5000 3.496689e+01
7713.7500 5.198366e+01
7715.0000 5.964475e+01
7716.2500 6.162501e+01
7717.5000 3.612681e+01
7718.7500 3.360738e+01
7720.0000 3.684698e+01
7721.2500 -7.032757e+00
7722.5000 1.004703e+01
7723.7500 6.573717e+00
7725.0000 8.795362e+00
7726.2500 1.289454e+01
7727.5000 1.743609e+01
7728.7500 4.017542e+00
7730.0000 3.645710e+00
7731.2500 3.868950e+00
7732.5000 -2.906865e+00
7733.7500 8.651258e+00
7735.0000 1.378464e+01
7736.2500 8.338971e+00
7737.5000 -2.158746e+01
7738.7500 3.549633e+00
7740.0000 9.280345e+00
7741.2500 1.333356e+01
7742.5000 -8.619928e+00
7743.7500 1.842748e+01
7745.0000 2.265525e+00
7746.2500 3.023938e+00
7747.5000 1.643780e+01
7748.7500 2.827307e+01
7750.0000 3.048435e+01
7751.2500 -6.744715e+01
7752.5000 1.120989e+01
7753.7500 -1.636576e+00
7755.0000 5.669174e+00
7756.2500 1.505302e+01
7757.5000 2.527455e+00
7758.7500 6.037048e+00
7760.0000 3.449065e+01
7761.2500 -1.622349e+01
7762.5000 7.992265e+00
7763.7500 3.478625e+00
7765.0000 -1.638344e+01
7766.2500 1.055234e+01
7767.5000 8.477722e+00
7768.7500 -9.993370e+00
7770.0000 2.874853e+00
7771.2500 -2.064875e+01
7772.5000 4.928325e+01
7773.7500 -2.734311e+01
7775.0000 -1.367922e-01
7776.2500 1.304749e+01
7777.5000 -5.829401e-01
7778.7500 -3.759382e-01
7780.0000 -1.510102e+00
7781.2500 -1.495500e+01
7782.5000 2.205122e+00
7783.7500 1.070986e+01
7785.0000 2.581161e+01
7786.2500 8.750505e+00
7787.5000 1.952891e+01
7788.7500 -3.531143e+00
7790.0000 1.183143e+01
7791.2500 -1.866475e+01
7792.5000 1.280100e+00
7793.7500 -3.220445e+00
7795.0000 -2.894186e+01
7796.2500 3.499858e+01
7797.5000 1.937887e+01
7798.7500 1.921494e+01
7800.0000 1.299776e+01
7801.2500 4.928244e+00
7802.5000 -5.354427e-01
7803.7500 2.909130e+00
7805.0000 2.030548e+00
7806.2500 -2.227915e+01
7807.5000 -4.728772e+00
7808.7500 1.897053e+01
7810.0000 -4.123026e+01
7811.2500 1.222673e+01
7812.5000 4.947014e+00
7813.7500 5.543007e+00
7815.0000 5.202584e+00
7816.2500 -7.119265e-01
7817.5000 4.038723e+00
7818.7500 1.534015e+00
7820.0000 3.323793e+01
7821.2500 -3.083067e+01
7822.5000 5.017406e+00
7823.7500 3.001183e+01
7825.0000 1.186517e+01
7826.2500 5.797251e+00
7827.5000 1.035464e+00
7828.7500 -1.070491e+01
7830.0000 -4.844954e+00
7831.2500 -6.213430e+00
7832.5000 -2.334327e+00
7833.7500 -8.172273e+00
7835.0000 -8.213906e-01
7836.2500 3.576339e+00
7837.5000 4.321051e+00
7838.7500 -8.140025e+00
7840.0000 -6.217216e+01
7841.2500 -2.056142e+01
7842.5000 8.417154e+00
7843.7500 1.650333e+01
7845.0000 4.120560e+00
7846.2500 -8.197147e-01
7847.5000 -1.185117e-01
7848.7500 -9.366969e+00
7850.0000 -1.122285e+01
7851.2500 -9.324271e+01
7852.5000 -1.426927e+01
7853.7500 -4.580917e+01
7855.0000 2.832246e+01
7856.2500 -9.528557e+00
7857.5000 -1.005452e+01
7858.7500 -2.335488e+01
7860.0000 6.182202e+01
7861.2500 4.250587e+01
7862.5000 -1.239400e+01
7863.7500 4.962693e+00
7865.0000 2.016331e+01
7866.2500 6.632051e+00
7867.5000 3.382656e+01
7868.7500 -1.391953e+01
7870.0000 -5.308485e+01
7871.2500 -1.828741e+01
7872.5000 -3.510652e+01
7873.7500 3.863685e+00
7875.0000 -1.133670e+01
7876.2500 -7.649279e-01
7877.5000 3.774004e+01
7878.7500 1.978244e+01
7880.0000 -1.019052e+01
7881.2500 1.531391e+01
7882.5000 4.830807e+01
7883.7500 -3.649844e-01
7885.0000 5.866245e+00
7886.2500 2.461349e+01
7887.5000 -7.978873e-01
7888.7500 -5.463505e+01
7890.0000 8.102884e-01
7891.2500 2.262019e+01
7892.5000 1.577034e+01
7893.7500 4.693003e+00
7895.0000 5.091629e+00
7896.2500 1.816073e+01
7897.5000 1.792089e+01
7898.7500 -9.280182e+00
7900.0000 2.901823e+00
7901.2500 1.275105e+01
7902.5000 8.297505e+00
7903.7500 1.000311e+01
7905.0000 -1.481294e+01
7906.2500 1.135344e+01
7907.5000 2.297605e+00
7908.7500 2.316970e+01
7910.0000 -3.502205e+00
7911.2500 -4.132223e+01
7912.5000 6.854355e-01
7913.7500 -2.422261e+00
7915.0000 2.683496e+01
7916.2500 4.686249e+00
7917.5000 9.960275e+00
7918.7500 -1.625251e+00
7920.0000 3.890059e+01
7921.2500 4.830482e+01
7922.5000 3.882203e+01
7923.7500 7.642393e+00
7925.0000 -4.598887e+00
7926.2500 -2.268546e+00
7927.5000 -1.593594e+01
7928.7500 4.063700e+00
7930.0000 1.313262e-01
7931.2500 -3.199464e+01
7932.5000 -1.274827e+01
7933.7500 1.288600e+01
7935.0000 5.024261e+00
7936.2500 -7.160900e+00
7937.5000 -8.394851e+00
7938.7500 -8.547278e-01
7940.0000 1.735375e+01
7941.2500 6.142298e+00
7942.5000 -3.024089e-01
7943.7500 -4.777788e+00
7945.0000 2.072529e+01
7946.2500 -5.537946e+00
7947.5000 1.921161e+01
7948.7500 1.104167e+01
7950.0000 3.033708e+01
7951.2500 2.741944e+00
7952.5000 -5.416950e+00
7953.7500 9.275244e+00
7955.0000 1.282263e+01
7956.2500 7.711731e+00
7957.5000 5.571119e+00
7958.7500 -1.251738e+01
7960.0000 -2.711453e-01
7961.2500 2.439374e+01
7962.5000 -2.383661e+01
7963.7500 2.227732e+01
7965.0000 2.644923e+01
7966.2500 1.041113e+01
7967.5000 5.033196e+00
7968.7500 1.007967e+01
7970.0000 -7.678452e+00
7971.2500 1.221979e+01
7972.5000 -1.366934e+00
7973.7500 -1.914988e+00
7975.0000 -1.424485e+00
7976.2500 -5.010884e+00
7977.5000 1.741195e+01
7978.7500 2.861459e+01
7980.0000 2.853787e+01
7981.2500 6.529143e-01
7982.5000 -3.528130e-01
7983.7500 -1.126664e+01
7985.0000 -9.788057e-01
7986.2500 4.846541e+00
7987.5000 -4.350367e+00
7988.7500 -3.109901e+00
7990.0000 1.149377e+00
7991.2500 -2.704622e+01
7992.5000 3.470948e+00
7993.7500 -4.117469e+01
7995.0000 1.317797e-01
7996.2500 1.956491e+01
7997.5000 -3.432382e+00
7998.7500 -2.989975e+00
8000.0000 1.799733e+01
8001.2500 5.793453e+00
8002.5000 4.937122e+00
8003.7500 5.891673e+00
8005.0000 -1.342672e+01
8006.2500 1.055520e+00
8007.5000 1.402074e+01
8008.7500 -1.315312e+01
8010.0000 1.136465e+01
8011.2500 7.258580e+00
8012.5000 1.725787e+01
8013.7500 2.261599e+01
8015.0000 1.904048e+01
8016.2500 3.247091e+01
8017.5000 -9.317443e+00
8018.7500 8.165481e+00
8020.0000 2.420772e+00
8021.2500 -6.395812e-01
8022.5000 7.095198e+00
8023.7500 -1.537089e+01
8025.0000 -2.473966e+01
8026.2500 -8.520033e+00
8027.5000 1.248458e+01
8028.7500 1.075990e+01
8030.0000 -2.586480e+00
8031.2500 2.770927e+01
8032.5000 1.197516e+01
8033.7500 -6.713127e+00
8035.0000 1.868676e-01
8036.2500 2.733212e-01
8037.5000 -2.961631e+00
8038.7500 -4.547603e+00
8040.0000 -1.037606e+01
8041.2500 -8.298101e+00
8042.5000 -2.470555e+00
8043.7500 -2.540253e+00
8045.0000 -3.886694e+00
8046.2500 2.645835e+01
8047.5000 4.324708e+00
8048.7500 7.927925e+00
8050.0000 1.815841e+01
8051.2500 8.532477e+00
8052.5000 1.174038e+00
8053.7500 6.464379e+00
8055.0000 1.161340e+01
8056.2500 1.412756e+01
8057.5000 7.238039e+00
8058.7500 1.469509e+01
8060.0000 -9.413282e+00
8061.2500 -1.560405e+01
8062.5000 -4.820500e+00
8063.7500 -9.577291e+00
8065.0000 1.654709e+01
8066.2500 6.256520e+00
8067.5000 6.919667e+00
8068.7500 3.158782e+00
8070.0000 -8.182173e+00
8071.2500 4.849715e+00
8072.5000 5.427440e+00
8073.7500 6.851192e+00
8075.0000 2.100708e+01
8076.2500 2.465633e+01
8077.5000 4.635664e+00
8078.7500 -2.434065e+00
8080.0000 9.709588e+00
8081.2500 -6.206802e+00
8082.5000 -4.820122e+00
8083.7500 1.499559e+01
8085.0000 3.013897e+01
8086.2500 2.218006e+01
8087.5000 8.228786e+00
8088.7500 1.791808e+01
8090.0000 -5.403473e+00
8091.2500 6.266162e+00
8092.5000 3.576164e+01
8093.7500 6.385800e+00
8095.0000 -5.778589e-01
8096.2500 -4.155777e-01
8097.5000 1.083703e+01
8098.7500 2.755767e-01
8100.0000 -1.056261e+00
8101.2500 3.383143e+01
8102.5000 6.814328e+00
8103.7500 3.104923e+01
8105.0000 6.330685e+00
8106.2500 4.425189e+00
8107.5000 4.481463e+00
8108.7500 2.401558e+00
8110.0000 2.376058e+00
8111.2500 1.752850e+01
8112.5000 1.863714e+01
8113.7500 1.449448e+01
8115.0000 2.455616e+00
8116.2500 -2.555691e+00
8117.5000 1.259423e+01
8118.7500 1.229553e+01
8120.0000 5.580209e-01
8121.2500 7.366859e+00
8122.5000 -2.190524e+01
8123.7500 4.160961e+00
8125.0000 -2.875713e-01
8126.2500 8.376061e+00
8127.5000 1.422206e+01
8128.7500 9.730019e+00
8130.0000 -7.483366e+00
8131.2500 1.724271e+00
8132.5000 4.577741e+00
8133.7500 1.571914e+01
8135.0000 2.545188e+00
8136.2500 -8.700885e+00
8137.5000 2.688815e+01
8138.7500 2.302983e+01
8140.0000 1.916106e+01
8141.2500 2.689132e+00
8142.5000 -3.240662e+00
8143.7500 1.379336e+00
8145.0000 5.007727e+00
8146.2500 2.104738e+01
8147.5000 -3.025180e+00
8148.7500 1.428920e+01
8150.0000 1.078316e+01
8151.2500 1.093050e+00
8152.5000 -2.769215e+00
8153.7500 1.168754e+01
8155.0000 2.109596e+01
8156.2500 8.890789e-01
8157.5000 1.423936e+01
8158.7500 -1.290974e+01
8160.0000 -3.334009e+00
8161.2500 8.825913e+00
8162.5000 1.415179e+00
8163.7500 -1.220105e+01
8165.0000 9.208317e+00
8166.2500 -3.475382e+00
8167.5000 1.066158e+01
8168.7500 9.575577e+00
8170.0000 8.337853e+00
8171.2500 -1.471235e+01
8172.5000 -4.178619e+00
8173.7500 2.575307e+01
8175.0000 1.425286e+01
8176.2500 1.070000e+00
8177.5000 9.827307e+00
8178.7500 7.786808e+00
8180.0000 1.614722e+01
8181.2500 1.075851e+01
8182.5000 -3.675114e+00
8183.7500 -2.232742e-02
8185.0000 -1.675464e+00
8186.2500 1.540447e+01
8187.5000 1.567518e+01
8188.7500 7.980514e-01
8190.0000 -1.544202e+01
8191.2500 -6.788549e+00
8192.5000 1.475443e+01
8193.7500 4.433726e-01
8195.0000 -1.041409e+01
8196.2500 1.026248e+01
8197.5000 -7.233117e+00
8198.7500 6.589057e+00
8200.0000 -4.343391e+00
8201.2500 1.232886e+01
8202.5000 4.548074e+00
8203.7500 1.188976e+01
8205.0000 6.886078e+00
8206.2500 2.226747e+01
8207.5000 -1.296712e+00
8208.7500 1.948216e+01
8210.0000 1.546902e+01
8211.2500 2.474350e+01
8212.5000 1.293459e+01
8213.7500 1.404678e+01
8215.0000 -5.392766e+00
8216.2500 7.029503e+00
8217.5000 -1.978444e+00
8218.7500 8.297411e+00
8220.0000 1.042119e+01
8221.2500 1.290772e+01
8222.5000 4.378439e+00
8223.7500 1.369433e+01
8225.0000 7.604169e+00
8226.2500 1.132054e+01
8227.5000 -3.090809e+00
8228.7500 9.889368e+00
8230.0000 2.702282e+00
8231.2500 3.618283e+01
8232.5000 -5.203924e+00
8233.7500 2.032655e+00
8235.0000 2.077177e+01
8236.2500 8.745679e+00
8237.5000 6.226360e+00
8238.7500 2.173623e+01
8240.0000 1.724767e+01
8241.2500 2.014913e+00
8242.5000 1.845462e+01
8243.7500 5.970132e+00
8245.0000 9.648481e+00
8246.2500 5.216565e+00
8247.5000 5.367460e+00
8248.7500 2.454338e+00
8250.0000 1.277656e+01
8251.2500 6.327261e+00
8252.5000 1.066669e+01
8253.7500 1.157598e+01
8255.0000 6.594465e+00
8256.2500 1.542395e+01
8257.5000 6.028581e+00
8258.7500 -9.497667e+00
8260.0000 2.068233e+01
8261.2500 6.169579e+00
8262.5000 1.512458e+01
8263.7500 -5.306633e+00
8265.0000 -3.809403e+00
8266.2500 -3.221519e+00
8267.5000 -5.109692e-01
8268.7500 4.199172e+00
8270.0000 -3.420289e-01
8271.2500 2.001961e+01
8272.5000 2.171576e+00
8273.7500 -1.135968e+00
8275.0000 4.752981e-01
8276.2500 1.246633e+01
8277.5000 1.413099e+01
8278.7500 2.433642e+01
8280.0000 -3.540983e+01
8281.2500 -1.611882e+01
8282.5000 3.052917e+01
8283.7500 2.839373e+01
8285.0000 2.659592e+01
8286.2500 6.332550e+00
8287.5000 2.596688e+01
8288.7500 -1.762312e+00
8290.0000 1.983954e+01
8291.2500 2.337282e+01
8292.5000 1.152937e+01
8293.7500 1.591635e+01
8295.0000 -1.882627e+01
8296.2500 -1.423063e+01
8297.5000 3.278352e+00
8298.7500 6.126694e+00
8300.0000 -1.659855e+00
8301.2500 1.401699e+01
8302.5000 -1.427187e+00
8303.7500 3.095150e+01
8305.0000 -1.124588e+00
8306.2500 -3.309681e+00
8307.5000 1.638284e+00
8308.7500 -3.467739e+00
8310.0000 1.512631e+00
8311.2500 1.909770e+00
8312.5000 2.167142e+01
8313.7500 1.330140e+01
8315.0000 3.772173e+00
8316.2500 -6.326235e+00
8317.5000 -6.566851e-01
8318.7500 1.386335e+01
8320.0000 1.017458e+01
8321.2500 3.201832e+00
8322.5000 3.751602e+00
8323.7500 1.280611e+01
8325.0000 2.320401e+01
8326.2500 1.567459e+00
8327.5000 4.806578e+00
8328.7500 7.523911e+00
8330.0000 -7.331879e+00
8331.2500 -1.433231e+01
8332.5000 1.636412e+01
8333.7500 -5.021661e+00
8335.0000 1.541674e+01
8336.2500 1.932485e+01
8337.5000 6.844128e+00
8338.7500 2.298518e+01
8340.0000 -1.481210e+01
8341.2500 4.536122e+01
8342.5000 2.911488e+01
8343.7500 5.043535e+00
8345.0000 7.829890e+00
8346.2500 -3.015670e+01
8347.5000 1.914214e+01
8348.7500 1.358307e+01
8350.0000 5.969597e+00
8351.2500 -3.817501e+01
8352.5000 3.054904e+01
8353.7500 -5.270689e+01
8355.0000 4.873450e+01
8356.2500 -8.897672e-01
8357.5000 2.005210e+01
8358.7500 4.560719e+00
8360.0000 -1.644248e+01
8361.2500 3.083385e+01
8362.5000 2.444626e+00
8363.7500 3.782172e+01
8365.0000 6.869285e+01
8366.2500 8.735161e+00
8367.5000 1.371887e+01
8368.7500 -4.129655e+00
8370.0000 -7.386862e+00
8371.2500 6.528769e+00
8372.5000 8.935421e+00
8373.7500 -5.613464e-01
8375.0000 3.040226e+00
8376.2500 -1.658359e+01
8377.5000 2.790116e+00
8378.7500 2.141435e+01
8380.0000 -6.086984e+00
8381.2500 -9.863071e+00
8382.5000 3.539426e+01
8383.7500 1.000468e+01
8385.0000 2.334119e+01
8386.2500 4.920031e+00
8387.5000 9.805489e+00
8388.7500 -4.863834e+00
8390.0000 -1.029974e+01
8391.2500 2.340781e+00
8392.5000 3.291037e+00
8393.7500 -9.367042e-01
8395.0000 -3.120712e+00
8396.2500 -4.985317e+00
8397.5000 1.619954e+01
8398.7500 1.119783e+00
8400.0000 3.047445e-01
8401.2500 1.298544e+01
8402.5000 1.740459e+01
8403.7500 6.234886e+00
8405.0000 6.263027e+00
8406.2500 -2.344363e+00
8407.5000 -7.599938e+00
8408.7500 -3.374720e-02
8410.0000 -7.576415e+00
8411.2500 8.997978e+00
8412.5000 1.237414e-01
8413.7500 2.974617e+01
8415.0000 9.556847e+00
8416.2500 -6.916437e+00
8417.5000 1.643164e+01
8418.7500 1.704846e+01
8420.0000 -1.252656e-01
8421.2500 1.318495e+01
8422.5000 -5.580429e+00
8423.7500 -2.603520e+01
8425.0000 6.919504e+00
8426.2500 8.025167e+00
8427.5000 -2.713781e+01
8428.7500 5.025873e+00
8430.0000 4.550970e+00
8431.2500 7.916090e+00
8432.5000 5.465422e+01
8433.7500 1.300723e+01
8435.0000 1.759416e+01
8436.2500 4.993038e+00
8437.5000 -3.367609e+00
8438.7500 2.865033e+01
8440.0000 -1.047200e+01
8441.2500 1.174401e+01
8442.5000 1.099191e+01
8443.7500 1.852115e+01
8445.0000 -7.998958e+00
8446.2500 1.701955e+01
8447.5000 1.338416e+01
8448.7500 3.016627e+01
8450.0000 -3.389721e+01
8451.2500 7.216817e+00
8452.5000 4.513295e+01
8453.7500 1.604068e+00
8455.0000 1.688752e+01
8456.2500 -3.354665e+00
8457.5000 -1.565790e+01
8458.7500 8.022202e+00
8460.0000 -5.768151e-01
8461.2500 1.545936e+00
8462.5000 7.463373e+00
8463.7500 4.844662e+01
8465.0000 -1.827879e-01
8466.2500 1.497353e+01
8467.5000 6.394470e+01
8468.7500 7.167396e+00
8470.0000 5.409418e-01
8471.2500 1.259487e+01
8472.5000 4.888110e-01
8473.7500 2.117558e+01
8475.0000 1.402756e+01
8476.2500 1.042794e+01
8477.5000 -1.441545e+01
8478.7500 9.693717e+00
8480.0000 1.534542e+00
8481.2500 1.536766e+01
8482.5000 1.846047e+01
8483.7500 4.171917e+00
8485.0000 1.945004e+01
8486.2500 7.818451e+00
8487.5000 7.517054e+00
8488.7500 -9.336092e+00
8490.0000 8.111868e+00
8491.2500 -7.835875e+00
8492.5000 3.185517e+01
8493.7500 1.688002e+01
8495.0000 2.635867e+00
8496.2500 2.720339e+00
8497.5000 1.419040e+01
8498.7500 1.279066e+01
8500.0000 1.005957e+00
8501.2500 1.323141e+01
8502.5000 -1.702912e+01
8503.7500 -3.042274e+01
8505.0000 2.861784e+01
8506.2500 8.295919e+00
8507.5000 1.902177e+01
8508.7500 -9.559198e-01
8510.0000 9.927557e+00
8511.2500 2.484139e+01
8512.5000 -6.713203e+00
8513.7500 -2.773728e+00
8515.0000 1.155873e+01
8516.2500 1.380888e+01
8517.5000 6.944289e+00
8518.7500 -1.093466e+00
8520.0000 -1.347119e+00
8521.2500 6.017432e+00
8522.5000 7.901173e-01
8523.7500 4.951725e+00
8525.0000 1.352406e+00
8526.2500 -2.005444e+00
8527.5000 1.090401e+01
8528.7500 -7.810188e+00
8530.0000 -4.748695e+00
8531.2500 9.224475e+00
8532.5000 1.026240e+01
8533.7500 7.901720e-01
8535.0000 -3.779716e+00
8536.2500 3.278900e+00
8537.5000 -3.583314e+00
8538.7500 1.371288e+00
8540.0000 3.268599e+01
8541.2500 2.245583e+01
8542.5000 7.038913e+00
8543.7500 9.362835e+00
8545.0000 1.716203e+01
8546.2500 -3.766543e+00
8547.5000 -6.974652e+01
8548.7500 -1.966772e+01
8550.0000 1.681107e+01
8551.2500 2.029936e+01
8552.5000 5.580552e+00
8553.7500 1.925846e+01
8555.0000 4.138330e+00
8556.2500 5.620055e+00
8557.5000 8.073881e+00
8558.7500 -1.341139e+01
8560.0000 8.110902e+00
8561.2500 -5.148476e-01
8562.5000 -1.208222e+01
8563.7500 -1.247406e+01
8565.0000 -1.033265e+01
8566.2500 -1.140669e+01
8567.5000 -5.851787e+00
8568.7500 4.978147e+00
8570.0000 -1.548253e+00
8571.2500 1.250324e+01
8572.5000 2.159641e+01
8573.7500 -4.347842e+00
8575.0000 1.220876e+01
8576.2500 -5.610572e+00
8577.5000 1.593158e+01
8578.7500 1.039271e+01
8580.0000 2.076357e+01
8581.2500 -5.538648e+00
8582.5000 9.008937e+00
8583.7500 2.979503e+01
8585.0000 1.304123e+01
8586.2500 1.789728e+01
8587.5000 1.272543e+01
8588.7500 7.285502e+00
8590.0000 2.170621e+01
8591.2500 -3.382680e+00
8592.5000 -1.873600e+01
8593.7500 9.483313e+00
8595.0000 1.602509e+01
8596.2500 -1.629320e+01
8597.5000 1.947145e+01
8598.7500 -4.040180e+00
8600.0000 1.734747e+01
8601.2500 2.121833e+00
8602.5000 -1.094810e+01
8603.7500 -1.265293e+01
8605.0000 -7.967729e+00
8606.2500 8.101960e+00
8607.5000 6.802264e+00
8608.7500 -9.949766e+00
8610.0000 2.371141e+00
8611.2500 1.051680e+01
8612.5000 1.159279e+01
8613.7500 6.735172e+00
8615.0000 7.622237e-01
8616.2500 2.689467e+00
8617.5000 -5.933956e+00
8618.7500 6.734394e+00
8620.0000 -2.003621e+01
8621.2500 -3.745668e+01
8622.5000 -4.394498e+01
8623.7500 3.257248e+01
8625.0000 4.933702e+01
8626.2500 -8.844290e+00
8627.5000 4.231341e+00
8628.7500 1.574086e+01
8630.0000 7.513827e+00
8631.2500 -2.786926e+01
8632.5000 4.801287e+01
8633.7500 -1.243931e+01
8635.0000 -5.754494e+00
8636.2500 1.045708e+01
8637.5000 1.674445e+01
8638.7500 -2.505867e+01
8640.0000 2.661977e+01
8641.2500 8.887405e+00
8642.5000 2.482878e+01
8643.7500 -1.210551e+01
8645.0000 -2.289719e+01
8646.2500 3.838650e+01
8647.5000 1.087796e+01
8648.7500 -2.004886e+01
8650.0000 3.201411e+01
8651.2500 3.017649e+01
8652.5000 2.860786e+01
8653.7500 2.024314e+01
8655.0000 -7.841326e+00
8656.2500 2.404818e+01
8657.5000 1.598198e+01
8658.7500 1.452534e+01
8660.0000 -6.752778e+00
8661.2500 -3.250016e+01
8662.5000 -3.397338e+00
8663.7500 9.819155e-01
8665.0000 3.723553e+01
8666.2500 1.024810e+01
8667.5000 5.950732e-01
8668.7500 1.927808e+01
8670.0000 -2.987696e+01
8671.2500 -7.114176e+00
8672.5000 2.413462e+01
8673.7500 -5.457771e-01
8675.0000 -1.025010e+01
8676.2500 -1.172165e+01
8677.5000 3.979566e+00
8678.7500 3.710877e-01
8680.0000 2.236776e+01
8681.2500 1.275166e+01
8682.5000 4.006474e+00
8683.7500 2.539737e+01
8685.0000 1.491946e+01
8686.2500 1.385286e+00
8687.5000 -6.498106e+00
8688.7500 -4.125326e-01
8690.0000 -9.417833e+00
8691.2500 -1.401377e+01
8692.5000 3.282969e+01
8693.7500 2.457479e+01
8695.0000 5.280440e-01
8696.2500 1.052578e+01
8697.5000 5.503429e+00
8698.7500 1.372901e+00
8700.0000 -3.107568e+00
8701.2500 -1.115901e+01
8702.5000 1.462999e+01
8703.7500 5.172108e-01
8705.0000 1.652512e+01
8706.2500 1.198933e+01
8707.5000 4.177460e+00
8708.7500 5.442043e+00
8710.0000 2.122881e+01
8711.2500 -1.518885e+01
8712.5000 8.907725e+00
8713.7500 6.512192e+00
8715.0000 1.128263e+01
8716.2500 -1.439499e+01
8717.5000 -8.171058e+00
8718.7500 3.192806e+00
8720.0000 2.595271e+00
8721.2500 -1.034483e+01
8722.5000 1.373624e+01
8723.7500 -8.079271e+00
8725.0000 5.184656e-01
8726.2500 -1.433664e+01
8727.5000 1.979021e+01
8728.7500 2.141141e+01
8730.0000 4.167432e+00
8731.2500 -9.145726e+00
8732.5000 3.128243e+00
8733.7500 7.241444e+00
8735.0000 -5.405383e+00
8736.2500 6.823914e+00
8737.5000 4.172885e-01
8738.7500 9.331128e+00
8740.0000 6.739873e+00
8741.2500 -1.825739e-01
8742.5000 1.536987e+01
8743.7500 2.424902e+01
8745.0000 -1.284848e-01
8746.2500 1.229431e+01
8747.5000 3.706117e+00
8748.7500 1.984692e-02
8750.0000 4.896896e+00
8751.2500 1.147311e+01
8752.5000 2.773922e+01
8753.7500 -1.084287e+01
8755.0000 8.927464e+00
8756.2500 2.989051e+00
8757.5000 -3.495356e+01
8758.7500 -3.238296e+01
8760.0000 3.960205e+01
8761.2500 -6.125611e+01
8762.5000 1.058148e+01
8763.7500 3.360977e+01
8765.0000 3.705855e+01
8766.2500 -1.051385e+01
8767.5000 -8.557956e+00
8768.7500 -2.151122e+01
8770.0000 6.521416e+01
8771.2500 1.550447e+01
8772.5000 -6.319829e+00
8773.7500 -3.433968e+01
8775.0000 -6.326258e+01
8776.2500 9.738496e+01
8777.5000 7.822285e+01
8778.7500 -4.947290e+01
8780.0000 1.353579e+01
8781.2500 2.270248e+01
8782.5000 -1.136534e+01
8783.7500 6.625955e+00
8785.0000 2.609080e+01
8786.2500 -1.836385e+00
8787.5000 2.456320e+01
8788.7500 -1.665197e+01
8790.0000 6.467786e+01
8791.2500 5.003562e+01
8792.5000 9.499352e+00
8793.7500 2.469930e+01
8795.0000 -1.318684e+01
8796.2500 -1.404267e+01
8797.5000 1.855218e+01
8798.7500 1.208190e+01
8800.0000 -2.191005e+00
8801.2500 -5.871786e-01
8802.5000 -3.513495e+00
8803.7500 5.817286e+00
8805.0000 8.918759e-01
8806.2500 8.121095e+00
8807.5000 -5.401277e+00
8808.7500 1.307940e+00
8810.0000 1.424752e+00
8811.2500 7.651002e-01
8812.5000 3.779398e+00
8813.7500 -2.758610e+00
8815.0000 -3.042962e+00
8816.2500 -7.502004e-01
8817.5000 1.158724e+01
8818.7500 6.294214e+00
8820.0000 5.090585e-01
8821.2500 1.348911e+01
8822.5000 3.983095e+00
8823.7500 3.332752e+01
8825.0000 5.510440e+01
8826.2500 1.471620e+00
8827.5000 -1.223682e+01
8828.7500 -5.277154e+01
8830.0000 9.356618e+01
8831.2500 -1.750987e+01
8832.5000 -3.946503e+01
8833.7500 -3.192825e-01
8835.0000 -8.285976e+00
8836.2500 6.642997e+01
8837.5000 4.538525e+01
8838.7500 4.302582e+01
8840.0000 5.239308e+00
8841.2500 -1.180144e+01
8842.5000 8.963553e+00
8843.7500 6.465896e+00
8845.0000 8.533104e+00
8846.2500 7.994799e+00
8847.5000 -2.154917e+00
8848.7500 -4.842259e+01
8850.0000 -1.536485e+01
8851.2500 3.307651e+01
8852.5000 1.085879e+01
8853.7500 7.992208e+00
8855.0000 1.766538e+01
8856.2500 5.876677e+00
8857.5000 -4.399738e+00
8858.7500 -1.635050e+01
8860.0000 -1.376465e+01
8861.2500 -2.577162e+00
8862.5000 -7.828215e+00
8863.7500 3.095907e+01
8865.0000 1.381122e+00
8866.2500 -7.111710e+01
8867.5000 -6.189277e+01
8868.7500 -2.474667e+01
8870.0000 1.579339e+01
8871.2500 -1.141969e+01
8872.5000 -6.967325e+00
8873.7500 -7.468325e-01
8875.0000 -9.452006e+00
8876.2500 1.244098e+01
8877.5000 9.319239e+00
8878.7500 6.503507e+00
8880.0000 8.257423e+00
8881.2500 -9.975308e+00
8882.5000 5.469895e+01
8883.7500 -6.115104e+01
8885.0000 -4.846766e+00
8886.2500 -1.362541e+01
8887.5000 4.090892e+01
8888.7500 3.791398e+01
8890.0000 -7.154106e+00
8891.2500 5.486591e+00
8892.5000 6.633384e+00
8893.7500 -8.767035e+00
8895.0000 3.110643e+00
8896.2500 -1.377791e-02
8897.5000 -2.382127e+01
8898.7500 -7.180296e+00
8900.0000 2.425541e+01
8901.2500 -3.538117e+01
8902.5000 1.470856e+01
8903.7500 9.541895e+01
8905.0000 -9.254185e+00
8906.2500 1.671720e+01
8907.5000 6.105647e+00
8908.7500 2.367627e+01
8910.0000 1.548578e+01
8911.2500 1.765645e+01
8912.5000 7.971388e+00
8913.7500 -7.436624e-01
8915.0000 2.868733e+01
8916.2500 4.780825e+01
8917.5000 1.506331e+01
8918.7500 1.814291e+01
8920.0000 -5.547657e+00
8921.2500 -5.711093e+01
8922.5000 5.380022e+01
8923.7500 1.405457e+01
8925.0000 1.206088e+01
8926.2500 1.196802e+00
8927.5000 1.526314e+01
8928.7500 -8.130507e+00
8930.0000 -1.687357e+01
8931.2500 -1.384949e+01
8932.5000 -1.119198e+01
8933.7500 -1.393284e+01
8935.0000 -1.965563e+00
8936.2500 5.217922e+00
8937.5000 -1.485874e+01
8938.7500 -2.493013e+01
8940.0000 1.214837e+01
8941.2500 -4.318385e+01
8942.5000 1.556932e+01
8943.7500 -5.099462e+01
8945.0000 -2.045804e+01
8946.2500 2.840934e+01
8947.5000 3.391260e-01
8948.7500 4.942828e+00
8950.0000 -1.845791e+00
8951.2500 6.490166e-01
8952.5000 -1.218710e+01
8953.7500 -7.394412e+00
8955.0000 6.101285e+00
8956.2500 4.206062e+01
8957.5000 5.953552e+00
8958.7500 5.426621e+01
8960.0000 5.489304e+01
8961.2500 3.931267e+01
8962.5000 -5.003148e-01
8963.7500 -1.623665e+01
8965.0000 1.619112e+00
8966.2500 2.500908e+01
8967.5000 -9.010268e+00
8968.7500 -1.525313e+01
8970.0000 2.324303e+01
8971.2500 7.135394e+00
8972.5000 1.116437e+01
8973.7500 1.726856e+00
8975.0000 1.052075e+01
8976.2500 -1.317255e+01
8977.5000 2.230177e+01
8978.7500 1.167894e+01
8980.0000 -3.456383e+00
8981.2500 -9.377782e-01
8982.5000 -4.420479e+00
8983.7500 2.674166e+01
8985.0000 3.278372e+01
8986.2500 -3.322776e+01
8987.5000 4.432587e+01
8988.7500 1.792643e+01
8990.0000 -2.139504e+01
8991.2500 1.229689e+01
8992.5000 2.768422e+01
8993.7500 5.076280e-01
8995.0000 1.867050e+01
8996.2500 -8.098466e+00
8997.5000 -2.916796e-01
8998.7500 1.253317e+01
9000.0000 2.843729e+01
9001.2500 3.320652e+01
9002.5000 1.112702e+02
9003.7500 5.502308e+01
9005.0000 9.681715e+00
9006.2500 -7.485252e+00
9007.5000 8.913147e+00
9008.7500 2.201058e+01
9010.0000 1.921616e+01
9011.2500 -5.262203e+00
9012.5000 7.644195e+00
9013.7500 1.447792e+01
9015.0000 2.617916e+01
9016.2500 7.392380e+00
9017.5000 1.067620e+01
9018.7500 1.877995e+01
9020.0000 1.291707e+01
9021.2500 3.289232e+01
9022.5000 8.921242e+00
9023.7500 1.899961e+01
9025.0000 9.047110e+00
9026.2500 1.220506e+01
9027.5000 2.413534e+01
9028.7500 3.706970e+01
9030.0000 1.265588e+00
9031.2500 6.070950e+00
9032.5000 7.590046e-01
9033.7500 1.957803e+00
9035.0000 -3.613934e+01
9036.2500 -6.443641e+00
9037.5000 2.013680e+01
9038.7500 3.901323e+00
9040.0000 3.217995e+01
9041.2500 2.085211e+01
9042.5000 2.514528e+01
9043.7500 -1.226824e+01
9045.0000 -1.961172e+00
9046.2500 1.239062e+01
9047.5000 2.921536e-01
9048.7500 2.077748e+01
9050.0000 -2.443516e+01
9051.2500 -3.637326e+00
9052.5000 1.460536e+01
9053.7500 3.217170e+01
9055.0000 1.052668e+01
9056.2500 4.926948e+00
9057.5000 -2.209683e+00
9058.7500 3.696268e+00
9060.0000 7.506976e+00
9061.2500 7.892317e+00
9062.5000 5.943711e-01
9063.7500 -2.442651e+00
9065.0000 -1.302439e+00
9066.2500 4.273627e+00
9067.5000 4.292089e+01
9068.7500 -9.867096e-02
9070.0000 -1.173324e+01
9071.2500 -5.619365e+00
9072.5000 -8.875491e+00
9073.7500 -1.079618e+01
9075.0000 2.149798e+01
9076.2500 -1.787418e+00
9077.5000 -1.435725e+01
9078.7500 -6.651952e+00
9080.0000 4.294736e+00
9081.2500 2.291143e+01
9082.5000 -9.013960e-01
9083.7500 -7.556882e+00
9085.0000 1.426249e+01
9086.2500 -2.217999e+00
9087.5000 6.220073e+00
9088.7500 2.034241e+01
9090.0000 9.675055e-01
9091.2500 -1.020506e+01
9092.5000 5.075450e+01
9093.7500 9.633132e+00
9095.0000 1.621123e+01
9096.2500 1.149708e+01
9097.5000 1.009435e+01
9098.7500 1.478629e+01
9100.0000 -4.085777e+00
9101.2500 -6.808541e+00
9102.5000 3.495654e+01
9103.7500 3.019083e+01
9105.0000 1.984251e+01
9106.2500 1.211191e+01
9107.5000 2.698297e+00
9108.7500 3.434647e+00
9110.0000 -1.999542e+01
9111.2500 -1.884904e+01
9112.5000 6.134402e+00
9113.7500 2.055395e+01
9115.0000 -1.530341e+01
9116.2500 -1.439226e+01
9117.5000 -9.721331e+00
9118.7500 1.016890e+01
9120.0000 9.640779e+00
9121.2500 3.480089e+00
9122.5000 8.498312e+00
9123.7500 1.256071e+01
9125.0000 -3.582036e+00
9126.2500 -1.231337e+01
9127.5000 -4.466045e+00
9128.7500 1.926169e+00
9130.0000 9.764496e+00
9131.2500 1.055439e+01
9132.5000 3.132780e+00
9133.7500 8.115023e+00
9135.0000 2.333021e+00
9136.2500 -4.355533e+00
9137.5000 1.207756e+01
9138.7500 2.179532e+01
9140.0000 1.269985e+01
9141.2500 1.417148e+01
9142.5000 4.134283e+00
9143.7500 1.046733e+01
9145.0000 3.020694e+01
9146.2500 2.019183e+01
9147.5000 -1.562565e+00
9148.7500 6.294630e+00
9150.0000 -3.890688e+01
9151.2500 -2.405013e+01
9152.5000 7.218946e+00
9153.7500 1.475795e+01
9155.0000 -1.590224e+01
9156.2500 2.572237e+01
9157.5000 1.460091e+00
9158.7500 -3.026060e+00
9160.0000 4.228168e+01
9161.2500 -1.308170e+01
9162.5000 2.470998e+01
9163.7500 -1.534636e+00
9165.0000 -2.789824e+00
9166.2500 1.012028e+00
9167.5000 2.722731e+01
9168.7500 1.830139e+01
9170.0000 -7.028546e-01
9171.2500 1.048098e+00
9172.5000 1.279167e+01
9173.7500 -1.586127e+00
9175.0000 1.595359e+01
9176.2500 4.181205e-01
9177.5000 2.274385e+00
9178.7500 5.127710e+00
9180.0000 -1.581778e+01
9181.2500 -6.936321e+00
9182.5000 -3.222979e+00
9183.7500 -4.910222e+00
9185.0000 4.691975e-01
9186.2500 1.299134e+01
9187.5000 2.433029e+01
9188.7500 6.535856e+00
9190.0000 1.039694e+01
9191.2500 1.679451e+01
9192.5000 -9.845454e-01
9193.7500 -1.613373e+01
9195.0000 -1.544195e+01
9196.2500 7.934438e+00
9197.5000 5.003725e+00
9198.7500 3.396272e+00
9200.0000 2.103107e+00
9201.2500 -7.066063e+00
9202.5000 1.810160e+01
9203.7500 1.302929e+01
9205.0000 1.969166e+01
9206.2500 3.278606e+01
9207.5000 -9.990854e+00
9208.7500 -3.578937e-01
9210.0000 -1.289697e+00
9211.2500 6.115585e+00
9212.5000 1.065975e+01
9213.7500 7.896128e+00
9215.0000 -1.453243e+01
9216.2500 -2.726343e+01
9217.5000 4.120853e+01
9218.7500 2.460416e+01
9220.0000 -1.079721e+00
9221.2500 -1.157863e+01
9222.5000 -1.720952e+01
9223.7500 -1.568904e+01
9225.0000 4.444942e+01
9226.2500 2.325175e+01
9227.5000 1.271679e+01
9228.7500 -1.076327e+01
9230.0000 6.939032e+00
9231.2500 2.162653e+01
9232.5000 -4.626566e+00
9233.7500 -9.056393e+00
9235.0000 1.041373e+01
9236.2500 2.606355e+00
9237.5000 -7.808117e+00
9238.7500 7.832421e+00
9240.0000 1.117393e+01
9241.2500 8.900522e+00
9242.5000 1.122615e+01
9243.7500 2.935537e+00
9245.0000 -1.390206e+01
9246.2500 -2.262945e-01
9247.5000 -2.090440e+01
9248.7500 7.065359e+00
9250.0000 -1.116679e+00
9251.2500 6.284446e+00
9252.5000 1.943514e+00
9253.7500 2.052198e+00
9255.0000 5.974014e+00
9256.2500 1.539635e+01
9257.5000 7.844404e+00
9258.7500 -1.644214e+01
9260.0000 2.785830e-01
9261.2500 -9.422756e+00
9262.5000 2.367033e+01
9263.7500 1.827675e+01
9265.0000 -3.018285e+01
9266.2500 3.074789e+01
9267.5000 1.411341e+01
9268.7500 -1.419653e+01
9270.0000 -7.613568e+00
9271.2500 3.295799e+00
9272.5000 1.569949e+00
9273.7500 2.830834e+01
9275.0000 2.419984e+01
9276.2500 3.076137e+00
9277.5000 -1.336226e+01
9278.7500 -1.238169e+01
9280.0000 -1.962467e+01
9281.2500 -7.005877e+00
9282.5000 3.268333e+00
9283.7500 -1.680196e+01
9285.0000 -1.560482e+01
9286.2500 2.759582e-02
9287.5000 2.339831e+01
9288.7500 2.313008e+01
9290.0000 -2.401353e+00
9291.2500 -1.734275e+01
9292.5000 -1.060093e+01
9293.7500 1.438707e+01
9295.0000 5.797546e+00
9296.2500 -8.079420e+00
9297.5000 -1.045568e+01
9298.7500 9.733720e-01
9300.0000 2.510697e+00
9301.2500 3.970881e+00
9302.5000 -1.247004e+01
9303.7500 -9.198141e+01
9305.0000 -9.582085e+01
9306.2500 -1.067449e+02
9307.5000 -6.164610e+01
9308.7500 1.027355e+02
9310.0000 3.288614e+01
9311.2500 -1.660830e+02
9312.5000 2.387878e+02
9313.7500 -1.174857e+02
9315.0000 -2.940835e+02
9316.2500 -4.127874e+01
9317.5000 -3.994228e+01
9318.7500 4.086998e+01
9320.0000 3.021850e+00
9321.2500 -6.304558e+01
9322.5000 -1.841154e+02
9323.7500 -4.418737e+01
9325.0000 -2.294036e+01
9326.2500 -1.935433e+01
9327.5000 1.264186e+01
9328.7500 -2.529638e+01
9330.0000 -4.038812e+01
9331.2500 -2.020314e+01
9332.5000 1.601287e+01
9333.7500 -1.609521e+01
9335.0000 -6.092453e+01
9336.2500 -9.152076e+01
9337.5000 -4.923497e+01
9338.7500 2.381906e+01
9340.0000 1.028453e+02
9341.2500 4.486643e+01
9342.5000 2.082267e+00
9343.7500 -2.941203e+01
9345.0000 1.098964e+01
9346.2500 -1.581896e+01
9347.5000 -1.738731e+01
9348.7500 9.546978e+00
9350.0000 5.261664e+01
