# original catalogue: arc_list.txt
# original data-cube: ../muse_ne/MACSJ0416_NE_DATACUBE_FINAL_caminha_zap.fits
# source ID: 2
# number of extracted pixels: 25
# extracted position: 64.039218 -24.070345
# wavelenth[Angstrom], flux[10**(-20)*erg/s/cm**2/Angstrom]
4750.0000 1.555273e+01
4751.2500 2.466716e+01
4752.5000 8.045937e+01
4753.7500 -5.280437e+00
4755.0000 -2.188151e+01
4756.2500 3.677800e+01
4757.5000 6.918719e+01
4758.7500 -4.404807e+01
4760.0000 6.123878e+00
4761.2500 2.355720e+01
4762.5000 1.592044e+01
4763.7500 5.242752e+01
4765.0000 5.741654e+01
4766.2500 1.986169e+01
4767.5000 2.701741e+01
4768.7500 9.586572e+00
4770.0000 1.379449e+01
4771.2500 4.997132e+01
4772.5000 4.005075e+00
4773.7500 1.261824e+01
4775.0000 5.071166e+01
4776.2500 -1.186696e+01
4777.5000 2.033268e+01
4778.7500 -1.318583e+00
4780.0000 4.277493e+00
4781.2500 2.098809e+01
4782.5000 4.776079e+00
4783.7500 7.579668e+00
4785.0000 -7.251368e-01
4786.2500 4.671745e+01
4787.5000 2.693373e+01
4788.7500 -2.877246e+00
4790.0000 -1.812789e+01
4791.2500 6.128313e+01
4792.5000 2.532162e+01
4793.7500 1.249169e+01
4795.0000 4.198198e+01
4796.2500 -8.399926e+00
4797.5000 8.225626e+00
4798.7500 -1.948996e+01
4800.0000 -9.024620e-03
4801.2500 1.028238e+01
4802.5000 1.264339e+01
4803.7500 4.725275e+01
4805.0000 2.338166e+01
4806.2500 1.668792e+01
4807.5000 1.112475e+01
4808.7500 -3.908668e-01
4810.0000 -5.383142e+00
4811.2500 -8.743076e+00
4812.5000 4.340933e+00
4813.7500 3.118164e+01
4815.0000 -1.777648e+00
4816.2500 1.820278e+00
4817.5000 1.896779e+01
4818.7500 1.706669e+01
4820.0000 -9.315957e+00
4821.2500 3.292348e+01
4822.5000 1.267466e+01
4823.7500 5.639269e-01
4825.0000 9.385066e+00
4826.2500 5.721908e+00
4827.5000 3.502189e+00
4828.7500 -1.047484e+01
4830.0000 1.148234e+01
4831.2500 3.276120e+01
4832.5000 2.112850e+01
4833.7500 1.686714e+01
4835.0000 4.046252e+01
4836.2500 4.208241e+01
4837.5000 3.648232e+01
4838.7500 2.031867e+01
4840.0000 2.221541e+01
4841.2500 2.890095e+01
4842.5000 -1.189864e+00
4843.7500 4.663498e+01
4845.0000 2.026707e+01
4846.2500 2.016425e+01
4847.5000 3.675466e+01
4848.7500 6.441703e+00
4850.0000 -1.347928e+00
4851.2500 2.034072e+01
4852.5000 2.964399e+01
4853.7500 1.170628e+01
4855.0000 1.360611e+01
4856.2500 -2.317815e+01
4857.5000 1.817552e+01
4858.7500 2.315075e+01
4860.0000 -1.312541e+00
4861.2500 1.103061e+01
4862.5000 -1.071249e+01
4863.7500 -1.204422e+01
4865.0000 2.631991e+01
4866.2500 3.748505e+01
4867.5000 -6.323275e+00
4868.7500 6.792038e+00
4870.0000 1.566539e+01
4871.2500 -3.146985e+00
4872.5000 9.685242e+00
4873.7500 1.367897e+01
4875.0000 1.622622e+01
4876.2500 1.030277e+01
4877.5000 3.499366e+01
4878.7500 2.610762e+00
4880.0000 -8.396196e-01
4881.2500 -4.252391e+00
4882.5000 2.536541e+01
4883.7500 6.348942e+01
4885.0000 2.339231e+01
4886.2500 3.779753e+01
4887.5000 2.202033e+01
4888.7500 -2.767773e+00
4890.0000 -6.996360e+00
4891.2500 2.913460e+00
4892.5000 2.293565e+01
4893.7500 1.057251e-01
4895.0000 1.902060e+01
4896.2500 3.829977e+01
4897.5000 1.922031e+01
4898.7500 2.669981e+01
4900.0000 2.752966e+01
4901.2500 2.883357e+01
4902.5000 1.065494e+01
4903.7500 9.549727e+00
4905.0000 4.746953e+01
4906.2500 1.294743e+01
4907.5000 3.223639e+01
4908.7500 3.132854e+01
4910.0000 7.539632e+00
4911.2500 1.395671e+01
4912.5000 1.951853e+01
4913.7500 1.704922e+01
4915.0000 3.216082e+01
4916.2500 2.368343e+01
4917.5000 -9.681716e+00
4918.7500 -1.119022e+01
4920.0000 -2.134564e+01
4921.2500 2.643344e+01
4922.5000 1.721957e+01
4923.7500 -9.956611e+00
4925.0000 8.463615e+00
4926.2500 2.140662e+01
4927.5000 2.798816e+01
4928.7500 2.705907e+01
4930.0000 2.952580e+01
4931.2500 3.403526e+01
4932.5000 4.242252e+01
4933.7500 2.008887e+01
4935.0000 3.009087e+01
4936.2500 3.044809e+01
4937.5000 2.235094e+01
4938.7500 -9.307903e+00
4940.0000 1.004546e+01
4941.2500 3.721354e+01
4942.5000 6.219696e+00
4943.7500 5.010293e+00
4945.0000 -1.345193e+01
4946.2500 -3.088720e-01
4947.5000 1.838770e+01
4948.7500 2.711569e+01
4950.0000 4.929229e+01
4951.2500 2.623212e+01
4952.5000 3.122180e+00
4953.7500 3.154773e+01
4955.0000 1.459611e+01
4956.2500 1.944281e+01
4957.5000 4.806192e+00
4958.7500 8.333230e+00
4960.0000 2.288059e+01
4961.2500 -2.052258e+00
4962.5000 3.566738e+01
4963.7500 2.790535e+01
4965.0000 1.658950e+01
4966.2500 3.207843e+01
4967.5000 1.520991e+01
4968.7500 7.597456e+00
4970.0000 4.769314e+01
4971.2500 -6.104538e+00
4972.5000 2.754916e+00
4973.7500 7.253826e+00
4975.0000 1.668677e+01
4976.2500 4.734468e+00
4977.5000 7.623293e-01
4978.7500 5.283494e+01
4980.0000 4.076286e+01
4981.2500 1.767038e+01
4982.5000 2.409254e+01
4983.7500 8.563850e+00
4985.0000 2.063603e+00
4986.2500 2.367959e+01
4987.5000 2.260358e+01
4988.7500 2.339742e+01
4990.0000 4.643762e+01
4991.2500 4.081920e+00
4992.5000 2.733821e+01
4993.7500 5.032140e+01
4995.0000 1.232927e+01
4996.2500 -1.818717e+01
4997.5000 4.818387e+01
4998.7500 9.596676e+00
5000.0000 -4.525355e+00
5001.2500 -5.771135e+00
5002.5000 4.001305e+01
5003.7500 -5.076825e+00
5005.0000 -1.131648e+01
5006.2500 5.132690e+01
5007.5000 -2.131613e+00
5008.7500 2.003679e+00
5010.0000 1.777691e+01
5011.2500 2.396006e+01
5012.5000 2.419544e+01
5013.7500 2.180803e+01
5015.0000 1.505608e+01
5016.2500 3.090341e+00
5017.5000 1.551716e+01
5018.7500 2.943352e+01
5020.0000 8.363371e+00
5021.2500 2.125798e+01
5022.5000 3.024021e+01
5023.7500 3.376361e+01
5025.0000 1.020338e+01
5026.2500 1.163122e+01
5027.5000 -1.264645e+01
5028.7500 -3.097919e+00
5030.0000 8.449938e+00
5031.2500 2.313090e+01
5032.5000 3.685402e+01
5033.7500 -5.838997e+00
5035.0000 1.709130e+01
5036.2500 1.685509e+01
5037.5000 3.029373e+01
5038.7500 1.787712e+01
5040.0000 2.274342e+01
5041.2500 1.889169e+01
5042.5000 -9.701504e+00
5043.7500 -7.516175e+00
5045.0000 1.185859e+00
5046.2500 -3.166943e-01
5047.5000 2.175893e+01
5048.7500 2.914163e+01
5050.0000 2.556142e+01
5051.2500 2.329749e+01
5052.5000 7.624962e+00
5053.7500 2.640658e+01
5055.0000 1.719294e+01
5056.2500 -4.317343e+00
5057.5000 8.277087e+00
5058.7500 1.905056e+01
5060.0000 -6.114422e+00
5061.2500 2.863149e+01
5062.5000 1.445704e+01
5063.7500 2.792743e+01
5065.0000 2.345937e+01
5066.2500 1.186001e+01
5067.5000 8.007079e+00
5068.7500 -2.414228e+00
5070.0000 2.314157e+01
5071.2500 2.562808e+01
5072.5000 8.409233e-01
5073.7500 2.282268e+01
5075.0000 5.133360e+01
5076.2500 4.277161e+01
5077.5000 2.676057e+01
5078.7500 2.670060e+01
5080.0000 -1.650642e+01
5081.2500 2.739473e+01
5082.5000 2.945212e+01
5083.7500 -8.639426e+00
5085.0000 1.344798e+01
5086.2500 3.176097e+01
5087.5000 2.434811e+01
5088.7500 1.781036e+01
5090.0000 -1.572793e+01
5091.2500 7.244877e+00
5092.5000 1.924832e+01
5093.7500 1.875764e+01
5095.0000 3.295830e+01
5096.2500 9.813528e+00
5097.5000 4.212803e+01
5098.7500 2.409516e+01
5100.0000 2.402227e+01
5101.2500 2.382953e+01
5102.5000 -3.408917e+00
5103.7500 -2.489661e+00
5105.0000 -6.273228e+00
5106.2500 3.965095e+00
5107.5000 4.435526e+00
5108.7500 5.823064e-01
5110.0000 -3.128174e+00
5111.2500 1.171473e+01
5112.5000 3.498782e+01
5113.7500 2.687827e+01
5115.0000 1.442624e+01
5116.2500 4.234729e+00
5117.5000 -1.264759e+01
5118.7500 3.142845e+01
5120.0000 1.731149e+01
5121.2500 3.844366e+01
5122.5000 6.640535e+00
5123.7500 3.137485e+01
5125.0000 1.665904e+00
5126.2500 7.992289e+00
5127.5000 2.445476e+01
5128.7500 3.009957e+01
5130.0000 2.882066e+01
5131.2500 4.174553e+01
5132.5000 1.660034e+01
5133.7500 -1.886755e+01
5135.0000 2.637520e+01
5136.2500 3.316842e+01
5137.5000 3.984105e+01
5138.7500 4.409161e+01
5140.0000 3.930934e+01
5141.2500 2.475830e+01
5142.5000 2.010373e+01
5143.7500 1.475592e+01
5145.0000 -1.877519e+01
5146.2500 2.480449e+01
5147.5000 2.123693e+01
5148.7500 2.183001e+01
5150.0000 3.759624e+01
5151.2500 1.335448e+01
5152.5000 1.844326e+01
5153.7500 3.947086e+01
5155.0000 3.383130e+01
5156.2500 1.168486e+01
5157.5000 -1.384147e+01
5158.7500 1.320706e+01
5160.0000 1.874823e+01
5161.2500 1.734798e+01
5162.5000 2.764961e+01
5163.7500 3.315535e+01
5165.0000 1.809606e+01
5166.2500 1.738168e+01
5167.5000 2.525312e+01
5168.7500 1.238318e+01
5170.0000 1.716933e+01
5171.2500 1.604519e+01
5172.5000 1.510402e+01
5173.7500 2.607375e+01
5175.0000 3.376762e+00
5176.2500 6.862178e+00
5177.5000 1.040601e+01
5178.7500 4.383248e+01
5180.0000 4.049208e+01
5181.2500 3.284572e+01
5182.5000 3.148031e+01
5183.7500 1.498812e+01
5185.0000 4.053877e+01
5186.2500 -1.076047e+01
5187.5000 1.883637e+01
5188.7500 4.704850e+00
5190.0000 5.662915e+00
5191.2500 1.715091e+01
5192.5000 6.572969e+00
5193.7500 1.495087e+01
5195.0000 1.111916e+01
5196.2500 -7.112022e+00
5197.5000 4.225569e+01
5198.7500 -6.268323e+00
5200.0000 -1.329418e-01
5201.2500 2.843069e+01
5202.5000 1.211860e+01
5203.7500 -2.447945e-01
5205.0000 1.364046e+01
5206.2500 3.629361e+01
5207.5000 3.317501e+01
5208.7500 2.824478e+01
5210.0000 1.311590e+00
5211.2500 3.934726e+00
5212.5000 -3.227300e+00
5213.7500 2.529321e+00
5215.0000 2.414540e+01
5216.2500 2.168447e+01
5217.5000 2.977575e+01
5218.7500 4.058298e+01
5220.0000 3.506150e+01
5221.2500 1.742959e+01
5222.5000 2.614332e+01
5223.7500 3.002301e+01
5225.0000 3.260396e+01
5226.2500 -3.781617e+00
5227.5000 -2.713915e+00
5228.7500 2.082434e+01
5230.0000 -4.260807e-01
5231.2500 -7.956041e+00
5232.5000 1.097948e+01
5233.7500 -2.507306e+00
5235.0000 -4.152871e-01
5236.2500 2.442550e+01
5237.5000 2.636860e+01
5238.7500 1.880803e+01
5240.0000 -1.879622e+00
5241.2500 1.627142e+01
5242.5000 1.061317e+01
5243.7500 2.520038e+01
5245.0000 -1.648440e+00
5246.2500 1.271803e+01
5247.5000 3.200235e+01
5248.7500 5.927874e+01
5250.0000 3.077885e+01
5251.2500 2.409754e+00
5252.5000 9.307709e+00
5253.7500 1.838741e+01
5255.0000 6.384873e-02
5256.2500 2.357886e+01
5257.5000 1.451538e+01
5258.7500 9.402087e+00
5260.0000 1.646104e+01
5261.2500 2.016999e+01
5262.5000 1.690811e+01
5263.7500 2.213184e+01
5265.0000 1.738608e+01
5266.2500 1.896471e+01
5267.5000 5.312036e+01
5268.7500 8.307654e+00
5270.0000 6.552685e+00
5271.2500 2.050194e+01
5272.5000 1.594778e+01
5273.7500 1.348331e+01
5275.0000 2.295134e+01
5276.2500 2.403671e+01
5277.5000 2.977643e+01
5278.7500 1.716267e+01
5280.0000 -8.929884e+00
5281.2500 4.404682e+00
5282.5000 1.686064e+01
5283.7500 2.147199e+01
5285.0000 2.868662e+01
5286.2500 3.758164e+01
5287.5000 2.678721e+01
5288.7500 1.740235e+01
5290.0000 2.476428e+01
5291.2500 2.007656e+01
5292.5000 2.322034e+01
5293.7500 9.739811e+00
5295.0000 2.841567e+01
5296.2500 7.763638e+00
5297.5000 -3.500707e+00
5298.7500 1.837945e+01
5300.0000 1.774448e+01
5301.2500 4.016170e+01
5302.5000 2.841026e+01
5303.7500 9.365040e+00
5305.0000 4.499870e+01
5306.2500 3.429439e+01
5307.5000 2.193405e+01
5308.7500 4.079148e+01
5310.0000 1.758645e+01
5311.2500 -9.505824e+00
5312.5000 4.041705e+01
5313.7500 3.188533e+01
5315.0000 2.144285e+01
5316.2500 1.314244e+01
5317.5000 1.457204e+01
5318.7500 7.042009e+00
5320.0000 1.678975e+01
5321.2500 1.935555e+01
5322.5000 3.430079e+01
5323.7500 1.724648e+01
5325.0000 1.098019e+01
5326.2500 1.340217e+01
5327.5000 1.582143e+01
5328.7500 9.441846e+00
5330.0000 -5.656672e+00
5331.2500 1.137019e+00
5332.5000 1.507493e+01
5333.7500 2.712616e+01
5335.0000 2.019009e+01
5336.2500 4.359903e+00
5337.5000 2.292388e+01
5338.7500 4.521060e+01
5340.0000 2.436473e+01
5341.2500 1.155669e+01
5342.5000 2.388253e+01
5343.7500 3.082050e+00
5345.0000 2.683457e+01
5346.2500 2.339014e+01
5347.5000 1.953840e+01
5348.7500 -1.377730e+01
5350.0000 3.252174e+01
5351.2500 3.851064e+00
5352.5000 1.780516e+01
5353.7500 3.641331e+01
5355.0000 5.645137e+01
5356.2500 1.218673e+01
5357.5000 1.179518e+01
5358.7500 1.929044e+00
5360.0000 2.467178e+01
5361.2500 4.119112e+01
5362.5000 1.591950e+01
5363.7500 2.909326e+00
5365.0000 2.258938e+01
5366.2500 1.122865e+00
5367.5000 2.546202e+01
5368.7500 3.681179e+00
5370.0000 -6.186244e+00
5371.2500 1.345396e+01
5372.5000 1.310163e+01
5373.7500 3.252452e+01
5375.0000 2.770505e+01
5376.2500 1.535068e-01
5377.5000 -2.649631e+00
5378.7500 5.658547e+00
5380.0000 7.485680e+00
5381.2500 2.043562e+01
5382.5000 3.455912e+01
5383.7500 3.064452e+01
5385.0000 1.685828e+01
5386.2500 4.161565e+01
5387.5000 1.983773e+01
5388.7500 4.173555e+01
5390.0000 2.132024e+01
5391.2500 2.167177e+01
5392.5000 7.674090e+00
5393.7500 5.778146e+00
5395.0000 1.919880e+01
5396.2500 2.317505e+01
5397.5000 7.488492e+00
5398.7500 2.621420e+01
5400.0000 7.102848e+00
5401.2500 4.175259e+00
5402.5000 9.827068e+00
5403.7500 2.159061e+01
5405.0000 2.176854e+01
5406.2500 3.769919e+01
5407.5000 5.806955e+01
5408.7500 1.227432e+01
5410.0000 3.251170e+01
5411.2500 2.260692e+01
5412.5000 3.700318e+01
5413.7500 -6.409922e+00
5415.0000 -8.079724e-01
5416.2500 3.318585e+01
5417.5000 1.841514e+00
5418.7500 8.241619e+00
5420.0000 7.936800e+00
5421.2500 1.385024e+01
5422.5000 -1.973152e-03
5423.7500 3.226883e+01
5425.0000 4.309821e+01
5426.2500 5.318926e+01
5427.5000 4.532595e+01
5428.7500 2.757097e+01
5430.0000 1.375566e+01
5431.2500 4.412833e+01
5432.5000 4.440464e+00
5433.7500 1.275369e+01
5435.0000 1.528453e+01
5436.2500 -5.939046e+00
5437.5000 3.886058e+01
5438.7500 1.548646e+01
5440.0000 1.962325e+01
5441.2500 4.388862e+00
5442.5000 2.213117e+01
5443.7500 5.817824e+00
5445.0000 1.849964e+01
5446.2500 1.411032e+01
5447.5000 2.596002e+01
5448.7500 -5.677867e+00
5450.0000 2.314817e+01
5451.2500 7.580099e+00
5452.5000 3.214738e+01
5453.7500 3.833090e+01
5455.0000 2.825368e+01
5456.2500 8.446424e+00
5457.5000 2.641265e+01
5458.7500 -5.135157e-01
5460.0000 1.076247e+01
5461.2500 1.647008e+01
5462.5000 2.459787e+01
5463.7500 2.687848e+01
5465.0000 2.764922e+01
5466.2500 2.715392e+01
5467.5000 1.989427e+01
5468.7500 1.198878e+01
5470.0000 2.647975e+01
5471.2500 1.266485e+01
5472.5000 2.734902e+01
5473.7500 3.330954e+01
5475.0000 2.756520e+01
5476.2500 6.661314e+00
5477.5000 2.365958e+00
5478.7500 2.950394e+01
5480.0000 1.363640e+01
5481.2500 3.729766e+01
5482.5000 4.788207e+01
5483.7500 2.792505e+01
5485.0000 3.367803e+01
5486.2500 2.691621e+01
5487.5000 -4.000061e+00
5488.7500 7.196043e+00
5490.0000 9.776382e+00
5491.2500 1.677160e+01
5492.5000 3.301931e+01
5493.7500 3.965775e+01
5495.0000 7.949878e+00
5496.2500 5.168002e+01
5497.5000 3.002116e+01
5498.7500 1.227836e+01
5500.0000 1.911309e+01
5501.2500 1.133036e+00
5502.5000 7.920889e+00
5503.7500 3.436137e+01
5505.0000 8.537788e+00
5506.2500 4.442921e+01
5507.5000 6.431614e+00
5508.7500 1.675589e+01
5510.0000 1.487858e+01
5511.2500 2.676810e+01
5512.5000 2.682148e+01
5513.7500 1.103607e+01
5515.0000 -1.350985e+01
5516.2500 2.264881e+01
5517.5000 5.477979e+01
5518.7500 2.833730e+01
5520.0000 3.388724e+01
5521.2500 1.548308e+01
5522.5000 1.940043e+01
5523.7500 2.158699e+01
5525.0000 8.042700e+00
5526.2500 3.447344e+01
5527.5000 9.848460e+00
5528.7500 2.152780e+00
5530.0000 2.188288e+01
5531.2500 1.333036e+01
5532.5000 1.356251e+01
5533.7500 3.091432e+01
5535.0000 1.875013e+01
5536.2500 2.943436e+01
5537.5000 -9.055743e-01
5538.7500 2.205069e+01
5540.0000 -1.581730e+00
5541.2500 2.166069e+01
5542.5000 -2.563684e+00
5543.7500 9.567421e+00
5545.0000 2.847592e+00
5546.2500 -1.870241e+01
5547.5000 6.903529e-01
5548.7500 9.392523e+00
5550.0000 -2.287997e-01
5551.2500 -1.777297e-01
5552.5000 -1.028229e+01
5553.7500 3.541417e+00
5555.0000 -4.805373e+00
5556.2500 7.316823e+00
5557.5000 9.623301e+00
5558.7500 8.414539e+00
5560.0000 1.703399e+01
5561.2500 1.638227e+01
5562.5000 2.395139e+01
5563.7500 4.998322e+01
5565.0000 3.132906e+01
5566.2500 -4.083931e+00
5567.5000 2.569585e+01
5568.7500 2.054122e+01
5570.0000 2.408735e+01
5571.2500 2.413999e+00
5572.5000 2.332476e+01
5573.7500 6.368825e+00
5575.0000 1.210378e+01
5576.2500 1.101139e+01
5577.5000 1.193586e+01
5578.7500 1.277612e+01
5580.0000 1.031236e+01
5581.2500 4.703118e+01
5582.5000 1.988928e+01
5583.7500 1.883898e+00
5585.0000 1.053511e+01
5586.2500 1.655368e+00
5587.5000 -4.132894e+00
5588.7500 3.309978e+00
5590.0000 2.375489e+01
5591.2500 2.000067e+01
5592.5000 2.412336e+01
5593.7500 1.884867e+00
5595.0000 7.467327e+00
5596.2500 1.248659e+01
5597.5000 -2.252882e+00
5598.7500 7.956024e+00
5600.0000 2.581519e+01
5601.2500 5.786454e+00
5602.5000 2.386638e+01
5603.7500 1.270620e+01
5605.0000 4.597634e+01
5606.2500 1.150018e+01
5607.5000 4.278962e+01
5608.7500 1.428494e+01
5610.0000 4.657811e+00
5611.2500 1.452072e+01
5612.5000 1.934945e+01
5613.7500 2.127253e+01
5615.0000 8.089445e+00
5616.2500 2.942718e+01
5617.5000 6.414952e+00
5618.7500 -1.289327e+01
5620.0000 2.661992e+01
5621.2500 2.457801e+01
5622.5000 3.130900e+01
5623.7500 1.075224e+01
5625.0000 2.823165e+01
5626.2500 2.685354e+00
5627.5000 2.223700e+01
5628.7500 8.008752e+00
5630.0000 1.275481e+01
5631.2500 9.018209e+00
5632.5000 2.640959e+01
5633.7500 1.626395e+01
5635.0000 -6.239325e+00
5636.2500 2.935962e+01
5637.5000 2.742246e+01
5638.7500 2.743880e+01
5640.0000 8.015924e+00
5641.2500 2.564061e+01
5642.5000 1.878430e+01
5643.7500 2.167152e+01
5645.0000 1.903324e-01
5646.2500 5.121480e+01
5647.5000 4.106049e+01
5648.7500 1.650788e+00
5650.0000 5.066448e+00
5651.2500 2.273506e+01
5652.5000 3.622571e+01
5653.7500 2.884509e+01
5655.0000 -6.155711e+00
5656.2500 -3.709163e+00
5657.5000 1.676571e+01
5658.7500 3.247670e+01
5660.0000 2.450799e+01
5661.2500 1.508668e+01
5662.5000 3.407374e+01
5663.7500 3.831009e+01
5665.0000 3.683964e+01
5666.2500 1.553677e+00
5667.5000 2.315768e+01
5668.7500 2.466267e+01
5670.0000 1.452480e+01
5671.2500 1.103927e+01
5672.5000 2.582738e+01
5673.7500 3.123118e+01
5675.0000 2.808387e+00
5676.2500 3.303396e+01
5677.5000 2.431953e+01
5678.7500 3.448121e+01
5680.0000 3.018568e+01
5681.2500 2.127709e+01
5682.5000 3.887936e+00
5683.7500 2.098635e+01
5685.0000 2.928645e+01
5686.2500 3.362811e+01
5687.5000 2.601081e+01
5688.7500 1.713642e+01
5690.0000 1.304670e+01
5691.2500 3.083779e+01
5692.5000 4.285231e+01
5693.7500 5.012487e+01
5695.0000 2.581072e+01
5696.2500 3.522158e+01
5697.5000 2.021158e+01
5698.7500 2.246578e+01
5700.0000 1.427470e+01
5701.2500 6.254338e+00
5702.5000 7.906833e+00
5703.7500 3.617683e+01
5705.0000 1.730336e+01
5706.2500 2.223230e+01
5707.5000 3.413017e+01
5708.7500 2.436020e+01
5710.0000 2.537609e+01
5711.2500 1.818842e+01
5712.5000 2.877436e+01
5713.7500 9.849550e+00
5715.0000 2.286740e+00
5716.2500 4.020676e+01
5717.5000 3.357858e+01
5718.7500 1.747989e+01
5720.0000 3.047943e+01
5721.2500 3.135197e+01
5722.5000 2.198713e+01
5723.7500 3.322602e+00
5725.0000 2.475786e+01
5726.2500 2.250104e+01
5727.5000 3.123421e+01
5728.7500 1.095949e+01
5730.0000 2.207828e+01
5731.2500 4.498930e+01
5732.5000 7.024620e+00
5733.7500 3.275482e+01
5735.0000 -7.456819e+00
5736.2500 2.019654e+01
5737.5000 -2.912348e+00
5738.7500 -1.145978e+00
5740.0000 -8.850122e+00
5741.2500 1.259183e+01
5742.5000 9.566521e+00
5743.7500 1.440751e+00
5745.0000 2.115055e+01
5746.2500 4.759544e+01
5747.5000 2.989240e+01
5748.7500 7.322525e+00
5750.0000 2.308583e+01
5751.2500 2.337383e+01
5752.5000 3.562639e+01
5753.7500 1.880267e+00
5755.0000 1.271037e+01
5756.2500 1.037807e+01
5757.5000 -2.036784e+00
5758.7500 3.542387e+01
5760.0000 -1.181140e+01
5761.2500 1.431868e+01
5762.5000 2.577210e+01
5763.7500 3.438041e+01
5765.0000 1.237524e+01
5766.2500 3.853162e+01
5767.5000 1.538786e+01
5768.7500 8.260536e+00
5770.0000 9.080862e+00
5771.2500 2.860795e+01
5772.5000 4.120625e+01
5773.7500 3.618303e+01
5775.0000 1.070228e+01
5776.2500 1.795177e+01
5777.5000 2.267294e+01
5778.7500 7.070846e+00
5780.0000 3.770203e+01
5781.2500 2.051447e+01
5782.5000 4.251212e+01
5783.7500 3.306734e+01
5785.0000 1.494860e+01
5786.2500 5.383303e+00
5787.5000 2.539635e+01
5788.7500 5.926303e+00
5790.0000 3.495488e+01
5791.2500 -8.660764e+00
5792.5000 1.871956e+01
5793.7500 1.682502e+01
5795.0000 3.763145e+01
5796.2500 1.721630e+01
5797.5000 -8.116674e-02
5798.7500 2.591033e+01
5800.0000 4.126905e+01
5801.2500 2.058957e+01
5802.5000 4.305923e+01
5803.7500 2.671997e+01
5805.0000 5.002255e+01
5806.2500 1.163171e+01
5807.5000 2.729190e+01
5808.7500 1.478664e+01
5810.0000 2.317712e+01
5811.2500 2.756549e+01
5812.5000 2.652928e+01
5813.7500 1.583930e+01
5815.0000 3.431938e+01
5816.2500 3.332875e+01
5817.5000 2.182883e+01
5818.7500 3.218551e+01
5820.0000 1.180165e+01
5821.2500 1.792586e+01
5822.5000 4.118335e+01
5823.7500 2.872730e+01
5825.0000 1.286720e+01
5826.2500 1.966415e+01
5827.5000 2.874430e+01
5828.7500 7.997776e+00
5830.0000 1.445740e+01
5831.2500 1.746169e+01
5832.5000 1.494956e+01
5833.7500 2.274212e+01
5835.0000 4.470158e+01
5836.2500 2.848314e+01
5837.5000 3.694242e+01
5838.7500 2.669200e+01
5840.0000 2.140543e+01
5841.2500 2.973412e+01
5842.5000 3.387882e+01
5843.7500 4.643891e+01
5845.0000 2.131523e+01
5846.2500 1.967147e+01
5847.5000 2.085312e+01
5848.7500 -3.632263e+00
5850.0000 -1.082655e+00
5851.2500 2.114449e+00
5852.5000 1.401432e+01
5853.7500 2.583198e+01
5855.0000 3.690144e+01
5856.2500 3.064516e+01
5857.5000 2.495976e+01
5858.7500 2.388089e+01
5860.0000 2.888106e+01
5861.2500 -3.153409e+00
5862.5000 9.085022e+00
5863.7500 1.516168e+01
5865.0000 6.677171e+00
5866.2500 3.734672e+01
5867.5000 1.512176e+01
5868.7500 1.259830e+01
5870.0000 1.419101e+01
5871.2500 1.691596e+01
5872.5000 1.967008e+01
5873.7500 1.370858e+01
5875.0000 1.201996e+01
5876.2500 -9.202417e+00
5877.5000 3.154230e+01
5878.7500 2.878032e+01
5880.0000 3.794051e+01
5881.2500 2.813044e+01
5882.5000 -4.638684e+00
5883.7500 4.258502e+00
5885.0000 1.768723e+01
5886.2500 -6.745437e+00
5887.5000 4.123825e+01
5888.7500 9.717474e+00
5890.0000 9.176841e+00
5891.2500 3.544735e+01
5892.5000 2.492256e+01
5893.7500 3.073066e+01
5895.0000 7.867041e+00
5896.2500 1.463889e+01
5897.5000 1.308959e+01
5898.7500 1.853629e+01
5900.0000 2.054776e+01
5901.2500 2.558884e+01
5902.5000 3.253603e+01
5903.7500 -4.736938e+00
5905.0000 4.493332e+01
5906.2500 2.943419e+01
5907.5000 -9.778228e-02
5908.7500 1.957257e+01
5910.0000 1.889964e+01
5911.2500 6.389241e+00
5912.5000 5.164288e+01
5913.7500 -3.434904e+01
5915.0000 4.301624e+01
5916.2500 2.153733e+01
5917.5000 6.965524e+00
5918.7500 1.837267e+01
5920.0000 4.483806e+01
5921.2500 1.084177e+01
5922.5000 7.782813e+00
5923.7500 2.826598e+01
5925.0000 4.473707e+01
5926.2500 1.967410e+01
5927.5000 -2.231356e-02
5928.7500 3.111596e+01
5930.0000 -4.987731e-01
5931.2500 2.184799e+01
5932.5000 5.355385e+01
5933.7500 2.376013e+00
5935.0000 2.833416e+01
5936.2500 3.914233e+01
5937.5000 8.477122e+00
5938.7500 3.876888e+01
5940.0000 3.247630e+01
5941.2500 1.461699e+01
5942.5000 1.460693e+01
5943.7500 2.618757e+00
5945.0000 2.230669e+01
5946.2500 9.409508e+00
5947.5000 2.517283e+00
5948.7500 4.428486e+01
5950.0000 2.506803e+01
5951.2500 3.532993e+01
5952.5000 2.964936e+01
5953.7500 2.910891e+01
5955.0000 3.446681e+01
5956.2500 2.621908e+01
5957.5000 3.012875e+01
5958.7500 2.820998e+00
5960.0000 3.361001e+01
5961.2500 1.567190e+01
5962.5000 2.246587e+01
5963.7500 3.496254e+01
5965.0000 1.775750e+01
5966.2500 1.212170e+01
5967.5000 1.984656e+01
5968.7500 2.521023e+01
5970.0000 2.483815e+01
5971.2500 2.433603e+01
5972.5000 1.386174e+01
5973.7500 2.641481e+01
5975.0000 4.607288e+01
5976.2500 2.115973e+01
5977.5000 2.370055e+01
5978.7500 1.855039e+01
5980.0000 1.346097e+01
5981.2500 -2.370859e+00
5982.5000 2.346197e+01
5983.7500 1.022343e+01
5985.0000 4.066656e+01
5986.2500 2.739680e+01
5987.5000 1.864284e+01
5988.7500 1.964845e+01
5990.0000 3.276263e+01
5991.2500 3.639774e+01
5992.5000 1.550093e+01
5993.7500 2.467912e+01
5995.0000 3.667658e+01
5996.2500 1.601975e+01
5997.5000 1.701771e+01
5998.7500 1.471963e+01
6000.0000 2.424434e+01
6001.2500 8.470114e+00
6002.5000 1.008693e+01
6003.7500 1.499362e+01
6005.0000 6.325045e+00
6006.2500 -9.623963e-01
6007.5000 3.185169e+01
6008.7500 3.148899e+01
6010.0000 2.849594e+01
6011.2500 4.715933e+01
6012.5000 1.060752e+01
6013.7500 9.143333e+00
6015.0000 2.098666e+01
6016.2500 1.989669e+01
6017.5000 1.743495e+01
6018.7500 1.992355e+01
6020.0000 1.012627e+01
6021.2500 1.963514e+00
6022.5000 2.929405e+00
6023.7500 5.314268e+01
6025.0000 2.582293e+01
6026.2500 1.794013e+01
6027.5000 2.503156e+01
6028.7500 1.800494e+01
6030.0000 2.457147e+01
6031.2500 2.600477e+01
6032.5000 1.908074e+00
6033.7500 2.379126e+01
6035.0000 4.233718e+01
6036.2500 3.354178e+00
6037.5000 -1.787014e+00
6038.7500 1.372355e+01
6040.0000 3.953586e+01
6041.2500 -1.273115e+01
6042.5000 2.029850e+01
6043.7500 3.562841e+01
6045.0000 2.827028e+01
6046.2500 -2.791434e+00
6047.5000 7.256167e+00
6048.7500 2.842084e+01
6050.0000 3.278123e+01
6051.2500 1.188682e+01
6052.5000 3.709674e+01
6053.7500 2.564415e+01
6055.0000 5.910471e+01
6056.2500 7.661401e+00
6057.5000 4.575913e-01
6058.7500 2.237886e+01
6060.0000 2.800126e+01
6061.2500 3.200194e+01
6062.5000 3.238364e+01
6063.7500 3.051256e+01
6065.0000 1.788294e+01
6066.2500 2.856953e+01
6067.5000 1.083186e+01
6068.7500 3.032584e+01
6070.0000 3.024314e+01
6071.2500 1.149961e+01
6072.5000 1.874442e+01
6073.7500 1.797824e+01
6075.0000 5.251737e+00
6076.2500 5.085209e+01
6077.5000 3.003817e+01
6078.7500 2.187268e+01
6080.0000 5.895807e+00
6081.2500 1.686780e+01
6082.5000 4.604123e+01
6083.7500 2.088836e+01
6085.0000 4.019444e+01
6086.2500 2.516474e+01
6087.5000 3.311469e+01
6088.7500 4.064562e+00
6090.0000 1.740411e+01
6091.2500 3.293359e+01
6092.5000 2.031730e+01
6093.7500 2.008179e+01
6095.0000 2.125158e+01
6096.2500 1.210670e+01
6097.5000 4.316825e+00
6098.7500 1.108397e+01
6100.0000 2.039260e+01
6101.2500 2.610854e+01
6102.5000 1.432524e+01
6103.7500 1.290447e+01
6105.0000 4.335118e+01
6106.2500 2.512473e+01
6107.5000 1.577657e+01
6108.7500 1.900030e+01
6110.0000 4.378700e+01
6111.2500 4.363522e+01
6112.5000 2.616833e+01
6113.7500 2.837632e+01
6115.0000 1.272858e+01
6116.2500 6.245387e-01
6117.5000 4.119564e+01
6118.7500 2.617481e+01
6120.0000 1.364312e+01
6121.2500 5.389110e+00
6122.5000 1.898419e+01
6123.7500 6.915902e+00
6125.0000 1.719070e+01
6126.2500 4.299953e+01
6127.5000 3.161388e+01
6128.7500 1.632827e+01
6130.0000 3.844995e+01
6131.2500 1.010614e+01
6132.5000 1.427239e+01
6133.7500 1.809816e+01
6135.0000 3.605274e+01
6136.2500 1.297568e+01
6137.5000 1.891727e+01
6138.7500 3.402189e+01
6140.0000 1.916912e+01
6141.2500 2.668129e+01
6142.5000 2.094282e+01
6143.7500 4.230491e+01
6145.0000 1.937882e+01
6146.2500 4.229412e+00
6147.5000 2.419912e+01
6148.7500 1.707959e+01
6150.0000 1.785103e+01
6151.2500 5.028804e+00
6152.5000 -9.073881e+00
6153.7500 2.193486e+01
6155.0000 1.796018e+01
6156.2500 2.282668e+01
6157.5000 2.739164e+01
6158.7500 5.739055e+01
6160.0000 -3.869130e+00
6161.2500 1.255918e+01
6162.5000 1.567683e+01
6163.7500 3.061536e+01
6165.0000 1.649796e+01
6166.2500 1.298283e+01
6167.5000 1.813153e+01
6168.7500 3.306810e+01
6170.0000 5.495211e+01
6171.2500 1.560903e+01
6172.5000 2.049664e+01
6173.7500 2.212190e+01
6175.0000 3.755228e+00
6176.2500 7.597248e+00
6177.5000 7.482011e+00
6178.7500 6.515000e+00
6180.0000 1.099576e+01
6181.2500 6.071059e+00
6182.5000 3.081975e+01
6183.7500 1.170790e+01
6185.0000 8.708456e+00
6186.2500 9.713968e+00
6187.5000 1.089684e+01
6188.7500 2.485755e+01
6190.0000 1.869393e+01
6191.2500 5.378218e+01
6192.5000 2.178204e+01
6193.7500 1.747990e+01
6195.0000 2.032991e+01
6196.2500 2.161672e+01
6197.5000 9.386554e+00
6198.7500 9.142556e+00
6200.0000 4.112325e+00
6201.2500 2.248186e+01
6202.5000 1.792163e+01
6203.7500 1.762942e+01
6205.0000 1.462332e+01
6206.2500 3.899889e+01
6207.5000 2.431842e+01
6208.7500 1.261138e+01
6210.0000 3.414161e+01
6211.2500 2.316982e+01
6212.5000 -6.885724e+00
6213.7500 2.914465e+01
6215.0000 9.135747e+00
6216.2500 1.558344e+01
6217.5000 2.638947e+00
6218.7500 1.787395e+01
6220.0000 2.014209e+01
6221.2500 2.709911e+00
6222.5000 3.527506e+01
6223.7500 1.502892e+01
6225.0000 9.251080e+00
6226.2500 3.246762e+01
6227.5000 2.463956e+01
6228.7500 2.290106e+01
6230.0000 -4.932066e+00
6231.2500 2.348557e+01
6232.5000 1.076971e+01
6233.7500 2.898389e+01
6235.0000 1.166438e+01
6236.2500 -2.732387e+01
6237.5000 4.554004e+01
6238.7500 -9.508205e+00
6240.0000 -4.658632e+00
6241.2500 2.479197e+01
6242.5000 4.023869e+01
6243.7500 2.325343e+01
6245.0000 1.773399e+01
6246.2500 3.713888e+01
6247.5000 2.584358e+01
6248.7500 1.238856e+01
6250.0000 2.121632e+01
6251.2500 2.232166e+01
6252.5000 2.561495e+01
6253.7500 3.229122e+01
6255.0000 1.686638e+01
6256.2500 -7.104534e+00
6257.5000 -2.726567e+00
6258.7500 3.309511e+01
6260.0000 6.524792e+00
6261.2500 3.552368e+01
6262.5000 1.744246e+01
6263.7500 2.841299e+01
6265.0000 2.747515e+01
6266.2500 9.655067e+00
6267.5000 3.792556e+01
6268.7500 2.012081e+01
6270.0000 3.917142e+01
6271.2500 1.758054e+01
6272.5000 2.322165e+01
6273.7500 1.292914e+01
6275.0000 1.576921e+01
6276.2500 3.724104e+00
6277.5000 2.557365e+01
6278.7500 3.221412e+01
6280.0000 -8.114882e-01
6281.2500 1.097201e+01
6282.5000 7.615039e+00
6283.7500 1.761268e+01
6285.0000 6.434147e+00
6286.2500 4.200581e+01
6287.5000 4.958408e+01
6288.7500 -8.904178e+00
6290.0000 2.522364e+01
6291.2500 8.850203e+00
6292.5000 1.327411e+01
6293.7500 1.026511e+01
6295.0000 2.467783e+01
6296.2500 1.904787e+01
6297.5000 1.093721e+01
6298.7500 2.201691e+01
6300.0000 8.547268e+00
6301.2500 2.144277e+01
6302.5000 -2.399615e+01
6303.7500 1.528817e+01
6305.0000 8.982703e+00
6306.2500 1.189484e+01
6307.5000 3.102090e+00
6308.7500 4.132823e+00
6310.0000 3.337959e+01
6311.2500 2.591640e+01
6312.5000 2.332587e+01
6313.7500 4.046049e+01
6315.0000 2.992700e+01
6316.2500 2.641966e+01
6317.5000 2.079497e+01
6318.7500 3.491051e+01
6320.0000 3.146555e+01
6321.2500 2.778691e+01
6322.5000 2.552149e+01
6323.7500 1.553131e+01
6325.0000 3.335657e+01
6326.2500 1.854856e+01
6327.5000 -2.432355e+01
6328.7500 -1.470852e+01
6330.0000 2.610287e+01
6331.2500 3.743784e+01
6332.5000 2.867497e+01
6333.7500 4.131794e+01
6335.0000 2.045746e+01
6336.2500 2.897798e+01
6337.5000 2.513864e+01
6338.7500 1.557246e+01
6340.0000 3.435980e+01
6341.2500 2.734223e+01
6342.5000 3.844647e+01
6343.7500 4.158883e+01
6345.0000 2.546608e+01
6346.2500 1.685827e+01
6347.5000 1.576830e+01
6348.7500 2.131149e+01
6350.0000 1.379919e+01
6351.2500 1.923889e+01
6352.5000 2.508375e+01
6353.7500 1.595301e+01
6355.0000 3.387425e+01
6356.2500 2.574412e+01
6357.5000 -1.343773e+01
6358.7500 -3.173218e+00
6360.0000 4.302273e+01
6361.2500 1.608528e+01
6362.5000 1.240881e+01
6363.7500 1.462609e+01
6365.0000 1.419664e+01
6366.2500 4.563919e+00
6367.5000 1.970425e+01
6368.7500 3.282671e+01
6370.0000 3.126444e+01
6371.2500 9.270327e+00
6372.5000 2.211060e+01
6373.7500 1.237659e+01
6375.0000 2.787178e+01
6376.2500 3.850061e+01
6377.5000 4.370594e+01
6378.7500 1.209493e+01
6380.0000 1.342523e+01
6381.2500 6.518380e+00
6382.5000 1.157166e+01
6383.7500 1.557102e+01
6385.0000 1.524499e+01
6386.2500 3.362643e+01
6387.5000 1.227488e+00
6388.7500 1.444382e+01
6390.0000 2.761193e+01
6391.2500 1.480748e+01
6392.5000 6.842818e+00
6393.7500 9.167665e+00
6395.0000 1.558387e+01
6396.2500 1.820304e+01
6397.5000 3.685511e+01
6398.7500 2.697584e+01
6400.0000 1.342781e+01
6401.2500 1.821607e+01
6402.5000 2.637633e+01
6403.7500 1.483254e+01
6405.0000 1.586330e+01
6406.2500 1.330736e+01
6407.5000 2.548609e+01
6408.7500 8.698462e+00
6410.0000 4.369738e+01
6411.2500 1.744544e+01
6412.5000 2.446076e+01
6413.7500 1.772791e+01
6415.0000 1.377358e+01
6416.2500 2.161359e+01
6417.5000 2.955232e+01
6418.7500 2.090146e+01
6420.0000 2.689110e+01
6421.2500 1.144636e+01
6422.5000 2.964684e+00
6423.7500 2.328659e+01
6425.0000 1.635290e+01
6426.2500 2.301317e+01
6427.5000 3.642477e+01
6428.7500 2.909409e+01
6430.0000 2.865197e+00
6431.2500 1.893415e+01
6432.5000 1.019962e+01
6433.7500 6.562629e+00
6435.0000 1.321317e+01
6436.2500 1.604451e+01
6437.5000 2.687990e+01
6438.7500 1.263202e+01
6440.0000 2.057382e+01
6441.2500 1.162527e+01
6442.5000 2.175953e+01
6443.7500 1.836565e+01
6445.0000 2.462006e+01
6446.2500 9.393851e-01
6447.5000 1.097982e+01
6448.7500 3.102853e+01
6450.0000 9.800994e+00
6451.2500 2.331175e+01
6452.5000 8.558628e+00
6453.7500 2.619505e+01
6455.0000 2.735383e+01
6456.2500 1.829320e+01
6457.5000 1.837699e+01
6458.7500 8.614485e+00
6460.0000 2.351202e+01
6461.2500 2.569924e+01
6462.5000 1.002107e+01
6463.7500 8.864420e+00
6465.0000 2.326513e+01
6466.2500 2.289993e+01
6467.5000 2.034201e+01
6468.7500 2.910050e-01
6470.0000 3.240342e+01
6471.2500 2.068875e+01
6472.5000 1.418395e+01
6473.7500 3.292104e+01
6475.0000 2.020975e+01
6476.2500 1.246040e+01
6477.5000 6.303469e+00
6478.7500 5.622915e+00
6480.0000 9.125828e+00
6481.2500 3.438271e+01
6482.5000 2.115676e+01
6483.7500 2.383757e+01
6485.0000 2.250206e+01
6486.2500 2.712286e+01
6487.5000 2.373383e+01
6488.7500 2.612655e+01
6490.0000 1.913921e+01
6491.2500 2.039616e+01
6492.5000 9.152971e+00
6493.7500 9.238013e+00
6495.0000 3.121429e+01
6496.2500 2.778326e+01
6497.5000 2.787988e+01
6498.7500 2.337520e+01
6500.0000 9.932081e+00
6501.2500 3.235549e+00
6502.5000 2.105980e+01
6503.7500 2.283919e+01
6505.0000 3.648687e+01
6506.2500 7.112549e+00
6507.5000 2.890614e+01
6508.7500 2.088046e+01
6510.0000 1.989902e+01
6511.2500 2.195311e+01
6512.5000 1.100589e+01
6513.7500 -1.367992e+00
6515.0000 1.979617e+01
6516.2500 1.204663e+01
6517.5000 2.251537e+01
6518.7500 2.038086e+01
6520.0000 1.779164e+01
6521.2500 3.359612e+01
6522.5000 2.217100e+01
6523.7500 1.173910e+01
6525.0000 1.476333e+01
6526.2500 2.289456e+01
6527.5000 2.117808e+01
6528.7500 1.849045e+01
6530.0000 2.669684e+01
6531.2500 4.184179e+01
6532.5000 7.163239e-02
6533.7500 -3.396840e+00
6535.0000 1.992527e+01
6536.2500 1.708709e+01
6537.5000 1.441042e+01
6538.7500 3.166829e+01
6540.0000 2.521733e+01
6541.2500 2.379368e+01
6542.5000 1.227420e+01
6543.7500 1.044300e+01
6545.0000 8.666759e+00
6546.2500 1.744111e+01
6547.5000 1.253608e+01
6548.7500 2.092613e+01
6550.0000 2.627556e+00
6551.2500 2.523779e+01
6552.5000 1.369462e+01
6553.7500 4.044154e+01
6555.0000 -1.198098e+01
6556.2500 2.440503e+01
6557.5000 2.343294e+01
6558.7500 2.197687e+01
6560.0000 2.674608e+01
6561.2500 1.877382e+01
6562.5000 7.243493e+00
6563.7500 2.211593e+01
6565.0000 -4.703700e+00
6566.2500 1.814137e+01
6567.5000 9.810513e+00
6568.7500 1.715031e+01
6570.0000 2.170024e+01
6571.2500 3.260735e+01
6572.5000 2.383662e+01
6573.7500 2.513863e+01
6575.0000 3.473689e+01
6576.2500 2.118313e+01
6577.5000 9.263444e+00
6578.7500 1.463154e+00
6580.0000 2.144774e+01
6581.2500 2.468270e+01
6582.5000 2.668547e+01
6583.7500 3.196815e+01
6585.0000 1.337366e+01
6586.2500 1.393575e+01
6587.5000 6.848215e+00
6588.7500 2.642400e+01
6590.0000 3.432327e+01
6591.2500 2.284022e+01
6592.5000 1.518075e+01
6593.7500 2.229411e+01
6595.0000 2.453090e+01
6596.2500 3.201538e+01
6597.5000 1.336655e+01
6598.7500 1.953768e+01
6600.0000 2.646062e+01
6601.2500 2.812684e+01
6602.5000 1.230225e+01
6603.7500 3.084112e+01
6605.0000 1.227916e+01
6606.2500 1.231310e+01
6607.5000 2.707417e+01
6608.7500 1.995594e+01
6610.0000 2.062626e+01
6611.2500 2.386000e+01
6612.5000 1.453001e+01
6613.7500 2.621797e+01
6615.0000 1.622068e+01
6616.2500 4.074228e+00
6617.5000 -4.726878e+00
6618.7500 1.315361e+01
6620.0000 7.711511e+00
6621.2500 2.246738e+01
6622.5000 1.675650e+01
6623.7500 1.372557e+01
6625.0000 4.955117e+00
6626.2500 1.169266e+01
6627.5000 7.420959e+00
6628.7500 -9.374807e-01
6630.0000 4.749297e+00
6631.2500 1.304844e+01
6632.5000 1.632405e+01
6633.7500 2.080549e+01
6635.0000 4.436110e+00
6636.2500 2.482582e+01
6637.5000 2.745563e+01
6638.7500 2.480638e+01
6640.0000 3.731950e+01
6641.2500 3.363919e+01
6642.5000 1.890678e+01
6643.7500 7.961657e+00
6645.0000 1.662216e+01
6646.2500 5.414222e+00
6647.5000 1.421514e+01
6648.7500 1.761004e+01
6650.0000 2.176171e+01
6651.2500 1.780759e+01
6652.5000 2.544633e+01
6653.7500 2.899674e+01
6655.0000 3.229576e+01
6656.2500 2.799483e+01
6657.5000 2.030764e+01
6658.7500 2.138119e+01
6660.0000 1.414742e+01
6661.2500 3.800212e+01
6662.5000 1.429225e+01
6663.7500 2.509436e+01
6665.0000 2.329474e+01
6666.2500 1.831688e+01
6667.5000 3.070366e+01
6668.7500 3.003104e+01
6670.0000 1.224203e+01
6671.2500 2.483866e+01
6672.5000 1.051517e+01
6673.7500 3.309679e+01
6675.0000 2.360686e+01
6676.2500 9.092496e+00
6677.5000 2.293298e+01
6678.7500 1.735073e+01
6680.0000 1.716933e+01
6681.2500 3.021324e+01
6682.5000 1.494573e+01
6683.7500 2.172275e+01
6685.0000 3.518879e+01
6686.2500 1.647349e+01
6687.5000 1.942735e+01
6688.7500 2.541191e+01
6690.0000 1.093304e+01
6691.2500 1.430563e+01
6692.5000 1.963894e+01
6693.7500 2.800818e+01
6695.0000 3.411479e+01
6696.2500 3.328342e+01
6697.5000 4.250447e+01
6698.7500 2.358676e+01
6700.0000 2.757384e+01
6701.2500 1.920652e+01
6702.5000 9.272817e+00
6703.7500 2.623578e+01
6705.0000 8.623820e+00
6706.2500 2.626753e+01
6707.5000 5.225398e+00
6708.7500 2.204166e+01
6710.0000 2.016273e+01
6711.2500 1.300523e+01
6712.5000 1.365281e+01
6713.7500 8.741131e-01
6715.0000 1.251746e+01
6716.2500 2.291560e+01
6717.5000 2.275777e+01
6718.7500 1.952444e+01
6720.0000 2.432994e+01
6721.2500 1.492195e+01
6722.5000 8.209296e+00
6723.7500 1.443498e+01
6725.0000 5.427835e+00
6726.2500 6.907828e+00
6727.5000 1.740724e+01
6728.7500 2.229627e+01
6730.0000 3.949743e+01
6731.2500 2.152494e+01
6732.5000 2.421779e+01
6733.7500 3.067159e+01
6735.0000 1.187142e+01
6736.2500 2.514880e+01
6737.5000 1.659259e+01
6738.7500 3.077070e+01
6740.0000 1.500126e+01
6741.2500 2.387152e+01
6742.5000 2.079421e+01
6743.7500 1.881026e+01
6745.0000 1.895380e+01
6746.2500 1.729399e+01
6747.5000 2.998212e+01
6748.7500 1.463605e+01
6750.0000 1.789831e+01
6751.2500 1.636003e+01
6752.5000 9.291816e+00
6753.7500 1.172155e+01
6755.0000 3.674783e+01
6756.2500 2.248893e+01
6757.5000 1.907430e+01
6758.7500 9.912662e+00
6760.0000 1.694415e+01
6761.2500 2.119099e+01
6762.5000 4.674738e+00
6763.7500 2.773032e+01
6765.0000 2.528896e+01
6766.2500 1.431353e+01
6767.5000 1.918159e+01
6768.7500 2.313743e+01
6770.0000 2.425375e+01
6771.2500 2.053018e+01
6772.5000 2.003352e+01
6773.7500 1.700473e+01
6775.0000 3.223410e+01
6776.2500 2.133541e+01
6777.5000 3.945247e+00
6778.7500 2.380250e+01
6780.0000 3.466275e+01
6781.2500 1.115868e+01
6782.5000 2.088627e+01
6783.7500 1.949880e+01
6785.0000 1.766259e+01
6786.2500 1.735060e+01
6787.5000 5.607069e+00
6788.7500 -1.005989e+01
6790.0000 1.221818e+01
6791.2500 2.242442e+01
6792.5000 1.783206e+01
6793.7500 1.888685e+01
6795.0000 2.002208e+01
6796.2500 9.156677e+00
6797.5000 2.396975e+01
6798.7500 1.925235e+01
6800.0000 9.174158e+00
6801.2500 1.257667e+01
6802.5000 1.188786e+01
6803.7500 1.323308e+01
6805.0000 1.996334e+01
6806.2500 1.748482e+01
6807.5000 7.799395e+00
6808.7500 2.288497e+01
6810.0000 1.442170e+01
6811.2500 2.746619e+01
6812.5000 3.459193e+01
6813.7500 2.823272e+01
6815.0000 1.858670e+01
6816.2500 9.702549e+00
6817.5000 2.425139e+01
6818.7500 6.851138e+00
6820.0000 7.871320e+00
6821.2500 1.134294e+01
6822.5000 1.720393e+01
6823.7500 6.432736e+00
6825.0000 2.345905e+01
6826.2500 1.611260e+01
6827.5000 4.929967e+01
6828.7500 5.903368e+00
6830.0000 1.912690e+01
6831.2500 1.750768e+01
6832.5000 1.575448e+01
6833.7500 -2.267599e+01
6835.0000 -2.944019e+01
6836.2500 1.344839e+01
6837.5000 3.894215e+01
6838.7500 2.662806e+01
6840.0000 2.871768e+01
6841.2500 2.468691e+01
6842.5000 4.751157e+01
6843.7500 1.256305e+01
6845.0000 1.483937e+01
6846.2500 4.318214e+00
6847.5000 9.245049e+00
6848.7500 1.208387e+01
6850.0000 2.081594e+01
6851.2500 1.488964e+01
6852.5000 1.741602e+01
6853.7500 1.043461e+01
6855.0000 2.025153e+01
6856.2500 2.671083e+01
6857.5000 2.901016e+01
6858.7500 1.874487e+01
6860.0000 2.324367e+01
6861.2500 3.326524e+01
6862.5000 1.260639e+01
6863.7500 1.949908e+01
6865.0000 7.379762e+00
6866.2500 6.776703e+00
6867.5000 2.145140e+01
6868.7500 1.903155e+00
6870.0000 3.656070e+00
6871.2500 3.637548e+01
6872.5000 1.030382e+01
6873.7500 1.754065e+01
6875.0000 3.707517e+01
6876.2500 1.917604e+01
6877.5000 2.812543e+01
6878.7500 2.880495e+01
6880.0000 4.084970e+01
6881.2500 1.594699e+01
6882.5000 2.769398e+01
6883.7500 2.481223e+01
6885.0000 1.877030e+01
6886.2500 2.216194e+01
6887.5000 1.485999e+01
6888.7500 1.248487e+00
6890.0000 2.979227e+01
6891.2500 9.865211e+00
6892.5000 8.262910e+00
6893.7500 1.783681e+01
6895.0000 1.118568e+01
6896.2500 1.768929e+01
6897.5000 6.992841e+00
6898.7500 2.345084e+01
6900.0000 3.847411e+01
6901.2500 -1.154913e+01
6902.5000 2.176414e+01
6903.7500 1.445824e+01
6905.0000 9.271873e+00
6906.2500 1.270363e+01
6907.5000 2.632891e+01
6908.7500 1.478112e+01
6910.0000 2.500743e+01
6911.2500 1.161690e+00
6912.5000 1.657185e+01
6913.7500 9.756669e+00
6915.0000 -1.380892e-01
6916.2500 1.591196e+01
6917.5000 2.171558e+01
6918.7500 2.098897e+01
6920.0000 1.858013e+01
6921.2500 5.949564e+00
6922.5000 1.510788e+01
6923.7500 1.317004e+01
6925.0000 -6.540956e+00
6926.2500 2.963234e+01
6927.5000 2.554704e+01
6928.7500 2.377587e+01
6930.0000 2.542514e+01
6931.2500 8.931922e+00
6932.5000 1.383394e+01
6933.7500 7.767780e+00
6935.0000 3.538587e+01
6936.2500 2.528287e+01
6937.5000 1.425868e+01
6938.7500 2.378772e+01
6940.0000 1.989482e+01
6941.2500 1.775021e+01
6942.5000 2.435893e+01
6943.7500 1.076781e+01
6945.0000 2.575096e+01
6946.2500 1.685122e+01
6947.5000 -2.961013e+01
6948.7500 3.227112e+01
6950.0000 1.388768e+01
6951.2500 1.936929e+01
6952.5000 1.748605e+01
6953.7500 3.432166e+01
6955.0000 3.024341e+00
6956.2500 8.016751e+00
6957.5000 1.572431e+01
6958.7500 2.267956e+01
6960.0000 3.432144e-01
6961.2500 1.700657e+01
6962.5000 9.019590e+00
6963.7500 2.111911e+01
6965.0000 6.880882e-01
6966.2500 2.162831e+01
6967.5000 2.732316e+01
6968.7500 2.599985e+01
6970.0000 1.202248e+01
6971.2500 2.494135e+01
6972.5000 3.262866e+01
6973.7500 1.406691e+01
6975.0000 1.708768e+01
6976.2500 2.422123e+01
6977.5000 3.043873e+01
6978.7500 3.903510e+01
6980.0000 1.673004e+01
6981.2500 1.530775e+01
6982.5000 2.684897e+01
6983.7500 2.684414e+01
6985.0000 2.134167e+01
6986.2500 1.679248e+01
6987.5000 1.387024e+01
6988.7500 1.416060e+01
6990.0000 3.976823e+00
6991.2500 1.625342e+01
6992.5000 1.301878e+01
6993.7500 1.314443e+01
6995.0000 2.008160e+01
6996.2500 4.279623e+01
6997.5000 4.875534e+00
6998.7500 1.468861e+01
7000.0000 1.078796e+01
7001.2500 1.934870e+01
7002.5000 1.192355e+01
7003.7500 2.094078e+01
7005.0000 3.120519e+01
7006.2500 2.853142e+01
7007.5000 5.480572e+00
7008.7500 2.674867e+01
7010.0000 6.486580e+00
7011.2500 2.631168e+01
7012.5000 2.486914e+01
7013.7500 6.983140e+00
7015.0000 2.118213e+01
7016.2500 1.620689e+01
7017.5000 1.617204e+01
7018.7500 1.867455e+01
7020.0000 3.760633e+01
7021.2500 2.205295e+01
7022.5000 7.395261e+00
7023.7500 1.524435e+01
7025.0000 9.232386e+00
7026.2500 2.469796e+01
7027.5000 2.073019e+01
7028.7500 1.731750e+01
7030.0000 2.469887e+01
7031.2500 1.638217e+01
7032.5000 5.727969e+00
7033.7500 2.029618e+01
7035.0000 1.718584e+01
7036.2500 2.808595e+01
7037.5000 1.570954e+01
7038.7500 1.557199e+01
7040.0000 1.038745e+01
7041.2500 2.080651e+01
7042.5000 3.158423e+01
7043.7500 7.707816e+00
7045.0000 4.215990e+00
7046.2500 2.363126e+01
7047.5000 1.551820e+01
7048.7500 1.936680e+01
7050.0000 5.686713e+00
7051.2500 1.709982e+01
7052.5000 2.561488e+01
7053.7500 1.958622e+01
7055.0000 1.682790e+01
7056.2500 1.759456e+01
7057.5000 2.219190e+01
7058.7500 2.419242e+01
7060.0000 2.470027e+01
7061.2500 2.138521e+01
7062.5000 3.045010e+01
7063.7500 2.983034e+01
7065.0000 1.779699e+01
7066.2500 1.747802e+01
7067.5000 2.980366e+01
7068.7500 2.129288e+01
7070.0000 1.850502e+01
7071.2500 2.064491e+01
7072.5000 1.879554e+01
7073.7500 2.740591e+01
7075.0000 2.436948e+01
7076.2500 1.186029e+01
7077.5000 1.486384e+01
7078.7500 2.611197e+01
7080.0000 2.628242e+01
7081.2500 3.716537e+01
7082.5000 2.445453e+01
7083.7500 1.432829e+01
7085.0000 1.989404e+01
7086.2500 8.602640e+00
7087.5000 2.270816e+01
7088.7500 2.650977e+01
7090.0000 3.318906e+01
7091.2500 9.825243e+00
7092.5000 1.542025e+01
7093.7500 2.254487e+01
7095.0000 1.551848e+01
7096.2500 2.625903e+01
7097.5000 1.516428e+01
7098.7500 2.956305e+01
7100.0000 3.136975e+01
7101.2500 2.111254e+01
7102.5000 2.251885e+01
7103.7500 2.215907e+01
7105.0000 1.870881e+01
7106.2500 1.994387e+01
7107.5000 2.016494e+01
7108.7500 1.815762e+01
7110.0000 2.678533e+01
7111.2500 2.703926e+01
7112.5000 3.746848e+01
7113.7500 7.620663e+00
7115.0000 4.809372e+00
7116.2500 -6.718937e-01
7117.5000 2.438916e+01
7118.7500 2.153094e+01
7120.0000 3.208891e+01
7121.2500 1.016993e+01
7122.5000 6.875802e+00
7123.7500 1.162771e+01
7125.0000 1.822911e+01
7126.2500 1.766418e+00
7127.5000 2.162342e+01
7128.7500 6.068739e+00
7130.0000 1.081387e+01
7131.2500 3.109890e+01
7132.5000 2.144603e+01
7133.7500 1.511707e+01
7135.0000 9.629007e+00
7136.2500 2.389492e+01
7137.5000 2.429433e+01
7138.7500 2.649262e+01
7140.0000 2.591438e+01
7141.2500 5.589105e+00
7142.5000 4.134384e+00
7143.7500 1.446566e+01
7145.0000 2.840049e+01
7146.2500 1.119654e+01
7147.5000 1.828993e+01
7148.7500 1.564857e+01
7150.0000 7.363114e-01
7151.2500 2.640476e+01
7152.5000 2.256550e+01
7153.7500 2.154528e+01
7155.0000 2.833792e+01
7156.2500 2.737032e+01
7157.5000 2.561024e+01
7158.7500 1.482684e+01
7160.0000 2.472440e+01
7161.2500 1.270985e+01
7162.5000 3.047117e+01
7163.7500 2.431430e+01
7165.0000 5.473301e+00
7166.2500 1.307758e+01
7167.5000 3.047763e+01
7168.7500 2.243782e+01
7170.0000 1.995496e+01
7171.2500 2.354943e+01
7172.5000 1.371055e+01
7173.7500 1.350479e+01
7175.0000 1.924105e+01
7176.2500 1.680449e+01
7177.5000 3.160657e+01
7178.7500 2.283291e+01
7180.0000 1.477029e+01
7181.2500 2.859864e+01
7182.5000 1.542949e+01
7183.7500 2.147435e+01
7185.0000 2.139949e+01
7186.2500 2.316559e+01
7187.5000 1.242104e+01
7188.7500 2.371091e+01
7190.0000 3.307363e+01
7191.2500 1.803305e+01
7192.5000 3.248919e+01
7193.7500 1.086888e+01
7195.0000 1.546097e+01
7196.2500 2.093744e+01
7197.5000 2.841138e+01
7198.7500 2.604540e+01
7200.0000 1.336789e+01
7201.2500 1.381231e+01
7202.5000 2.151641e+01
7203.7500 2.057967e+01
7205.0000 6.281836e-01
7206.2500 2.195735e+00
7207.5000 1.697965e+01
7208.7500 3.906678e+01
7210.0000 2.816761e+01
7211.2500 1.890879e+01
7212.5000 1.620090e+01
7213.7500 2.988277e+01
7215.0000 2.209836e+01
7216.2500 8.795886e+00
7217.5000 1.271014e+01
7218.7500 2.628252e+01
7220.0000 2.023755e+01
7221.2500 2.592424e+00
7222.5000 1.747586e+01
7223.7500 1.026147e+01
7225.0000 6.784899e+00
7226.2500 1.673942e+01
7227.5000 2.376072e+01
7228.7500 2.947082e+01
7230.0000 2.466369e+01
7231.2500 2.132730e+01
7232.5000 1.581212e+01
7233.7500 1.119487e+01
7235.0000 2.913375e+01
7236.2500 1.542838e+01
7237.5000 2.256622e+01
7238.7500 9.912724e+00
7240.0000 3.623094e+00
7241.2500 -5.013692e-01
7242.5000 -8.600799e+00
7243.7500 8.023422e+00
7245.0000 4.547022e+01
7246.2500 1.647531e+01
7247.5000 1.331619e+01
7248.7500 8.900227e+00
7250.0000 3.141955e+01
7251.2500 1.701001e+01
7252.5000 9.271809e+00
7253.7500 2.438923e+01
7255.0000 -6.409781e+00
7256.2500 1.273404e+01
7257.5000 2.116890e+01
7258.7500 2.306772e+01
7260.0000 4.031845e+00
7261.2500 2.736328e+01
7262.5000 1.351070e+01
7263.7500 2.524816e+01
7265.0000 2.316875e+01
7266.2500 2.155025e+01
7267.5000 9.675983e+00
7268.7500 8.870195e+00
7270.0000 1.503346e+01
7271.2500 2.100230e+01
7272.5000 2.213674e+01
7273.7500 -2.641307e+01
7275.0000 3.196303e+01
7276.2500 1.532850e-01
7277.5000 3.456972e+01
7278.7500 4.958249e+00
7280.0000 8.284741e+00
7281.2500 2.701691e+01
7282.5000 3.100229e+01
7283.7500 -7.419530e+00
7285.0000 1.511480e+01
7286.2500 2.469185e+01
7287.5000 2.438016e+01
7288.7500 2.202635e+01
7290.0000 7.012519e+00
7291.2500 -2.634801e+00
7292.5000 2.486271e+01
7293.7500 7.122508e+00
7295.0000 9.500811e+00
7296.2500 -2.418423e-02
7297.5000 -4.255140e+00
7298.7500 1.371003e+01
7300.0000 7.479600e+00
7301.2500 1.445049e+01
7302.5000 4.092336e+01
7303.7500 1.360730e+01
7305.0000 -1.901021e+00
7306.2500 1.239979e+01
7307.5000 1.754065e+01
7308.7500 2.603860e+01
7310.0000 1.084982e+01
7311.2500 1.529483e+01
7312.5000 3.603387e+01
7313.7500 -2.654923e+01
7315.0000 3.347830e+01
7316.2500 -3.423172e+01
7317.5000 5.054281e+00
7318.7500 1.938589e+01
7320.0000 1.328773e+01
7321.2500 3.183886e+01
7322.5000 1.255766e+01
7323.7500 3.490186e+01
7325.0000 1.409033e+01
7326.2500 6.889877e+00
7327.5000 1.573231e+01
7328.7500 2.627604e+01
7330.0000 -9.483511e-01
7331.2500 2.252263e+01
7332.5000 2.645741e+01
7333.7500 2.106758e+01
7335.0000 1.902966e+01
7336.2500 2.476041e+01
7337.5000 4.176500e+01
7338.7500 -9.079053e-01
7340.0000 5.478434e+00
7341.2500 -9.748609e+00
7342.5000 4.133221e+00
7343.7500 3.260268e+01
7345.0000 1.980929e+01
7346.2500 1.897637e+01
7347.5000 6.094585e+00
7348.7500 8.749568e+00
7350.0000 3.283685e+01
7351.2500 1.654025e+01
7352.5000 1.938095e+01
7353.7500 1.330970e+01
7355.0000 2.275891e+01
7356.2500 9.337180e+00
7357.5000 -1.304105e+01
7358.7500 -8.092319e+00
7360.0000 -2.345487e+01
7361.2500 2.694612e+01
7362.5000 1.845477e+01
7363.7500 7.890349e+00
7365.0000 1.181400e+01
7366.2500 2.482169e+01
7367.5000 -5.002604e+00
7368.7500 2.335265e+01
7370.0000 4.423284e+01
7371.2500 3.184027e+01
7372.5000 1.194529e+01
7373.7500 8.648230e+00
7375.0000 2.478470e+01
7376.2500 2.375355e+01
7377.5000 2.976030e+01
7378.7500 1.746588e+01
7380.0000 1.682025e+01
7381.2500 1.876314e+01
7382.5000 1.214165e+01
7383.7500 1.387225e+01
7385.0000 3.409006e+01
7386.2500 2.234898e+01
7387.5000 2.409410e+01
7388.7500 2.457614e+01
7390.0000 9.428690e+00
7391.2500 9.138828e+00
7392.5000 5.703704e+01
7393.7500 1.286721e+01
7395.0000 2.857725e+01
7396.2500 1.485982e+01
7397.5000 7.386113e+00
7398.7500 3.680320e+01
7400.0000 2.975491e+00
7401.2500 6.893572e+00
7402.5000 1.109807e+01
7403.7500 1.800747e+01
7405.0000 3.116511e+01
7406.2500 5.843928e+00
7407.5000 2.609421e+01
7408.7500 2.836227e+01
7410.0000 1.494533e+01
7411.2500 2.145268e+01
7412.5000 2.142970e+01
7413.7500 2.979596e+01
7415.0000 3.563182e+01
7416.2500 7.830439e+00
7417.5000 7.197219e+00
7418.7500 1.449895e+01
7420.0000 2.256701e+01
7421.2500 1.152099e+01
7422.5000 7.665586e+00
7423.7500 3.478551e+00
7425.0000 2.913209e+01
7426.2500 3.561139e+01
7427.5000 1.728212e+01
7428.7500 3.141650e+01
7430.0000 5.196797e+01
7431.2500 1.700023e+01
7432.5000 -3.436080e+00
7433.7500 1.207294e+01
7435.0000 4.294265e+00
7436.2500 5.904119e+00
7437.5000 2.794706e+01
7438.7500 -1.669515e+01
7440.0000 7.118245e+00
7441.2500 2.788856e+01
7442.5000 2.187328e+01
7443.7500 2.618617e+01
7445.0000 1.816248e+01
7446.2500 1.511156e+01
7447.5000 1.574678e+01
7448.7500 1.753414e+01
7450.0000 1.297454e+01
7451.2500 1.659784e+01
7452.5000 1.191538e+01
7453.7500 1.230436e+01
7455.0000 1.944267e+01
7456.2500 2.393484e+01
7457.5000 9.254580e+00
7458.7500 1.025864e+01
7460.0000 1.715715e+01
7461.2500 1.691813e+01
7462.5000 1.020359e+01
7463.7500 2.053738e+01
7465.0000 1.584145e+01
7466.2500 4.177561e+01
7467.5000 5.163217e+01
7468.7500 3.945651e+01
7470.0000 4.102213e+01
7471.2500 9.370350e+01
7472.5000 1.045757e+02
7473.7500 8.366888e+01
7475.0000 3.769798e+01
7476.2500 7.430004e+01
7477.5000 1.269921e+02
7478.7500 1.432035e+02
7480.0000 5.070021e+01
7481.2500 1.898895e+01
7482.5000 3.757233e+01
7483.7500 3.513113e+01
7485.0000 9.980133e+00
7486.2500 3.036450e+01
7487.5000 3.156874e+01
7488.7500 2.356884e+01
7490.0000 2.174816e+01
7491.2500 1.489098e+01
7492.5000 1.089810e+01
7493.7500 1.695190e+01
7495.0000 2.367139e+01
7496.2500 1.509911e+01
7497.5000 1.108922e+01
7498.7500 1.451748e+01
7500.0000 1.729380e+01
7501.2500 2.372720e+01
7502.5000 3.005806e+01
7503.7500 3.051533e+01
7505.0000 1.910058e+01
7506.2500 2.672534e+01
7507.5000 2.916928e+01
7508.7500 1.546499e+01
7510.0000 3.355220e+01
7511.2500 1.643774e+01
7512.5000 1.973580e+01
7513.7500 2.726739e+01
7515.0000 1.420452e+01
7516.2500 1.924990e+01
7517.5000 1.862844e+01
7518.7500 1.074652e+01
7520.0000 1.602550e+01
7521.2500 3.941303e+01
7522.5000 -1.639741e+01
7523.7500 4.199840e+01
7525.0000 6.205217e+00
7526.2500 2.556369e+01
7527.5000 2.079773e+01
7528.7500 2.081507e+01
7530.0000 1.819084e+01
7531.2500 2.085497e+01
7532.5000 1.539137e+01
7533.7500 4.308149e+01
7535.0000 2.795482e+01
7536.2500 2.441878e+01
7537.5000 5.627534e+00
7538.7500 3.341076e+00
7540.0000 2.400743e+01
7541.2500 1.161354e+01
7542.5000 2.923125e+01
7543.7500 2.755985e+01
7545.0000 2.708989e+01
7546.2500 3.104099e+01
7547.5000 3.980751e+01
7548.7500 1.952576e+01
7550.0000 3.059796e+01
7551.2500 3.148491e+01
7552.5000 2.580057e+01
7553.7500 3.539783e+01
7555.0000 6.387654e+00
7556.2500 2.700688e+01
7557.5000 2.808107e+01
7558.7500 2.611739e+01
7560.0000 3.181843e+01
7561.2500 3.241513e+01
7562.5000 2.421030e+01
7563.7500 3.035147e+01
7565.0000 1.271297e+01
7566.2500 3.173491e+01
7567.5000 3.110717e+01
7568.7500 3.922910e+01
7570.0000 1.770830e+01
7571.2500 1.937706e+01
7572.5000 6.255834e+01
7573.7500 -1.598952e+01
7575.0000 3.449418e+01
7576.2500 1.424096e+01
7577.5000 1.206081e+01
7578.7500 4.967091e+01
7580.0000 1.988336e+01
7581.2500 2.592495e+01
7582.5000 1.871833e+01
7583.7500 2.793835e+01
7585.0000 2.909896e+00
7586.2500 2.272697e+01
7587.5000 1.492742e+01
7588.7500 1.163815e+01
7590.0000 1.749357e+01
7591.2500 1.375956e+01
7592.5000 2.147148e+01
7593.7500 4.567658e+01
7595.0000 2.357199e+01
7596.2500 -6.939713e+00
7597.5000 1.421096e+01
7598.7500 2.860417e+01
7600.0000 1.086645e+01
7601.2500 -1.348050e+01
7602.5000 1.648551e+01
7603.7500 3.759222e+01
7605.0000 5.779579e+01
7606.2500 7.030588e+01
7607.5000 4.996441e+01
7608.7500 2.613789e+01
7610.0000 4.211449e+01
7611.2500 3.187484e+01
7612.5000 1.453818e+01
7613.7500 1.823995e+01
7615.0000 3.519200e+01
7616.2500 3.761734e+01
7617.5000 3.301786e+00
7618.7500 2.776875e+01
7620.0000 3.444573e+01
7621.2500 3.917052e+01
7622.5000 8.294723e+00
7623.7500 2.223611e+01
7625.0000 2.268153e+01
7626.2500 2.192341e+01
7627.5000 2.983064e+01
7628.7500 5.841899e+01
7630.0000 5.591531e+01
7631.2500 1.452808e+01
7632.5000 5.581883e+01
7633.7500 2.982889e+01
7635.0000 1.740882e+01
7636.2500 2.707925e+01
7637.5000 4.196841e+01
7638.7500 4.668084e+01
7640.0000 3.499372e+01
7641.2500 2.934792e+00
7642.5000 1.002960e+01
7643.7500 3.167295e+01
7645.0000 2.506890e+01
7646.2500 4.423711e+01
7647.5000 1.826007e+01
7648.7500 9.477107e+00
7650.0000 3.132297e+01
7651.2500 3.697590e+01
7652.5000 6.921057e+00
7653.7500 -3.359776e+00
7655.0000 1.511458e+01
7656.2500 2.597955e+01
7657.5000 4.847681e+01
7658.7500 2.546299e+01
7660.0000 2.298690e+01
7661.2500 4.596053e+01
7662.5000 2.151479e+01
7663.7500 2.891349e+01
7665.0000 4.382214e+01
7666.2500 2.296896e+01
7667.5000 2.045808e+01
7668.7500 2.047944e+01
7670.0000 3.548002e+01
7671.2500 2.229601e+01
7672.5000 2.148176e+01
7673.7500 2.002565e+01
7675.0000 3.142668e+01
7676.2500 2.808434e+01
7677.5000 3.620408e+01
7678.7500 4.101745e+01
7680.0000 9.731506e+00
7681.2500 6.110291e+00
7682.5000 -1.249442e+00
7683.7500 1.307041e+01
7685.0000 8.237603e+00
7686.2500 1.539372e+01
7687.5000 8.413431e+00
7688.7500 1.850378e+01
7690.0000 4.363198e+00
7691.2500 8.596281e+00
7692.5000 1.361101e+01
7693.7500 2.082123e+01
7695.0000 2.376441e+01
7696.2500 1.283149e+00
7697.5000 1.473746e+01
7698.7500 3.607433e+01
7700.0000 4.069233e+01
7701.2500 1.058853e+01
7702.5000 9.641186e+00
7703.7500 3.003876e+01
7705.0000 2.501829e+01
7706.2500 -2.891571e+00
7707.5000 1.215356e+01
7708.7500 4.289096e+01
7710.0000 3.387858e+01
7711.2500 1.026436e+01
7712.5000 6.250690e+01
7713.7500 6.725075e+01
7715.0000 1.282931e+00
7716.2500 -3.088991e+01
7717.5000 -5.435168e+00
7718.7500 3.169743e+01
7720.0000 3.500173e+01
7721.2500 1.851463e+01
7722.5000 -5.641504e+00
7723.7500 -6.783849e+00
7725.0000 -1.190949e+01
7726.2500 3.729665e+01
7727.5000 2.298750e+01
7728.7500 2.667459e+01
7730.0000 1.868729e+01
7731.2500 3.348379e+01
7732.5000 3.916790e+01
7733.7500 3.139914e+01
7735.0000 3.177098e+01
7736.2500 2.658577e+01
7737.5000 2.947797e+01
7738.7500 2.856729e+01
7740.0000 2.176597e+01
7741.2500 3.542380e+01
7742.5000 2.814982e+01
7743.7500 2.364786e+01
7745.0000 1.217877e+01
7746.2500 4.404686e+01
7747.5000 5.525906e+01
7748.7500 -6.997523e+01
7750.0000 1.277215e+01
7751.2500 5.048650e+01
7752.5000 4.110139e+01
7753.7500 3.723830e+01
7755.0000 1.357519e+01
7756.2500 5.422612e+00
7757.5000 4.304080e+01
7758.7500 1.441400e+01
7760.0000 5.495781e+01
7761.2500 1.527525e+01
7762.5000 2.602887e+00
7763.7500 2.813226e+01
7765.0000 2.360493e+01
7766.2500 1.740820e+01
7767.5000 2.673022e+01
7768.7500 3.452519e+01
7770.0000 7.307634e+00
7771.2500 4.314667e+01
7772.5000 4.451199e+01
7773.7500 5.175357e+01
7775.0000 -1.223581e+01
7776.2500 2.000482e+01
7777.5000 2.826968e+01
7778.7500 -3.355785e+00
7780.0000 -2.446986e+01
7781.2500 1.992884e+01
7782.5000 2.517484e+01
7783.7500 4.276983e+01
7785.0000 4.302336e+01
7786.2500 1.981294e+01
7787.5000 2.329388e+00
7788.7500 4.457278e+01
7790.0000 2.208747e+01
7791.2500 3.765809e+01
7792.5000 4.299227e+00
7793.7500 2.762103e+01
7795.0000 3.276868e+01
7796.2500 1.262211e+01
7797.5000 1.888495e+01
7798.7500 2.086235e+01
7800.0000 3.510564e+01
7801.2500 1.612462e+01
7802.5000 6.573746e+00
7803.7500 7.929566e+00
7805.0000 1.104829e+01
7806.2500 1.408493e+01
7807.5000 -2.908380e+00
7808.7500 7.892920e+01
7810.0000 5.233095e+01
7811.2500 3.167308e+01
7812.5000 5.415403e+00
7813.7500 1.935871e+01
7815.0000 2.155514e+01
7816.2500 3.565297e+01
7817.5000 3.009558e+01
7818.7500 1.553949e+01
7820.0000 2.251602e+01
7821.2500 4.496968e+01
7822.5000 6.168296e+01
7823.7500 2.782482e+01
7825.0000 -1.649997e+00
7826.2500 5.306969e+00
7827.5000 1.775223e+01
7828.7500 1.562475e+01
7830.0000 1.900531e+01
7831.2500 2.560677e+01
7832.5000 3.729447e+00
7833.7500 2.583219e+01
7835.0000 2.891844e+01
7836.2500 1.233753e+01
7837.5000 1.641494e+01
7838.7500 1.853111e+01
7840.0000 6.328891e+00
7841.2500 1.047279e+01
7842.5000 3.042697e+01
7843.7500 3.275171e+01
7845.0000 1.670922e+01
7846.2500 2.764900e+01
7847.5000 3.649317e+01
7848.7500 4.232270e-01
7850.0000 5.532504e+01
7851.2500 5.922873e+01
7852.5000 5.434784e+01
7853.7500 7.740234e+01
7855.0000 5.180790e+01
7856.2500 3.556207e+01
7857.5000 1.452087e+00
7858.7500 2.455920e+01
7860.0000 5.596492e+01
7861.2500 -3.154318e+00
7862.5000 3.717644e+01
7863.7500 1.952215e+01
7865.0000 3.496754e+01
7866.2500 1.630639e+01
7867.5000 7.688368e+00
7868.7500 2.297159e+01
7870.0000 3.572143e+01
7871.2500 2.128863e+01
7872.5000 3.032231e+01
7873.7500 3.171235e+01
7875.0000 3.342764e+01
7876.2500 5.282166e+01
7877.5000 4.309569e+01
7878.7500 2.063621e+01
7880.0000 2.111342e+01
7881.2500 4.639201e+01
7882.5000 2.045409e+01
7883.7500 3.058321e-01
7885.0000 9.605637e+00
7886.2500 2.639109e+01
7887.5000 6.663475e+00
7888.7500 3.872104e+01
7890.0000 3.567801e+00
7891.2500 -5.422529e+00
7892.5000 3.913095e+01
7893.7500 9.049187e+00
7895.0000 3.182700e+01
7896.2500 3.050986e+01
7897.5000 3.530524e+01
7898.7500 4.870726e+01
7900.0000 1.919493e+01
7901.2500 2.943077e+01
7902.5000 5.384462e+00
7903.7500 2.070617e+01
7905.0000 3.238689e+01
7906.2500 3.607869e+01
7907.5000 2.848403e+01
7908.7500 -7.395408e+00
7910.0000 2.452458e+01
7911.2500 5.671702e+01
7912.5000 8.477640e+01
7913.7500 -4.842271e+00
7915.0000 -3.633399e+01
7916.2500 2.752189e+01
7917.5000 2.297775e+01
7918.7500 3.890066e+01
7920.0000 6.032822e+00
7921.2500 -2.395530e+01
7922.5000 -5.688332e+00
7923.7500 2.496840e+01
7925.0000 3.028632e+01
7926.2500 9.891066e+00
7927.5000 1.068779e+01
7928.7500 4.161024e+01
7930.0000 6.714352e+00
7931.2500 1.552600e+01
7932.5000 -5.886092e-01
7933.7500 3.501245e+01
7935.0000 1.939402e+01
7936.2500 6.732681e+00
7937.5000 2.994393e+01
7938.7500 1.445627e+01
7940.0000 1.468820e+01
7941.2500 1.186488e+01
7942.5000 1.441494e+01
7943.7500 1.651147e+01
7945.0000 1.088479e+01
7946.2500 1.390980e+01
7947.5000 -7.303379e+00
7948.7500 2.946308e+01
7950.0000 3.597300e+01
7951.2500 1.079669e+01
7952.5000 2.719063e+01
7953.7500 2.584482e+01
7955.0000 2.234243e+01
7956.2500 1.170605e+01
7957.5000 1.316007e+01
7958.7500 3.418610e+00
7960.0000 9.717736e+00
7961.2500 1.982783e+01
7962.5000 5.122194e+01
7963.7500 -7.658826e+01
7965.0000 6.610803e+00
7966.2500 -5.397945e+01
7967.5000 -4.287903e+00
7968.7500 1.493384e+01
7970.0000 1.878720e+01
7971.2500 7.084105e+00
7972.5000 1.446852e+01
7973.7500 2.759106e+01
7975.0000 1.902657e+01
7976.2500 -2.887143e+00
7977.5000 1.284827e+01
7978.7500 9.918125e+00
7980.0000 1.747301e+01
7981.2500 -2.206957e+01
7982.5000 2.469149e+01
7983.7500 1.001221e+01
7985.0000 3.919808e+01
7986.2500 1.549718e+01
7987.5000 1.419360e+01
7988.7500 1.360674e+01
7990.0000 4.907020e+01
7991.2500 6.694590e+01
7992.5000 2.676212e+01
7993.7500 7.206490e+01
7995.0000 -3.479626e+00
7996.2500 2.178035e+01
7997.5000 2.943756e+01
7998.7500 2.359414e+01
8000.0000 1.716665e+01
8001.2500 2.281425e+01
8002.5000 1.278881e+01
8003.7500 2.253111e+01
8005.0000 1.798796e+01
8006.2500 1.771590e+01
8007.5000 2.945375e+01
8008.7500 2.254058e+01
8010.0000 1.610086e+01
8011.2500 2.657427e+01
8012.5000 5.743773e+01
8013.7500 1.907845e+01
8015.0000 1.262559e+01
8016.2500 1.586761e+01
8017.5000 2.789341e+01
8018.7500 2.862539e+01
8020.0000 2.043175e+01
8021.2500 2.049526e+01
8022.5000 4.388421e+01
8023.7500 5.116946e+01
8025.0000 -8.107681e-01
8026.2500 -3.550693e+01
8027.5000 1.458986e+01
8028.7500 2.954418e+01
8030.0000 3.436650e+01
8031.2500 4.029311e+01
8032.5000 2.092572e+01
8033.7500 2.631537e+01
8035.0000 3.587517e+01
8036.2500 2.437723e+01
8037.5000 2.933271e+01
8038.7500 1.389946e+01
8040.0000 5.393241e+00
8041.2500 1.255285e+01
8042.5000 2.167109e+01
8043.7500 2.681019e+01
8045.0000 2.329669e+01
8046.2500 1.201983e+01
8047.5000 2.842186e+01
8048.7500 3.206316e+01
8050.0000 4.562408e+01
8051.2500 1.557249e+01
8052.5000 2.514677e+01
8053.7500 3.013340e+01
8055.0000 3.082169e+01
8056.2500 3.872426e+01
8057.5000 1.763143e+01
8058.7500 3.202482e+01
8060.0000 4.092399e+01
8061.2500 4.903537e+01
8062.5000 -1.657471e+01
8063.7500 1.480482e+01
8065.0000 3.799536e+01
8066.2500 2.568198e+01
8067.5000 7.378438e+00
8068.7500 2.920726e+01
8070.0000 3.900757e+01
8071.2500 3.971525e+01
8072.5000 2.586123e+01
8073.7500 2.881089e+01
8075.0000 2.379119e+01
8076.2500 3.176829e+01
8077.5000 8.244052e+00
8078.7500 3.518983e+01
8080.0000 2.215046e+01
8081.2500 1.691901e+01
8082.5000 3.541772e+01
8083.7500 2.233296e+01
8085.0000 1.157671e+01
8086.2500 1.707831e+01
8087.5000 2.175682e+01
8088.7500 3.769238e+01
8090.0000 2.020242e+01
8091.2500 3.673561e+01
8092.5000 4.517162e+01
8093.7500 2.921635e+01
8095.0000 2.276533e+01
8096.2500 1.741953e+01
8097.5000 2.797913e+01
8098.7500 3.041340e+01
8100.0000 3.585827e+01
8101.2500 5.651938e+01
8102.5000 1.191839e+01
8103.7500 2.749343e-01
8105.0000 3.261402e+01
8106.2500 2.577249e+01
8107.5000 2.203328e+01
8108.7500 3.508031e+01
8110.0000 2.722918e+01
8111.2500 2.842934e+01
8112.5000 3.334418e+01
8113.7500 1.912165e+01
8115.0000 2.380444e+01
8116.2500 1.890841e+01
8117.5000 2.237546e+01
8118.7500 2.337043e+01
8120.0000 3.397631e+01
8121.2500 3.829149e+01
8122.5000 3.662932e+01
8123.7500 2.353898e+01
8125.0000 1.765374e+01
8126.2500 2.585702e+01
8127.5000 3.130046e+01
8128.7500 2.922216e+01
8130.0000 3.559676e+01
8131.2500 2.886044e+01
8132.5000 1.884101e+01
8133.7500 2.203106e+01
8135.0000 5.073671e+01
8136.2500 3.281720e+01
8137.5000 3.303888e+01
8138.7500 3.672361e+00
8140.0000 2.132022e+01
8141.2500 3.297433e+01
8142.5000 3.284772e+01
8143.7500 2.949582e+01
8145.0000 2.455775e+01
8146.2500 2.453341e+01
8147.5000 1.609690e+00
8148.7500 3.277353e+01
8150.0000 3.454810e+01
8151.2500 2.422669e+01
8152.5000 2.058184e+01
8153.7500 2.903451e+01
8155.0000 2.970999e+01
8156.2500 4.831469e+01
8157.5000 2.460757e+01
8158.7500 1.994554e+01
8160.0000 2.736948e+01
8161.2500 1.710977e+01
8162.5000 4.044320e+01
8163.7500 3.064135e+01
8165.0000 2.228876e+01
8166.2500 1.242503e+01
8167.5000 2.110466e+00
8168.7500 3.777821e+01
8170.0000 3.691087e+01
8171.2500 3.897036e+01
8172.5000 3.112804e+01
8173.7500 5.301844e+01
8175.0000 4.423759e+01
8176.2500 2.308231e+01
8177.5000 2.751726e+01
8178.7500 1.551834e+01
8180.0000 1.077096e+01
8181.2500 3.136848e+00
8182.5000 1.023808e+01
8183.7500 9.784411e+00
8185.0000 3.716949e+01
8186.2500 4.387855e+01
8187.5000 1.962247e+01
8188.7500 2.567701e+01
8190.0000 3.071264e+01
8191.2500 2.124961e+01
8192.5000 2.978211e+01
8193.7500 4.075840e+01
8195.0000 3.368383e+01
8196.2500 3.319103e+01
8197.5000 2.707693e+01
8198.7500 1.061079e+01
8200.0000 2.731611e+01
8201.2500 3.391597e+01
8202.5000 2.632134e+01
8203.7500 4.441353e+01
8205.0000 1.165920e+01
8206.2500 1.460135e+01
8207.5000 1.396431e+01
8208.7500 2.424218e+01
8210.0000 3.372631e+01
8211.2500 3.477000e+01
8212.5000 3.285832e+01
8213.7500 3.479515e+01
8215.0000 2.410655e+01
8216.2500 3.190662e+01
8217.5000 3.706692e+01
8218.7500 4.100645e+01
8220.0000 2.223909e+01
8221.2500 1.065296e+01
8222.5000 3.061737e+01
8223.7500 1.187104e+01
8225.0000 4.543568e+01
8226.2500 3.162958e+01
8227.5000 3.127596e+01
8228.7500 2.793997e+01
8230.0000 3.020561e+01
8231.2500 1.920840e+01
8232.5000 2.497831e+01
8233.7500 2.992307e+01
8235.0000 3.775315e+01
8236.2500 4.562595e+01
8237.5000 2.046190e+01
8238.7500 3.530994e+01
8240.0000 3.902110e+01
8241.2500 3.649193e+01
8242.5000 2.424841e+01
8243.7500 2.451364e+01
8245.0000 2.187514e+01
8246.2500 4.904117e+00
8247.5000 2.768694e+01
8248.7500 1.953662e+01
8250.0000 2.380518e+01
8251.2500 3.251443e+01
8252.5000 3.346436e+01
8253.7500 1.695518e+01
8255.0000 8.878189e+00
8256.2500 3.387820e+01
8257.5000 7.861239e-02
8258.7500 2.211714e+01
8260.0000 3.237196e+01
8261.2500 3.239190e+01
8262.5000 1.439016e+01
8263.7500 1.956709e+01
8265.0000 2.416024e+01
8266.2500 8.830051e+00
8267.5000 2.248214e+01
8268.7500 3.511701e+01
8270.0000 3.450637e+01
8271.2500 2.977876e+01
8272.5000 2.770544e+01
8273.7500 1.734878e+01
8275.0000 2.664650e+01
8276.2500 5.293099e+01
8277.5000 5.660572e+01
8278.7500 1.787328e+01
8280.0000 1.310155e+01
8281.2500 1.471544e+01
8282.5000 4.736987e+01
8283.7500 3.185626e+01
8285.0000 7.360158e+01
8286.2500 4.795703e+01
8287.5000 5.975735e+01
8288.7500 1.436022e+01
8290.0000 6.787849e+01
8291.2500 3.909869e+01
8292.5000 2.651848e+01
8293.7500 2.596048e+01
8295.0000 1.643248e+01
8296.2500 1.473491e+01
8297.5000 3.103215e+01
8298.7500 2.882703e+01
8300.0000 2.209952e+01
8301.2500 3.338327e+01
8302.5000 3.789557e+01
8303.7500 3.745944e+01
8305.0000 3.545107e+01
8306.2500 3.997620e+01
8307.5000 4.223201e+01
8308.7500 4.913762e+01
8310.0000 -2.127033e+01
8311.2500 3.716160e+01
8312.5000 2.240910e+01
8313.7500 1.911481e+01
8315.0000 2.543659e+01
8316.2500 3.471105e+01
8317.5000 3.146655e+01
8318.7500 2.187629e+01
8320.0000 3.430715e+01
8321.2500 1.524327e+01
8322.5000 1.767465e+01
8323.7500 2.201742e+01
8325.0000 1.933711e+01
8326.2500 2.158548e+01
8327.5000 2.437693e+01
8328.7500 2.499066e+01
8330.0000 2.888790e+01
8331.2500 2.757131e+01
8332.5000 2.514075e+01
8333.7500 9.557678e+00
8335.0000 1.270832e+01
8336.2500 2.596573e+01
8337.5000 2.490467e+01
8338.7500 2.640927e+01
8340.0000 3.012348e+01
8341.2500 3.765452e+01
8342.5000 1.487149e+01
8343.7500 2.685979e+01
8345.0000 1.796873e+01
8346.2500 1.344065e+01
8347.5000 2.390458e+01
8348.7500 3.086619e+01
8350.0000 4.427540e+01
8351.2500 5.330579e+01
8352.5000 1.019684e+01
8353.7500 5.076691e+01
8355.0000 4.515387e+01
8356.2500 2.671479e+01
8357.5000 4.006828e+01
8358.7500 3.397165e+01
8360.0000 3.061499e+01
8361.2500 2.835466e+01
8362.5000 1.914659e+01
8363.7500 2.128759e+01
8365.0000 4.311924e+01
8366.2500 2.673219e+01
8367.5000 2.219746e+01
8368.7500 1.392481e+01
8370.0000 5.171225e+00
8371.2500 2.659233e+01
8372.5000 2.957143e+01
8373.7500 3.976077e+01
8375.0000 1.529644e+01
8376.2500 2.836758e+01
8377.5000 1.721783e+01
8378.7500 2.348893e+01
8380.0000 -1.661721e+00
8381.2500 1.390857e+01
8382.5000 6.657643e+01
8383.7500 3.016418e+00
8385.0000 2.543658e+01
8386.2500 3.277576e+01
8387.5000 1.841155e+01
8388.7500 4.648464e+01
8390.0000 1.555077e+01
8391.2500 3.057723e+01
8392.5000 3.538710e+01
8393.7500 -3.022268e-01
8395.0000 8.766407e+00
8396.2500 2.181898e+01
8397.5000 4.437179e+01
8398.7500 1.793067e+01
8400.0000 6.365477e+00
8401.2500 -8.483009e+00
8402.5000 2.822013e+01
8403.7500 1.913788e+01
8405.0000 2.441759e+01
8406.2500 1.424848e+01
8407.5000 2.160159e+01
8408.7500 1.082751e+01
8410.0000 3.078823e+01
8411.2500 1.818591e+01
8412.5000 1.079894e-01
8413.7500 -3.674506e+00
8415.0000 2.679136e+01
8416.2500 3.654643e+01
8417.5000 2.388221e+01
8418.7500 3.936614e+01
8420.0000 1.876549e+01
8421.2500 2.703661e+01
8422.5000 6.961234e-01
8423.7500 3.712697e+00
8425.0000 1.541063e+01
8426.2500 3.133075e+01
8427.5000 2.149102e+01
8428.7500 1.841366e+01
8430.0000 1.515991e+01
8431.2500 4.812227e+00
8432.5000 2.224848e+01
8433.7500 1.813065e+01
8435.0000 -1.189438e+01
8436.2500 9.778747e+00
8437.5000 1.061783e+01
8438.7500 9.941414e+00
8440.0000 1.474154e+01
8441.2500 4.670887e+01
8442.5000 1.816825e+01
8443.7500 1.131805e+01
8445.0000 9.960955e+00
8446.2500 1.947118e+01
8447.5000 4.408696e+01
8448.7500 1.443634e+01
8450.0000 -2.035429e+00
8451.2500 -2.942755e+00
8452.5000 7.923952e+01
8453.7500 4.335072e+01
8455.0000 6.507916e+00
8456.2500 2.689956e+01
8457.5000 2.536869e+01
8458.7500 9.104074e+00
8460.0000 2.307454e+01
8461.2500 2.443296e+01
8462.5000 3.679367e+01
8463.7500 3.667741e+01
8465.0000 2.364960e+01
8466.2500 9.121766e+00
8467.5000 8.153812e+01
8468.7500 3.414152e+01
8470.0000 1.343371e+01
8471.2500 7.529561e+00
8472.5000 3.492518e+01
8473.7500 1.421805e+01
8475.0000 2.771603e+01
8476.2500 2.411022e+01
8477.5000 2.399704e+01
8478.7500 2.886500e+01
8480.0000 3.083409e+01
8481.2500 1.289590e+01
8482.5000 2.435849e+01
8483.7500 3.269554e+01
8485.0000 3.153147e+01
8486.2500 1.257437e+01
8487.5000 4.365499e+00
8488.7500 1.410654e+01
8490.0000 3.471913e+01
8491.2500 6.120044e+00
8492.5000 -2.330957e+00
8493.7500 5.590179e+01
8495.0000 2.294412e+01
8496.2500 3.995826e+01
8497.5000 2.539780e+01
8498.7500 3.611755e+01
8500.0000 3.088092e+01
8501.2500 3.231474e+01
8502.5000 4.610534e+01
8503.7500 -2.252363e+01
8505.0000 5.664035e+01
8506.2500 1.389751e+01
8507.5000 4.100576e+01
8508.7500 2.799754e+01
8510.0000 2.772060e+01
8511.2500 2.582494e+01
8512.5000 1.329660e+01
8513.7500 3.472598e+01
8515.0000 1.533559e+01
8516.2500 1.578140e+01
8517.5000 2.825319e+01
8518.7500 1.860836e+01
8520.0000 2.159318e+01
8521.2500 3.512399e+01
8522.5000 2.100218e+01
8523.7500 2.153770e+01
8525.0000 2.643525e+01
8526.2500 1.505845e+01
8527.5000 1.523408e+01
8528.7500 2.604828e+01
8530.0000 2.272588e+01
8531.2500 2.728020e+01
8532.5000 2.507355e+01
8533.7500 3.698550e+01
8535.0000 2.954361e+01
8536.2500 3.955944e+01
8537.5000 4.504667e+01
8538.7500 7.212920e+01
8540.0000 5.522067e+01
8541.2500 2.430708e+01
8542.5000 2.155582e+01
8543.7500 2.988525e+01
8545.0000 1.625012e+01
8546.2500 1.890714e+01
8547.5000 2.499417e+01
8548.7500 4.662007e+01
8550.0000 5.880201e+01
8551.2500 1.641252e+01
8552.5000 2.057364e+01
8553.7500 2.236022e+01
8555.0000 4.020798e+01
8556.2500 3.082082e+01
8557.5000 2.125871e+01
8558.7500 1.866684e+01
8560.0000 5.521273e+00
8561.2500 1.566906e+01
8562.5000 1.744644e+01
8563.7500 1.785151e+01
8565.0000 3.425275e+01
8566.2500 2.815642e+01
8567.5000 1.469949e+01
8568.7500 1.974889e+01
8570.0000 3.550854e+01
8571.2500 3.544882e+01
8572.5000 1.797943e+01
8573.7500 3.769628e+01
8575.0000 1.937443e+01
8576.2500 1.132709e+01
8577.5000 2.272511e+01
8578.7500 2.912419e+01
8580.0000 2.513400e+01
8581.2500 3.367079e+01
8582.5000 1.326149e+01
8583.7500 2.134150e+01
8585.0000 1.790879e+01
8586.2500 1.689383e+01
8587.5000 4.943721e+01
8588.7500 2.527291e+01
8590.0000 1.992040e+01
8591.2500 2.341584e+01
8592.5000 1.491453e+01
8593.7500 1.058613e+01
8595.0000 4.255134e+01
8596.2500 4.203054e+01
8597.5000 2.443459e+01
8598.7500 2.371964e+01
8600.0000 2.174024e+01
8601.2500 3.228289e+01
8602.5000 1.162149e+01
8603.7500 1.668777e+01
8605.0000 1.624722e+01
8606.2500 2.343690e+01
8607.5000 4.222046e+01
8608.7500 2.950019e+01
8610.0000 2.098029e+01
8611.2500 -2.006554e+00
8612.5000 2.239268e+01
8613.7500 8.033188e+00
8615.0000 1.174987e+01
8616.2500 1.237605e+01
8617.5000 1.851979e+01
8618.7500 3.513767e+01
8620.0000 2.498156e+01
8621.2500 -1.964675e+01
8622.5000 8.001317e+00
8623.7500 5.484793e+01
8625.0000 7.004594e+00
8626.2500 -1.963280e+01
8627.5000 1.498680e+01
8628.7500 4.884285e+01
8630.0000 2.701918e+01
8631.2500 2.082106e+00
8632.5000 5.298031e+01
8633.7500 -2.239438e+01
8635.0000 4.645996e+01
8636.2500 1.278193e+01
8637.5000 2.854970e+01
8638.7500 2.974747e+01
8640.0000 1.534505e+01
8641.2500 1.427227e+01
8642.5000 2.677632e+00
8643.7500 2.767220e+01
8645.0000 4.053333e+01
8646.2500 6.091329e+01
8647.5000 -1.756336e+00
8648.7500 3.791107e+01
8650.0000 5.001256e+00
8651.2500 1.563780e+01
8652.5000 8.694723e+00
8653.7500 1.951961e+01
8655.0000 2.144409e+01
8656.2500 2.454528e+01
8657.5000 5.180587e+01
8658.7500 1.790297e+01
8660.0000 1.873713e+01
8661.2500 1.708130e+01
8662.5000 -8.066805e+00
8663.7500 1.443516e+01
8665.0000 5.984790e+00
8666.2500 1.606852e+01
8667.5000 1.681277e+01
8668.7500 6.137712e+01
8670.0000 1.322219e+01
8671.2500 2.494876e+01
8672.5000 -3.066309e+00
8673.7500 -1.021151e+01
8675.0000 4.827361e+01
8676.2500 5.579483e+01
8677.5000 3.618135e+01
8678.7500 1.269126e+01
8680.0000 1.156340e+01
8681.2500 7.169355e+00
8682.5000 2.480247e+01
8683.7500 6.350241e+00
8685.0000 1.638122e+01
8686.2500 2.196632e-01
8687.5000 2.287264e+01
8688.7500 2.739674e+01
8690.0000 3.533436e+01
8691.2500 1.564528e+01
8692.5000 2.099202e+01
8693.7500 3.935676e+01
8695.0000 2.520350e+01
8696.2500 1.823899e+01
8697.5000 3.194684e+01
8698.7500 2.474394e+01
8700.0000 -3.371982e+00
8701.2500 4.345289e+01
8702.5000 4.110928e+01
8703.7500 3.203356e+01
8705.0000 4.374937e+01
8706.2500 2.016125e+01
8707.5000 8.223787e+00
8708.7500 1.137254e+01
8710.0000 2.396043e+01
8711.2500 2.524645e+01
8712.5000 2.637906e+01
8713.7500 2.523755e+01
8715.0000 2.122388e+01
8716.2500 3.097920e+01
8717.5000 1.173202e+01
8718.7500 3.367935e+01
8720.0000 2.897346e+01
8721.2500 9.504496e+00
8722.5000 9.742247e+00
8723.7500 1.592614e+01
8725.0000 1.988029e+01
8726.2500 1.394407e+01
8727.5000 3.959985e+01
8728.7500 1.838891e+01
8730.0000 2.031816e+01
8731.2500 2.175128e-02
8732.5000 1.558962e+01
8733.7500 1.279471e+01
8735.0000 2.045871e+01
8736.2500 1.998006e+01
8737.5000 1.035547e+01
8738.7500 2.608072e+01
8740.0000 2.799051e+01
8741.2500 1.070049e-01
8742.5000 -1.452602e+00
8743.7500 3.762869e+01
8745.0000 3.768750e+01
8746.2500 2.628508e+01
8747.5000 9.861786e+00
8748.7500 3.060672e+01
8750.0000 -5.961426e+00
8751.2500 2.984310e+01
8752.5000 3.527274e+01
8753.7500 1.417712e+01
8755.0000 3.519742e+01
8756.2500 1.765961e+01
8757.5000 -9.229090e+00
8758.7500 -6.196805e+01
8760.0000 8.052744e+00
8761.2500 -1.185899e+01
8762.5000 3.425562e+00
8763.7500 1.454195e+01
8765.0000 -2.206114e+01
8766.2500 -3.454585e+01
8767.5000 1.607613e+01
8768.7500 -3.572340e+01
8770.0000 3.631070e+01
8771.2500 2.211323e+00
8772.5000 2.167510e+01
8773.7500 -1.715421e+01
8775.0000 2.122555e+01
8776.2500 4.200813e+01
8777.5000 4.746491e+01
8778.7500 -3.569394e+01
8780.0000 2.274428e+00
8781.2500 2.366743e+01
8782.5000 8.669535e-01
8783.7500 1.044388e+01
8785.0000 1.284470e+01
8786.2500 3.339491e+01
8787.5000 1.262008e+00
8788.7500 -1.194454e+01
8790.0000 1.757179e+01
8791.2500 3.212561e+01
8792.5000 -2.494498e+00
8793.7500 1.494284e+01
8795.0000 2.459440e+01
8796.2500 1.921720e+01
8797.5000 1.169430e+01
8798.7500 2.471685e+01
8800.0000 2.215667e+01
8801.2500 3.141775e+01
8802.5000 3.137444e+01
8803.7500 3.032905e+01
8805.0000 2.605097e+01
8806.2500 1.788599e+01
8807.5000 2.359731e+01
8808.7500 4.423895e+01
8810.0000 2.900215e+01
8811.2500 3.157098e+00
8812.5000 1.521461e+01
8813.7500 -4.513155e+00
8815.0000 -2.140615e+00
8816.2500 2.441330e+01
8817.5000 1.514994e+01
8818.7500 1.889563e+01
8820.0000 2.128197e+01
8821.2500 3.003219e+01
8822.5000 8.439078e+00
8823.7500 -3.956171e+01
8825.0000 4.513323e+01
8826.2500 1.355841e+01
8827.5000 2.025785e+01
8828.7500 1.217049e+01
8830.0000 9.404807e+01
8831.2500 4.237362e+01
8832.5000 2.775251e+01
8833.7500 3.060713e+01
8835.0000 -1.017228e+02
8836.2500 4.594996e+01
8837.5000 5.898956e+01
8838.7500 -3.194700e+00
8840.0000 1.600242e+01
8841.2500 1.213072e+00
8842.5000 2.897131e+01
8843.7500 -5.458816e+00
8845.0000 2.360272e+01
8846.2500 1.296642e+01
8847.5000 3.767266e+01
8848.7500 -4.618234e+00
8850.0000 3.160926e+01
8851.2500 1.613660e-01
8852.5000 2.764291e+01
8853.7500 2.814779e+01
8855.0000 3.312767e+01
8856.2500 2.660666e+00
8857.5000 2.079597e+01
8858.7500 1.339139e+01
8860.0000 1.182811e+00
8861.2500 1.582997e+01
8862.5000 3.551957e+01
8863.7500 4.813190e+01
8865.0000 2.243228e+00
8866.2500 -2.004850e+01
8867.5000 3.169818e+01
8868.7500 1.761307e+00
8870.0000 3.827743e+01
8871.2500 1.048102e+01
8872.5000 3.630143e+01
8873.7500 2.332939e+01
8875.0000 2.600445e+01
8876.2500 1.907558e+01
8877.5000 3.020390e+01
8878.7500 3.251291e+01
8880.0000 1.773059e+01
8881.2500 4.090129e+00
8882.5000 -8.631626e+00
8883.7500 7.336590e+00
8885.0000 1.785952e+01
8886.2500 2.005552e+01
8887.5000 5.934257e+01
8888.7500 2.789083e+01
8890.0000 -8.756280e-01
8891.2500 2.577728e+01
8892.5000 1.575818e+01
8893.7500 1.897056e+01
8895.0000 6.788149e+00
8896.2500 -1.247919e+01
8897.5000 2.204862e+00
8898.7500 6.489363e+00
8900.0000 1.657051e+01
8901.2500 3.710984e+01
8902.5000 1.382255e+01
8903.7500 8.315951e+01
8905.0000 4.354588e+01
8906.2500 3.898565e+01
8907.5000 1.785705e+01
8908.7500 1.585137e+01
8910.0000 2.594463e+01
8911.2500 2.676889e+01
8912.5000 1.368021e+01
8913.7500 1.553831e+00
8915.0000 -1.898943e+00
8916.2500 -2.283864e+01
8917.5000 5.412252e+01
8918.7500 2.810954e+00
8920.0000 2.531012e+01
8921.2500 -9.612682e+00
8922.5000 2.645652e+01
8923.7500 1.229075e+01
8925.0000 5.357308e+00
8926.2500 2.473117e+01
8927.5000 5.508323e+01
8928.7500 3.484573e+01
8930.0000 1.636176e+01
8931.2500 1.879408e+01
8932.5000 -2.780716e+00
8933.7500 -9.114907e+00
8935.0000 -6.308836e+00
8936.2500 2.449908e+00
8937.5000 2.180274e+01
8938.7500 2.616812e+01
8940.0000 1.418223e+01
8941.2500 2.346417e+01
8942.5000 2.504287e+01
8943.7500 2.443808e+01
8945.0000 5.052991e+01
8946.2500 3.863381e+01
8947.5000 9.867536e+00
8948.7500 2.924242e+01
8950.0000 1.151628e+01
8951.2500 3.573293e+01
8952.5000 4.433154e+01
8953.7500 9.313621e+00
8955.0000 2.553177e+00
8956.2500 3.044543e+01
8957.5000 2.839769e+00
8958.7500 4.510447e+01
8960.0000 -1.207818e+01
8961.2500 5.449165e+01
8962.5000 5.435575e+00
8963.7500 7.453020e+00
8965.0000 3.974350e+01
8966.2500 6.594126e+00
8967.5000 1.702439e+01
8968.7500 1.525122e+01
8970.0000 2.052130e+01
8971.2500 3.778981e+01
8972.5000 3.087708e+01
8973.7500 1.167591e+01
8975.0000 2.693096e+01
8976.2500 3.111726e+01
8977.5000 6.025404e+00
8978.7500 1.782959e+01
8980.0000 1.319550e+01
8981.2500 8.480837e-01
8982.5000 8.432907e+00
8983.7500 2.414364e+01
8985.0000 -1.157243e+01
8986.2500 1.414962e+01
8987.5000 3.010044e+01
8988.7500 -4.041085e+01
8990.0000 2.496391e+01
8991.2500 4.981815e+01
8992.5000 4.343172e+01
8993.7500 3.168273e+00
8995.0000 2.885663e+01
8996.2500 2.932062e+01
8997.5000 4.121428e+01
8998.7500 -1.941998e+01
9000.0000 9.173770e+01
9001.2500 9.342760e+00
9002.5000 -3.215284e+01
9003.7500 3.865279e+01
9005.0000 2.977541e+01
9006.2500 2.614194e+01
9007.5000 2.922916e+00
9008.7500 1.307381e+01
9010.0000 1.357116e+01
9011.2500 2.103898e+01
9012.5000 1.327073e+00
9013.7500 1.054342e+01
9015.0000 1.110220e+01
9016.2500 1.004685e+01
9017.5000 2.538239e+01
9018.7500 3.396058e+01
9020.0000 4.190810e+01
9021.2500 4.609491e+01
9022.5000 1.593287e+01
9023.7500 4.276444e+01
9025.0000 1.510113e+01
9026.2500 1.021382e+01
9027.5000 1.941070e+01
9028.7500 1.116494e+01
9030.0000 9.705406e+00
9031.2500 1.386453e+01
9032.5000 1.131170e+01
9033.7500 3.234911e+01
9035.0000 2.011412e+01
9036.2500 3.373631e+01
9037.5000 6.239680e+01
9038.7500 3.907626e+01
9040.0000 3.387234e+01
9041.2500 3.756918e+01
9042.5000 3.245775e+00
9043.7500 -5.764832e+00
9045.0000 1.561834e+01
9046.2500 8.200628e+00
9047.5000 5.230066e+01
9048.7500 2.889045e+01
9050.0000 -3.291210e+01
9051.2500 6.137075e+00
9052.5000 2.030736e+01
9053.7500 3.423363e+01
9055.0000 4.083660e+01
9056.2500 3.302856e+01
9057.5000 2.117503e+01
9058.7500 1.104623e+01
9060.0000 3.243211e+01
9061.2500 2.141448e+01
9062.5000 1.614865e+01
9063.7500 1.493303e+01
9065.0000 6.275176e+00
9066.2500 2.157461e+01
9067.5000 1.822536e+01
9068.7500 -1.096589e+01
9070.0000 1.937054e+01
9071.2500 1.774045e+01
9072.5000 1.173747e+01
9073.7500 1.607059e+01
9075.0000 7.732796e+00
9076.2500 5.789962e+00
9077.5000 1.246034e+01
9078.7500 2.864921e+01
9080.0000 3.351425e+01
9081.2500 4.212021e+00
9082.5000 1.445753e+01
9083.7500 3.911808e+01
9085.0000 3.153942e+01
9086.2500 3.446706e+01
9087.5000 2.451917e+01
9088.7500 2.872933e+01
9090.0000 3.905039e+01
9091.2500 -2.585768e+00
9092.5000 1.002796e+01
9093.7500 2.610458e+01
9095.0000 3.759743e+01
9096.2500 2.313665e+01
9097.5000 1.237749e+01
9098.7500 7.859853e+00
9100.0000 5.857497e+01
9101.2500 4.591674e+01
9102.5000 1.399935e+01
9103.7500 2.191759e+01
9105.0000 1.392397e+01
9106.2500 5.066255e+01
9107.5000 7.877146e+00
9108.7500 1.944622e+01
9110.0000 2.720479e+01
9111.2500 3.635253e+01
9112.5000 3.919970e+01
9113.7500 3.221832e+00
9115.0000 2.217248e+01
9116.2500 1.666961e+01
9117.5000 2.369718e+01
9118.7500 2.833940e+01
9120.0000 7.841548e+00
9121.2500 2.485175e+01
9122.5000 1.508504e+01
9123.7500 1.676033e+01
9125.0000 7.812874e-01
9126.2500 2.173506e+01
9127.5000 3.864050e+01
9128.7500 2.578208e+01
9130.0000 1.569163e+01
9131.2500 -7.667150e-01
9132.5000 2.220114e+01
9133.7500 2.906268e+01
9135.0000 2.253268e+01
9136.2500 1.304506e+01
9137.5000 9.409811e+00
9138.7500 3.190601e+01
9140.0000 4.734729e+01
9141.2500 1.879992e+01
9142.5000 1.206031e+01
9143.7500 2.563951e+01
9145.0000 5.300653e+00
9146.2500 1.376811e+01
9147.5000 2.186627e+01
9148.7500 2.167831e+01
9150.0000 2.643323e+01
9151.2500 3.667348e+01
9152.5000 2.652497e+01
9153.7500 1.843211e+01
9155.0000 2.791802e+01
9156.2500 7.427129e+00
9157.5000 3.070163e+01
9158.7500 4.966092e+00
9160.0000 6.855954e+01
9161.2500 4.748351e+01
9162.5000 -1.296345e+01
9163.7500 2.648152e+01
9165.0000 1.439367e+01
9166.2500 2.664349e+01
9167.5000 3.478695e+01
9168.7500 1.821426e+01
9170.0000 2.711135e+01
9171.2500 1.216694e+00
9172.5000 -3.588710e-01
9173.7500 3.600663e+01
9175.0000 1.059115e+01
9176.2500 3.104916e+01
9177.5000 3.577428e+01
9178.7500 2.281847e+01
9180.0000 6.257317e+00
9181.2500 1.720507e+01
9182.5000 1.292021e+01
9183.7500 1.636492e+01
9185.0000 2.835432e+01
9186.2500 4.520169e+01
9187.5000 3.886408e+01
9188.7500 7.492542e+00
9190.0000 1.691598e+01
9191.2500 8.326674e+00
9192.5000 2.700255e+01
9193.7500 9.445906e+00
9195.0000 2.926368e+01
9196.2500 2.761856e+01
9197.5000 2.586317e+01
9198.7500 4.184365e+01
9200.0000 2.701040e+01
9201.2500 3.055432e+01
9202.5000 2.621299e+01
9203.7500 2.592474e+01
9205.0000 2.833554e+01
9206.2500 1.340063e+01
9207.5000 1.150145e+01
9208.7500 2.025029e+01
9210.0000 5.515034e+00
9211.2500 2.160381e+01
9212.5000 3.224140e+01
9213.7500 1.599331e+01
9215.0000 4.092043e+01
9216.2500 2.654348e+01
9217.5000 3.766879e+01
9218.7500 4.657010e+01
9220.0000 3.786300e+01
9221.2500 3.080939e+01
9222.5000 2.414591e+01
9223.7500 5.558045e+01
9225.0000 3.121189e+01
9226.2500 -1.151804e+01
9227.5000 3.074492e+01
9228.7500 1.020085e+01
9230.0000 2.054047e+01
9231.2500 3.058859e+01
9232.5000 4.919551e+01
9233.7500 3.299655e+01
9235.0000 1.372531e+01
9236.2500 1.631657e+01
9237.5000 3.233976e+01
9238.7500 2.130943e+01
9240.0000 -3.762425e-01
9241.2500 1.559737e+01
9242.5000 2.887781e+01
9243.7500 3.853698e+01
9245.0000 3.119887e+01
9246.2500 5.527248e+01
9247.5000 4.849799e+01
9248.7500 8.992434e+00
9250.0000 -2.033268e+00
9251.2500 2.004835e+01
9252.5000 1.634669e+01
9253.7500 3.888612e+00
9255.0000 3.207199e+00
9256.2500 1.435609e+01
9257.5000 4.940057e+01
9258.7500 2.658977e+01
9260.0000 4.490214e+00
9261.2500 4.277399e+01
9262.5000 1.206280e+01
9263.7500 4.135125e+00
9265.0000 4.121806e+01
9266.2500 2.666894e+01
9267.5000 -1.901362e+01
9268.7500 9.595129e+00
9270.0000 5.743677e+00
9271.2500 1.600591e+01
9272.5000 2.022599e+01
9273.7500 1.464843e+01
9275.0000 2.149951e+00
9276.2500 1.508211e+01
9277.5000 9.122578e+00
9278.7500 2.041540e+01
9280.0000 1.232927e+01
9281.2500 1.682448e+01
9282.5000 7.219567e+00
9283.7500 5.977412e+01
9285.0000 2.530782e+01
9286.2500 2.121970e+01
9287.5000 3.469784e+01
9288.7500 1.663321e+01
9290.0000 2.264417e+01
9291.2500 1.158403e+01
9292.5000 1.839091e+01
9293.7500 9.548187e-01
9295.0000 3.301152e+01
9296.2500 2.859343e+01
9297.5000 -5.865562e+00
9298.7500 1.744184e-01
9300.0000 -7.750013e+00
9301.2500 3.734334e+00
9302.5000 9.747839e+00
9303.7500 -2.612253e+00
9305.0000 -4.098370e+01
9306.2500 7.199847e+01
9307.5000 -7.321477e+01
9308.7500 -1.648846e+02
9310.0000 -2.417679e+01
9311.2500 -2.424670e+02
9312.5000 4.525182e+01
9313.7500 3.779020e+02
9315.0000 -3.238087e+02
9316.2500 -2.424579e+00
9317.5000 -4.198463e+01
9318.7500 -1.147846e+01
9320.0000 4.551989e+01
9321.2500 5.903822e+01
9322.5000 -3.243557e+02
9323.7500 -9.589661e+01
9325.0000 -3.407743e+02
9326.2500 -1.451073e+01
9327.5000 2.212740e+01
9328.7500 7.229090e+01
9330.0000 -1.309512e+01
9331.2500 3.690769e+01
9332.5000 4.476532e+01
9333.7500 1.226103e+01
9335.0000 1.491189e+01
9336.2500 -6.947932e+00
9337.5000 9.274095e+01
9338.7500 -3.760049e+01
9340.0000 -7.382642e+01
9341.2500 8.436772e+01
9342.5000 2.887553e+01
9343.7500 1.512015e+01
9345.0000 -8.430273e+00
9346.2500 4.148936e+01
9347.5000 -1.028016e+01
9348.7500 -9.561321e+00
9350.0000 3.045199e+01
