4750.0000 1.041258e+03
4751.2500 5.138642e+02
4752.5000 4.142321e+02
4753.7500 4.218458e+02
4755.0000 3.435005e+02
4756.2500 3.157886e+02
4757.5000 3.001120e+02
4758.7500 2.820562e+02
4760.0000 2.786998e+02
4761.2500 2.493291e+02
4762.5000 2.573080e+02
4763.7500 2.135919e+02
4765.0000 2.077672e+02
4766.2500 2.042413e+02
4767.5000 2.172165e+02
4768.7500 2.344550e+02
4770.0000 2.254037e+02
4771.2500 2.011429e+02
4772.5000 2.003771e+02
4773.7500 2.023972e+02
4775.0000 2.148733e+02
4776.2500 2.067662e+02
4777.5000 1.951104e+02
4778.7500 2.057923e+02
4780.0000 1.965191e+02
4781.2500 1.913562e+02
4782.5000 1.944724e+02
4783.7500 1.856723e+02
4785.0000 1.761243e+02
4786.2500 1.788985e+02
4787.5000 1.762189e+02
4788.7500 1.806957e+02
4790.0000 1.887834e+02
4791.2500 1.936133e+02
4792.5000 1.925265e+02
4793.7500 1.962935e+02
4795.0000 1.903107e+02
4796.2500 1.864899e+02
4797.5000 1.727791e+02
4798.7500 1.799492e+02
4800.0000 1.877913e+02
4801.2500 1.839377e+02
4802.5000 1.984594e+02
4803.7500 1.792828e+02
4805.0000 1.825400e+02
4806.2500 1.862819e+02
4807.5000 1.908695e+02
4808.7500 1.783596e+02
4810.0000 1.622874e+02
4811.2500 1.806953e+02
4812.5000 1.835960e+02
4813.7500 1.832589e+02
4815.0000 1.959113e+02
4816.2500 2.032339e+02
4817.5000 1.973825e+02
4818.7500 2.008817e+02
4820.0000 2.102256e+02
4821.2500 2.171800e+02
4822.5000 2.009370e+02
4823.7500 1.914517e+02
4825.0000 1.984672e+02
4826.2500 1.941185e+02
4827.5000 1.894904e+02
4828.7500 2.184742e+02
4830.0000 1.878407e+02
4831.2500 1.830774e+02
4832.5000 1.984102e+02
4833.7500 2.157337e+02
4835.0000 1.848259e+02
4836.2500 1.953482e+02
4837.5000 1.933872e+02
4838.7500 1.907574e+02
4840.0000 1.842683e+02
4841.2500 1.787393e+02
4842.5000 1.850535e+02
4843.7500 1.988562e+02
4845.0000 1.736566e+02
4846.2500 1.834948e+02
4847.5000 1.799461e+02
4848.7500 1.541195e+02
4850.0000 1.566093e+02
4851.2500 1.659620e+02
4852.5000 1.760025e+02
4853.7500 1.571853e+02
4855.0000 1.433671e+02
4856.2500 1.461647e+02
4857.5000 1.458516e+02
4858.7500 1.464633e+02
4860.0000 1.850840e+02
4861.2500 2.373835e+02
4862.5000 2.269577e+02
4863.7500 1.596254e+02
4865.0000 1.596359e+02
4866.2500 1.690896e+02
4867.5000 1.568437e+02
4868.7500 1.832923e+02
4870.0000 1.757780e+02
4871.2500 1.548379e+02
4872.5000 1.582110e+02
4873.7500 1.710642e+02
4875.0000 1.616846e+02
4876.2500 1.541129e+02
4877.5000 1.645597e+02
4878.7500 1.713849e+02
4880.0000 1.796388e+02
4881.2500 1.901540e+02
4882.5000 1.776845e+02
4883.7500 1.627091e+02
4885.0000 1.726203e+02
4886.2500 1.565830e+02
4887.5000 1.650426e+02
4888.7500 1.622596e+02
4890.0000 1.745124e+02
4891.2500 1.577733e+02
4892.5000 1.581597e+02
4893.7500 1.534150e+02
4895.0000 1.688088e+02
4896.2500 1.633358e+02
4897.5000 1.553021e+02
4898.7500 1.596128e+02
4900.0000 1.597604e+02
4901.2500 1.417964e+02
4902.5000 1.436963e+02
4903.7500 1.513709e+02
4905.0000 1.473520e+02
4906.2500 1.521445e+02
4907.5000 1.507852e+02
4908.7500 1.538589e+02
4910.0000 1.475967e+02
4911.2500 1.399625e+02
4912.5000 1.412863e+02
4913.7500 1.469460e+02
4915.0000 1.509992e+02
4916.2500 1.457754e+02
4917.5000 1.422932e+02
4918.7500 1.421350e+02
4920.0000 1.328348e+02
4921.2500 1.469062e+02
4922.5000 1.544562e+02
4923.7500 1.506714e+02
4925.0000 1.619139e+02
4926.2500 1.553250e+02
4927.5000 1.494922e+02
4928.7500 1.597475e+02
4930.0000 1.630759e+02
4931.2500 1.549418e+02
4932.5000 1.509703e+02
4933.7500 1.500700e+02
4935.0000 1.457811e+02
4936.2500 1.626897e+02
4937.5000 1.770929e+02
4938.7500 1.507503e+02
4940.0000 1.416904e+02
4941.2500 1.572361e+02
4942.5000 1.470669e+02
4943.7500 1.494753e+02
4945.0000 1.394555e+02
4946.2500 1.491320e+02
4947.5000 1.443736e+02
4948.7500 1.478111e+02
4950.0000 1.387812e+02
4951.2500 1.497177e+02
4952.5000 1.521320e+02
4953.7500 1.460003e+02
4955.0000 1.368487e+02
4956.2500 1.305373e+02
4957.5000 1.187579e+02
4958.7500 1.258602e+02
4960.0000 1.397626e+02
4961.2500 1.325527e+02
4962.5000 1.370466e+02
4963.7500 1.333239e+02
4965.0000 1.331166e+02
4966.2500 1.476365e+02
4967.5000 1.535405e+02
4968.7500 1.513098e+02
4970.0000 1.401998e+02
4971.2500 1.386078e+02
4972.5000 1.378841e+02
4973.7500 1.335181e+02
4975.0000 1.444720e+02
4976.2500 1.327141e+02
4977.5000 1.492511e+02
4978.7500 1.406246e+02
4980.0000 1.428873e+02
4981.2500 1.321845e+02
4982.5000 1.322851e+02
4983.7500 1.234641e+02
4985.0000 1.363471e+02
4986.2500 1.498012e+02
4987.5000 1.539316e+02
4988.7500 1.553656e+02
4990.0000 1.583246e+02
4991.2500 1.578367e+02
4992.5000 1.546632e+02
4993.7500 1.568732e+02
4995.0000 1.560688e+02
4996.2500 1.563793e+02
4997.5000 1.530186e+02
4998.7500 1.328088e+02
5000.0000 1.479948e+02
5001.2500 1.451079e+02
5002.5000 1.408975e+02
5003.7500 1.312113e+02
5005.0000 1.339305e+02
5006.2500 1.414697e+02
5007.5000 1.507178e+02
5008.7500 1.261326e+02
5010.0000 1.286558e+02
5011.2500 1.259035e+02
5012.5000 1.137173e+02
5013.7500 1.192514e+02
5015.0000 1.161645e+02
5016.2500 1.191845e+02
5017.5000 1.127424e+02
5018.7500 1.111637e+02
5020.0000 1.116397e+02
5021.2500 1.101242e+02
5022.5000 1.042211e+02
5023.7500 1.061212e+02
5025.0000 1.117282e+02
5026.2500 1.117126e+02
5027.5000 1.143640e+02
5028.7500 1.187718e+02
5030.0000 1.192918e+02
5031.2500 1.266936e+02
5032.5000 1.215208e+02
5033.7500 1.200856e+02
5035.0000 1.242012e+02
5036.2500 1.233871e+02
5037.5000 1.253798e+02
5038.7500 1.214540e+02
5040.0000 1.175668e+02
5041.2500 1.227808e+02
5042.5000 1.310598e+02
5043.7500 1.348237e+02
5045.0000 1.331093e+02
5046.2500 1.463100e+02
5047.5000 1.385896e+02
5048.7500 1.389730e+02
5050.0000 1.348186e+02
5051.2500 1.360241e+02
5052.5000 1.421583e+02
5053.7500 1.369167e+02
5055.0000 1.434685e+02
5056.2500 1.435418e+02
5057.5000 1.374273e+02
5058.7500 1.442793e+02
5060.0000 1.422673e+02
5061.2500 1.459544e+02
5062.5000 1.393755e+02
5063.7500 1.317833e+02
5065.0000 1.350962e+02
5066.2500 1.278508e+02
5067.5000 1.207809e+02
5068.7500 1.264451e+02
5070.0000 1.267522e+02
5071.2500 1.171243e+02
5072.5000 1.119165e+02
5073.7500 1.161872e+02
5075.0000 1.050982e+02
5076.2500 1.142750e+02
5077.5000 1.022861e+02
5078.7500 1.006124e+02
5080.0000 9.867482e+01
5081.2500 1.016834e+02
5082.5000 1.039118e+02
5083.7500 1.029459e+02
5085.0000 1.032872e+02
5086.2500 1.120409e+02
5087.5000 1.048988e+02
5088.7500 1.037889e+02
5090.0000 1.068381e+02
5091.2500 1.092459e+02
5092.5000 1.097581e+02
5093.7500 1.081231e+02
5095.0000 1.078322e+02
5096.2500 1.095796e+02
5097.5000 1.118151e+02
5098.7500 1.081594e+02
5100.0000 1.123884e+02
5101.2500 1.261238e+02
5102.5000 1.218906e+02
5103.7500 1.260180e+02
5105.0000 1.289036e+02
5106.2500 1.239159e+02
5107.5000 1.266534e+02
5108.7500 1.321059e+02
5110.0000 1.254694e+02
5111.2500 1.239117e+02
5112.5000 1.340685e+02
5113.7500 1.311689e+02
5115.0000 1.210906e+02
5116.2500 1.263003e+02
5117.5000 1.324435e+02
5118.7500 1.339431e+02
5120.0000 1.409258e+02
5121.2500 1.324003e+02
5122.5000 1.244329e+02
5123.7500 1.292681e+02
5125.0000 1.217736e+02
5126.2500 1.221975e+02
5127.5000 1.336656e+02
5128.7500 1.264918e+02
5130.0000 1.248982e+02
5131.2500 1.364135e+02
5132.5000 1.364882e+02
5133.7500 1.283326e+02
5135.0000 1.284229e+02
5136.2500 1.244538e+02
5137.5000 1.167796e+02
5138.7500 1.158559e+02
5140.0000 1.134447e+02
5141.2500 1.130037e+02
5142.5000 1.072861e+02
5143.7500 1.090036e+02
5145.0000 1.053363e+02
5146.2500 1.035148e+02
5147.5000 1.049593e+02
5148.7500 9.756898e+01
5150.0000 9.913127e+01
5151.2500 1.018245e+02
5152.5000 9.636558e+01
5153.7500 9.964301e+01
5155.0000 9.301408e+01
5156.2500 9.503149e+01
5157.5000 1.014698e+02
5158.7500 1.052651e+02
5160.0000 9.844571e+01
5161.2500 9.848697e+01
5162.5000 1.116408e+02
5163.7500 1.044376e+02
5165.0000 1.007474e+02
5166.2500 9.882047e+01
5167.5000 9.503610e+01
5168.7500 1.027832e+02
5170.0000 1.091992e+02
5171.2500 1.025070e+02
5172.5000 9.449767e+01
5173.7500 1.108642e+02
5175.0000 1.223420e+02
5176.2500 1.192048e+02
5177.5000 1.234181e+02
5178.7500 1.246994e+02
5180.0000 1.245953e+02
5181.2500 1.193704e+02
5182.5000 1.081775e+02
5183.7500 1.009159e+02
5185.0000 1.068863e+02
5186.2500 1.332611e+02
5187.5000 1.494020e+02
5188.7500 1.435775e+02
5190.0000 1.407183e+02
5191.2500 1.231823e+02
5192.5000 1.189803e+02
5193.7500 1.299955e+02
5195.0000 1.225375e+02
5196.2500 1.478547e+02
5197.5000 2.023677e+02
5198.7500 1.984253e+02
5200.0000 1.651500e+02
5201.2500 1.582810e+02
5202.5000 1.588087e+02
5203.7500 1.323252e+02
5205.0000 1.074527e+02
5206.2500 1.074724e+02
5207.5000 1.095998e+02
5208.7500 1.085479e+02
5210.0000 1.037383e+02
5211.2500 1.044236e+02
5212.5000 1.073459e+02
5213.7500 9.960774e+01
5215.0000 9.411364e+01
5216.2500 1.014728e+02
5217.5000 9.999619e+01
5218.7500 1.014848e+02
5220.0000 9.880514e+01
5221.2500 1.047754e+02
5222.5000 1.120541e+02
5223.7500 1.163441e+02
5225.0000 1.049713e+02
5226.2500 8.379337e+01
5227.5000 8.659581e+01
5228.7500 9.049092e+01
5230.0000 1.028681e+02
5231.2500 1.004135e+02
5232.5000 9.806618e+01
5233.7500 9.060250e+01
5235.0000 9.957623e+01
5236.2500 1.054088e+02
5237.5000 1.260403e+02
5238.7500 1.338708e+02
5240.0000 1.211408e+02
5241.2500 1.049777e+02
5242.5000 1.055454e+02
5243.7500 1.172688e+02
5245.0000 1.054573e+02
5246.2500 1.160322e+02
5247.5000 1.097068e+02
5248.7500 1.186994e+02
5250.0000 1.313449e+02
5251.2500 1.140847e+02
5252.5000 1.207167e+02
5253.7500 1.229542e+02
5255.0000 1.390709e+02
5256.2500 1.575197e+02
5257.5000 1.366536e+02
5258.7500 1.230459e+02
5260.0000 1.238492e+02
5261.2500 1.173084e+02
5262.5000 1.146367e+02
5263.7500 1.086654e+02
5265.0000 1.053342e+02
5266.2500 1.045610e+02
5267.5000 1.146788e+02
5268.7500 1.096472e+02
5270.0000 1.078538e+02
5271.2500 1.189169e+02
5272.5000 1.101702e+02
5273.7500 1.255858e+02
5275.0000 1.391613e+02
5276.2500 1.360052e+02
5277.5000 1.168254e+02
5278.7500 1.136695e+02
5280.0000 1.079540e+02
5281.2500 1.047489e+02
5282.5000 9.912578e+01
5283.7500 9.482163e+01
5285.0000 1.006706e+02
5286.2500 1.067827e+02
5287.5000 1.041079e+02
5288.7500 9.832799e+01
5290.0000 9.477216e+01
5291.2500 9.093292e+01
5292.5000 9.582208e+01
5293.7500 9.654042e+01
5295.0000 9.089528e+01
5296.2500 9.002860e+01
5297.5000 9.269263e+01
5298.7500 9.872530e+01
5300.0000 9.214083e+01
5301.2500 8.685222e+01
5302.5000 8.883202e+01
5303.7500 8.934486e+01
5305.0000 8.731191e+01
5306.2500 9.145963e+01
5307.5000 9.311073e+01
5308.7500 9.162558e+01
5310.0000 9.166306e+01
5311.2500 9.489613e+01
5312.5000 1.098612e+02
5313.7500 1.092668e+02
5315.0000 9.856636e+01
5316.2500 1.002300e+02
5317.5000 1.042528e+02
5318.7500 9.799520e+01
5320.0000 1.036265e+02
5321.2500 1.086150e+02
5322.5000 1.127532e+02
5323.7500 1.130179e+02
5325.0000 1.118666e+02
5326.2500 1.139381e+02
5327.5000 1.067655e+02
5328.7500 1.191874e+02
5330.0000 1.373879e+02
5331.2500 1.415217e+02
5332.5000 1.175780e+02
5333.7500 1.196203e+02
5335.0000 1.220019e+02
5336.2500 1.144642e+02
5337.5000 1.193130e+02
5338.7500 1.211806e+02
5340.0000 1.125933e+02
5341.2500 1.132382e+02
5342.5000 1.194126e+02
5343.7500 1.189527e+02
5345.0000 1.166339e+02
5346.2500 1.095609e+02
5347.5000 1.190751e+02
5348.7500 1.204664e+02
5350.0000 1.198627e+02
5351.2500 1.179234e+02
5352.5000 1.175953e+02
5353.7500 1.174765e+02
5355.0000 1.174876e+02
5356.2500 1.140189e+02
5357.5000 1.056625e+02
5358.7500 1.005562e+02
5360.0000 1.012729e+02
5361.2500 1.043615e+02
5362.5000 1.015069e+02
5363.7500 9.630773e+01
5365.0000 9.320947e+01
5366.2500 9.604483e+01
5367.5000 9.697256e+01
5368.7500 9.789508e+01
5370.0000 8.975706e+01
5371.2500 8.550517e+01
5372.5000 9.401823e+01
5373.7500 9.012048e+01
5375.0000 9.410958e+01
5376.2500 9.053388e+01
5377.5000 8.329296e+01
5378.7500 8.542580e+01
5380.0000 8.523728e+01
5381.2500 8.214574e+01
5382.5000 8.663578e+01
5383.7500 8.451069e+01
5385.0000 8.695569e+01
5386.2500 8.864215e+01
5387.5000 8.904794e+01
5388.7500 8.706701e+01
5390.0000 8.651813e+01
5391.2500 8.488492e+01
5392.5000 8.695305e+01
5393.7500 8.784666e+01
5395.0000 9.012913e+01
5396.2500 9.250244e+01
5397.5000 9.270415e+01
5398.7500 9.511587e+01
5400.0000 9.846102e+01
5401.2500 9.289855e+01
5402.5000 9.329630e+01
5403.7500 8.843771e+01
5405.0000 9.832452e+01
5406.2500 9.861227e+01
5407.5000 9.678902e+01
5408.7500 9.814468e+01
5410.0000 9.840788e+01
5411.2500 1.047213e+02
5412.5000 1.021422e+02
5413.7500 1.039992e+02
5415.0000 1.042161e+02
5416.2500 1.045348e+02
5417.5000 1.056458e+02
5418.7500 1.071481e+02
5420.0000 1.025073e+02
5421.2500 1.040271e+02
5422.5000 1.038812e+02
5423.7500 9.629060e+01
5425.0000 1.073882e+02
5426.2500 1.064003e+02
5427.5000 1.077460e+02
5428.7500 1.021064e+02
5430.0000 1.058666e+02
5431.2500 1.088822e+02
5432.5000 1.083080e+02
5433.7500 1.086755e+02
5435.0000 1.110295e+02
5436.2500 1.082069e+02
5437.5000 1.089921e+02
5438.7500 1.101051e+02
5440.0000 1.057351e+02
5441.2500 9.896983e+01
5442.5000 1.008895e+02
5443.7500 9.861340e+01
5445.0000 9.017481e+01
5446.2500 9.382280e+01
5447.5000 8.760066e+01
5448.7500 9.788694e+01
5450.0000 9.706753e+01
5451.2500 9.234653e+01
5452.5000 9.567865e+01
5453.7500 9.084508e+01
5455.0000 8.750702e+01
5456.2500 8.911041e+01
5457.5000 9.134597e+01
5458.7500 9.432378e+01
5460.0000 9.974404e+01
5461.2500 1.036223e+02
5462.5000 9.132387e+01
5463.7500 8.609020e+01
5465.0000 8.817535e+01
5466.2500 8.791029e+01
5467.5000 9.109686e+01
5468.7500 8.844426e+01
5470.0000 9.154957e+01
5471.2500 9.136116e+01
5472.5000 9.245731e+01
5473.7500 8.815527e+01
5475.0000 8.997857e+01
5476.2500 8.722435e+01
5477.5000 8.871512e+01
5478.7500 8.990571e+01
5480.0000 8.487040e+01
5481.2500 9.302290e+01
5482.5000 9.590000e+01
5483.7500 9.529754e+01
5485.0000 9.480576e+01
5486.2500 9.286038e+01
5487.5000 9.427580e+01
5488.7500 9.317645e+01
5490.0000 9.612348e+01
5491.2500 9.403397e+01
5492.5000 1.018225e+02
5493.7500 9.473457e+01
5495.0000 9.800644e+01
5496.2500 9.712708e+01
5497.5000 9.832581e+01
5498.7500 1.056131e+02
5500.0000 1.026784e+02
5501.2500 9.953870e+01
5502.5000 1.059194e+02
5503.7500 1.017258e+02
5505.0000 1.068865e+02
5506.2500 1.063013e+02
5507.5000 1.013527e+02
5508.7500 1.080418e+02
5510.0000 1.052456e+02
5511.2500 1.072354e+02
5512.5000 1.050012e+02
5513.7500 1.070683e+02
5515.0000 1.023063e+02
5516.2500 1.083230e+02
5517.5000 1.048664e+02
5518.7500 1.078499e+02
5520.0000 1.093393e+02
5521.2500 1.126551e+02
5522.5000 1.045910e+02
5523.7500 1.021079e+02
5525.0000 1.017780e+02
5526.2500 1.068773e+02
5527.5000 9.269145e+01
5528.7500 9.305173e+01
5530.0000 1.006735e+02
5531.2500 9.900903e+01
5532.5000 9.740566e+01
5533.7500 9.485721e+01
5535.0000 9.328188e+01
5536.2500 9.366526e+01
5537.5000 9.554615e+01
5538.7500 9.923936e+01
5540.0000 9.505959e+01
5541.2500 1.164778e+02
5542.5000 1.176704e+02
5543.7500 1.163718e+02
5545.0000 1.145357e+02
5546.2500 9.602037e+01
5547.5000 9.520760e+01
5548.7500 9.969228e+01
5550.0000 9.334781e+01
5551.2500 9.096815e+01
5552.5000 8.792660e+01
5553.7500 8.565368e+01
5555.0000 8.437970e+01
5556.2500 9.072917e+01
5557.5000 8.848291e+01
5558.7500 8.872994e+01
5560.0000 8.650709e+01
5561.2500 9.100929e+01
5562.5000 1.115491e+02
5563.7500 1.420483e+02
5565.0000 1.191329e+02
5566.2500 9.199938e+01
5567.5000 9.363851e+01
5568.7500 1.025496e+02
5570.0000 1.059582e+02
5571.2500 1.027062e+02
5572.5000 9.919798e+01
5573.7500 1.258933e+02
5575.0000 7.641121e+02
5576.2500 5.956151e+03
5577.5000 9.245599e+03
5578.7500 2.870292e+03
5580.0000 2.250391e+02
5581.2500 1.228533e+02
5582.5000 1.113493e+02
5583.7500 1.067114e+02
5585.0000 1.023699e+02
5586.2500 9.708315e+01
5587.5000 1.089988e+02
5588.7500 1.407903e+02
5590.0000 1.228523e+02
5591.2500 1.084726e+02
5592.5000 9.538852e+01
5593.7500 9.643137e+01
5595.0000 9.525567e+01
5596.2500 1.094203e+02
5597.5000 1.128714e+02
5598.7500 1.064389e+02
5600.0000 9.439482e+01
5601.2500 9.223898e+01
5602.5000 9.471407e+01
5603.7500 1.294151e+02
5605.0000 1.577648e+02
5606.2500 1.225635e+02
5607.5000 1.035761e+02
5608.7500 1.027952e+02
5610.0000 9.775198e+01
5611.2500 9.441682e+01
5612.5000 9.877876e+01
5613.7500 9.670299e+01
5615.0000 8.742452e+01
5616.2500 1.072315e+02
5617.5000 1.093284e+02
5618.7500 9.398487e+01
5620.0000 9.231127e+01
5621.2500 1.001517e+02
5622.5000 1.191068e+02
5623.7500 1.282026e+02
5625.0000 1.100016e+02
5626.2500 9.406484e+01
5627.5000 8.970867e+01
5628.7500 8.564346e+01
5630.0000 8.853915e+01
5631.2500 8.999367e+01
5632.5000 8.915079e+01
5633.7500 9.269617e+01
5635.0000 8.961677e+01
5636.2500 8.606910e+01
5637.5000 8.825710e+01
5638.7500 9.821072e+01
5640.0000 9.161456e+01
5641.2500 8.244855e+01
5642.5000 8.826818e+01
5643.7500 9.619817e+01
5645.0000 1.028363e+02
5646.2500 9.767250e+01
5647.5000 8.733926e+01
5648.7500 8.454652e+01
5650.0000 8.516786e+01
5651.2500 8.554181e+01
5652.5000 8.182034e+01
5653.7500 8.503622e+01
5655.0000 8.614124e+01
5656.2500 8.393620e+01
5657.5000 8.240138e+01
5658.7500 8.168682e+01
5660.0000 8.410319e+01
5661.2500 8.382915e+01
5662.5000 8.333113e+01
5663.7500 8.947505e+01
5665.0000 8.788241e+01
5666.2500 9.008169e+01
5667.5000 9.233022e+01
5668.7500 1.014116e+02
5670.0000 9.927640e+01
5671.2500 9.654116e+01
5672.5000 9.323279e+01
5673.7500 9.986008e+01
5675.0000 9.693134e+01
5676.2500 9.497173e+01
5677.5000 9.627908e+01
5678.7500 9.718974e+01
5680.0000 1.026063e+02
5681.2500 1.058710e+02
5682.5000 1.034155e+02
5683.7500 1.091020e+02
5685.0000 1.043558e+02
5686.2500 1.066910e+02
5687.5000 1.011131e+02
5688.7500 9.972285e+01
5690.0000 1.060524e+02
5691.2500 1.105016e+02
5692.5000 1.091514e+02
5693.7500 1.048778e+02
5695.0000 1.123545e+02
5696.2500 1.124950e+02
5697.5000 1.116943e+02
5698.7500 1.023375e+02
5700.0000 1.087398e+02
5701.2500 1.038242e+02
5702.5000 1.081204e+02
5703.7500 1.151498e+02
5705.0000 1.119428e+02
5706.2500 1.048071e+02
5707.5000 1.023710e+02
5708.7500 1.006863e+02
5710.0000 9.825689e+01
5711.2500 1.033648e+02
5712.5000 1.019801e+02
5713.7500 9.951454e+01
5715.0000 9.575417e+01
5716.2500 1.009939e+02
5717.5000 1.030830e+02
5718.7500 9.841428e+01
5720.0000 1.025310e+02
5721.2500 9.489983e+01
5722.5000 1.021634e+02
5723.7500 1.023425e+02
5725.0000 1.020986e+02
5726.2500 9.925051e+01
5727.5000 9.216580e+01
5728.7500 9.233558e+01
5730.0000 9.672196e+01
5731.2500 9.053157e+01
5732.5000 9.159237e+01
5733.7500 9.589631e+01
5735.0000 8.969255e+01
5736.2500 8.791383e+01
5737.5000 8.788806e+01
5738.7500 9.047330e+01
5740.0000 9.122585e+01
5741.2500 8.553218e+01
5742.5000 8.491180e+01
5743.7500 8.431447e+01
5745.0000 8.103065e+01
5746.2500 8.322411e+01
5747.5000 8.268954e+01
5748.7500 7.854806e+01
5750.0000 8.280782e+01
5751.2500 8.251105e+01
5752.5000 7.849753e+01
5753.7500 7.988845e+01
5755.0000 8.119173e+01
5756.2500 8.395679e+01
5757.5000 8.549245e+01
5758.7500 8.603423e+01
5760.0000 8.414626e+01
5761.2500 8.802587e+01
5762.5000 8.543555e+01
5763.7500 8.795708e+01
5765.0000 8.907410e+01
5766.2500 8.795658e+01
5767.5000 8.931493e+01
5768.7500 9.113599e+01
5770.0000 9.360393e+01
5771.2500 9.034262e+01
5772.5000 9.204585e+01
5773.7500 9.156983e+01
5775.0000 8.478635e+01
5776.2500 9.194337e+01
5777.5000 9.584967e+01
5778.7500 9.954675e+01
5780.0000 9.054284e+01
5781.2500 8.775257e+01
5782.5000 9.120084e+01
5783.7500 9.489369e+01
5785.0000 8.756915e+01
5786.2500 9.054292e+01
5787.5000 1.000055e+02
5788.7500 1.011581e+02
5790.0000 9.654740e+01
5791.2500 9.924799e+01
5792.5000 9.573112e+01
5793.7500 1.009685e+02
5795.0000 1.013628e+02
5796.2500 1.002728e+02
5797.5000 1.057387e+02
5798.7500 9.171357e+01
5800.0000 9.985077e+01
5801.2500 9.858320e+01
5802.5000 1.083784e+02
5803.7500 1.005922e+02
5805.0000 9.895425e+01
5806.2500 9.763763e+01
5807.5000 1.028216e+02
5808.7500 9.639693e+01
5810.0000 9.977003e+01
5811.2500 9.912337e+01
5812.5000 9.942944e+01
5813.7500 1.028319e+02
5815.0000 1.029445e+02
5816.2500 9.504720e+01
5817.5000 1.008789e+02
5818.7500 1.019704e+02
5820.0000 9.489434e+01
5821.2500 1.014679e+02
5822.5000 9.831922e+01
5823.7500 9.536872e+01
5825.0000 9.562309e+01
5826.2500 9.780930e+01
5827.5000 9.601043e+01
5828.7500 9.440285e+01
5830.0000 9.854846e+01
5831.2500 9.384769e+01
5832.5000 9.700387e+01
5833.7500 9.539863e+01
5835.0000 9.437998e+01
5836.2500 9.379307e+01
5837.5000 9.052259e+01
5838.7500 9.306476e+01
5840.0000 8.987423e+01
5841.2500 9.308353e+01
5842.5000 9.210726e+01
5843.7500 8.762905e+01
5845.0000 8.239866e+01
5846.2500 8.118208e+01
5847.5000 8.076613e+01
5848.7500 8.131631e+01
5850.0000 8.488303e+01
5851.2500 7.875334e+01
5852.5000 8.045613e+01
5853.7500 8.042812e+01
5855.0000 7.934421e+01
5856.2500 7.584245e+01
5857.5000 7.497945e+01
5858.7500 7.436245e+01
5860.0000 7.578370e+01
5861.2500 7.557856e+01
5862.5000 7.549804e+01
5863.7500 9.519562e+01
5865.0000 1.391101e+02
5866.2500 1.691790e+02
5867.5000 1.625837e+02
5868.7500 1.356526e+02
5870.0000 9.782430e+01
5871.2500 9.236468e+01
5872.5000 9.551968e+01
5873.7500 9.106585e+01
5875.0000 9.045656e+01
5876.2500 8.348410e+01
5877.5000 8.198788e+01
5878.7500 8.004207e+01
5880.0000 8.127631e+01
5881.2500 7.736533e+01
5882.5000 7.932263e+01
5883.7500 8.582561e+01
5885.0000 9.351020e+01
5886.2500 1.239738e+02
5887.5000 2.488680e+02
5888.7500 5.263901e+02
5890.0000 6.966747e+02
5891.2500 3.722339e+02
5892.5000 1.180054e+02
5893.7500 1.675572e+02
5895.0000 3.838827e+02
5896.2500 4.468030e+02
5897.5000 2.064281e+02
5898.7500 9.516590e+01
5900.0000 1.000499e+02
5901.2500 9.812328e+01
5902.5000 1.084803e+02
5903.7500 1.108176e+02
5905.0000 1.155217e+02
5906.2500 1.375404e+02
5907.5000 1.325747e+02
5908.7500 1.062189e+02
5910.0000 1.012574e+02
5911.2500 9.760290e+01
5912.5000 1.004330e+02
5913.7500 1.515149e+02
5915.0000 2.511280e+02
5916.2500 1.907155e+02
5917.5000 1.101898e+02
5918.7500 1.005583e+02
5920.0000 1.021549e+02
5921.2500 1.043044e+02
5922.5000 1.115712e+02
5923.7500 1.455090e+02
5925.0000 1.600961e+02
5926.2500 1.189175e+02
5927.5000 1.012314e+02
5928.7500 1.057166e+02
5930.0000 1.006668e+02
5931.2500 1.612151e+02
5932.5000 2.777172e+02
5933.7500 2.153616e+02
5935.0000 1.112376e+02
5936.2500 1.021852e+02
5937.5000 1.035838e+02
5938.7500 1.040841e+02
5940.0000 9.682265e+01
5941.2500 9.902358e+01
5942.5000 1.013238e+02
5943.7500 1.096871e+02
5945.0000 1.495767e+02
5946.2500 1.552418e+02
5947.5000 1.084280e+02
5948.7500 1.028035e+02
5950.0000 1.014325e+02
5951.2500 1.226965e+02
5952.5000 2.211892e+02
5953.7500 2.241730e+02
5955.0000 1.203639e+02
5956.2500 1.019325e+02
5957.5000 1.048708e+02
5958.7500 1.018599e+02
5960.0000 9.464642e+01
5961.2500 9.534366e+01
5962.5000 9.500526e+01
5963.7500 9.749271e+01
5965.0000 9.436259e+01
5966.2500 9.307616e+01
5967.5000 9.656307e+01
5968.7500 1.112593e+02
5970.0000 1.296961e+02
5971.2500 1.129556e+02
5972.5000 9.170940e+01
5973.7500 8.701836e+01
5975.0000 1.029855e+02
5976.2500 1.467558e+02
5977.5000 1.451012e+02
5978.7500 9.634099e+01
5980.0000 8.727891e+01
5981.2500 8.609788e+01
5982.5000 8.243677e+01
5983.7500 8.088776e+01
5985.0000 7.946549e+01
5986.2500 7.633543e+01
5987.5000 7.904907e+01
5988.7500 7.889652e+01
5990.0000 7.592800e+01
5991.2500 7.678172e+01
5992.5000 7.561862e+01
5993.7500 7.745086e+01
5995.0000 7.558327e+01
5996.2500 8.390187e+01
5997.5000 9.249957e+01
5998.7500 8.424803e+01
6000.0000 8.043417e+01
6001.2500 7.579842e+01
6002.5000 8.803035e+01
6003.7500 1.062040e+02
6005.0000 8.682926e+01
6006.2500 7.032936e+01
6007.5000 7.215019e+01
6008.7500 7.144032e+01
6010.0000 7.459629e+01
6011.2500 7.508651e+01
6012.5000 7.212486e+01
6013.7500 6.750189e+01
6015.0000 7.141905e+01
6016.2500 6.801038e+01
6017.5000 7.071062e+01
6018.7500 7.175900e+01
6020.0000 7.043675e+01
6021.2500 7.522574e+01
6022.5000 7.102439e+01
6023.7500 6.964275e+01
6025.0000 7.123268e+01
6026.2500 7.541938e+01
6027.5000 8.008947e+01
6028.7500 8.217998e+01
6030.0000 7.810951e+01
6031.2500 7.532166e+01
6032.5000 8.188973e+01
6033.7500 9.471829e+01
6035.0000 8.837102e+01
6036.2500 7.727380e+01
6037.5000 7.528114e+01
6038.7500 7.824693e+01
6040.0000 7.991235e+01
6041.2500 7.578111e+01
6042.5000 7.677456e+01
6043.7500 7.848537e+01
6045.0000 7.964872e+01
6046.2500 7.972173e+01
6047.5000 8.132128e+01
6048.7500 8.127799e+01
6050.0000 8.215416e+01
6051.2500 8.459415e+01
6052.5000 8.488515e+01
6053.7500 7.861959e+01
6055.0000 8.046865e+01
6056.2500 8.758446e+01
6057.5000 8.539124e+01
6058.7500 8.161901e+01
6060.0000 8.008356e+01
6061.2500 9.248204e+01
6062.5000 9.237583e+01
6063.7500 9.097089e+01
6065.0000 8.651480e+01
6066.2500 9.826316e+01
6067.5000 9.582872e+01
6068.7500 9.700546e+01
6070.0000 8.593363e+01
6071.2500 8.735674e+01
6072.5000 8.864215e+01
6073.7500 8.466914e+01
6075.0000 8.808974e+01
6076.2500 8.248201e+01
6077.5000 8.454003e+01
6078.7500 8.298193e+01
6080.0000 8.504346e+01
6081.2500 8.767828e+01
6082.5000 8.476116e+01
6083.7500 8.064950e+01
6085.0000 8.153584e+01
6086.2500 8.136756e+01
6087.5000 8.206197e+01
6088.7500 8.268292e+01
6090.0000 8.086131e+01
6091.2500 8.415233e+01
6092.5000 7.647875e+01
6093.7500 8.359454e+01
6095.0000 8.455643e+01
6096.2500 8.304259e+01
6097.5000 8.777913e+01
6098.7500 8.418030e+01
6100.0000 8.522555e+01
6101.2500 7.884576e+01
6102.5000 8.097481e+01
6103.7500 8.676881e+01
6105.0000 8.526725e+01
6106.2500 7.934034e+01
6107.5000 7.805746e+01
6108.7500 7.909786e+01
6110.0000 8.291065e+01
6111.2500 8.189861e+01
6112.5000 8.420263e+01
6113.7500 8.069894e+01
6115.0000 8.107359e+01
6116.2500 7.826126e+01
6117.5000 7.688919e+01
6118.7500 8.071563e+01
6120.0000 7.907320e+01
6121.2500 7.745877e+01
6122.5000 7.284634e+01
6123.7500 7.359436e+01
6125.0000 7.813102e+01
6126.2500 7.318829e+01
6127.5000 7.995613e+01
6128.7500 7.331390e+01
6130.0000 7.525912e+01
6131.2500 7.032652e+01
6132.5000 7.377637e+01
6133.7500 7.222960e+01
6135.0000 7.593920e+01
6136.2500 8.511720e+01
6137.5000 8.578065e+01
6138.7500 9.810678e+01
6140.0000 9.439369e+01
6141.2500 8.024489e+01
6142.5000 8.506487e+01
6143.7500 1.109796e+02
6145.0000 9.412365e+01
6146.2500 7.536725e+01
6147.5000 6.995535e+01
6148.7500 6.949673e+01
6150.0000 7.448555e+01
6151.2500 7.821179e+01
6152.5000 7.333395e+01
6153.7500 7.038669e+01
6155.0000 7.616817e+01
6156.2500 9.174134e+01
6157.5000 9.480988e+01
6158.7500 8.079288e+01
6160.0000 6.809058e+01
6161.2500 6.334916e+01
6162.5000 5.861834e+01
6163.7500 6.183426e+01
6165.0000 6.444215e+01
6166.2500 6.752437e+01
6167.5000 6.653523e+01
6168.7500 8.348828e+01
6170.0000 1.257877e+02
6171.2500 1.138319e+02
6172.5000 7.123572e+01
6173.7500 6.837762e+01
6175.0000 7.997819e+01
6176.2500 7.867330e+01
6177.5000 7.128068e+01
6178.7500 6.280720e+01
6180.0000 6.326270e+01
6181.2500 6.178012e+01
6182.5000 6.863911e+01
6183.7500 7.253133e+01
6185.0000 7.380590e+01
6186.2500 6.506275e+01
6187.5000 6.637316e+01
6188.7500 6.877428e+01
6190.0000 6.578949e+01
6191.2500 6.705492e+01
6192.5000 7.560452e+01
6193.7500 7.536375e+01
6195.0000 6.439793e+01
6196.2500 6.290668e+01
6197.5000 6.400442e+01
6198.7500 6.815244e+01
6200.0000 6.482604e+01
6201.2500 8.683115e+01
6202.5000 1.218212e+02
6203.7500 9.975288e+01
6205.0000 6.796075e+01
6206.2500 6.867542e+01
6207.5000 6.976058e+01
6208.7500 7.069923e+01
6210.0000 6.917232e+01
6211.2500 7.572706e+01
6212.5000 8.684875e+01
6213.7500 8.504780e+01
6215.0000 7.204479e+01
6216.2500 6.586221e+01
6217.5000 6.573024e+01
6218.7500 6.705508e+01
6220.0000 9.000725e+01
6221.2500 1.276264e+02
6222.5000 1.146770e+02
6223.7500 7.716546e+01
6225.0000 7.116688e+01
6226.2500 6.841190e+01
6227.5000 6.894719e+01
6228.7500 6.583403e+01
6230.0000 6.865108e+01
6231.2500 7.037996e+01
6232.5000 9.219242e+01
6233.7500 1.792945e+02
6235.0000 2.920298e+02
6236.2500 2.786410e+02
6237.5000 1.665161e+02
6238.7500 9.984161e+01
6240.0000 1.213955e+02
6241.2500 1.269783e+02
6242.5000 1.260671e+02
6243.7500 1.166548e+02
6245.0000 8.261497e+01
6246.2500 7.412466e+01
6247.5000 8.274265e+01
6248.7500 7.767864e+01
6250.0000 7.236140e+01
6251.2500 7.054058e+01
6252.5000 6.818257e+01
6253.7500 6.857631e+01
6255.0000 8.002697e+01
6256.2500 1.659752e+02
6257.5000 3.399995e+02
6258.7500 2.611233e+02
6260.0000 9.542491e+01
6261.2500 8.450024e+01
6262.5000 8.779676e+01
6263.7500 1.167415e+02
6265.0000 1.566821e+02
6266.2500 1.161451e+02
6267.5000 9.184399e+01
6268.7500 9.181962e+01
6270.0000 7.308280e+01
6271.2500 7.131545e+01
6272.5000 7.418035e+01
6273.7500 8.261264e+01
6275.0000 1.013959e+02
6276.2500 1.037870e+02
6277.5000 1.213205e+02
6278.7500 1.096877e+02
6280.0000 7.604620e+01
6281.2500 7.328386e+01
6282.5000 7.428954e+01
6283.7500 7.457860e+01
6285.0000 8.731870e+01
6286.2500 2.145231e+02
6287.5000 2.833833e+02
6288.7500 1.479355e+02
6290.0000 8.726060e+01
6291.2500 7.209272e+01
6292.5000 6.737891e+01
6293.7500 7.162631e+01
6295.0000 8.109064e+01
6296.2500 1.144326e+02
6297.5000 1.845888e+02
6298.7500 8.310446e+02
6300.0000 1.916115e+03
6301.2500 1.179958e+03
6302.5000 1.234504e+02
6303.7500 7.831529e+01
6305.0000 1.374716e+02
6306.2500 3.286992e+02
6307.5000 3.059836e+02
6308.7500 1.070314e+02
6310.0000 7.524489e+01
6311.2500 7.060660e+01
6312.5000 7.396931e+01
6313.7500 7.274915e+01
6315.0000 6.386525e+01
6316.2500 6.594536e+01
6317.5000 6.365387e+01
6318.7500 6.715798e+01
6320.0000 1.173452e+02
6321.2500 1.351902e+02
6322.5000 9.786783e+01
6323.7500 6.565744e+01
6325.0000 6.533797e+01
6326.2500 6.974738e+01
6327.5000 8.502455e+01
6328.7500 2.103562e+02
6330.0000 2.457141e+02
6331.2500 1.169286e+02
6332.5000 6.536514e+01
6333.7500 6.324965e+01
6335.0000 6.401871e+01
6336.2500 6.042061e+01
6337.5000 5.991856e+01
6338.7500 6.184220e+01
6340.0000 6.515160e+01
6341.2500 6.226442e+01
6342.5000 6.736651e+01
6343.7500 6.627742e+01
6345.0000 6.354543e+01
6346.2500 6.775030e+01
6347.5000 9.996886e+01
6348.7500 1.135327e+02
6350.0000 7.746368e+01
6351.2500 6.358876e+01
6352.5000 6.255191e+01
6353.7500 6.782846e+01
6355.0000 1.308472e+02
6356.2500 1.820166e+02
6357.5000 1.079165e+02
6358.7500 6.521360e+01
6360.0000 6.752739e+01
6361.2500 8.835303e+01
6362.5000 3.256475e+02
6363.7500 4.914843e+02
6365.0000 2.309888e+02
6366.2500 7.406949e+01
6367.5000 6.191562e+01
6368.7500 6.181478e+01
6370.0000 6.270751e+01
6371.2500 6.056824e+01
6372.5000 6.565108e+01
6373.7500 6.126363e+01
6375.0000 6.051106e+01
6376.2500 6.112873e+01
6377.5000 6.916188e+01
6378.7500 8.806875e+01
6380.0000 7.922896e+01
6381.2500 6.375542e+01
6382.5000 6.309795e+01
6383.7500 6.555627e+01
6385.0000 9.077686e+01
6386.2500 1.171417e+02
6387.5000 8.568194e+01
6388.7500 6.087360e+01
6390.0000 5.694282e+01
6391.2500 5.833004e+01
6392.5000 5.945897e+01
6393.7500 6.186945e+01
6395.0000 5.867894e+01
6396.2500 5.849839e+01
6397.5000 5.898540e+01
6398.7500 5.397430e+01
6400.0000 5.167146e+01
6401.2500 5.441253e+01
6402.5000 5.626463e+01
6403.7500 5.592857e+01
6405.0000 5.253474e+01
6406.2500 5.246070e+01
6407.5000 5.134534e+01
6408.7500 5.274177e+01
6410.0000 5.459130e+01
6411.2500 5.447017e+01
6412.5000 6.057750e+01
6413.7500 6.581709e+01
6415.0000 5.717736e+01
6416.2500 5.372077e+01
6417.5000 5.208173e+01
6418.7500 6.561969e+01
6420.0000 7.966285e+01
6421.2500 6.851659e+01
6422.5000 5.338819e+01
6423.7500 5.286899e+01
6425.0000 5.640976e+01
6426.2500 5.538811e+01
6427.5000 5.289114e+01
6428.7500 5.093905e+01
6430.0000 5.108015e+01
6431.2500 5.065094e+01
6432.5000 5.377062e+01
6433.7500 5.443954e+01
6435.0000 5.361089e+01
6436.2500 5.375835e+01
6437.5000 5.262908e+01
6438.7500 5.207991e+01
6440.0000 5.409952e+01
6441.2500 5.263479e+01
6442.5000 5.507065e+01
6443.7500 5.366601e+01
6445.0000 5.399915e+01
6446.2500 5.431615e+01
6447.5000 5.524590e+01
6448.7500 5.834978e+01
6450.0000 5.804261e+01
6451.2500 6.674159e+01
6452.5000 6.902867e+01
6453.7500 6.317656e+01
6455.0000 6.367481e+01
6456.2500 6.260295e+01
6457.5000 6.690283e+01
6458.7500 6.518973e+01
6460.0000 5.894044e+01
6461.2500 5.972217e+01
6462.5000 8.932561e+01
6463.7500 1.214241e+02
6465.0000 1.473361e+02
6466.2500 1.439332e+02
6467.5000 8.508841e+01
6468.7500 7.766415e+01
6470.0000 1.513308e+02
6471.2500 1.467075e+02
6472.5000 7.908234e+01
6473.7500 5.586784e+01
6475.0000 5.496338e+01
6476.2500 6.187723e+01
6477.5000 8.310172e+01
6478.7500 7.324013e+01
6480.0000 5.585599e+01
6481.2500 5.841697e+01
6482.5000 5.315628e+01
6483.7500 5.048475e+01
6485.0000 5.234408e+01
6486.2500 5.315612e+01
6487.5000 5.117786e+01
6488.7500 5.193407e+01
6490.0000 5.189855e+01
6491.2500 5.071893e+01
6492.5000 5.349224e+01
6493.7500 5.380108e+01
6495.0000 5.235221e+01
6496.2500 7.309198e+01
6497.5000 2.121565e+02
6498.7500 2.793363e+02
6500.0000 1.369079e+02
6501.2500 5.620667e+01
6502.5000 5.697180e+01
6503.7500 9.732724e+01
6505.0000 1.178665e+02
6506.2500 7.472869e+01
6507.5000 5.300801e+01
6508.7500 5.214261e+01
6510.0000 5.108852e+01
6511.2500 5.113974e+01
6512.5000 5.871365e+01
6513.7500 6.617188e+01
6515.0000 5.860249e+01
6516.2500 5.013889e+01
6517.5000 4.716087e+01
6518.7500 4.779395e+01
6520.0000 5.348426e+01
6521.2500 8.158326e+01
6522.5000 9.755684e+01
6523.7500 6.868713e+01
6525.0000 5.381271e+01
6526.2500 5.313687e+01
6527.5000 5.262809e+01
6528.7500 5.077333e+01
6530.0000 5.060774e+01
6531.2500 9.961168e+01
6532.5000 2.253223e+02
6533.7500 1.876249e+02
6535.0000 6.442055e+01
6536.2500 5.152694e+01
6537.5000 4.956812e+01
6538.7500 5.246581e+01
6540.0000 5.880970e+01
6541.2500 6.298816e+01
6542.5000 8.562315e+01
6543.7500 1.226345e+02
6545.0000 9.403365e+01
6546.2500 5.466682e+01
6547.5000 5.650601e+01
6548.7500 5.971961e+01
6550.0000 5.464893e+01
6551.2500 6.665118e+01
6552.5000 1.998948e+02
6553.7500 2.657671e+02
6555.0000 1.123534e+02
6556.2500 5.084712e+01
6557.5000 5.122208e+01
6558.7500 4.950916e+01
6560.0000 5.080566e+01
6561.2500 1.270190e+02
6562.5000 3.007407e+02
6563.7500 2.507932e+02
6565.0000 8.277879e+01
6566.2500 5.226362e+01
6567.5000 8.406523e+01
6568.7500 1.130073e+02
6570.0000 7.721322e+01
6571.2500 5.665900e+01
6572.5000 5.327172e+01
6573.7500 5.306850e+01
6575.0000 6.402587e+01
6576.2500 1.656200e+02
6577.5000 2.098163e+02
6578.7500 9.556712e+01
6580.0000 5.257708e+01
6581.2500 5.071848e+01
6582.5000 6.477948e+01
6583.7500 8.277731e+01
6585.0000 7.163038e+01
6586.2500 5.104544e+01
6587.5000 4.934712e+01
6588.7500 4.976620e+01
6590.0000 5.328776e+01
6591.2500 5.504726e+01
6592.5000 5.069122e+01
6593.7500 4.959869e+01
6595.0000 6.387457e+01
6596.2500 8.831951e+01
6597.5000 7.165842e+01
6598.7500 5.106267e+01
6600.0000 5.121414e+01
6601.2500 5.196312e+01
6602.5000 8.149564e+01
6603.7500 1.344402e+02
6605.0000 1.024687e+02
6606.2500 5.467507e+01
6607.5000 5.137666e+01
6608.7500 5.033794e+01
6610.0000 5.061938e+01
6611.2500 4.746515e+01
6612.5000 5.031411e+01
6613.7500 4.847951e+01
6615.0000 4.890757e+01
6616.2500 4.763240e+01
6617.5000 4.806594e+01
6618.7500 5.167300e+01
6620.0000 4.931907e+01
6621.2500 5.063428e+01
6622.5000 5.054285e+01
6623.7500 4.866673e+01
6625.0000 4.758241e+01
6626.2500 6.017768e+01
6627.5000 6.578722e+01
6628.7500 5.571508e+01
6630.0000 5.144804e+01
6631.2500 4.817264e+01
6632.5000 5.917506e+01
6633.7500 8.169908e+01
6635.0000 7.069267e+01
6636.2500 4.999467e+01
6637.5000 5.156047e+01
6638.7500 5.030761e+01
6640.0000 5.120045e+01
6641.2500 4.843066e+01
6642.5000 4.693026e+01
6643.7500 4.896593e+01
6645.0000 4.926291e+01
6646.2500 4.692807e+01
6647.5000 4.988699e+01
6648.7500 5.040808e+01
6650.0000 5.239273e+01
6651.2500 5.154242e+01
6652.5000 5.004249e+01
6653.7500 4.890638e+01
6655.0000 4.779294e+01
6656.2500 4.839513e+01
6657.5000 4.997842e+01
6658.7500 4.926681e+01
6660.0000 5.186825e+01
6661.2500 5.628922e+01
6662.5000 5.115682e+01
6663.7500 4.937638e+01
6665.0000 5.075014e+01
6666.2500 5.974713e+01
6667.5000 6.542141e+01
6668.7500 5.748598e+01
6670.0000 4.782070e+01
6671.2500 4.822243e+01
6672.5000 4.865828e+01
6673.7500 4.900943e+01
6675.0000 4.749738e+01
6676.2500 4.602949e+01
6677.5000 4.866732e+01
6678.7500 4.604101e+01
6680.0000 4.719547e+01
6681.2500 4.718001e+01
6682.5000 4.720895e+01
6683.7500 4.618060e+01
6685.0000 4.876809e+01
6686.2500 4.819664e+01
6687.5000 4.965895e+01
6688.7500 4.894752e+01
6690.0000 4.650792e+01
6691.2500 4.551411e+01
6692.5000 4.629606e+01
6693.7500 4.754281e+01
6695.0000 4.579794e+01
6696.2500 4.549199e+01
6697.5000 5.004533e+01
6698.7500 5.806348e+01
6700.0000 5.388301e+01
6701.2500 4.798464e+01
6702.5000 4.794936e+01
6703.7500 5.111626e+01
6705.0000 5.408036e+01
6706.2500 4.683210e+01
6707.5000 4.586487e+01
6708.7500 4.456205e+01
6710.0000 4.619476e+01
6711.2500 4.755510e+01
6712.5000 4.630745e+01
6713.7500 4.441036e+01
6715.0000 4.828573e+01
6716.2500 6.541096e+01
6717.5000 6.803548e+01
6718.7500 5.028548e+01
6720.0000 4.515259e+01
6721.2500 4.383517e+01
6722.5000 4.375359e+01
6723.7500 4.181461e+01
6725.0000 4.112571e+01
6726.2500 4.245568e+01
6727.5000 4.269601e+01
6728.7500 4.396030e+01
6730.0000 5.168376e+01
6731.2500 5.894162e+01
6732.5000 5.421179e+01
6733.7500 4.309715e+01
6735.0000 4.157596e+01
6736.2500 4.140751e+01
6737.5000 4.058622e+01
6738.7500 4.451969e+01
6740.0000 4.798661e+01
6741.2500 4.489061e+01
6742.5000 4.453112e+01
6743.7500 4.828136e+01
6745.0000 4.821204e+01
6746.2500 4.343209e+01
6747.5000 4.224518e+01
6748.7500 3.985839e+01
6750.0000 4.143989e+01
6751.2500 4.181623e+01
6752.5000 4.019439e+01
6753.7500 4.036383e+01
6755.0000 4.147046e+01
6756.2500 4.170205e+01
6757.5000 3.862614e+01
6758.7500 3.870544e+01
6760.0000 4.117652e+01
6761.2500 4.031179e+01
6762.5000 3.928283e+01
6763.7500 3.874355e+01
6765.0000 3.926968e+01
6766.2500 4.014434e+01
6767.5000 3.967899e+01
6768.7500 4.026554e+01
6770.0000 4.121177e+01
6771.2500 3.935777e+01
6772.5000 3.939877e+01
6773.7500 4.006908e+01
6775.0000 4.066625e+01
6776.2500 4.027837e+01
6777.5000 3.993187e+01
6778.7500 3.766676e+01
6780.0000 3.977872e+01
6781.2500 3.982953e+01
6782.5000 3.910781e+01
6783.7500 4.183032e+01
6785.0000 4.253334e+01
6786.2500 4.234902e+01
6787.5000 4.396045e+01
6788.7500 4.352785e+01
6790.0000 3.900097e+01
6791.2500 3.953884e+01
6792.5000 3.890548e+01
6793.7500 3.947429e+01
6795.0000 3.785117e+01
6796.2500 3.842812e+01
6797.5000 3.921117e+01
6798.7500 3.836238e+01
6800.0000 3.757003e+01
6801.2500 3.875745e+01
6802.5000 4.157343e+01
6803.7500 4.096893e+01
6805.0000 3.948749e+01
6806.2500 4.088025e+01
6807.5000 4.001855e+01
6808.7500 3.991487e+01
6810.0000 3.960908e+01
6811.2500 4.077327e+01
6812.5000 4.191987e+01
6813.7500 3.826679e+01
6815.0000 3.943251e+01
6816.2500 4.058858e+01
6817.5000 4.119762e+01
6818.7500 4.209459e+01
6820.0000 4.151442e+01
6821.2500 4.060856e+01
6822.5000 4.260055e+01
6823.7500 4.200652e+01
6825.0000 4.665147e+01
6826.2500 9.914786e+01
6827.5000 1.906501e+02
6828.7500 2.906917e+02
6830.0000 2.476569e+02
6831.2500 1.006737e+02
6832.5000 1.404933e+02
6833.7500 2.945017e+02
6835.0000 2.383141e+02
6836.2500 7.028947e+01
6837.5000 4.492875e+01
6838.7500 5.046950e+01
6840.0000 6.887624e+01
6841.2500 1.023467e+02
6842.5000 9.295428e+01
6843.7500 4.872537e+01
6845.0000 4.053422e+01
6846.2500 4.149546e+01
6847.5000 4.113705e+01
6848.7500 4.454272e+01
6850.0000 5.145773e+01
6851.2500 4.905135e+01
6852.5000 4.197004e+01
6853.7500 4.247718e+01
6855.0000 4.163540e+01
6856.2500 4.290880e+01
6857.5000 4.232610e+01
6858.7500 4.209909e+01
6860.0000 4.494818e+01
6861.2500 7.833276e+01
6862.5000 3.199624e+02
6863.7500 5.780131e+02
6865.0000 3.193599e+02
6866.2500 6.257341e+01
6867.5000 7.061861e+01
6868.7500 8.584037e+01
6870.0000 1.687836e+02
6871.2500 1.880400e+02
6872.5000 9.225899e+01
6873.7500 5.402290e+01
6875.0000 5.788609e+01
6876.2500 5.621162e+01
6877.5000 5.964492e+01
6878.7500 6.488783e+01
6880.0000 1.044614e+02
6881.2500 1.094526e+02
6882.5000 7.355518e+01
6883.7500 5.324016e+01
6885.0000 5.686808e+01
6886.2500 6.276937e+01
6887.5000 1.146432e+02
6888.7500 2.769365e+02
6890.0000 2.334535e+02
6891.2500 7.454676e+01
6892.5000 6.070375e+01
6893.7500 7.679114e+01
6895.0000 7.158672e+01
6896.2500 5.270618e+01
6897.5000 5.312341e+01
6898.7500 7.465765e+01
6900.0000 2.404214e+02
6901.2500 2.250351e+02
6902.5000 6.943002e+01
6903.7500 5.078790e+01
6905.0000 4.661829e+01
6906.2500 4.310931e+01
6907.5000 4.354211e+01
6908.7500 4.513767e+01
6910.0000 5.204319e+01
6911.2500 1.280246e+02
6912.5000 2.181874e+02
6913.7500 1.281659e+02
6915.0000 4.391772e+01
6916.2500 3.982566e+01
6917.5000 4.024224e+01
6918.7500 4.197174e+01
6920.0000 4.585362e+01
6921.2500 1.041965e+02
6922.5000 3.193358e+02
6923.7500 3.081293e+02
6925.0000 7.797749e+01
6926.2500 4.301372e+01
6927.5000 4.289180e+01
6928.7500 4.385427e+01
6930.0000 4.324714e+01
6931.2500 4.040068e+01
6932.5000 4.057250e+01
6933.7500 4.026835e+01
6935.0000 4.092261e+01
6936.2500 4.159502e+01
6937.5000 6.340431e+01
6938.7500 1.563720e+02
6940.0000 1.510687e+02
6941.2500 6.046402e+01
6942.5000 4.297411e+01
6943.7500 3.838763e+01
6945.0000 3.884855e+01
6946.2500 4.464188e+01
6947.5000 1.791954e+02
6948.7500 3.773891e+02
6950.0000 2.133689e+02
6951.2500 5.800947e+01
6952.5000 4.397036e+01
6953.7500 4.311481e+01
6955.0000 4.311019e+01
6956.2500 4.619718e+01
6957.5000 4.717771e+01
6958.7500 4.366943e+01
6960.0000 4.508095e+01
6961.2500 4.502542e+01
6962.5000 4.150019e+01
6963.7500 4.269322e+01
6965.0000 4.597731e+01
6966.2500 4.656045e+01
6967.5000 5.158748e+01
6968.7500 9.697993e+01
6970.0000 1.192261e+02
6971.2500 6.669135e+01
6972.5000 4.311445e+01
6973.7500 3.928809e+01
6975.0000 4.056509e+01
6976.2500 6.770900e+01
6977.5000 1.951936e+02
6978.7500 2.037924e+02
6980.0000 7.125256e+01
6981.2500 4.216077e+01
6982.5000 4.444324e+01
6983.7500 4.237231e+01
6985.0000 4.332152e+01
6986.2500 4.585098e+01
6987.5000 4.339024e+01
6988.7500 3.983620e+01
6990.0000 4.058088e+01
6991.2500 4.268745e+01
6992.5000 3.957791e+01
6993.7500 4.012512e+01
6995.0000 4.221977e+01
6996.2500 4.673518e+01
6997.5000 4.428600e+01
6998.7500 4.229243e+01
7000.0000 4.157439e+01
7001.2500 4.899437e+01
7002.5000 6.948440e+01
7003.7500 8.022412e+01
7005.0000 5.498853e+01
7006.2500 3.729597e+01
7007.5000 3.642233e+01
7008.7500 4.009327e+01
7010.0000 8.504512e+01
7011.2500 1.214024e+02
7012.5000 7.206945e+01
7013.7500 3.556745e+01
7015.0000 3.789362e+01
7016.2500 3.329393e+01
7017.5000 3.691151e+01
7018.7500 3.578491e+01
7020.0000 3.782570e+01
7021.2500 3.600793e+01
7022.5000 3.485028e+01
7023.7500 3.387004e+01
7025.0000 3.402550e+01
7026.2500 3.699956e+01
7027.5000 3.791666e+01
7028.7500 3.877679e+01
7030.0000 3.972015e+01
7031.2500 3.463411e+01
7032.5000 3.420202e+01
7033.7500 3.380275e+01
7035.0000 3.557635e+01
7036.2500 3.571793e+01
7037.5000 3.412490e+01
7038.7500 3.560017e+01
7040.0000 4.871306e+01
7041.2500 5.866727e+01
7042.5000 4.279790e+01
7043.7500 3.772850e+01
7045.0000 4.493166e+01
7046.2500 6.545525e+01
7047.5000 9.156385e+01
7048.7500 8.497768e+01
7050.0000 6.177081e+01
7051.2500 5.319709e+01
7052.5000 5.185204e+01
7053.7500 4.622663e+01
7055.0000 4.328859e+01
7056.2500 3.775887e+01
7057.5000 3.646537e+01
7058.7500 3.733225e+01
7060.0000 4.002360e+01
7061.2500 4.278414e+01
7062.5000 4.703946e+01
7063.7500 4.663431e+01
7065.0000 4.548186e+01
7066.2500 5.003160e+01
7067.5000 4.729139e+01
7068.7500 4.555559e+01
7070.0000 4.974013e+01
7071.2500 4.126542e+01
7072.5000 4.278204e+01
7073.7500 4.945189e+01
7075.0000 4.122703e+01
7076.2500 3.918183e+01
7077.5000 4.575781e+01
7078.7500 4.248343e+01
7080.0000 3.899997e+01
7081.2500 5.159024e+01
7082.5000 5.634633e+01
7083.7500 4.178662e+01
7085.0000 3.599793e+01
7086.2500 3.898600e+01
7087.5000 5.501073e+01
7088.7500 5.928191e+01
7090.0000 4.751148e+01
7091.2500 4.080426e+01
7092.5000 3.852742e+01
7093.7500 3.718999e+01
7095.0000 3.520092e+01
7096.2500 3.477674e+01
7097.5000 3.667238e+01
7098.7500 3.544962e+01
7100.0000 3.513853e+01
7101.2500 3.362983e+01
7102.5000 3.485912e+01
7103.7500 3.592728e+01
7105.0000 3.376879e+01
7106.2500 3.532031e+01
7107.5000 3.502054e+01
7108.7500 3.582446e+01
7110.0000 3.646719e+01
7111.2500 3.698876e+01
7112.5000 3.635166e+01
7113.7500 3.363765e+01
7115.0000 3.287792e+01
7116.2500 3.398268e+01
7117.5000 3.439521e+01
7118.7500 3.466705e+01
7120.0000 3.264000e+01
7121.2500 3.145627e+01
7122.5000 3.380970e+01
7123.7500 3.315509e+01
7125.0000 3.592794e+01
7126.2500 4.326951e+01
7127.5000 4.703734e+01
7128.7500 4.149127e+01
7130.0000 3.493447e+01
7131.2500 3.963448e+01
7132.5000 4.733140e+01
7133.7500 4.228510e+01
7135.0000 3.577335e+01
7136.2500 3.210549e+01
7137.5000 3.283765e+01
7138.7500 3.178922e+01
7140.0000 3.611267e+01
7141.2500 4.491703e+01
7142.5000 5.332959e+01
7143.7500 5.728436e+01
7145.0000 5.682314e+01
7146.2500 5.188126e+01
7147.5000 4.766651e+01
7148.7500 4.517393e+01
7150.0000 4.138095e+01
7151.2500 3.783103e+01
7152.5000 3.484211e+01
7153.7500 3.426135e+01
7155.0000 3.582672e+01
7156.2500 3.730223e+01
7157.5000 4.013255e+01
7158.7500 4.238256e+01
7160.0000 4.140006e+01
7161.2500 4.473718e+01
7162.5000 4.474776e+01
7163.7500 4.302418e+01
7165.0000 4.669218e+01
7166.2500 4.873152e+01
7167.5000 4.246141e+01
7168.7500 4.628251e+01
7170.0000 4.999834e+01
7171.2500 4.592272e+01
7172.5000 4.881927e+01
7173.7500 5.993284e+01
7175.0000 6.905556e+01
7176.2500 6.586034e+01
7177.5000 6.326824e+01
7178.7500 5.973036e+01
7180.0000 5.887152e+01
7181.2500 5.784256e+01
7182.5000 5.221492e+01
7183.7500 4.632998e+01
7185.0000 4.357508e+01
7186.2500 3.861137e+01
7187.5000 3.804459e+01
7188.7500 4.030116e+01
7190.0000 3.772022e+01
7191.2500 3.549796e+01
7192.5000 3.651622e+01
7193.7500 3.670022e+01
7195.0000 3.490505e+01
7196.2500 3.384348e+01
7197.5000 3.437799e+01
7198.7500 3.707410e+01
7200.0000 3.910304e+01
7201.2500 3.906193e+01
7202.5000 3.513783e+01
7203.7500 3.390406e+01
7205.0000 3.376197e+01
7206.2500 3.450255e+01
7207.5000 3.629215e+01
7208.7500 3.352479e+01
7210.0000 3.323186e+01
7211.2500 3.274599e+01
7212.5000 3.398346e+01
7213.7500 3.355231e+01
7215.0000 3.246262e+01
7216.2500 3.186426e+01
7217.5000 3.358158e+01
7218.7500 3.163305e+01
7220.0000 3.626701e+01
7221.2500 4.046119e+01
7222.5000 4.288309e+01
7223.7500 4.042364e+01
7225.0000 3.774625e+01
7226.2500 3.790903e+01
7227.5000 3.924662e+01
7228.7500 4.239914e+01
7230.0000 3.988877e+01
7231.2500 3.605513e+01
7232.5000 4.591555e+01
7233.7500 5.187190e+01
7235.0000 4.477009e+01
7236.2500 4.914355e+01
7237.5000 1.658446e+02
7238.7500 4.359010e+02
7240.0000 6.824727e+02
7241.2500 4.955329e+02
7242.5000 2.014103e+02
7243.7500 4.657657e+02
7245.0000 6.949470e+02
7246.2500 3.249906e+02
7247.5000 9.319815e+01
7248.7500 5.353011e+01
7250.0000 4.891807e+01
7251.2500 8.061509e+01
7252.5000 1.745792e+02
7253.7500 1.620213e+02
7255.0000 8.675545e+01
7256.2500 6.794092e+01
7257.5000 4.289411e+01
7258.7500 4.200018e+01
7260.0000 4.190219e+01
7261.2500 4.138095e+01
7262.5000 4.349572e+01
7263.7500 4.461651e+01
7265.0000 4.329477e+01
7266.2500 5.222548e+01
7267.5000 6.229313e+01
7268.7500 6.091901e+01
7270.0000 5.237746e+01
7271.2500 4.755180e+01
7272.5000 4.697709e+01
7273.7500 1.404659e+02
7275.0000 8.272773e+02
7276.2500 1.689713e+03
7277.5000 7.555633e+02
7278.7500 5.991413e+01
7280.0000 5.945460e+01
7281.2500 7.179236e+01
7282.5000 1.320883e+02
7283.7500 3.589723e+02
7285.0000 3.169130e+02
7286.2500 9.589917e+01
7287.5000 4.482695e+01
7288.7500 4.542378e+01
7290.0000 5.222098e+01
7291.2500 5.567616e+01
7292.5000 4.841307e+01
7293.7500 5.593850e+01
7295.0000 1.260383e+02
7296.2500 1.306819e+02
7297.5000 5.732130e+01
7298.7500 3.541745e+01
7300.0000 3.575201e+01
7301.2500 5.031235e+01
7302.5000 1.890114e+02
7303.7500 2.791722e+02
7305.0000 1.225850e+02
7306.2500 4.683480e+01
7307.5000 4.473838e+01
7308.7500 4.168339e+01
7310.0000 6.092614e+01
7311.2500 6.597675e+01
7312.5000 4.545110e+01
7313.7500 7.868456e+01
7315.0000 5.678963e+02
7316.2500 9.084151e+02
7317.5000 3.549267e+02
7318.7500 4.467051e+01
7320.0000 3.876547e+01
7321.2500 3.624986e+01
7322.5000 3.457396e+01
7323.7500 3.618656e+01
7325.0000 3.677274e+01
7326.2500 3.968159e+01
7327.5000 1.591916e+02
7328.7500 3.538795e+02
7330.0000 2.341527e+02
7331.2500 6.098278e+01
7332.5000 4.443345e+01
7333.7500 3.798780e+01
7335.0000 3.578331e+01
7336.2500 3.718255e+01
7337.5000 4.280502e+01
7338.7500 1.813694e+02
7340.0000 8.841831e+02
7341.2500 9.135822e+02
7342.5000 2.015467e+02
7343.7500 4.894478e+01
7345.0000 4.935686e+01
7346.2500 4.861677e+01
7347.5000 4.565036e+01
7348.7500 4.285270e+01
7350.0000 5.039247e+01
7351.2500 5.574442e+01
7352.5000 5.135149e+01
7353.7500 4.364357e+01
7355.0000 4.446958e+01
7356.2500 6.317415e+01
7357.5000 2.429397e+02
7358.7500 3.185000e+02
7360.0000 1.237383e+02
7361.2500 4.591168e+01
7362.5000 4.552120e+01
7363.7500 4.780686e+01
7365.0000 4.900119e+01
7366.2500 5.262390e+01
7367.5000 2.386334e+02
7368.7500 7.420928e+02
7370.0000 5.841864e+02
7371.2500 9.828899e+01
7372.5000 4.790520e+01
7373.7500 5.810159e+01
7375.0000 5.084576e+01
7376.2500 4.046719e+01
7377.5000 4.198538e+01
7378.7500 4.325270e+01
7380.0000 3.912197e+01
7381.2500 3.979620e+01
7382.5000 4.211384e+01
7383.7500 4.013051e+01
7385.0000 3.739865e+01
7386.2500 3.974095e+01
7387.5000 4.239620e+01
7388.7500 4.740136e+01
7390.0000 7.416575e+01
7391.2500 2.018636e+02
7392.5000 2.204691e+02
7393.7500 7.706639e+01
7395.0000 3.967540e+01
7396.2500 3.842101e+01
7397.5000 3.995435e+01
7398.7500 4.205036e+01
7400.0000 1.578517e+02
7401.2500 4.575944e+02
7402.5000 3.647492e+02
7403.7500 7.296099e+01
7405.0000 3.807910e+01
7406.2500 3.798761e+01
7407.5000 3.537627e+01
7408.7500 3.565710e+01
7410.0000 3.665489e+01
7411.2500 4.841064e+01
7412.5000 5.092286e+01
7413.7500 4.185526e+01
7415.0000 4.176754e+01
7416.2500 4.483177e+01
7417.5000 4.329267e+01
7418.7500 4.073779e+01
7420.0000 3.723969e+01
7421.2500 3.860481e+01
7422.5000 4.423147e+01
7423.7500 4.159523e+01
7425.0000 3.681097e+01
7426.2500 3.725298e+01
7427.5000 4.909206e+01
7428.7500 1.255017e+02
7430.0000 1.431798e+02
7431.2500 5.939156e+01
7432.5000 3.641039e+01
7433.7500 3.964891e+01
7435.0000 3.756618e+01
7436.2500 6.560741e+01
7437.5000 2.174565e+02
7438.7500 2.415582e+02
7440.0000 8.691212e+01
7441.2500 3.714410e+01
7442.5000 3.889277e+01
7443.7500 3.879048e+01
7445.0000 3.780094e+01
7446.2500 3.791842e+01
7447.5000 3.654499e+01
7448.7500 3.658618e+01
7450.0000 3.675962e+01
7451.2500 3.919535e+01
7452.5000 3.745359e+01
7453.7500 3.669757e+01
7455.0000 3.753447e+01
7456.2500 3.880605e+01
7457.5000 4.676980e+01
7458.7500 4.572164e+01
7460.0000 4.399857e+01
7461.2500 6.320198e+01
7462.5000 7.025971e+01
7463.7500 6.218290e+01
7465.0000 7.701950e+01
7466.2500 1.079344e+02
7467.5000 7.984354e+01
7468.7500 5.582974e+01
7470.0000 1.026332e+02
7471.2500 1.435688e+02
7472.5000 1.729724e+02
7473.7500 1.820429e+02
7475.0000 8.554868e+01
7476.2500 5.008743e+01
7477.5000 8.964764e+01
7478.7500 1.827189e+02
7480.0000 1.803294e+02
7481.2500 9.833208e+01
7482.5000 1.864799e+02
7483.7500 2.093725e+02
7485.0000 8.084349e+01
7486.2500 4.588590e+01
7487.5000 4.692317e+01
7488.7500 4.270704e+01
7490.0000 3.895209e+01
7491.2500 4.057685e+01
7492.5000 7.841588e+01
7493.7500 9.778351e+01
7495.0000 5.733070e+01
7496.2500 3.629824e+01
7497.5000 3.928300e+01
7498.7500 4.202206e+01
7500.0000 4.726230e+01
7501.2500 4.075055e+01
7502.5000 3.926022e+01
7503.7500 3.940023e+01
7505.0000 3.830355e+01
7506.2500 3.731799e+01
7507.5000 3.798722e+01
7508.7500 3.908939e+01
7510.0000 3.714525e+01
7511.2500 3.570330e+01
7512.5000 3.515577e+01
7513.7500 3.635093e+01
7515.0000 4.139809e+01
7516.2500 6.503254e+01
7517.5000 7.615263e+01
7518.7500 5.024652e+01
7520.0000 4.238958e+01
7521.2500 7.847278e+01
7522.5000 3.287543e+02
7523.7500 6.230025e+02
7525.0000 3.384814e+02
7526.2500 6.100474e+01
7527.5000 4.971189e+01
7528.7500 8.052355e+01
7530.0000 1.720826e+02
7531.2500 1.645838e+02
7532.5000 5.620449e+01
7533.7500 3.925763e+01
7535.0000 3.854190e+01
7536.2500 4.003962e+01
7537.5000 4.157065e+01
7538.7500 5.299506e+01
7540.0000 7.735131e+01
7541.2500 6.332238e+01
7542.5000 4.154065e+01
7543.7500 3.758369e+01
7545.0000 3.752216e+01
7546.2500 3.951220e+01
7547.5000 3.874132e+01
7548.7500 3.744164e+01
7550.0000 3.486946e+01
7551.2500 3.964894e+01
7552.5000 4.448841e+01
7553.7500 4.154904e+01
7555.0000 4.167293e+01
7556.2500 1.010093e+02
7557.5000 1.427355e+02
7558.7500 7.515634e+01
7560.0000 4.050354e+01
7561.2500 4.007409e+01
7562.5000 3.834483e+01
7563.7500 3.804492e+01
7565.0000 3.869727e+01
7566.2500 5.434221e+01
7567.5000 6.778662e+01
7568.7500 5.399681e+01
7570.0000 1.652763e+02
7571.2500 4.121821e+02
7572.5000 3.065685e+02
7573.7500 9.743953e+01
7575.0000 5.897386e+01
7576.2500 3.806179e+01
7577.5000 3.568912e+01
7578.7500 4.125357e+01
7580.0000 4.071635e+01
7581.2500 4.081139e+01
7582.5000 4.314211e+01
7583.7500 6.384918e+01
7585.0000 2.100616e+02
7586.2500 2.724766e+02
7587.5000 1.098917e+02
7588.7500 5.572685e+01
7590.0000 5.722573e+01
7591.2500 5.687462e+01
7592.5000 5.858532e+01
7593.7500 6.911415e+01
7595.0000 8.923400e+01
7596.2500 2.501337e+02
7597.5000 9.462202e+02
7598.7500 1.033034e+03
7600.0000 3.482940e+02
7601.2500 1.924809e+02
7602.5000 2.222303e+02
7603.7500 2.483349e+02
7605.0000 2.579597e+02
7606.2500 2.244452e+02
7607.5000 2.271357e+02
7608.7500 2.116626e+02
7610.0000 2.022758e+02
7611.2500 1.650975e+02
7612.5000 1.454945e+02
7613.7500 1.049358e+02
7615.0000 7.777492e+01
7616.2500 1.512237e+02
7617.5000 2.421384e+02
7618.7500 1.492188e+02
7620.0000 8.513873e+01
7621.2500 1.230880e+02
7622.5000 1.463828e+02
7623.7500 1.102171e+02
7625.0000 1.075331e+02
7626.2500 1.614665e+02
7627.5000 6.695969e+02
7628.7500 7.448846e+02
7630.0000 2.331320e+02
7631.2500 1.119090e+02
7632.5000 1.193230e+02
7633.7500 9.827524e+01
7635.0000 7.821198e+01
7636.2500 1.030887e+02
7637.5000 9.064691e+01
7638.7500 8.312689e+01
7640.0000 9.074743e+01
7641.2500 9.651572e+01
7642.5000 8.223412e+01
7643.7500 7.144654e+01
7645.0000 8.484450e+01
7646.2500 7.868525e+01
7647.5000 6.708170e+01
7648.7500 6.817090e+01
7650.0000 7.621048e+01
7651.2500 9.175413e+01
7652.5000 1.466464e+02
7653.7500 1.591339e+02
7655.0000 7.546416e+01
7656.2500 5.889522e+01
7657.5000 5.054090e+01
7658.7500 5.214102e+01
7660.0000 8.303884e+01
7661.2500 2.617283e+02
7662.5000 2.174741e+02
7663.7500 8.644633e+01
7665.0000 5.088485e+01
7666.2500 5.600934e+01
7667.5000 4.589133e+01
7668.7500 4.358979e+01
7670.0000 4.527645e+01
7671.2500 5.370863e+01
7672.5000 5.578264e+01
7673.7500 4.740493e+01
7675.0000 4.329912e+01
7676.2500 4.308891e+01
7677.5000 4.701353e+01
7678.7500 4.404956e+01
7680.0000 5.108521e+01
7681.2500 6.481858e+01
7682.5000 5.916402e+01
7683.7500 5.243762e+01
7685.0000 5.603233e+01
7686.2500 7.231082e+01
7687.5000 7.476453e+01
7688.7500 5.847047e+01
7690.0000 6.289050e+01
7691.2500 8.774907e+01
7692.5000 7.517496e+01
7693.7500 5.297234e+01
7695.0000 5.266246e+01
7696.2500 5.061292e+01
7697.5000 6.822271e+01
7698.7500 1.146976e+02
7700.0000 1.079806e+02
7701.2500 5.831993e+01
7702.5000 4.913015e+01
7703.7500 4.816003e+01
7705.0000 4.564730e+01
7706.2500 4.505820e+01
7707.5000 4.487004e+01
7708.7500 4.899599e+01
7710.0000 1.025422e+02
7711.2500 7.351144e+02
7712.5000 1.073757e+03
7713.7500 4.858063e+02
7715.0000 5.768898e+02
7716.2500 1.130613e+03
7717.5000 9.167891e+02
7718.7500 2.612262e+02
7720.0000 6.321248e+01
7721.2500 6.246337e+01
7722.5000 1.394530e+02
7723.7500 1.925170e+02
7725.0000 2.738887e+02
7726.2500 2.723739e+02
7727.5000 1.016761e+02
7728.7500 5.652490e+01
7730.0000 5.883545e+01
7731.2500 5.457907e+01
7732.5000 6.077079e+01
7733.7500 8.655981e+01
7735.0000 1.091417e+02
7736.2500 8.774424e+01
7737.5000 5.989899e+01
7738.7500 5.699733e+01
7740.0000 6.896188e+01
7741.2500 6.420212e+01
7742.5000 4.965821e+01
7743.7500 5.200266e+01
7745.0000 6.507936e+01
7746.2500 7.016585e+01
7747.5000 9.794997e+01
7748.7500 5.533635e+02
7750.0000 1.921935e+03
7751.2500 1.436734e+03
7752.5000 1.897304e+02
7753.7500 5.557091e+01
7755.0000 6.071946e+01
7756.2500 8.987124e+01
7757.5000 1.088159e+02
7758.7500 4.159464e+02
7760.0000 6.435872e+02
7761.2500 2.488931e+02
7762.5000 5.203489e+01
7763.7500 5.114754e+01
7765.0000 4.943736e+01
7766.2500 4.707545e+01
7767.5000 5.234547e+01
7768.7500 6.080076e+01
7770.0000 8.299974e+01
7771.2500 2.172358e+02
7772.5000 3.895088e+02
7773.7500 3.798515e+02
7775.0000 2.172522e+02
7776.2500 8.786425e+01
7777.5000 5.316676e+01
7778.7500 1.573775e+02
7780.0000 3.880960e+02
7781.2500 2.724751e+02
7782.5000 6.319510e+01
7783.7500 5.849605e+01
7785.0000 7.011355e+01
7786.2500 7.195758e+01
7787.5000 6.425609e+01
7788.7500 7.032876e+01
7790.0000 1.076498e+02
7791.2500 1.299741e+02
7792.5000 5.004055e+02
7793.7500 1.326322e+03
7795.0000 8.067244e+02
7796.2500 9.323958e+01
7797.5000 5.430149e+01
7798.7500 5.176082e+01
7800.0000 4.482546e+01
7801.2500 4.381184e+01
7802.5000 4.448670e+01
7803.7500 4.871254e+01
7805.0000 4.893107e+01
7806.2500 1.010500e+02
7807.5000 4.155374e+02
7808.7500 4.701118e+02
7810.0000 1.583653e+02
7811.2500 6.577446e+01
7812.5000 6.377567e+01
7813.7500 7.038602e+01
7815.0000 7.304864e+01
7816.2500 6.351544e+01
7817.5000 5.869159e+01
7818.7500 1.063149e+02
7820.0000 7.192067e+02
7821.2500 1.531722e+03
7822.5000 7.908747e+02
7823.7500 8.631404e+01
7825.0000 5.522217e+01
7826.2500 4.878973e+01
7827.5000 6.030293e+01
7828.7500 7.196867e+01
7830.0000 5.347093e+01
7831.2500 4.404964e+01
7832.5000 5.287262e+01
7833.7500 5.839275e+01
7835.0000 5.080389e+01
7836.2500 4.237211e+01
7837.5000 4.592535e+01
7838.7500 7.257607e+01
7840.0000 3.069561e+02
7841.2500 4.546773e+02
7842.5000 1.836197e+02
7843.7500 4.600313e+01
7845.0000 4.621029e+01
7846.2500 4.559689e+01
7847.5000 6.912943e+01
7848.7500 1.648152e+02
7850.0000 1.851002e+02
7851.2500 3.685070e+02
7852.5000 1.397569e+03
7853.7500 1.401130e+03
7855.0000 2.911927e+02
7856.2500 9.804676e+01
7857.5000 1.844254e+02
7858.7500 2.738823e+02
7860.0000 5.658072e+02
7861.2500 4.241194e+02
7862.5000 8.600034e+01
7863.7500 4.978251e+01
7865.0000 5.062309e+01
7866.2500 1.596292e+02
7867.5000 2.793655e+02
7868.7500 2.907158e+02
7870.0000 6.639221e+02
7871.2500 5.405294e+02
7872.5000 1.092179e+02
7873.7500 4.788914e+01
7875.0000 4.584986e+01
7876.2500 6.342709e+01
7877.5000 2.575624e+02
7878.7500 3.669283e+02
7880.0000 2.551983e+02
7881.2500 3.122538e+02
7882.5000 1.998838e+02
7883.7500 7.777048e+01
7885.0000 8.054844e+01
7886.2500 8.693555e+01
7887.5000 1.517220e+02
7888.7500 6.444283e+02
7890.0000 7.789446e+02
7891.2500 2.507254e+02
7892.5000 8.986467e+01
7893.7500 8.762856e+01
7895.0000 7.646617e+01
7896.2500 6.921648e+01
7897.5000 7.182934e+01
7898.7500 6.701046e+01
7900.0000 4.682911e+01
7901.2500 5.329896e+01
7902.5000 6.906415e+01
7903.7500 6.561609e+01
7905.0000 6.538672e+01
7906.2500 7.273692e+01
7907.5000 6.538815e+01
7908.7500 6.863129e+01
7910.0000 1.107754e+02
7911.2500 3.352562e+02
7912.5000 1.689916e+03
7913.7500 2.209190e+03
7915.0000 6.286823e+02
7916.2500 8.093388e+01
7917.5000 1.233002e+02
7918.7500 2.110211e+02
7920.0000 7.085825e+02
7921.2500 8.477426e+02
7922.5000 2.472247e+02
7923.7500 7.891228e+01
7925.0000 5.867973e+01
7926.2500 5.177941e+01
7927.5000 7.439179e+01
7928.7500 1.185136e+02
7930.0000 4.052408e+02
7931.2500 6.034497e+02
7932.5000 2.902035e+02
7933.7500 8.314508e+01
7935.0000 5.935611e+01
7936.2500 5.187237e+01
7937.5000 5.302817e+01
7938.7500 5.709861e+01
7940.0000 5.416944e+01
7941.2500 5.976636e+01
7942.5000 6.608430e+01
7943.7500 7.152845e+01
7945.0000 9.722242e+01
7946.2500 9.069831e+01
7947.5000 2.074112e+02
7948.7500 4.698892e+02
7950.0000 3.126562e+02
7951.2500 7.411987e+01
7952.5000 6.241413e+01
7953.7500 5.011123e+01
7955.0000 4.611735e+01
7956.2500 4.685567e+01
7957.5000 4.928566e+01
7958.7500 4.774605e+01
7960.0000 4.838427e+01
7961.2500 5.484750e+01
7962.5000 2.609278e+02
7963.7500 1.417434e+03
7965.0000 1.481260e+03
7966.2500 3.015451e+02
7967.5000 1.425150e+02
7968.7500 1.188406e+02
7970.0000 6.077203e+01
7971.2500 5.579535e+01
7972.5000 5.551598e+01
7973.7500 5.095890e+01
7975.0000 7.538919e+01
7976.2500 1.809878e+02
7977.5000 2.608196e+02
7978.7500 5.172718e+02
7980.0000 5.451166e+02
7981.2500 1.540772e+02
7982.5000 4.894711e+01
7983.7500 4.899968e+01
7985.0000 5.158207e+01
7986.2500 6.323024e+01
7987.5000 7.257508e+01
7988.7500 6.655777e+01
7990.0000 7.604202e+01
7991.2500 3.468144e+02
7992.5000 1.643809e+03
7993.7500 1.616384e+03
7995.0000 2.942567e+02
7996.2500 7.296370e+01
7997.5000 8.413369e+01
7998.7500 7.809771e+01
8000.0000 7.218227e+01
8001.2500 7.538699e+01
8002.5000 7.324328e+01
8003.7500 6.414392e+01
8005.0000 5.749823e+01
8006.2500 5.105277e+01
8007.5000 5.061911e+01
8008.7500 5.412954e+01
8010.0000 6.025441e+01
8011.2500 7.373290e+01
8012.5000 2.480117e+02
8013.7500 4.893595e+02
8015.0000 3.095981e+02
8016.2500 7.734299e+01
8017.5000 6.017904e+01
8018.7500 9.809181e+01
8020.0000 1.247155e+02
8021.2500 8.635611e+01
8022.5000 6.556408e+01
8023.7500 2.558984e+02
8025.0000 1.097832e+03
8026.2500 1.031853e+03
8027.5000 2.686496e+02
8028.7500 1.463148e+02
8030.0000 1.026268e+02
8031.2500 8.124704e+01
8032.5000 6.897890e+01
8033.7500 6.264115e+01
8035.0000 6.422443e+01
8036.2500 5.417356e+01
8037.5000 5.090836e+01
8038.7500 5.272105e+01
8040.0000 5.735205e+01
8041.2500 5.875072e+01
8042.5000 5.257423e+01
8043.7500 4.658939e+01
8045.0000 4.842360e+01
8046.2500 4.884367e+01
8047.5000 4.950643e+01
8048.7500 6.623608e+01
8050.0000 1.238614e+02
8051.2500 2.810593e+02
8052.5000 2.570322e+02
8053.7500 7.803796e+01
8055.0000 5.023288e+01
8056.2500 4.966866e+01
8057.5000 4.882814e+01
8058.7500 5.385859e+01
8060.0000 1.262459e+02
8061.2500 4.974303e+02
8062.5000 5.455706e+02
8063.7500 1.591812e+02
8065.0000 5.581928e+01
8066.2500 5.688029e+01
8067.5000 5.379827e+01
8068.7500 4.837242e+01
8070.0000 4.561876e+01
8071.2500 4.544209e+01
8072.5000 4.985754e+01
8073.7500 5.963451e+01
8075.0000 5.963766e+01
8076.2500 6.623190e+01
8077.5000 7.357287e+01
8078.7500 5.321157e+01
8080.0000 4.714554e+01
8081.2500 4.987276e+01
8082.5000 5.635964e+01
8083.7500 7.612554e+01
8085.0000 8.577131e+01
8086.2500 6.270798e+01
8087.5000 4.506634e+01
8088.7500 4.343065e+01
8090.0000 4.360229e+01
8091.2500 5.357108e+01
8092.5000 1.209859e+02
8093.7500 1.505704e+02
8095.0000 8.517336e+01
8096.2500 4.768243e+01
8097.5000 4.590937e+01
8098.7500 5.029659e+01
8100.0000 6.935756e+01
8101.2500 1.938263e+02
8102.5000 2.626867e+02
8103.7500 1.294564e+02
8105.0000 6.353016e+01
8106.2500 5.598486e+01
8107.5000 5.761943e+01
8108.7500 5.788057e+01
8110.0000 5.567392e+01
8111.2500 5.452050e+01
8112.5000 5.169969e+01
8113.7500 4.976706e+01
8115.0000 4.937517e+01
8116.2500 4.487471e+01
8117.5000 4.699686e+01
8118.7500 5.053024e+01
8120.0000 4.913400e+01
8121.2500 5.428989e+01
8122.5000 5.742968e+01
8123.7500 5.762898e+01
8125.0000 5.379542e+01
8126.2500 6.114008e+01
8127.5000 6.255835e+01
8128.7500 5.655014e+01
8130.0000 5.932399e+01
8131.2500 6.841548e+01
8132.5000 6.192081e+01
8133.7500 5.660423e+01
8135.0000 6.924039e+01
8136.2500 6.953131e+01
8137.5000 9.776771e+01
8138.7500 1.292059e+02
8140.0000 9.799045e+01
8141.2500 6.559610e+01
8142.5000 5.488105e+01
8143.7500 5.724344e+01
8145.0000 9.613776e+01
8146.2500 1.661185e+02
8147.5000 1.379617e+02
8148.7500 6.594038e+01
8150.0000 5.503675e+01
8151.2500 5.708174e+01
8152.5000 5.329473e+01
8153.7500 5.396789e+01
8155.0000 5.389174e+01
8156.2500 5.385701e+01
8157.5000 5.187054e+01
8158.7500 5.395047e+01
8160.0000 5.665083e+01
8161.2500 6.091361e+01
8162.5000 6.510832e+01
8163.7500 6.186530e+01
8165.0000 5.666167e+01
8166.2500 5.251345e+01
8167.5000 5.354256e+01
8168.7500 5.428057e+01
8170.0000 5.496361e+01
8171.2500 5.714315e+01
8172.5000 5.433266e+01
8173.7500 5.272257e+01
8175.0000 5.396989e+01
8176.2500 5.463945e+01
8177.5000 6.427853e+01
8178.7500 6.388995e+01
8180.0000 5.642360e+01
8181.2500 5.282108e+01
8182.5000 5.170963e+01
8183.7500 4.867310e+01
8185.0000 5.234512e+01
8186.2500 5.974708e+01
8187.5000 8.740823e+01
8188.7500 9.319608e+01
8190.0000 6.371130e+01
8191.2500 5.182349e+01
8192.5000 5.003835e+01
8193.7500 7.129639e+01
8195.0000 9.182563e+01
8196.2500 7.356778e+01
8197.5000 5.460939e+01
8198.7500 5.237202e+01
8200.0000 4.956815e+01
8201.2500 5.187076e+01
8202.5000 4.933220e+01
8203.7500 5.339043e+01
8205.0000 5.437605e+01
8206.2500 5.702186e+01
8207.5000 5.892812e+01
8208.7500 5.427806e+01
8210.0000 4.932325e+01
8211.2500 4.733326e+01
8212.5000 4.896713e+01
8213.7500 4.946170e+01
8215.0000 5.345706e+01
8216.2500 5.026262e+01
8217.5000 4.796649e+01
8218.7500 4.952452e+01
8220.0000 4.455820e+01
8221.2500 4.582105e+01
8222.5000 5.706491e+01
8223.7500 6.048260e+01
8225.0000 6.131538e+01
8226.2500 6.091518e+01
8227.5000 5.551731e+01
8228.7500 6.331366e+01
8230.0000 6.172165e+01
8231.2500 6.289259e+01
8232.5000 6.621468e+01
8233.7500 6.363981e+01
8235.0000 6.959587e+01
8236.2500 6.855126e+01
8237.5000 7.015751e+01
8238.7500 6.022980e+01
8240.0000 6.836817e+01
8241.2500 8.785534e+01
8242.5000 7.457469e+01
8243.7500 5.982452e+01
8245.0000 5.656977e+01
8246.2500 7.131810e+01
8247.5000 7.979104e+01
8248.7500 6.948120e+01
8250.0000 5.414005e+01
8251.2500 4.953916e+01
8252.5000 4.752628e+01
8253.7500 5.876649e+01
8255.0000 6.539648e+01
8256.2500 5.780204e+01
8257.5000 4.819922e+01
8258.7500 5.035350e+01
8260.0000 5.298753e+01
8261.2500 5.229519e+01
8262.5000 4.938470e+01
8263.7500 5.014642e+01
8265.0000 5.184315e+01
8266.2500 5.045263e+01
8267.5000 4.953506e+01
8268.7500 5.346860e+01
8270.0000 5.291606e+01
8271.2500 5.618020e+01
8272.5000 5.774561e+01
8273.7500 5.636837e+01
8275.0000 6.751702e+01
8276.2500 1.451757e+02
8277.5000 4.396555e+02
8278.7500 4.699444e+02
8280.0000 6.099637e+02
8281.2500 1.140732e+03
8282.5000 7.204883e+02
8283.7500 1.467444e+02
8285.0000 2.479929e+02
8286.2500 5.229030e+02
8287.5000 1.665073e+03
8288.7500 2.152907e+03
8290.0000 4.764238e+02
8291.2500 1.125398e+02
8292.5000 6.501167e+01
8293.7500 8.643475e+01
8295.0000 4.415494e+02
8296.2500 6.519021e+02
8297.5000 1.147382e+03
8298.7500 1.842908e+03
8300.0000 7.923210e+02
8301.2500 1.210655e+02
8302.5000 1.205329e+02
8303.7500 1.017988e+02
8305.0000 8.323211e+01
8306.2500 6.364399e+01
8307.5000 6.447569e+01
8308.7500 1.626204e+02
8310.0000 5.332559e+02
8311.2500 4.726439e+02
8312.5000 1.049412e+02
8313.7500 5.043669e+01
8315.0000 4.866277e+01
8316.2500 6.830550e+01
8317.5000 9.528376e+01
8318.7500 9.166532e+01
8320.0000 6.135970e+01
8321.2500 5.537947e+01
8322.5000 5.666391e+01
8323.7500 5.119216e+01
8325.0000 4.729756e+01
8326.2500 4.603074e+01
8327.5000 4.704132e+01
8328.7500 4.793940e+01
8330.0000 4.820712e+01
8331.2500 4.967493e+01
8332.5000 4.612570e+01
8333.7500 4.422505e+01
8335.0000 4.903773e+01
8336.2500 6.713892e+01
8337.5000 8.944897e+01
8338.7500 8.445306e+01
8340.0000 7.138695e+01
8341.2500 1.888854e+02
8342.5000 1.102243e+03
8343.7500 4.287679e+03
8345.0000 3.805210e+03
8346.2500 6.258466e+02
8347.5000 7.651708e+01
8348.7500 1.357513e+02
8350.0000 1.747279e+02
8351.2500 6.179090e+02
8352.5000 1.351459e+03
8353.7500 7.520946e+02
8355.0000 9.643626e+01
8356.2500 5.825210e+01
8357.5000 5.151788e+01
8358.7500 6.618550e+01
8360.0000 1.121527e+02
8361.2500 1.292117e+02
8362.5000 1.592994e+02
8363.7500 4.179252e+02
8365.0000 4.434904e+02
8366.2500 1.604260e+02
8367.5000 6.224024e+01
8368.7500 5.241482e+01
8370.0000 4.953526e+01
8371.2500 4.977472e+01
8372.5000 5.418323e+01
8373.7500 5.206482e+01
8375.0000 5.729269e+01
8376.2500 6.018843e+01
8377.5000 6.066591e+01
8378.7500 1.047936e+02
8380.0000 2.309228e+02
8381.2500 7.554485e+02
8382.5000 9.038207e+02
8383.7500 2.721618e+02
8385.0000 5.439705e+01
8386.2500 5.904502e+01
8387.5000 5.828377e+01
8388.7500 6.191252e+01
8390.0000 7.779903e+01
8391.2500 7.803976e+01
8392.5000 6.050892e+01
8393.7500 5.570348e+01
8395.0000 6.094880e+01
8396.2500 1.173146e+02
8397.5000 1.360497e+03
8398.7500 3.877795e+03
8400.0000 2.198709e+03
8401.2500 1.724202e+02
8402.5000 6.167191e+01
8403.7500 5.389447e+01
8405.0000 5.090098e+01
8406.2500 4.903301e+01
8407.5000 5.194424e+01
8408.7500 5.550160e+01
8410.0000 5.554963e+01
8411.2500 5.409784e+01
8412.5000 8.774627e+01
8413.7500 6.086150e+02
8415.0000 1.238880e+03
8416.2500 6.123015e+02
8417.5000 7.032218e+01
8418.7500 5.656592e+01
8420.0000 5.772005e+01
8421.2500 5.703223e+01
8422.5000 6.952525e+01
8423.7500 8.402174e+01
8425.0000 8.030297e+01
8426.2500 9.741477e+01
8427.5000 2.309037e+02
8428.7500 2.014042e+03
8430.0000 4.037962e+03
8431.2500 1.728698e+03
8432.5000 1.410020e+02
8433.7500 1.035827e+02
8435.0000 8.919805e+01
8436.2500 5.325453e+01
8437.5000 4.923886e+01
8438.7500 4.692505e+01
8440.0000 4.724575e+01
8441.2500 4.929346e+01
8442.5000 4.746479e+01
8443.7500 5.246725e+01
8445.0000 1.240271e+02
8446.2500 1.916211e+02
8447.5000 1.175718e+02
8448.7500 5.935257e+01
8450.0000 1.722093e+02
8451.2500 8.256048e+02
8452.5000 9.196340e+02
8453.7500 2.373615e+02
8455.0000 5.901073e+01
8456.2500 5.523642e+01
8457.5000 5.167424e+01
8458.7500 5.341535e+01
8460.0000 6.382874e+01
8461.2500 7.248101e+01
8462.5000 1.292939e+02
8463.7500 1.158895e+03
8465.0000 2.778774e+03
8466.2500 1.445877e+03
8467.5000 1.327840e+02
8468.7500 5.603045e+01
8470.0000 5.069318e+01
8471.2500 5.109567e+01
8472.5000 6.094232e+01
8473.7500 1.012296e+02
8475.0000 1.002200e+02
8476.2500 5.835023e+01
8477.5000 5.076371e+01
8478.7500 5.248521e+01
8480.0000 4.795686e+01
8481.2500 4.525885e+01
8482.5000 4.739031e+01
8483.7500 4.919479e+01
8485.0000 5.180977e+01
8486.2500 5.379477e+01
8487.5000 4.791636e+01
8488.7500 4.762236e+01
8490.0000 5.368787e+01
8491.2500 1.403806e+02
8492.5000 5.569352e+02
8493.7500 5.971536e+02
8495.0000 1.831165e+02
8496.2500 7.471612e+01
8497.5000 7.155741e+01
8498.7500 6.015673e+01
8500.0000 7.584039e+01
8501.2500 9.718595e+01
8502.5000 2.140273e+02
8503.7500 1.009551e+03
8505.0000 1.303538e+03
8506.2500 3.805374e+02
8507.5000 5.917111e+01
8508.7500 5.258986e+01
8510.0000 4.643808e+01
8511.2500 4.865821e+01
8512.5000 5.001492e+01
8513.7500 5.108446e+01
8515.0000 4.968096e+01
8516.2500 4.815279e+01
8517.5000 4.688955e+01
8518.7500 5.511477e+01
8520.0000 7.401697e+01
8521.2500 7.025242e+01
8522.5000 5.014009e+01
8523.7500 4.651571e+01
8525.0000 4.594136e+01
8526.2500 4.799157e+01
8527.5000 4.485398e+01
8528.7500 4.824274e+01
8530.0000 4.511564e+01
8531.2500 4.530051e+01
8532.5000 4.528758e+01
8533.7500 4.740389e+01
8535.0000 4.703907e+01
8536.2500 6.721097e+01
8537.5000 2.340174e+02
8538.7500 2.940118e+02
8540.0000 1.217379e+02
8541.2500 5.792524e+01
8542.5000 5.707905e+01
8543.7500 5.201266e+01
8545.0000 5.567784e+01
8546.2500 1.058115e+02
8547.5000 4.162294e+02
8548.7500 5.529042e+02
8550.0000 2.190732e+02
8551.2500 6.830165e+01
8552.5000 6.198118e+01
8553.7500 6.089771e+01
8555.0000 4.820123e+01
8556.2500 4.634491e+01
8557.5000 4.786605e+01
8558.7500 4.740559e+01
8560.0000 4.697276e+01
8561.2500 4.550492e+01
8562.5000 4.424947e+01
8563.7500 4.633599e+01
8565.0000 4.769177e+01
8566.2500 4.988081e+01
8567.5000 4.811436e+01
8568.7500 4.837290e+01
8570.0000 5.045994e+01
8571.2500 6.188059e+01
8572.5000 6.886524e+01
8573.7500 6.385732e+01
8575.0000 6.991827e+01
8576.2500 7.186639e+01
8577.5000 6.586442e+01
8578.7500 5.430552e+01
8580.0000 4.862762e+01
8581.2500 4.715374e+01
8582.5000 4.720208e+01
8583.7500 4.915030e+01
8585.0000 4.810009e+01
8586.2500 8.522058e+01
8587.5000 1.832605e+02
8588.7500 1.577126e+02
8590.0000 6.601707e+01
8591.2500 5.373154e+01
8592.5000 5.161764e+01
8593.7500 5.287975e+01
8595.0000 9.811124e+01
8596.2500 2.254840e+02
8597.5000 2.079111e+02
8598.7500 7.875156e+01
8600.0000 4.916605e+01
8601.2500 5.322670e+01
8602.5000 5.222707e+01
8603.7500 5.227452e+01
8605.0000 4.799970e+01
8606.2500 4.816111e+01
8607.5000 5.671442e+01
8608.7500 6.187587e+01
8610.0000 7.042678e+01
8611.2500 8.229637e+01
8612.5000 9.861270e+01
8613.7500 1.230656e+02
8615.0000 1.439798e+02
8616.2500 1.658557e+02
8617.5000 2.139119e+02
8618.7500 2.313549e+02
8620.0000 2.729059e+02
8621.2500 3.273054e+02
8622.5000 3.483591e+02
8623.7500 4.046666e+02
8625.0000 4.562280e+02
8626.2500 4.336591e+02
8627.5000 5.064925e+02
8628.7500 5.274166e+02
8630.0000 4.538140e+02
8631.2500 5.267698e+02
8632.5000 5.074469e+02
8633.7500 3.932142e+02
8635.0000 4.582511e+02
8636.2500 4.152852e+02
8637.5000 2.588202e+02
8638.7500 2.752668e+02
8640.0000 2.789631e+02
8641.2500 2.176633e+02
8642.5000 1.401138e+02
8643.7500 7.634092e+01
8645.0000 1.035794e+02
8646.2500 2.250471e+02
8647.5000 2.247418e+02
8648.7500 3.397220e+02
8650.0000 5.623241e+02
8651.2500 4.848385e+02
8652.5000 2.895782e+02
8653.7500 4.510110e+02
8655.0000 6.652392e+02
8656.2500 4.634973e+02
8657.5000 2.727748e+02
8658.7500 5.315092e+02
8660.0000 6.811813e+02
8661.2500 3.926776e+02
8662.5000 2.124582e+02
8663.7500 4.791779e+02
8665.0000 6.095665e+02
8666.2500 3.411805e+02
8667.5000 1.741512e+02
8668.7500 3.648456e+02
8670.0000 4.838818e+02
8671.2500 2.967562e+02
8672.5000 1.130376e+02
8673.7500 2.089022e+02
8675.0000 3.473538e+02
8676.2500 2.508566e+02
8677.5000 1.117328e+02
8678.7500 1.170312e+02
8680.0000 2.090475e+02
8681.2500 2.145051e+02
8682.5000 1.209390e+02
8683.7500 6.986275e+01
8685.0000 1.098981e+02
8686.2500 1.566385e+02
8687.5000 1.166775e+02
8688.7500 6.671771e+01
8690.0000 6.253489e+01
8691.2500 8.740851e+01
8692.5000 1.067070e+02
8693.7500 8.372447e+01
8695.0000 5.691513e+01
8696.2500 6.043820e+01
8697.5000 8.276611e+01
8698.7500 1.033613e+02
8700.0000 1.151928e+02
8701.2500 8.918934e+01
8702.5000 6.697974e+01
8703.7500 6.588477e+01
8705.0000 8.487582e+01
8706.2500 1.224296e+02
8707.5000 1.288961e+02
8708.7500 8.653638e+01
8710.0000 6.228257e+01
8711.2500 6.183136e+01
8712.5000 5.731184e+01
8713.7500 5.972169e+01
8715.0000 6.375998e+01
8716.2500 5.954398e+01
8717.5000 6.011081e+01
8718.7500 6.131231e+01
8720.0000 5.851525e+01
8721.2500 5.816909e+01
8722.5000 6.274059e+01
8723.7500 6.174305e+01
8725.0000 7.338765e+01
8726.2500 9.714677e+01
8727.5000 8.263644e+01
8728.7500 6.300519e+01
8730.0000 5.868848e+01
8731.2500 5.817208e+01
8732.5000 6.098029e+01
8733.7500 6.076912e+01
8735.0000 6.220830e+01
8736.2500 7.892873e+01
8737.5000 8.250989e+01
8738.7500 8.534283e+01
8740.0000 9.131923e+01
8741.2500 8.126172e+01
8742.5000 7.297028e+01
8743.7500 7.079916e+01
8745.0000 6.718138e+01
8746.2500 6.567756e+01
8747.5000 6.790968e+01
8748.7500 6.851843e+01
8750.0000 8.326189e+01
8751.2500 6.752683e+01
8752.5000 5.650454e+01
8753.7500 5.921695e+01
8755.0000 6.520281e+01
8756.2500 9.966830e+01
8757.5000 3.952726e+02
8758.7500 7.505906e+02
8760.0000 1.336808e+03
8761.2500 1.843450e+03
8762.5000 8.855363e+02
8763.7500 1.938378e+02
8765.0000 5.295726e+02
8766.2500 1.633990e+03
8767.5000 2.611830e+03
8768.7500 1.443162e+03
8770.0000 2.303951e+02
8771.2500 9.264459e+01
8772.5000 7.374969e+01
8773.7500 1.692589e+02
8775.0000 7.538672e+02
8776.2500 1.551986e+03
8777.5000 2.662709e+03
8778.7500 2.097043e+03
8780.0000 3.997407e+02
8781.2500 7.767667e+01
8782.5000 6.398386e+01
8783.7500 6.149905e+01
8785.0000 5.911943e+01
8786.2500 6.625241e+01
8787.5000 7.400322e+01
8788.7500 1.929561e+02
8790.0000 8.349250e+02
8791.2500 9.889916e+02
8792.5000 2.977164e+02
8793.7500 7.117256e+01
8795.0000 6.234156e+01
8796.2500 6.336919e+01
8797.5000 5.994587e+01
8798.7500 6.193848e+01
8800.0000 6.325499e+01
8801.2500 6.985139e+01
8802.5000 6.537463e+01
8803.7500 5.778355e+01
8805.0000 5.954196e+01
8806.2500 5.728822e+01
8807.5000 8.394032e+01
8808.7500 1.522013e+02
8810.0000 1.761146e+02
8811.2500 1.110087e+02
8812.5000 6.447563e+01
8813.7500 5.955743e+01
8815.0000 5.927965e+01
8816.2500 6.196838e+01
8817.5000 6.500106e+01
8818.7500 6.763783e+01
8820.0000 7.459263e+01
8821.2500 8.180342e+01
8822.5000 1.029977e+02
8823.7500 3.863030e+02
8825.0000 2.102298e+03
8826.2500 8.826429e+03
8827.5000 8.322486e+03
8828.7500 1.349682e+03
8830.0000 2.012940e+02
8831.2500 2.509134e+02
8832.5000 3.653383e+02
8833.7500 4.097396e+02
8835.0000 1.326696e+03
8836.2500 2.600884e+03
8837.5000 1.283740e+03
8838.7500 1.418929e+02
8840.0000 6.552579e+01
8841.2500 6.004985e+01
8842.5000 5.986189e+01
8843.7500 7.955262e+01
8845.0000 1.176154e+02
8846.2500 1.104889e+02
8847.5000 1.673996e+02
8848.7500 5.616047e+02
8850.0000 6.963491e+02
8851.2500 2.418548e+02
8852.5000 6.865958e+01
8853.7500 6.376448e+01
8855.0000 6.874877e+01
8856.2500 6.778299e+01
8857.5000 6.317651e+01
8858.7500 6.633608e+01
8860.0000 8.059924e+01
8861.2500 1.331341e+02
8862.5000 1.514461e+02
8863.7500 1.218941e+02
8865.0000 2.176674e+02
8866.2500 1.186063e+03
8867.5000 1.776180e+03
8868.7500 6.707101e+02
8870.0000 9.612984e+01
8871.2500 6.751135e+01
8872.5000 6.803386e+01
8873.7500 6.175663e+01
8875.0000 6.418224e+01
8876.2500 6.340649e+01
8877.5000 6.205212e+01
8878.7500 6.470513e+01
8880.0000 6.939816e+01
8881.2500 8.072354e+01
8882.5000 1.351464e+02
8883.7500 1.183626e+03
8885.0000 6.048436e+03
8886.2500 5.630772e+03
8887.5000 9.578148e+02
8888.7500 1.565431e+02
8890.0000 1.183948e+02
8891.2500 8.878638e+01
8892.5000 6.794467e+01
8893.7500 8.563832e+01
8895.0000 1.094471e+02
8896.2500 1.230369e+02
8897.5000 9.892815e+01
8898.7500 8.469293e+01
8900.0000 1.077152e+02
8901.2500 6.465607e+02
8902.5000 2.254777e+03
8903.7500 1.762932e+03
8905.0000 3.030018e+02
8906.2500 9.980838e+01
8907.5000 1.211660e+02
8908.7500 1.407961e+02
8910.0000 1.179112e+02
8911.2500 7.903061e+01
8912.5000 6.637350e+01
8913.7500 7.489396e+01
8915.0000 9.140935e+01
8916.2500 1.535979e+02
8917.5000 1.179212e+03
8918.7500 6.175704e+03
8920.0000 6.372133e+03
8921.2500 1.227998e+03
8922.5000 1.326263e+02
8923.7500 9.992895e+01
8925.0000 9.592602e+01
8926.2500 1.275072e+02
8927.5000 1.602166e+02
8928.7500 1.320192e+02
8930.0000 9.047025e+01
8931.2500 7.570762e+01
8932.5000 7.904286e+01
8933.7500 9.798042e+01
8935.0000 1.055290e+02
8936.2500 9.662079e+01
8937.5000 8.208466e+01
8938.7500 9.702715e+01
8940.0000 1.122236e+02
8941.2500 4.189808e+02
8942.5000 1.745928e+03
8943.7500 1.773284e+03
8945.0000 3.742842e+02
8946.2500 8.595744e+01
8947.5000 8.365224e+01
8948.7500 7.407737e+01
8950.0000 7.358758e+01
8951.2500 6.900574e+01
8952.5000 7.609766e+01
8953.7500 9.618601e+01
8955.0000 2.037632e+02
8956.2500 1.840776e+03
8957.5000 5.492837e+03
8958.7500 4.029222e+03
8960.0000 5.015524e+02
8961.2500 1.086298e+02
8962.5000 9.589586e+01
8963.7500 9.738232e+01
8965.0000 8.918858e+01
8966.2500 7.626809e+01
8967.5000 8.245395e+01
8968.7500 9.419244e+01
8970.0000 1.498626e+02
8971.2500 1.945997e+02
8972.5000 1.120564e+02
8973.7500 8.304161e+01
8975.0000 7.969087e+01
8976.2500 7.895744e+01
8977.5000 8.947613e+01
8978.7500 1.011735e+02
8980.0000 1.355548e+02
8981.2500 1.552892e+02
8982.5000 1.134275e+02
8983.7500 8.943469e+01
8985.0000 1.395726e+02
8986.2500 4.955316e+02
8987.5000 2.585025e+03
8988.7500 2.441752e+03
8990.0000 4.081872e+02
8991.2500 1.982394e+02
8992.5000 2.050565e+02
8993.7500 9.868582e+01
8995.0000 6.831963e+01
8996.2500 6.927028e+01
8997.5000 8.764250e+01
8998.7500 3.563682e+02
9000.0000 4.168710e+03
9001.2500 8.299022e+03
9002.5000 1.761781e+03
9003.7500 1.542150e+02
9005.0000 8.737965e+01
9006.2500 7.933136e+01
9007.5000 7.452222e+01
9008.7500 6.824876e+01
9010.0000 6.877789e+01
9011.2500 6.722292e+01
9012.5000 6.771159e+01
9013.7500 6.332771e+01
9015.0000 6.679949e+01
9016.2500 7.694861e+01
9017.5000 7.861586e+01
9018.7500 8.165991e+01
9020.0000 1.239360e+02
9021.2500 1.315433e+02
9022.5000 9.057568e+01
9023.7500 7.228949e+01
9025.0000 7.832126e+01
9026.2500 8.525906e+01
9027.5000 1.190024e+02
9028.7500 1.244572e+02
9030.0000 8.821429e+01
9031.2500 7.860821e+01
9032.5000 7.623705e+01
9033.7500 6.578965e+01
9035.0000 8.332323e+01
9036.2500 2.486310e+02
9037.5000 6.625374e+02
9038.7500 5.216432e+02
9040.0000 1.217998e+02
9041.2500 7.345054e+01
9042.5000 9.245712e+01
9043.7500 1.005186e+02
9045.0000 8.317396e+01
9046.2500 9.459737e+01
9047.5000 3.481811e+02
9048.7500 1.075529e+03
9050.0000 1.025323e+03
9051.2500 2.779334e+02
9052.5000 8.048245e+01
9053.7500 7.889622e+01
9055.0000 8.227917e+01
9056.2500 9.621667e+01
9057.5000 8.283875e+01
9058.7500 6.756431e+01
9060.0000 6.527346e+01
9061.2500 6.451977e+01
9062.5000 7.471699e+01
9063.7500 1.127419e+02
9065.0000 1.166719e+02
9066.2500 9.165524e+01
9067.5000 1.058138e+02
9068.7500 1.213760e+02
9070.0000 1.118466e+02
9071.2500 9.367879e+01
9072.5000 6.832796e+01
9073.7500 7.048551e+01
9075.0000 7.356751e+01
9076.2500 7.252232e+01
9077.5000 6.705458e+01
9078.7500 7.150487e+01
9080.0000 7.362264e+01
9081.2500 6.828676e+01
9082.5000 8.519742e+01
9083.7500 9.595963e+01
9085.0000 9.753410e+01
9086.2500 8.559901e+01
9087.5000 7.003378e+01
9088.7500 7.399098e+01
9090.0000 1.125634e+02
9091.2500 2.978864e+02
9092.5000 4.545317e+02
9093.7500 2.553508e+02
9095.0000 9.777005e+01
9096.2500 8.835134e+01
9097.5000 9.917408e+01
9098.7500 8.964178e+01
9100.0000 1.136916e+02
9101.2500 3.591948e+02
9102.5000 6.549137e+02
9103.7500 4.109540e+02
9105.0000 1.117348e+02
9106.2500 7.062015e+01
9107.5000 6.454739e+01
9108.7500 7.286208e+01
9110.0000 7.128013e+01
9111.2500 6.835614e+01
9112.5000 6.751613e+01
9113.7500 6.727396e+01
9115.0000 6.784412e+01
9116.2500 6.325774e+01
9117.5000 6.128901e+01
9118.7500 5.733083e+01
9120.0000 6.215159e+01
9121.2500 6.409001e+01
9122.5000 6.894803e+01
9123.7500 6.600042e+01
9125.0000 5.890762e+01
9126.2500 6.018917e+01
9127.5000 6.403204e+01
9128.7500 5.835154e+01
9130.0000 6.031036e+01
9131.2500 5.779542e+01
9132.5000 6.783769e+01
9133.7500 7.556807e+01
9135.0000 7.656944e+01
9136.2500 7.560381e+01
9137.5000 7.526347e+01
9138.7500 8.198916e+01
9140.0000 8.095952e+01
9141.2500 7.973390e+01
9142.5000 7.841550e+01
9143.7500 8.567582e+01
9145.0000 8.170774e+01
9146.2500 8.518405e+01
9147.5000 8.369290e+01
9148.7500 8.500295e+01
9150.0000 1.580722e+02
9151.2500 3.361131e+02
9152.5000 3.034410e+02
9153.7500 1.592223e+02
9155.0000 1.196742e+02
9156.2500 1.315150e+02
9157.5000 1.325179e+02
9158.7500 1.778894e+02
9160.0000 3.599334e+02
9161.2500 4.218262e+02
9162.5000 2.130073e+02
9163.7500 9.103473e+01
9165.0000 9.082259e+01
9166.2500 8.316494e+01
9167.5000 8.337003e+01
9168.7500 8.033849e+01
9170.0000 8.664074e+01
9171.2500 8.413489e+01
9172.5000 7.604122e+01
9173.7500 7.183737e+01
9175.0000 7.255914e+01
9176.2500 7.649566e+01
9177.5000 7.020226e+01
9178.7500 7.663396e+01
9180.0000 7.705221e+01
9181.2500 7.660946e+01
9182.5000 7.316013e+01
9183.7500 7.144743e+01
9185.0000 6.870672e+01
9186.2500 6.742081e+01
9187.5000 7.373140e+01
9188.7500 6.887782e+01
9190.0000 6.731016e+01
9191.2500 6.205097e+01
9192.5000 6.353146e+01
9193.7500 6.481537e+01
9195.0000 6.362850e+01
9196.2500 6.201705e+01
9197.5000 6.819094e+01
9198.7500 7.430423e+01
9200.0000 8.023723e+01
9201.2500 7.116883e+01
9202.5000 7.892154e+01
9203.7500 8.770918e+01
9205.0000 8.203533e+01
9206.2500 7.893824e+01
9207.5000 8.382344e+01
9208.7500 8.620481e+01
9210.0000 9.227991e+01
9211.2500 8.256381e+01
9212.5000 7.947369e+01
9213.7500 1.005638e+02
9215.0000 2.213228e+02
9216.2500 3.191670e+02
9217.5000 1.963929e+02
9218.7500 9.756145e+01
9220.0000 9.768404e+01
9221.2500 1.030828e+02
9222.5000 1.467778e+02
9223.7500 3.032754e+02
9225.0000 3.435307e+02
9226.2500 1.962764e+02
9227.5000 1.129482e+02
9228.7500 9.773333e+01
9230.0000 8.506145e+01
9231.2500 7.799030e+01
9232.5000 8.381021e+01
9233.7500 8.980276e+01
9235.0000 8.549435e+01
9236.2500 7.449078e+01
9237.5000 6.601506e+01
9238.7500 7.068598e+01
9240.0000 7.261588e+01
9241.2500 7.303864e+01
9242.5000 7.143031e+01
9243.7500 7.353831e+01
9245.0000 6.680935e+01
9246.2500 8.901312e+01
9247.5000 1.266178e+02
9248.7500 1.233943e+02
9250.0000 1.332182e+02
9251.2500 1.352249e+02
9252.5000 1.075906e+02
9253.7500 1.089155e+02
9255.0000 8.515913e+01
9256.2500 7.109885e+01
9257.5000 6.895024e+01
9258.7500 7.835176e+01
9260.0000 1.114168e+02
9261.2500 1.876285e+02
9262.5000 2.072868e+02
9263.7500 1.487755e+02
9265.0000 1.893374e+02
9266.2500 1.779443e+02
9267.5000 9.440807e+01
9268.7500 8.355165e+01
9270.0000 7.965866e+01
9271.2500 7.950127e+01
9272.5000 7.177667e+01
9273.7500 7.664004e+01
9275.0000 8.561403e+01
9276.2500 7.511491e+01
9277.5000 8.017503e+01
9278.7500 8.543066e+01
9280.0000 8.343896e+01
9281.2500 8.481885e+01
9282.5000 8.151966e+01
9283.7500 1.022308e+02
9285.0000 2.133245e+02
9286.2500 3.179096e+02
9287.5000 2.353302e+02
9288.7500 1.587995e+02
9290.0000 1.147938e+02
9291.2500 1.245097e+02
9292.5000 2.487652e+02
9293.7500 3.466097e+02
9295.0000 2.198107e+02
9296.2500 1.176533e+02
9297.5000 9.450243e+01
9298.7500 1.023788e+02
9300.0000 1.139806e+02
9301.2500 1.252689e+02
9302.5000 1.654948e+02
9303.7500 4.798492e+02
9305.0000 2.590139e+03
9306.2500 1.002089e+04
9307.5000 1.628237e+04
9308.7500 6.469924e+03
9310.0000 2.740783e+03
9311.2500 5.382309e+03
9312.5000 1.105167e+04
9313.7500 1.204956e+04
9315.0000 3.321595e+03
9316.2500 1.311905e+03
9317.5000 1.920608e+03
9318.7500 9.287775e+02
9320.0000 5.311812e+02
9321.2500 3.559334e+03
9322.5000 2.507279e+04
9323.7500 3.613932e+04
9325.0000 8.292793e+03
9326.2500 4.650659e+02
9327.5000 2.414860e+02
9328.7500 3.044650e+02
9330.0000 6.345103e+02
9331.2500 7.116889e+02
9332.5000 3.126339e+02
9333.7500 2.111749e+02
9335.0000 3.875854e+02
9336.2500 2.263806e+03
9337.5000 6.191536e+03
9338.7500 3.460405e+03
9340.0000 4.170574e+02
9341.2500 2.793785e+02
9342.5000 3.583987e+02
9343.7500 3.938483e+02
9345.0000 3.899997e+02
9346.2500 4.070541e+02
9347.5000 5.725280e+02
9348.7500 8.061012e+02
9350.0000 2.628697e+03
