4750.0000 1.123855e+03
4751.2500 5.987464e+02
4752.5000 4.809652e+02
4753.7500 4.458014e+02
4755.0000 4.633999e+02
4756.2500 3.740634e+02
4757.5000 3.080096e+02
4758.7500 3.227869e+02
4760.0000 3.105992e+02
4761.2500 2.775797e+02
4762.5000 2.763802e+02
4763.7500 2.448078e+02
4765.0000 2.389961e+02
4766.2500 2.294082e+02
4767.5000 2.204758e+02
4768.7500 2.128274e+02
4770.0000 1.949980e+02
4771.2500 1.874472e+02
4772.5000 1.975668e+02
4773.7500 2.034724e+02
4775.0000 1.909279e+02
4776.2500 1.882614e+02
4777.5000 1.885717e+02
4778.7500 1.782331e+02
4780.0000 1.929805e+02
4781.2500 1.836797e+02
4782.5000 1.844352e+02
4783.7500 2.016593e+02
4785.0000 1.844080e+02
4786.2500 1.968439e+02
4787.5000 1.884118e+02
4788.7500 1.936680e+02
4790.0000 2.051270e+02
4791.2500 1.972162e+02
4792.5000 1.972573e+02
4793.7500 2.236420e+02
4795.0000 2.037831e+02
4796.2500 2.310957e+02
4797.5000 2.232904e+02
4798.7500 2.156712e+02
4800.0000 1.985055e+02
4801.2500 2.122547e+02
4802.5000 2.124117e+02
4803.7500 2.180557e+02
4805.0000 2.132545e+02
4806.2500 2.073732e+02
4807.5000 2.097126e+02
4808.7500 2.047935e+02
4810.0000 1.972704e+02
4811.2500 1.993554e+02
4812.5000 1.995349e+02
4813.7500 1.786348e+02
4815.0000 2.069402e+02
4816.2500 2.046180e+02
4817.5000 2.062426e+02
4818.7500 2.032685e+02
4820.0000 1.910978e+02
4821.2500 1.927552e+02
4822.5000 1.811522e+02
4823.7500 1.787305e+02
4825.0000 1.770055e+02
4826.2500 1.814101e+02
4827.5000 1.714242e+02
4828.7500 1.836946e+02
4830.0000 1.727888e+02
4831.2500 1.702578e+02
4832.5000 1.861905e+02
4833.7500 1.842865e+02
4835.0000 1.883809e+02
4836.2500 2.142403e+02
4837.5000 1.981739e+02
4838.7500 2.087931e+02
4840.0000 2.010268e+02
4841.2500 1.852856e+02
4842.5000 1.882340e+02
4843.7500 1.886701e+02
4845.0000 1.905127e+02
4846.2500 1.918062e+02
4847.5000 2.116822e+02
4848.7500 1.764441e+02
4850.0000 1.908188e+02
4851.2500 1.805808e+02
4852.5000 1.773844e+02
4853.7500 1.852812e+02
4855.0000 1.653797e+02
4856.2500 1.531592e+02
4857.5000 1.585156e+02
4858.7500 1.592595e+02
4860.0000 2.060125e+02
4861.2500 2.825490e+02
4862.5000 2.367259e+02
4863.7500 1.565164e+02
4865.0000 1.574102e+02
4866.2500 1.570829e+02
4867.5000 1.586849e+02
4868.7500 1.607198e+02
4870.0000 1.467837e+02
4871.2500 1.416797e+02
4872.5000 1.402429e+02
4873.7500 1.475977e+02
4875.0000 1.463569e+02
4876.2500 1.490460e+02
4877.5000 1.372564e+02
4878.7500 1.495098e+02
4880.0000 1.551216e+02
4881.2500 1.625306e+02
4882.5000 1.516537e+02
4883.7500 1.682505e+02
4885.0000 1.676763e+02
4886.2500 1.568630e+02
4887.5000 1.625796e+02
4888.7500 1.645321e+02
4890.0000 1.748943e+02
4891.2500 1.679571e+02
4892.5000 1.686748e+02
4893.7500 1.727570e+02
4895.0000 1.740166e+02
4896.2500 1.957281e+02
4897.5000 1.828044e+02
4898.7500 1.814071e+02
4900.0000 1.727308e+02
4901.2500 1.700149e+02
4902.5000 1.566565e+02
4903.7500 1.752168e+02
4905.0000 1.924139e+02
4906.2500 1.773161e+02
4907.5000 1.829244e+02
4908.7500 1.648427e+02
4910.0000 1.681201e+02
4911.2500 1.640711e+02
4912.5000 1.717003e+02
4913.7500 1.667941e+02
4915.0000 1.718670e+02
4916.2500 1.533926e+02
4917.5000 1.573158e+02
4918.7500 1.383069e+02
4920.0000 1.289408e+02
4921.2500 1.531409e+02
4922.5000 1.423039e+02
4923.7500 1.442012e+02
4925.0000 1.466397e+02
4926.2500 1.394327e+02
4927.5000 1.326518e+02
4928.7500 1.329693e+02
4930.0000 1.382381e+02
4931.2500 1.359904e+02
4932.5000 1.360463e+02
4933.7500 1.338026e+02
4935.0000 1.269898e+02
4936.2500 1.375485e+02
4937.5000 1.528283e+02
4938.7500 1.421228e+02
4940.0000 1.300003e+02
4941.2500 1.435498e+02
4942.5000 1.513418e+02
4943.7500 1.429390e+02
4945.0000 1.506907e+02
4946.2500 1.523620e+02
4947.5000 1.596456e+02
4948.7500 1.548186e+02
4950.0000 1.574733e+02
4951.2500 1.710510e+02
4952.5000 1.620303e+02
4953.7500 1.723391e+02
4955.0000 1.755175e+02
4956.2500 1.594729e+02
4957.5000 1.507843e+02
4958.7500 1.586354e+02
4960.0000 1.632646e+02
4961.2500 1.593213e+02
4962.5000 1.693004e+02
4963.7500 1.728980e+02
4965.0000 1.611675e+02
4966.2500 1.709392e+02
4967.5000 1.767298e+02
4968.7500 1.702779e+02
4970.0000 1.695705e+02
4971.2500 1.627672e+02
4972.5000 1.587976e+02
4973.7500 1.530136e+02
4975.0000 1.536993e+02
4976.2500 1.445495e+02
4977.5000 1.450384e+02
4978.7500 1.363740e+02
4980.0000 1.305046e+02
4981.2500 1.190792e+02
4982.5000 1.228045e+02
4983.7500 1.187379e+02
4985.0000 1.140165e+02
4986.2500 1.254688e+02
4987.5000 1.262026e+02
4988.7500 1.304487e+02
4990.0000 1.318125e+02
4991.2500 1.345084e+02
4992.5000 1.241244e+02
4993.7500 1.298183e+02
4995.0000 1.322708e+02
4996.2500 1.294227e+02
4997.5000 1.350747e+02
4998.7500 1.252778e+02
5000.0000 1.311058e+02
5001.2500 1.303217e+02
5002.5000 1.344039e+02
5003.7500 1.372369e+02
5005.0000 1.412185e+02
5006.2500 1.475432e+02
5007.5000 1.598831e+02
5008.7500 1.602774e+02
5010.0000 1.550534e+02
5011.2500 1.479796e+02
5012.5000 1.381614e+02
5013.7500 1.448350e+02
5015.0000 1.472121e+02
5016.2500 1.534060e+02
5017.5000 1.502221e+02
5018.7500 1.364493e+02
5020.0000 1.554634e+02
5021.2500 1.598109e+02
5022.5000 1.461353e+02
5023.7500 1.551884e+02
5025.0000 1.472289e+02
5026.2500 1.352708e+02
5027.5000 1.389359e+02
5028.7500 1.409790e+02
5030.0000 1.347997e+02
5031.2500 1.395410e+02
5032.5000 1.389038e+02
5033.7500 1.384908e+02
5035.0000 1.223564e+02
5036.2500 1.196611e+02
5037.5000 1.247141e+02
5038.7500 1.182191e+02
5040.0000 1.119666e+02
5041.2500 1.113124e+02
5042.5000 1.109920e+02
5043.7500 1.184901e+02
5045.0000 1.184324e+02
5046.2500 1.127669e+02
5047.5000 1.122871e+02
5048.7500 1.136214e+02
5050.0000 1.104362e+02
5051.2500 1.156595e+02
5052.5000 1.082367e+02
5053.7500 1.106608e+02
5055.0000 1.183612e+02
5056.2500 1.084487e+02
5057.5000 1.235716e+02
5058.7500 1.298093e+02
5060.0000 1.214546e+02
5061.2500 1.305064e+02
5062.5000 1.272355e+02
5063.7500 1.216391e+02
5065.0000 1.253578e+02
5066.2500 1.323513e+02
5067.5000 1.346673e+02
5068.7500 1.362362e+02
5070.0000 1.344939e+02
5071.2500 1.355358e+02
5072.5000 1.318610e+02
5073.7500 1.448611e+02
5075.0000 1.409854e+02
5076.2500 1.498313e+02
5077.5000 1.433973e+02
5078.7500 1.504643e+02
5080.0000 1.322805e+02
5081.2500 1.271314e+02
5082.5000 1.379309e+02
5083.7500 1.432509e+02
5085.0000 1.479008e+02
5086.2500 1.359887e+02
5087.5000 1.425781e+02
5088.7500 1.405344e+02
5090.0000 1.399445e+02
5091.2500 1.343010e+02
5092.5000 1.359386e+02
5093.7500 1.306208e+02
5095.0000 1.322195e+02
5096.2500 1.277246e+02
5097.5000 1.112537e+02
5098.7500 1.162332e+02
5100.0000 1.137519e+02
5101.2500 1.127070e+02
5102.5000 1.244206e+02
5103.7500 1.155244e+02
5105.0000 1.118373e+02
5106.2500 1.106484e+02
5107.5000 1.095223e+02
5108.7500 1.037332e+02
5110.0000 9.893427e+01
5111.2500 1.025252e+02
5112.5000 1.081158e+02
5113.7500 1.070513e+02
5115.0000 1.110148e+02
5116.2500 1.065717e+02
5117.5000 1.088165e+02
5118.7500 1.127021e+02
5120.0000 1.070438e+02
5121.2500 1.149235e+02
5122.5000 1.118843e+02
5123.7500 1.004827e+02
5125.0000 1.085860e+02
5126.2500 1.120301e+02
5127.5000 1.153375e+02
5128.7500 1.217204e+02
5130.0000 1.221184e+02
5131.2500 1.335017e+02
5132.5000 1.280927e+02
5133.7500 1.399998e+02
5135.0000 1.468365e+02
5136.2500 1.408407e+02
5137.5000 1.391484e+02
5138.7500 1.339351e+02
5140.0000 1.359952e+02
5141.2500 1.395542e+02
5142.5000 1.395232e+02
5143.7500 1.433569e+02
5145.0000 1.324893e+02
5146.2500 1.336673e+02
5147.5000 1.343704e+02
5148.7500 1.276140e+02
5150.0000 1.391545e+02
5151.2500 1.414511e+02
5152.5000 1.343294e+02
5153.7500 1.315498e+02
5155.0000 1.334098e+02
5156.2500 1.317736e+02
5157.5000 1.368411e+02
5158.7500 1.216257e+02
5160.0000 1.329128e+02
5161.2500 1.261895e+02
5162.5000 1.225925e+02
5163.7500 1.173184e+02
5165.0000 1.089464e+02
5166.2500 9.536598e+01
5167.5000 9.511630e+01
5168.7500 1.021830e+02
5170.0000 1.022683e+02
5171.2500 9.395832e+01
5172.5000 8.820219e+01
5173.7500 9.414815e+01
5175.0000 1.009563e+02
5176.2500 9.810620e+01
5177.5000 1.011197e+02
5178.7500 1.028231e+02
5180.0000 1.007716e+02
5181.2500 9.656883e+01
5182.5000 8.879713e+01
5183.7500 8.465515e+01
5185.0000 8.689082e+01
5186.2500 1.110589e+02
5187.5000 1.266252e+02
5188.7500 1.203759e+02
5190.0000 1.187900e+02
5191.2500 1.165175e+02
5192.5000 1.014513e+02
5193.7500 1.196693e+02
5195.0000 1.127889e+02
5196.2500 1.234934e+02
5197.5000 1.820519e+02
5198.7500 1.921946e+02
5200.0000 1.684039e+02
5201.2500 1.559301e+02
5202.5000 1.589748e+02
5203.7500 1.466810e+02
5205.0000 1.206515e+02
5206.2500 1.199490e+02
5207.5000 1.348721e+02
5208.7500 1.362666e+02
5210.0000 1.290724e+02
5211.2500 1.210442e+02
5212.5000 1.262073e+02
5213.7500 1.241167e+02
5215.0000 1.174466e+02
5216.2500 1.325330e+02
5217.5000 1.374799e+02
5218.7500 1.331452e+02
5220.0000 1.344724e+02
5221.2500 1.392297e+02
5222.5000 1.543895e+02
5223.7500 1.634114e+02
5225.0000 1.446156e+02
5226.2500 1.115724e+02
5227.5000 1.110971e+02
5228.7500 1.187309e+02
5230.0000 1.208532e+02
5231.2500 1.261512e+02
5232.5000 1.121263e+02
5233.7500 1.129980e+02
5235.0000 1.134217e+02
5236.2500 1.106799e+02
5237.5000 1.437081e+02
5238.7500 1.431445e+02
5240.0000 1.238068e+02
5241.2500 1.125342e+02
5242.5000 1.051363e+02
5243.7500 9.867590e+01
5245.0000 9.887546e+01
5246.2500 9.654382e+01
5247.5000 9.977269e+01
5248.7500 9.991281e+01
5250.0000 1.038898e+02
5251.2500 9.671339e+01
5252.5000 1.001837e+02
5253.7500 1.092117e+02
5255.0000 1.246978e+02
5256.2500 1.369692e+02
5257.5000 1.179173e+02
5258.7500 1.054600e+02
5260.0000 9.801221e+01
5261.2500 9.368497e+01
5262.5000 9.481712e+01
5263.7500 9.698537e+01
5265.0000 9.570686e+01
5266.2500 9.621292e+01
5267.5000 1.006740e+02
5268.7500 9.899512e+01
5270.0000 1.000391e+02
5271.2500 1.053630e+02
5272.5000 1.085666e+02
5273.7500 1.156471e+02
5275.0000 1.271487e+02
5276.2500 1.303730e+02
5277.5000 1.199298e+02
5278.7500 1.239262e+02
5280.0000 1.190741e+02
5281.2500 1.180202e+02
5282.5000 1.105308e+02
5283.7500 1.143346e+02
5285.0000 1.186481e+02
5286.2500 1.168640e+02
5287.5000 1.183280e+02
5288.7500 1.178128e+02
5290.0000 1.244817e+02
5291.2500 1.270593e+02
5292.5000 1.288686e+02
5293.7500 1.238017e+02
5295.0000 1.238634e+02
5296.2500 1.238091e+02
5297.5000 1.207807e+02
5298.7500 1.334456e+02
5300.0000 1.237786e+02
5301.2500 1.132468e+02
5302.5000 1.191303e+02
5303.7500 1.151415e+02
5305.0000 1.193199e+02
5306.2500 1.183056e+02
5307.5000 1.149034e+02
5308.7500 1.094363e+02
5310.0000 1.024572e+02
5311.2500 1.152506e+02
5312.5000 1.151330e+02
5313.7500 1.138955e+02
5315.0000 1.050895e+02
5316.2500 1.062514e+02
5317.5000 1.041442e+02
5318.7500 1.041110e+02
5320.0000 1.013702e+02
5321.2500 1.004997e+02
5322.5000 1.040535e+02
5323.7500 1.033801e+02
5325.0000 1.018657e+02
5326.2500 9.535530e+01
5327.5000 8.924764e+01
5328.7500 9.698777e+01
5330.0000 1.196810e+02
5331.2500 1.190050e+02
5332.5000 1.018756e+02
5333.7500 1.014062e+02
5335.0000 1.096192e+02
5336.2500 1.025715e+02
5337.5000 1.068418e+02
5338.7500 1.021686e+02
5340.0000 1.024955e+02
5341.2500 1.048944e+02
5342.5000 1.092713e+02
5343.7500 1.094876e+02
5345.0000 1.098680e+02
5346.2500 1.039051e+02
5347.5000 1.069906e+02
5348.7500 1.093956e+02
5350.0000 1.166934e+02
5351.2500 1.123303e+02
5352.5000 1.018419e+02
5353.7500 1.211032e+02
5355.0000 1.108557e+02
5356.2500 1.203835e+02
5357.5000 1.128762e+02
5358.7500 1.224343e+02
5360.0000 1.151279e+02
5361.2500 1.153845e+02
5362.5000 1.146889e+02
5363.7500 1.168543e+02
5365.0000 1.088932e+02
5366.2500 1.073167e+02
5367.5000 1.199344e+02
5368.7500 1.154693e+02
5370.0000 1.062466e+02
5371.2500 9.907862e+01
5372.5000 1.050375e+02
5373.7500 1.157341e+02
5375.0000 1.162937e+02
5376.2500 1.144493e+02
5377.5000 1.145871e+02
5378.7500 1.184944e+02
5380.0000 1.035428e+02
5381.2500 1.069392e+02
5382.5000 1.070149e+02
5383.7500 9.934704e+01
5385.0000 1.050922e+02
5386.2500 1.057098e+02
5387.5000 1.079660e+02
5388.7500 1.050566e+02
5390.0000 9.641169e+01
5391.2500 9.322656e+01
5392.5000 9.568733e+01
5393.7500 9.311388e+01
5395.0000 9.363844e+01
5396.2500 8.710857e+01
5397.5000 8.607158e+01
5398.7500 8.682869e+01
5400.0000 8.750585e+01
5401.2500 8.948771e+01
5402.5000 8.648254e+01
5403.7500 8.315636e+01
5405.0000 7.945128e+01
5406.2500 8.084098e+01
5407.5000 9.092921e+01
5408.7500 8.643868e+01
5410.0000 8.748338e+01
5411.2500 8.883097e+01
5412.5000 9.374459e+01
5413.7500 9.351220e+01
5415.0000 9.526532e+01
5416.2500 9.330627e+01
5417.5000 9.590942e+01
5418.7500 9.456252e+01
5420.0000 9.470421e+01
5421.2500 9.600455e+01
5422.5000 9.484959e+01
5423.7500 9.618728e+01
5425.0000 9.155479e+01
5426.2500 9.613876e+01
5427.5000 9.926421e+01
5428.7500 9.707713e+01
5430.0000 9.592548e+01
5431.2500 1.035451e+02
5432.5000 1.011896e+02
5433.7500 1.064318e+02
5435.0000 1.095598e+02
5436.2500 1.071033e+02
5437.5000 1.087643e+02
5438.7500 1.102892e+02
5440.0000 1.116088e+02
5441.2500 1.110941e+02
5442.5000 1.097940e+02
5443.7500 1.077783e+02
5445.0000 1.159263e+02
5446.2500 1.031310e+02
5447.5000 1.023516e+02
5448.7500 1.061110e+02
5450.0000 1.108103e+02
5451.2500 1.083173e+02
5452.5000 1.118959e+02
5453.7500 1.042067e+02
5455.0000 1.009010e+02
5456.2500 9.963440e+01
5457.5000 1.113535e+02
5458.7500 1.092231e+02
5460.0000 1.171003e+02
5461.2500 1.195298e+02
5462.5000 1.042617e+02
5463.7500 1.030568e+02
5465.0000 1.014233e+02
5466.2500 1.026149e+02
5467.5000 1.023409e+02
5468.7500 1.046313e+02
5470.0000 1.015497e+02
5471.2500 9.744714e+01
5472.5000 9.767336e+01
5473.7500 1.002713e+02
5475.0000 1.014436e+02
5476.2500 9.241600e+01
5477.5000 9.086598e+01
5478.7500 9.771069e+01
5480.0000 9.449725e+01
5481.2500 8.955810e+01
5482.5000 9.170924e+01
5483.7500 8.877126e+01
5485.0000 8.545816e+01
5486.2500 8.816080e+01
5487.5000 8.336538e+01
5488.7500 8.859741e+01
5490.0000 9.175864e+01
5491.2500 8.770241e+01
5492.5000 8.658564e+01
5493.7500 9.070582e+01
5495.0000 8.924335e+01
5496.2500 9.316509e+01
5497.5000 9.206205e+01
5498.7500 9.512872e+01
5500.0000 9.752036e+01
5501.2500 9.294812e+01
5502.5000 9.334583e+01
5503.7500 9.058211e+01
5505.0000 9.726993e+01
5506.2500 9.438612e+01
5507.5000 9.493748e+01
5508.7500 9.674240e+01
5510.0000 9.621651e+01
5511.2500 9.296567e+01
5512.5000 9.739227e+01
5513.7500 9.501698e+01
5515.0000 9.870878e+01
5516.2500 9.804440e+01
5517.5000 1.060014e+02
5518.7500 1.062879e+02
5520.0000 1.078810e+02
5521.2500 1.069336e+02
5522.5000 1.075770e+02
5523.7500 1.080255e+02
5525.0000 1.096308e+02
5526.2500 1.059552e+02
5527.5000 1.012249e+02
5528.7500 1.019884e+02
5530.0000 1.028968e+02
5531.2500 1.133627e+02
5532.5000 1.087780e+02
5533.7500 1.069355e+02
5535.0000 1.021681e+02
5536.2500 1.075077e+02
5537.5000 1.132486e+02
5538.7500 1.066901e+02
5540.0000 1.084850e+02
5541.2500 1.199709e+02
5542.5000 1.358803e+02
5543.7500 1.398641e+02
5545.0000 1.345276e+02
5546.2500 1.231146e+02
5547.5000 1.120425e+02
5548.7500 1.153031e+02
5550.0000 1.112805e+02
5551.2500 1.105984e+02
5552.5000 1.055733e+02
5553.7500 1.080052e+02
5555.0000 1.020632e+02
5556.2500 1.046012e+02
5557.5000 1.106413e+02
5558.7500 1.031391e+02
5560.0000 9.876664e+01
5561.2500 1.086493e+02
5562.5000 1.333107e+02
5563.7500 1.442317e+02
5565.0000 1.230169e+02
5566.2500 9.637957e+01
5567.5000 9.480025e+01
5568.7500 1.069060e+02
5570.0000 1.050189e+02
5571.2500 9.373423e+01
5572.5000 1.005470e+02
5573.7500 1.134785e+02
5575.0000 9.282845e+02
5576.2500 6.203077e+03
5577.5000 7.915668e+03
5578.7500 2.424315e+03
5580.0000 2.133867e+02
5581.2500 1.106584e+02
5582.5000 9.456485e+01
5583.7500 8.805308e+01
5585.0000 8.900896e+01
5586.2500 8.367837e+01
5587.5000 1.020922e+02
5588.7500 1.221617e+02
5590.0000 1.177500e+02
5591.2500 9.214099e+01
5592.5000 8.574709e+01
5593.7500 8.681978e+01
5595.0000 8.583137e+01
5596.2500 9.621890e+01
5597.5000 1.029311e+02
5598.7500 1.047109e+02
5600.0000 9.059572e+01
5601.2500 8.802748e+01
5602.5000 9.000089e+01
5603.7500 1.126926e+02
5605.0000 1.424542e+02
5606.2500 1.311238e+02
5607.5000 1.051078e+02
5608.7500 1.002736e+02
5610.0000 1.009459e+02
5611.2500 9.783410e+01
5612.5000 1.010319e+02
5613.7500 9.857454e+01
5615.0000 9.795009e+01
5616.2500 1.130899e+02
5617.5000 1.217204e+02
5618.7500 1.073617e+02
5620.0000 1.097855e+02
5621.2500 1.127892e+02
5622.5000 1.350389e+02
5623.7500 1.513998e+02
5625.0000 1.279043e+02
5626.2500 1.107264e+02
5627.5000 1.135751e+02
5628.7500 1.043945e+02
5630.0000 1.054704e+02
5631.2500 1.055996e+02
5632.5000 1.043124e+02
5633.7500 9.483707e+01
5635.0000 1.019123e+02
5636.2500 9.208512e+01
5637.5000 9.946881e+01
5638.7500 1.078174e+02
5640.0000 1.091191e+02
5641.2500 9.991586e+01
5642.5000 1.007424e+02
5643.7500 1.117409e+02
5645.0000 1.232437e+02
5646.2500 1.148177e+02
5647.5000 1.010719e+02
5648.7500 9.740585e+01
5650.0000 9.500350e+01
5651.2500 1.003092e+02
5652.5000 9.444216e+01
5653.7500 9.850664e+01
5655.0000 8.926224e+01
5656.2500 9.298819e+01
5657.5000 9.782547e+01
5658.7500 8.846159e+01
5660.0000 9.717815e+01
5661.2500 9.752419e+01
5662.5000 9.652229e+01
5663.7500 9.572208e+01
5665.0000 9.513522e+01
5666.2500 8.709470e+01
5667.5000 9.361018e+01
5668.7500 9.593358e+01
5670.0000 9.945497e+01
5671.2500 9.055759e+01
5672.5000 8.527975e+01
5673.7500 8.823340e+01
5675.0000 8.987444e+01
5676.2500 8.660898e+01
5677.5000 8.972621e+01
5678.7500 8.518602e+01
5680.0000 8.397102e+01
5681.2500 8.391725e+01
5682.5000 8.713045e+01
5683.7500 8.494839e+01
5685.0000 8.872111e+01
5686.2500 9.124029e+01
5687.5000 8.849273e+01
5688.7500 8.838930e+01
5690.0000 9.418609e+01
5691.2500 9.516185e+01
5692.5000 9.316309e+01
5693.7500 9.459034e+01
5695.0000 9.334034e+01
5696.2500 9.554494e+01
5697.5000 9.611730e+01
5698.7500 9.268266e+01
5700.0000 9.130215e+01
5701.2500 9.519284e+01
5702.5000 1.004022e+02
5703.7500 1.004066e+02
5705.0000 9.044393e+01
5706.2500 9.538425e+01
5707.5000 9.745003e+01
5708.7500 8.898590e+01
5710.0000 9.699776e+01
5711.2500 1.033523e+02
5712.5000 1.008362e+02
5713.7500 1.027467e+02
5715.0000 1.059546e+02
5716.2500 1.041041e+02
5717.5000 1.020244e+02
5718.7500 1.070852e+02
5720.0000 1.061897e+02
5721.2500 1.079713e+02
5722.5000 1.131750e+02
5723.7500 1.103726e+02
5725.0000 1.085329e+02
5726.2500 1.075680e+02
5727.5000 1.149060e+02
5728.7500 1.133471e+02
5730.0000 1.055140e+02
5731.2500 1.089145e+02
5732.5000 1.084010e+02
5733.7500 1.142694e+02
5735.0000 1.056111e+02
5736.2500 1.099735e+02
5737.5000 1.112933e+02
5738.7500 1.057446e+02
5740.0000 1.055393e+02
5741.2500 1.060890e+02
5742.5000 1.044639e+02
5743.7500 1.037902e+02
5745.0000 9.976634e+01
5746.2500 1.047558e+02
5747.5000 1.051947e+02
5748.7500 1.027526e+02
5750.0000 9.444575e+01
5751.2500 9.802103e+01
5752.5000 1.006007e+02
5753.7500 9.467262e+01
5755.0000 1.011723e+02
5756.2500 9.982233e+01
5757.5000 1.074653e+02
5758.7500 1.048127e+02
5760.0000 1.048639e+02
5761.2500 9.736545e+01
5762.5000 9.720272e+01
5763.7500 9.625798e+01
5765.0000 9.854746e+01
5766.2500 1.000610e+02
5767.5000 9.925170e+01
5768.7500 9.856950e+01
5770.0000 9.451031e+01
5771.2500 9.002973e+01
5772.5000 9.635660e+01
5773.7500 9.053004e+01
5775.0000 9.112348e+01
5776.2500 8.560452e+01
5777.5000 8.727328e+01
5778.7500 9.134415e+01
5780.0000 8.482571e+01
5781.2500 8.355230e+01
5782.5000 8.324308e+01
5783.7500 8.477484e+01
5785.0000 8.616592e+01
5786.2500 8.252068e+01
5787.5000 8.655871e+01
5788.7500 8.721682e+01
5790.0000 8.739613e+01
5791.2500 8.969589e+01
5792.5000 8.738846e+01
5793.7500 8.394038e+01
5795.0000 8.871107e+01
5796.2500 8.512225e+01
5797.5000 8.309118e+01
5798.7500 8.463552e+01
5800.0000 8.253547e+01
5801.2500 8.908704e+01
5802.5000 9.023396e+01
5803.7500 8.525381e+01
5805.0000 8.165532e+01
5806.2500 8.514806e+01
5807.5000 8.749214e+01
5808.7500 8.547484e+01
5810.0000 8.602947e+01
5811.2500 8.423555e+01
5812.5000 8.834053e+01
5813.7500 8.422517e+01
5815.0000 8.985328e+01
5816.2500 8.759425e+01
5817.5000 8.840445e+01
5818.7500 8.793795e+01
5820.0000 9.591286e+01
5821.2500 9.703771e+01
5822.5000 9.627395e+01
5823.7500 9.875249e+01
5825.0000 9.715806e+01
5826.2500 1.021679e+02
5827.5000 9.982801e+01
5828.7500 1.014584e+02
5830.0000 9.870782e+01
5831.2500 1.046127e+02
5832.5000 9.890947e+01
5833.7500 9.739730e+01
5835.0000 1.007881e+02
5836.2500 1.008709e+02
5837.5000 1.004619e+02
5838.7500 1.010018e+02
5840.0000 9.575865e+01
5841.2500 1.015906e+02
5842.5000 1.043833e+02
5843.7500 9.659223e+01
5845.0000 9.731558e+01
5846.2500 1.019801e+02
5847.5000 9.732314e+01
5848.7500 9.951206e+01
5850.0000 9.352895e+01
5851.2500 9.589570e+01
5852.5000 1.009115e+02
5853.7500 9.759042e+01
5855.0000 9.776142e+01
5856.2500 9.321867e+01
5857.5000 9.724466e+01
5858.7500 9.163625e+01
5860.0000 9.664259e+01
5861.2500 9.562870e+01
5862.5000 9.858333e+01
5863.7500 1.220889e+02
5865.0000 1.860405e+02
5866.2500 2.100177e+02
5867.5000 2.065934e+02
5868.7500 1.620214e+02
5870.0000 1.167795e+02
5871.2500 1.120999e+02
5872.5000 1.217428e+02
5873.7500 1.158238e+02
5875.0000 1.080824e+02
5876.2500 1.050750e+02
5877.5000 1.011085e+02
5878.7500 9.669038e+01
5880.0000 9.380722e+01
5881.2500 9.253185e+01
5882.5000 9.712424e+01
5883.7500 9.845249e+01
5885.0000 9.738676e+01
5886.2500 1.474179e+02
5887.5000 2.873884e+02
5888.7500 6.323206e+02
5890.0000 6.868149e+02
5891.2500 2.869099e+02
5892.5000 1.176338e+02
5893.7500 1.883455e+02
5895.0000 4.150582e+02
5896.2500 3.903414e+02
5897.5000 1.644647e+02
5898.7500 9.240250e+01
5900.0000 8.711053e+01
5901.2500 8.926819e+01
5902.5000 9.907113e+01
5903.7500 9.587859e+01
5905.0000 1.026576e+02
5906.2500 1.180923e+02
5907.5000 1.086225e+02
5908.7500 8.860971e+01
5910.0000 8.776209e+01
5911.2500 8.375903e+01
5912.5000 9.156894e+01
5913.7500 1.445283e+02
5915.0000 2.054065e+02
5916.2500 1.628017e+02
5917.5000 9.652758e+01
5918.7500 8.532581e+01
5920.0000 8.705239e+01
5921.2500 8.991618e+01
5922.5000 9.521143e+01
5923.7500 1.276588e+02
5925.0000 1.336420e+02
5926.2500 9.932468e+01
5927.5000 8.845397e+01
5928.7500 8.770438e+01
5930.0000 9.312984e+01
5931.2500 1.465894e+02
5932.5000 2.385835e+02
5933.7500 1.952343e+02
5935.0000 9.713926e+01
5936.2500 9.551482e+01
5937.5000 9.570766e+01
5938.7500 9.352401e+01
5940.0000 9.483044e+01
5941.2500 9.248014e+01
5942.5000 9.720477e+01
5943.7500 9.959026e+01
5945.0000 1.338139e+02
5946.2500 1.446808e+02
5947.5000 1.105900e+02
5948.7500 9.613946e+01
5950.0000 9.500500e+01
5951.2500 1.088598e+02
5952.5000 1.969818e+02
5953.7500 2.250463e+02
5955.0000 1.257482e+02
5956.2500 9.769062e+01
5957.5000 9.848455e+01
5958.7500 9.715530e+01
5960.0000 1.019802e+02
5961.2500 9.462508e+01
5962.5000 9.661629e+01
5963.7500 1.031745e+02
5965.0000 9.410936e+01
5966.2500 9.979521e+01
5967.5000 9.994063e+01
5968.7500 1.120770e+02
5970.0000 1.313060e+02
5971.2500 1.182321e+02
5972.5000 9.589155e+01
5973.7500 9.257385e+01
5975.0000 1.135359e+02
5976.2500 1.594234e+02
5977.5000 1.693235e+02
5978.7500 1.061623e+02
5980.0000 9.318504e+01
5981.2500 9.566581e+01
5982.5000 9.755898e+01
5983.7500 9.776075e+01
5985.0000 9.742271e+01
5986.2500 9.759074e+01
5987.5000 1.007831e+02
5988.7500 9.513214e+01
5990.0000 9.221329e+01
5991.2500 9.924797e+01
5992.5000 9.058275e+01
5993.7500 8.938583e+01
5995.0000 9.644984e+01
5996.2500 1.088219e+02
5997.5000 1.122566e+02
5998.7500 1.005693e+02
6000.0000 9.722441e+01
6001.2500 8.592974e+01
6002.5000 1.162434e+02
6003.7500 1.259561e+02
6005.0000 1.070525e+02
6006.2500 8.198491e+01
6007.5000 7.672630e+01
6008.7500 8.002684e+01
6010.0000 8.371281e+01
6011.2500 8.260343e+01
6012.5000 7.633246e+01
6013.7500 7.631107e+01
6015.0000 8.047488e+01
6016.2500 7.823642e+01
6017.5000 7.988990e+01
6018.7500 8.047103e+01
6020.0000 7.866177e+01
6021.2500 7.793150e+01
6022.5000 7.742995e+01
6023.7500 8.127641e+01
6025.0000 8.031699e+01
6026.2500 7.989845e+01
6027.5000 8.421385e+01
6028.7500 8.622382e+01
6030.0000 8.350439e+01
6031.2500 7.938754e+01
6032.5000 8.582314e+01
6033.7500 9.297077e+01
6035.0000 8.453201e+01
6036.2500 7.525140e+01
6037.5000 7.866572e+01
6038.7500 7.692414e+01
6040.0000 7.952522e+01
6041.2500 7.981849e+01
6042.5000 8.005846e+01
6043.7500 7.877206e+01
6045.0000 8.012836e+01
6046.2500 8.046807e+01
6047.5000 7.729333e+01
6048.7500 7.703828e+01
6050.0000 7.208614e+01
6051.2500 7.657574e+01
6052.5000 7.745224e+01
6053.7500 7.802491e+01
6055.0000 7.995721e+01
6056.2500 7.811446e+01
6057.5000 7.598409e+01
6058.7500 7.538654e+01
6060.0000 7.835956e+01
6061.2500 8.886235e+01
6062.5000 8.416342e+01
6063.7500 8.344482e+01
6065.0000 7.941197e+01
6066.2500 8.567963e+01
6067.5000 8.671399e+01
6068.7500 8.830637e+01
6070.0000 8.358253e+01
6071.2500 8.313336e+01
6072.5000 7.974339e+01
6073.7500 8.456378e+01
6075.0000 8.493345e+01
6076.2500 8.585117e+01
6077.5000 8.334252e+01
6078.7500 8.325918e+01
6080.0000 8.781785e+01
6081.2500 8.526529e+01
6082.5000 8.497421e+01
6083.7500 8.507353e+01
6085.0000 8.161559e+01
6086.2500 8.442167e+01
6087.5000 8.623865e+01
6088.7500 8.173003e+01
6090.0000 8.607661e+01
6091.2500 8.528868e+01
6092.5000 8.130894e+01
6093.7500 8.364024e+01
6095.0000 8.417699e+01
6096.2500 8.749489e+01
6097.5000 8.119665e+01
6098.7500 8.751166e+01
6100.0000 8.992355e+01
6101.2500 7.775075e+01
6102.5000 8.140230e+01
6103.7500 8.517267e+01
6105.0000 8.952706e+01
6106.2500 8.555253e+01
6107.5000 8.037853e+01
6108.7500 8.077528e+01
6110.0000 8.231183e+01
6111.2500 8.098184e+01
6112.5000 8.621055e+01
6113.7500 8.376906e+01
6115.0000 8.162261e+01
6116.2500 8.173988e+01
6117.5000 8.288192e+01
6118.7500 7.984756e+01
6120.0000 8.256305e+01
6121.2500 7.486420e+01
6122.5000 7.560148e+01
6123.7500 7.739663e+01
6125.0000 8.202059e+01
6126.2500 7.706769e+01
6127.5000 7.910658e+01
6128.7500 7.632053e+01
6130.0000 7.825139e+01
6131.2500 7.474474e+01
6132.5000 7.335988e+01
6133.7500 7.681272e+01
6135.0000 8.586000e+01
6136.2500 8.743595e+01
6137.5000 9.216101e+01
6138.7500 1.057149e+02
6140.0000 9.538016e+01
6141.2500 7.981934e+01
6142.5000 9.356374e+01
6143.7500 1.090077e+02
6145.0000 9.704136e+01
6146.2500 7.774541e+01
6147.5000 7.254789e+01
6148.7500 7.144103e+01
6150.0000 7.907390e+01
6151.2500 7.672887e+01
6152.5000 7.067970e+01
6153.7500 7.213296e+01
6155.0000 8.199223e+01
6156.2500 9.354783e+01
6157.5000 9.235451e+01
6158.7500 8.358322e+01
6160.0000 7.271627e+01
6161.2500 6.555876e+01
6162.5000 6.516273e+01
6163.7500 6.097047e+01
6165.0000 6.398096e+01
6166.2500 6.687881e+01
6167.5000 6.715988e+01
6168.7500 8.739412e+01
6170.0000 1.260005e+02
6171.2500 1.115325e+02
6172.5000 7.184219e+01
6173.7500 6.698312e+01
6175.0000 7.674358e+01
6176.2500 8.379978e+01
6177.5000 7.082581e+01
6178.7500 6.895483e+01
6180.0000 6.410501e+01
6181.2500 6.720728e+01
6182.5000 7.017024e+01
6183.7500 7.495126e+01
6185.0000 7.478927e+01
6186.2500 6.694762e+01
6187.5000 7.060966e+01
6188.7500 7.386354e+01
6190.0000 6.699328e+01
6191.2500 6.865157e+01
6192.5000 8.049254e+01
6193.7500 7.825053e+01
6195.0000 6.969069e+01
6196.2500 6.789918e+01
6197.5000 7.001855e+01
6198.7500 6.992165e+01
6200.0000 6.561924e+01
6201.2500 9.634992e+01
6202.5000 1.274094e+02
6203.7500 1.038141e+02
6205.0000 7.494472e+01
6206.2500 7.367675e+01
6207.5000 7.218909e+01
6208.7500 7.140112e+01
6210.0000 7.611328e+01
6211.2500 7.575708e+01
6212.5000 9.055032e+01
6213.7500 8.870874e+01
6215.0000 7.276539e+01
6216.2500 7.162794e+01
6217.5000 7.485727e+01
6218.7500 7.312624e+01
6220.0000 9.838013e+01
6221.2500 1.441127e+02
6222.5000 1.274259e+02
6223.7500 7.995851e+01
6225.0000 7.961291e+01
6226.2500 7.543169e+01
6227.5000 7.610527e+01
6228.7500 7.327897e+01
6230.0000 7.716762e+01
6231.2500 7.145186e+01
6232.5000 1.019588e+02
6233.7500 1.873803e+02
6235.0000 3.055860e+02
6236.2500 3.019818e+02
6237.5000 1.650764e+02
6238.7500 1.078364e+02
6240.0000 1.268802e+02
6241.2500 1.392377e+02
6242.5000 1.305032e+02
6243.7500 1.177118e+02
6245.0000 8.839542e+01
6246.2500 8.109689e+01
6247.5000 8.603287e+01
6248.7500 8.328995e+01
6250.0000 7.175616e+01
6251.2500 7.438659e+01
6252.5000 7.203065e+01
6253.7500 6.774859e+01
6255.0000 7.915247e+01
6256.2500 1.829924e+02
6257.5000 3.542773e+02
6258.7500 2.442986e+02
6260.0000 9.134908e+01
6261.2500 8.601730e+01
6262.5000 9.036623e+01
6263.7500 1.194406e+02
6265.0000 1.625789e+02
6266.2500 1.161711e+02
6267.5000 9.723290e+01
6268.7500 9.217715e+01
6270.0000 7.803502e+01
6271.2500 7.741805e+01
6272.5000 7.380862e+01
6273.7500 8.430175e+01
6275.0000 1.036460e+02
6276.2500 1.049375e+02
6277.5000 1.196663e+02
6278.7500 1.076598e+02
6280.0000 7.563028e+01
6281.2500 7.450691e+01
6282.5000 7.741150e+01
6283.7500 7.435081e+01
6285.0000 8.672163e+01
6286.2500 2.217923e+02
6287.5000 2.759814e+02
6288.7500 1.391042e+02
6290.0000 8.351429e+01
6291.2500 7.064019e+01
6292.5000 6.922678e+01
6293.7500 6.929672e+01
6295.0000 7.577644e+01
6296.2500 1.101028e+02
6297.5000 1.827084e+02
6298.7500 8.429583e+02
6300.0000 1.808615e+03
6301.2500 9.201656e+02
6302.5000 1.163940e+02
6303.7500 7.494930e+01
6305.0000 1.393887e+02
6306.2500 3.055336e+02
6307.5000 2.692699e+02
6308.7500 1.016119e+02
6310.0000 6.876627e+01
6311.2500 6.795542e+01
6312.5000 6.707933e+01
6313.7500 6.570528e+01
6315.0000 6.150409e+01
6316.2500 5.984649e+01
6317.5000 5.929140e+01
6318.7500 6.600665e+01
6320.0000 1.021847e+02
6321.2500 1.302053e+02
6322.5000 8.707523e+01
6323.7500 5.971184e+01
6325.0000 6.036481e+01
6326.2500 6.213772e+01
6327.5000 8.040592e+01
6328.7500 1.894299e+02
6330.0000 2.244889e+02
6331.2500 1.112123e+02
6332.5000 6.206784e+01
6333.7500 5.767320e+01
6335.0000 5.732575e+01
6336.2500 5.765177e+01
6337.5000 5.528130e+01
6338.7500 5.552466e+01
6340.0000 5.717581e+01
6341.2500 6.008977e+01
6342.5000 6.316450e+01
6343.7500 6.236953e+01
6345.0000 6.026874e+01
6346.2500 5.989536e+01
6347.5000 9.151189e+01
6348.7500 9.986246e+01
6350.0000 7.205255e+01
6351.2500 6.157805e+01
6352.5000 5.792078e+01
6353.7500 6.419422e+01
6355.0000 1.178910e+02
6356.2500 1.674332e+02
6357.5000 1.110738e+02
6358.7500 6.024773e+01
6360.0000 6.263599e+01
6361.2500 8.463983e+01
6362.5000 2.875216e+02
6363.7500 4.813764e+02
6365.0000 2.548142e+02
6366.2500 7.170518e+01
6367.5000 6.135763e+01
6368.7500 6.047952e+01
6370.0000 6.209129e+01
6371.2500 5.902960e+01
6372.5000 6.255339e+01
6373.7500 6.480819e+01
6375.0000 6.072105e+01
6376.2500 6.347377e+01
6377.5000 7.157597e+01
6378.7500 8.876070e+01
6380.0000 8.321072e+01
6381.2500 6.655801e+01
6382.5000 6.578941e+01
6383.7500 6.757396e+01
6385.0000 9.629482e+01
6386.2500 1.232611e+02
6387.5000 9.774512e+01
6388.7500 6.486086e+01
6390.0000 6.214599e+01
6391.2500 6.288442e+01
6392.5000 6.637997e+01
6393.7500 6.673305e+01
6395.0000 6.469038e+01
6396.2500 6.260058e+01
6397.5000 6.272048e+01
6398.7500 6.138425e+01
6400.0000 5.874913e+01
6401.2500 6.106022e+01
6402.5000 6.312687e+01
6403.7500 6.522311e+01
6405.0000 6.253919e+01
6406.2500 5.891614e+01
6407.5000 5.982311e+01
6408.7500 6.004468e+01
6410.0000 5.934029e+01
6411.2500 6.356143e+01
6412.5000 6.977154e+01
6413.7500 7.525157e+01
6415.0000 6.372711e+01
6416.2500 5.693646e+01
6417.5000 6.085665e+01
6418.7500 7.367233e+01
6420.0000 9.091021e+01
6421.2500 7.450918e+01
6422.5000 6.127881e+01
6423.7500 5.973338e+01
6425.0000 6.279575e+01
6426.2500 6.159354e+01
6427.5000 6.228307e+01
6428.7500 6.012447e+01
6430.0000 5.862043e+01
6431.2500 6.270677e+01
6432.5000 5.777950e+01
6433.7500 6.378339e+01
6435.0000 6.357962e+01
6436.2500 6.191347e+01
6437.5000 6.283607e+01
6438.7500 5.993687e+01
6440.0000 5.874774e+01
6441.2500 6.293353e+01
6442.5000 5.886102e+01
6443.7500 6.212504e+01
6445.0000 6.148820e+01
6446.2500 6.227357e+01
6447.5000 6.579007e+01
6448.7500 6.428316e+01
6450.0000 6.586153e+01
6451.2500 7.388782e+01
6452.5000 7.515520e+01
6453.7500 7.085433e+01
6455.0000 7.129773e+01
6456.2500 6.878360e+01
6457.5000 7.913858e+01
6458.7500 7.092214e+01
6460.0000 6.043509e+01
6461.2500 6.653303e+01
6462.5000 1.038007e+02
6463.7500 1.280603e+02
6465.0000 1.682990e+02
6466.2500 1.573265e+02
6467.5000 8.684216e+01
6468.7500 9.216388e+01
6470.0000 1.736193e+02
6471.2500 1.549928e+02
6472.5000 8.082397e+01
6473.7500 6.012723e+01
6475.0000 5.858500e+01
6476.2500 7.058775e+01
6477.5000 8.723082e+01
6478.7500 7.279899e+01
6480.0000 5.907645e+01
6481.2500 6.123077e+01
6482.5000 5.320390e+01
6483.7500 5.325264e+01
6485.0000 5.535178e+01
6486.2500 5.288118e+01
6487.5000 5.326654e+01
6488.7500 5.223564e+01
6490.0000 5.602434e+01
6491.2500 5.069618e+01
6492.5000 5.396523e+01
6493.7500 5.184182e+01
6495.0000 5.354400e+01
6496.2500 7.794886e+01
6497.5000 2.256676e+02
6498.7500 2.827046e+02
6500.0000 1.296550e+02
6501.2500 5.873227e+01
6502.5000 6.065839e+01
6503.7500 1.003449e+02
6505.0000 1.195097e+02
6506.2500 7.579477e+01
6507.5000 5.237347e+01
6508.7500 5.097842e+01
6510.0000 5.260007e+01
6511.2500 4.804673e+01
6512.5000 5.996860e+01
6513.7500 6.839680e+01
6515.0000 5.967514e+01
6516.2500 5.091348e+01
6517.5000 5.009305e+01
6518.7500 4.865065e+01
6520.0000 5.076692e+01
6521.2500 8.452850e+01
6522.5000 1.013867e+02
6523.7500 6.598151e+01
6525.0000 5.579285e+01
6526.2500 5.444380e+01
6527.5000 5.174839e+01
6528.7500 4.854799e+01
6530.0000 5.059108e+01
6531.2500 1.071714e+02
6532.5000 2.304283e+02
6533.7500 1.811003e+02
6535.0000 6.347841e+01
6536.2500 4.835538e+01
6537.5000 4.908362e+01
6538.7500 5.022128e+01
6540.0000 5.689263e+01
6541.2500 5.870219e+01
6542.5000 8.519550e+01
6543.7500 1.206436e+02
6545.0000 9.176071e+01
6546.2500 5.587185e+01
6547.5000 5.774537e+01
6548.7500 6.128836e+01
6550.0000 5.407594e+01
6551.2500 6.803665e+01
6552.5000 2.039152e+02
6553.7500 2.645391e+02
6555.0000 1.182794e+02
6556.2500 5.233001e+01
6557.5000 5.293760e+01
6558.7500 5.233817e+01
6560.0000 5.238354e+01
6561.2500 1.355052e+02
6562.5000 3.035671e+02
6563.7500 2.501969e+02
6565.0000 8.496043e+01
6566.2500 5.230768e+01
6567.5000 8.455460e+01
6568.7500 1.143456e+02
6570.0000 8.261395e+01
6571.2500 5.834982e+01
6572.5000 5.693585e+01
6573.7500 5.440496e+01
6575.0000 6.660454e+01
6576.2500 1.748676e+02
6577.5000 2.137805e+02
6578.7500 9.811945e+01
6580.0000 5.593632e+01
6581.2500 5.356789e+01
6582.5000 6.572733e+01
6583.7500 8.575859e+01
6585.0000 7.334940e+01
6586.2500 5.276963e+01
6587.5000 5.086759e+01
6588.7500 5.088636e+01
6590.0000 5.535397e+01
6591.2500 5.495813e+01
6592.5000 5.240023e+01
6593.7500 5.148384e+01
6595.0000 6.637250e+01
6596.2500 8.652882e+01
6597.5000 7.135933e+01
6598.7500 5.245079e+01
6600.0000 5.060979e+01
6601.2500 5.026339e+01
6602.5000 7.934683e+01
6603.7500 1.310138e+02
6605.0000 9.674767e+01
6606.2500 5.410313e+01
6607.5000 4.930301e+01
6608.7500 4.857925e+01
6610.0000 5.117028e+01
6611.2500 4.822476e+01
6612.5000 4.977793e+01
6613.7500 5.226121e+01
6615.0000 4.842101e+01
6616.2500 5.040558e+01
6617.5000 4.818372e+01
6618.7500 5.121629e+01
6620.0000 5.084288e+01
6621.2500 4.910236e+01
6622.5000 4.627124e+01
6623.7500 5.007266e+01
6625.0000 4.986119e+01
6626.2500 5.770491e+01
6627.5000 6.790536e+01
6628.7500 5.634293e+01
6630.0000 4.889555e+01
6631.2500 4.839971e+01
6632.5000 6.049555e+01
6633.7500 7.971114e+01
6635.0000 6.845531e+01
6636.2500 5.317519e+01
6637.5000 5.229100e+01
6638.7500 4.938108e+01
6640.0000 4.947274e+01
6641.2500 5.005893e+01
6642.5000 4.871217e+01
6643.7500 4.676555e+01
6645.0000 4.959326e+01
6646.2500 4.774258e+01
6647.5000 4.584149e+01
6648.7500 4.938541e+01
6650.0000 5.052269e+01
6651.2500 4.957558e+01
6652.5000 4.720842e+01
6653.7500 4.778393e+01
6655.0000 5.071502e+01
6656.2500 4.724749e+01
6657.5000 4.875064e+01
6658.7500 4.795530e+01
6660.0000 5.056982e+01
6661.2500 5.387855e+01
6662.5000 5.132519e+01
6663.7500 4.963623e+01
6665.0000 4.982428e+01
6666.2500 5.294811e+01
6667.5000 6.259574e+01
6668.7500 5.196878e+01
6670.0000 4.846293e+01
6671.2500 4.407101e+01
6672.5000 4.674449e+01
6673.7500 4.685727e+01
6675.0000 4.491242e+01
6676.2500 4.548651e+01
6677.5000 4.476415e+01
6678.7500 4.420602e+01
6680.0000 4.540545e+01
6681.2500 4.460877e+01
6682.5000 4.534283e+01
6683.7500 4.521652e+01
6685.0000 4.481280e+01
6686.2500 4.641848e+01
6687.5000 4.627077e+01
6688.7500 4.440271e+01
6690.0000 4.333318e+01
6691.2500 4.345892e+01
6692.5000 4.374244e+01
6693.7500 4.333917e+01
6695.0000 4.386694e+01
6696.2500 4.290599e+01
6697.5000 4.643866e+01
6698.7500 5.358347e+01
6700.0000 4.899342e+01
6701.2500 4.497652e+01
6702.5000 4.713151e+01
6703.7500 5.120137e+01
6705.0000 4.794524e+01
6706.2500 4.462057e+01
6707.5000 4.418193e+01
6708.7500 4.502337e+01
6710.0000 4.449744e+01
6711.2500 4.234169e+01
6712.5000 4.242953e+01
6713.7500 4.378244e+01
6715.0000 4.816072e+01
6716.2500 6.329681e+01
6717.5000 6.873703e+01
6718.7500 5.227195e+01
6720.0000 4.450622e+01
6721.2500 4.471092e+01
6722.5000 4.452600e+01
6723.7500 4.342742e+01
6725.0000 4.280307e+01
6726.2500 4.098625e+01
6727.5000 4.348987e+01
6728.7500 4.531453e+01
6730.0000 5.031975e+01
6731.2500 6.144682e+01
6732.5000 5.353856e+01
6733.7500 4.575497e+01
6735.0000 4.153547e+01
6736.2500 4.198314e+01
6737.5000 4.220692e+01
6738.7500 4.592220e+01
6740.0000 4.836563e+01
6741.2500 4.672744e+01
6742.5000 4.788271e+01
6743.7500 4.975566e+01
6745.0000 4.971611e+01
6746.2500 4.787924e+01
6747.5000 4.483899e+01
6748.7500 4.637180e+01
6750.0000 4.633943e+01
6751.2500 4.375493e+01
6752.5000 4.253755e+01
6753.7500 4.390931e+01
6755.0000 4.625140e+01
6756.2500 4.507544e+01
6757.5000 4.649535e+01
6758.7500 4.621511e+01
6760.0000 4.525215e+01
6761.2500 4.596663e+01
6762.5000 4.411340e+01
6763.7500 4.490316e+01
6765.0000 4.818216e+01
6766.2500 4.549774e+01
6767.5000 4.761256e+01
6768.7500 4.835765e+01
6770.0000 4.730058e+01
6771.2500 4.675298e+01
6772.5000 4.825406e+01
6773.7500 4.783547e+01
6775.0000 4.834820e+01
6776.2500 4.907271e+01
6777.5000 5.197836e+01
6778.7500 5.161484e+01
6780.0000 4.928367e+01
6781.2500 4.618913e+01
6782.5000 4.839491e+01
6783.7500 5.251028e+01
6785.0000 5.071685e+01
6786.2500 4.926095e+01
6787.5000 5.468813e+01
6788.7500 5.217183e+01
6790.0000 4.742302e+01
6791.2500 4.741620e+01
6792.5000 5.012326e+01
6793.7500 4.572822e+01
6795.0000 4.680125e+01
6796.2500 4.768289e+01
6797.5000 4.605773e+01
6798.7500 4.751488e+01
6800.0000 4.866020e+01
6801.2500 4.988979e+01
6802.5000 5.019928e+01
6803.7500 5.006378e+01
6805.0000 4.552645e+01
6806.2500 5.220025e+01
6807.5000 4.621704e+01
6808.7500 4.856804e+01
6810.0000 4.777853e+01
6811.2500 4.897326e+01
6812.5000 5.034887e+01
6813.7500 4.821395e+01
6815.0000 4.737497e+01
6816.2500 4.826228e+01
6817.5000 5.177652e+01
6818.7500 5.009167e+01
6820.0000 5.004254e+01
6821.2500 4.802482e+01
6822.5000 4.778777e+01
6823.7500 4.905831e+01
6825.0000 5.421067e+01
6826.2500 1.204502e+02
6827.5000 2.220802e+02
6828.7500 3.604655e+02
6830.0000 2.964592e+02
6831.2500 1.049239e+02
6832.5000 1.627347e+02
6833.7500 3.601665e+02
6835.0000 2.826555e+02
6836.2500 7.767503e+01
6837.5000 5.254266e+01
6838.7500 5.892738e+01
6840.0000 7.864970e+01
6841.2500 1.231929e+02
6842.5000 1.117376e+02
6843.7500 5.511970e+01
6845.0000 4.844963e+01
6846.2500 4.803432e+01
6847.5000 4.791649e+01
6848.7500 5.297622e+01
6850.0000 6.240476e+01
6851.2500 5.744015e+01
6852.5000 5.175048e+01
6853.7500 4.898753e+01
6855.0000 4.924897e+01
6856.2500 4.736858e+01
6857.5000 4.989336e+01
6858.7500 4.763094e+01
6860.0000 4.938253e+01
6861.2500 8.550489e+01
6862.5000 3.855556e+02
6863.7500 6.906112e+02
6865.0000 3.404020e+02
6866.2500 6.940742e+01
6867.5000 7.885248e+01
6868.7500 1.003939e+02
6870.0000 2.082113e+02
6871.2500 2.248755e+02
6872.5000 9.505054e+01
6873.7500 6.348840e+01
6875.0000 6.443715e+01
6876.2500 6.603203e+01
6877.5000 6.631927e+01
6878.7500 6.941238e+01
6880.0000 1.217823e+02
6881.2500 1.277503e+02
6882.5000 8.083015e+01
6883.7500 6.064804e+01
6885.0000 6.600723e+01
6886.2500 7.311888e+01
6887.5000 1.351551e+02
6888.7500 3.239495e+02
6890.0000 2.436490e+02
6891.2500 8.059240e+01
6892.5000 7.606324e+01
6893.7500 9.451384e+01
6895.0000 7.719794e+01
6896.2500 6.238939e+01
6897.5000 6.203483e+01
6898.7500 8.821287e+01
6900.0000 2.848108e+02
6901.2500 2.384496e+02
6902.5000 7.669305e+01
6903.7500 5.638046e+01
6905.0000 5.431002e+01
6906.2500 5.047115e+01
6907.5000 4.734096e+01
6908.7500 4.976962e+01
6910.0000 5.790669e+01
6911.2500 1.542724e+02
6912.5000 2.461133e+02
6913.7500 1.236451e+02
6915.0000 4.951687e+01
6916.2500 4.682484e+01
6917.5000 4.403640e+01
6918.7500 4.827980e+01
6920.0000 4.996627e+01
6921.2500 1.249237e+02
6922.5000 3.799848e+02
6923.7500 3.229097e+02
6925.0000 7.383810e+01
6926.2500 4.704926e+01
6927.5000 4.905529e+01
6928.7500 4.878547e+01
6930.0000 4.658561e+01
6931.2500 4.813634e+01
6932.5000 4.211355e+01
6933.7500 4.322139e+01
6935.0000 4.140998e+01
6936.2500 4.634255e+01
6937.5000 7.215228e+01
6938.7500 1.780046e+02
6940.0000 1.600108e+02
6941.2500 6.011754e+01
6942.5000 4.560512e+01
6943.7500 4.126261e+01
6945.0000 4.016151e+01
6946.2500 4.893570e+01
6947.5000 2.070736e+02
6948.7500 4.062628e+02
6950.0000 2.082349e+02
6951.2500 5.910855e+01
6952.5000 4.752278e+01
6953.7500 4.299943e+01
6955.0000 4.665154e+01
6956.2500 4.901288e+01
6957.5000 4.982183e+01
6958.7500 4.739759e+01
6960.0000 4.458489e+01
6961.2500 4.532238e+01
6962.5000 4.521265e+01
6963.7500 4.522511e+01
6965.0000 4.879362e+01
6966.2500 5.008071e+01
6967.5000 4.776998e+01
6968.7500 1.033659e+02
6970.0000 1.240117e+02
6971.2500 6.476299e+01
6972.5000 4.219926e+01
6973.7500 4.216034e+01
6975.0000 4.569625e+01
6976.2500 6.852019e+01
6977.5000 2.000068e+02
6978.7500 2.081848e+02
6980.0000 7.075636e+01
6981.2500 4.053152e+01
6982.5000 4.539722e+01
6983.7500 4.439555e+01
6985.0000 4.554913e+01
6986.2500 4.748772e+01
6987.5000 4.408179e+01
6988.7500 4.217940e+01
6990.0000 4.158740e+01
6991.2500 4.220079e+01
6992.5000 3.939515e+01
6993.7500 3.903255e+01
6995.0000 4.304122e+01
6996.2500 4.753657e+01
6997.5000 4.575153e+01
6998.7500 4.475917e+01
7000.0000 4.517349e+01
7001.2500 5.187269e+01
7002.5000 7.232883e+01
7003.7500 8.600656e+01
7005.0000 5.328045e+01
7006.2500 3.834784e+01
7007.5000 3.843151e+01
7008.7500 3.776267e+01
7010.0000 8.633057e+01
7011.2500 1.231740e+02
7012.5000 7.671361e+01
7013.7500 3.949309e+01
7015.0000 3.603622e+01
7016.2500 3.505500e+01
7017.5000 3.573667e+01
7018.7500 3.685891e+01
7020.0000 3.774768e+01
7021.2500 3.718036e+01
7022.5000 3.501158e+01
7023.7500 3.737868e+01
7025.0000 3.711137e+01
7026.2500 3.673895e+01
7027.5000 3.816968e+01
7028.7500 4.319281e+01
7030.0000 4.117201e+01
7031.2500 3.767612e+01
7032.5000 3.671858e+01
7033.7500 3.668518e+01
7035.0000 3.932597e+01
7036.2500 3.754779e+01
7037.5000 3.519537e+01
7038.7500 3.798900e+01
7040.0000 5.253370e+01
7041.2500 6.042517e+01
7042.5000 4.810924e+01
7043.7500 4.028933e+01
7045.0000 4.750198e+01
7046.2500 6.773493e+01
7047.5000 9.725000e+01
7048.7500 8.913912e+01
7050.0000 6.335438e+01
7051.2500 5.703713e+01
7052.5000 5.289720e+01
7053.7500 5.134812e+01
7055.0000 4.657431e+01
7056.2500 4.303144e+01
7057.5000 4.109982e+01
7058.7500 3.970096e+01
7060.0000 4.272639e+01
7061.2500 4.707726e+01
7062.5000 5.035746e+01
7063.7500 5.097594e+01
7065.0000 5.067138e+01
7066.2500 5.784834e+01
7067.5000 5.054348e+01
7068.7500 4.922461e+01
7070.0000 5.560276e+01
7071.2500 4.822149e+01
7072.5000 4.755837e+01
7073.7500 5.538829e+01
7075.0000 4.888428e+01
7076.2500 4.412563e+01
7077.5000 4.968196e+01
7078.7500 5.028065e+01
7080.0000 4.511115e+01
7081.2500 5.568140e+01
7082.5000 6.454992e+01
7083.7500 4.869566e+01
7085.0000 3.857437e+01
7086.2500 4.623150e+01
7087.5000 6.452168e+01
7088.7500 6.933635e+01
7090.0000 5.369062e+01
7091.2500 4.908879e+01
7092.5000 4.496259e+01
7093.7500 4.286086e+01
7095.0000 4.017170e+01
7096.2500 4.191889e+01
7097.5000 4.212872e+01
7098.7500 4.173600e+01
7100.0000 4.097463e+01
7101.2500 4.124251e+01
7102.5000 4.162291e+01
7103.7500 4.179050e+01
7105.0000 4.119890e+01
7106.2500 4.162264e+01
7107.5000 4.236303e+01
7108.7500 4.386121e+01
7110.0000 4.319323e+01
7111.2500 4.310359e+01
7112.5000 4.105611e+01
7113.7500 3.978131e+01
7115.0000 4.015669e+01
7116.2500 4.252230e+01
7117.5000 4.248355e+01
7118.7500 4.173322e+01
7120.0000 3.955357e+01
7121.2500 4.244380e+01
7122.5000 4.114310e+01
7123.7500 4.183809e+01
7125.0000 4.165459e+01
7126.2500 5.300639e+01
7127.5000 5.759343e+01
7128.7500 4.984082e+01
7130.0000 4.393633e+01
7131.2500 4.827891e+01
7132.5000 5.766851e+01
7133.7500 5.266501e+01
7135.0000 4.221550e+01
7136.2500 4.036280e+01
7137.5000 3.987753e+01
7138.7500 4.165218e+01
7140.0000 4.274617e+01
7141.2500 5.703152e+01
7142.5000 6.903584e+01
7143.7500 7.139371e+01
7145.0000 6.985951e+01
7146.2500 6.620690e+01
7147.5000 6.213504e+01
7148.7500 5.773644e+01
7150.0000 5.706063e+01
7151.2500 4.953157e+01
7152.5000 4.288557e+01
7153.7500 4.174691e+01
7155.0000 4.509889e+01
7156.2500 4.830419e+01
7157.5000 5.191471e+01
7158.7500 5.254581e+01
7160.0000 5.293835e+01
7161.2500 5.701966e+01
7162.5000 5.842695e+01
7163.7500 5.173016e+01
7165.0000 5.808308e+01
7166.2500 5.841512e+01
7167.5000 5.364659e+01
7168.7500 6.143378e+01
7170.0000 6.592927e+01
7171.2500 5.676890e+01
7172.5000 6.378867e+01
7173.7500 8.175182e+01
7175.0000 8.941323e+01
7176.2500 8.511555e+01
7177.5000 8.334639e+01
7178.7500 7.894513e+01
7180.0000 7.808498e+01
7181.2500 7.642761e+01
7182.5000 6.763347e+01
7183.7500 5.917528e+01
7185.0000 5.602498e+01
7186.2500 5.198816e+01
7187.5000 5.076254e+01
7188.7500 5.091605e+01
7190.0000 4.542005e+01
7191.2500 4.548148e+01
7192.5000 4.695382e+01
7193.7500 4.673845e+01
7195.0000 4.550834e+01
7196.2500 4.441790e+01
7197.5000 4.389217e+01
7198.7500 5.107384e+01
7200.0000 5.055729e+01
7201.2500 5.034822e+01
7202.5000 4.929066e+01
7203.7500 4.624865e+01
7205.0000 4.494411e+01
7206.2500 4.640904e+01
7207.5000 4.677600e+01
7208.7500 4.532829e+01
7210.0000 4.169983e+01
7211.2500 4.253522e+01
7212.5000 4.260370e+01
7213.7500 4.159655e+01
7215.0000 4.485951e+01
7216.2500 4.302256e+01
7217.5000 4.257611e+01
7218.7500 4.301292e+01
7220.0000 4.825550e+01
7221.2500 5.303832e+01
7222.5000 5.768610e+01
7223.7500 5.228166e+01
7225.0000 5.336802e+01
7226.2500 4.926206e+01
7227.5000 4.804416e+01
7228.7500 5.798456e+01
7230.0000 5.332674e+01
7231.2500 4.807182e+01
7232.5000 5.983322e+01
7233.7500 6.593272e+01
7235.0000 5.590525e+01
7236.2500 6.081733e+01
7237.5000 2.131567e+02
7238.7500 5.630710e+02
7240.0000 9.302151e+02
7241.2500 6.673325e+02
7242.5000 2.264418e+02
7243.7500 6.216086e+02
7245.0000 9.841635e+02
7246.2500 3.849299e+02
7247.5000 1.191904e+02
7248.7500 6.629659e+01
7250.0000 6.220777e+01
7251.2500 9.268345e+01
7252.5000 2.507370e+02
7253.7500 2.174426e+02
7255.0000 1.092470e+02
7256.2500 8.759610e+01
7257.5000 5.380766e+01
7258.7500 5.306615e+01
7260.0000 5.760153e+01
7261.2500 5.336475e+01
7262.5000 5.744704e+01
7263.7500 5.751059e+01
7265.0000 5.309415e+01
7266.2500 6.774539e+01
7267.5000 7.806876e+01
7268.7500 8.054823e+01
7270.0000 6.608778e+01
7271.2500 6.037896e+01
7272.5000 5.468786e+01
7273.7500 1.571541e+02
7275.0000 1.020982e+03
7276.2500 2.303767e+03
7277.5000 8.359775e+02
7278.7500 6.776482e+01
7280.0000 7.704607e+01
7281.2500 9.330373e+01
7282.5000 1.516781e+02
7283.7500 4.726164e+02
7285.0000 4.326614e+02
7286.2500 1.069235e+02
7287.5000 5.313261e+01
7288.7500 5.484980e+01
7290.0000 6.804037e+01
7291.2500 7.739427e+01
7292.5000 6.062699e+01
7293.7500 6.356991e+01
7295.0000 1.642556e+02
7296.2500 1.732034e+02
7297.5000 6.860078e+01
7298.7500 4.302576e+01
7300.0000 4.332519e+01
7301.2500 5.764558e+01
7302.5000 2.346446e+02
7303.7500 3.619312e+02
7305.0000 1.416144e+02
7306.2500 6.234510e+01
7307.5000 5.686496e+01
7308.7500 5.034217e+01
7310.0000 7.349743e+01
7311.2500 8.194875e+01
7312.5000 5.678399e+01
7313.7500 7.474652e+01
7315.0000 6.717273e+02
7316.2500 1.166678e+03
7317.5000 4.117746e+02
7318.7500 5.156296e+01
7320.0000 4.812341e+01
7321.2500 4.396339e+01
7322.5000 4.426633e+01
7323.7500 4.391238e+01
7325.0000 4.285485e+01
7326.2500 4.745301e+01
7327.5000 1.798819e+02
7328.7500 4.534177e+02
7330.0000 2.857033e+02
7331.2500 7.159353e+01
7332.5000 5.354714e+01
7333.7500 4.671729e+01
7335.0000 4.434840e+01
7336.2500 4.456932e+01
7337.5000 5.021789e+01
7338.7500 1.737855e+02
7340.0000 1.089244e+03
7341.2500 1.146266e+03
7342.5000 2.024016e+02
7343.7500 5.822515e+01
7345.0000 6.011103e+01
7346.2500 5.641744e+01
7347.5000 5.527176e+01
7348.7500 5.233085e+01
7350.0000 6.066630e+01
7351.2500 6.545406e+01
7352.5000 6.018293e+01
7353.7500 5.336556e+01
7355.0000 5.050676e+01
7356.2500 6.695853e+01
7357.5000 2.811646e+02
7358.7500 3.894146e+02
7360.0000 1.397786e+02
7361.2500 5.131749e+01
7362.5000 4.972939e+01
7363.7500 5.795606e+01
7365.0000 5.683628e+01
7366.2500 5.781383e+01
7367.5000 2.362721e+02
7368.7500 9.147161e+02
7370.0000 6.915242e+02
7371.2500 9.859487e+01
7372.5000 5.435559e+01
7373.7500 6.760087e+01
7375.0000 5.618428e+01
7376.2500 4.621311e+01
7377.5000 4.845691e+01
7378.7500 4.924806e+01
7380.0000 4.554350e+01
7381.2500 4.509001e+01
7382.5000 4.937010e+01
7383.7500 4.795691e+01
7385.0000 4.055444e+01
7386.2500 4.301369e+01
7387.5000 4.631998e+01
7388.7500 5.278356e+01
7390.0000 7.910038e+01
7391.2500 2.342670e+02
7392.5000 2.548887e+02
7393.7500 8.604335e+01
7395.0000 4.208543e+01
7396.2500 4.325002e+01
7397.5000 4.264747e+01
7398.7500 4.752021e+01
7400.0000 1.636160e+02
7401.2500 5.288443e+02
7402.5000 4.088051e+02
7403.7500 7.415659e+01
7405.0000 4.499968e+01
7406.2500 4.121506e+01
7407.5000 3.972092e+01
7408.7500 4.070865e+01
7410.0000 4.094398e+01
7411.2500 5.507591e+01
7412.5000 5.829192e+01
7413.7500 4.784737e+01
7415.0000 4.546226e+01
7416.2500 5.108801e+01
7417.5000 4.767487e+01
7418.7500 4.049771e+01
7420.0000 4.006347e+01
7421.2500 4.189066e+01
7422.5000 4.760156e+01
7423.7500 4.434999e+01
7425.0000 3.939938e+01
7426.2500 3.996336e+01
7427.5000 4.900365e+01
7428.7500 1.331908e+02
7430.0000 1.491519e+02
7431.2500 6.276711e+01
7432.5000 4.028921e+01
7433.7500 4.186971e+01
7435.0000 4.131371e+01
7436.2500 6.946156e+01
7437.5000 2.304759e+02
7438.7500 2.569828e+02
7440.0000 8.802306e+01
7441.2500 4.062153e+01
7442.5000 4.193215e+01
7443.7500 4.036333e+01
7445.0000 4.059908e+01
7446.2500 3.937912e+01
7447.5000 3.788025e+01
7448.7500 3.665250e+01
7450.0000 3.722503e+01
7451.2500 4.180995e+01
7452.5000 3.990093e+01
7453.7500 3.830959e+01
7455.0000 3.930827e+01
7456.2500 3.960943e+01
7457.5000 4.710449e+01
7458.7500 4.887376e+01
7460.0000 4.687434e+01
7461.2500 6.768941e+01
7462.5000 7.359576e+01
7463.7500 6.317854e+01
7465.0000 8.296112e+01
7466.2500 1.140341e+02
7467.5000 7.981702e+01
7468.7500 5.527403e+01
7470.0000 1.103436e+02
7471.2500 1.468274e+02
7472.5000 1.835752e+02
7473.7500 1.891682e+02
7475.0000 7.736599e+01
7476.2500 5.383602e+01
7477.5000 9.320296e+01
7478.7500 1.940927e+02
7480.0000 1.813082e+02
7481.2500 9.443873e+01
7482.5000 2.033649e+02
7483.7500 2.123479e+02
7485.0000 7.152225e+01
7486.2500 4.761749e+01
7487.5000 5.182372e+01
7488.7500 4.533419e+01
7490.0000 4.058192e+01
7491.2500 4.214222e+01
7492.5000 8.717635e+01
7493.7500 1.031853e+02
7495.0000 5.638865e+01
7496.2500 3.802982e+01
7497.5000 4.200764e+01
7498.7500 4.600272e+01
7500.0000 4.745187e+01
7501.2500 4.187634e+01
7502.5000 4.209131e+01
7503.7500 4.133370e+01
7505.0000 3.833355e+01
7506.2500 3.988423e+01
7507.5000 4.015963e+01
7508.7500 3.892139e+01
7510.0000 3.926340e+01
7511.2500 3.661529e+01
7512.5000 3.861216e+01
7513.7500 4.052847e+01
7515.0000 4.480069e+01
7516.2500 7.218450e+01
7517.5000 8.317898e+01
7518.7500 5.155361e+01
7520.0000 4.784247e+01
7521.2500 8.775426e+01
7522.5000 3.994324e+02
7523.7500 6.947837e+02
7525.0000 3.138528e+02
7526.2500 5.805490e+01
7527.5000 5.472124e+01
7528.7500 9.226888e+01
7530.0000 2.063559e+02
7531.2500 1.695989e+02
7532.5000 5.302014e+01
7533.7500 4.212372e+01
7535.0000 4.259419e+01
7536.2500 4.702277e+01
7537.5000 4.702035e+01
7538.7500 6.515070e+01
7540.0000 8.919376e+01
7541.2500 6.785538e+01
7542.5000 4.556353e+01
7543.7500 4.192041e+01
7545.0000 4.542960e+01
7546.2500 4.673458e+01
7547.5000 4.437017e+01
7548.7500 4.274178e+01
7550.0000 4.383186e+01
7551.2500 4.629770e+01
7552.5000 5.367557e+01
7553.7500 4.985377e+01
7555.0000 4.597087e+01
7556.2500 1.265847e+02
7557.5000 1.692944e+02
7558.7500 7.818375e+01
7560.0000 4.600042e+01
7561.2500 4.666249e+01
7562.5000 4.329198e+01
7563.7500 4.578797e+01
7565.0000 4.489861e+01
7566.2500 6.648087e+01
7567.5000 8.312934e+01
7568.7500 6.009858e+01
7570.0000 1.988054e+02
7571.2500 5.177611e+02
7572.5000 3.524898e+02
7573.7500 1.059430e+02
7575.0000 7.045478e+01
7576.2500 4.538655e+01
7577.5000 4.599223e+01
7578.7500 4.654449e+01
7580.0000 4.740350e+01
7581.2500 5.019352e+01
7582.5000 5.038628e+01
7583.7500 6.947847e+01
7585.0000 2.691189e+02
7586.2500 3.634404e+02
7587.5000 1.101827e+02
7588.7500 6.582581e+01
7590.0000 6.895035e+01
7591.2500 7.009337e+01
7592.5000 7.361553e+01
7593.7500 7.917653e+01
7595.0000 9.646335e+01
7596.2500 2.632784e+02
7597.5000 1.192133e+03
7598.7500 1.325455e+03
7600.0000 3.506308e+02
7601.2500 2.277939e+02
7602.5000 2.704912e+02
7603.7500 2.985857e+02
7605.0000 2.983138e+02
7606.2500 2.810543e+02
7607.5000 2.647944e+02
7608.7500 2.651839e+02
7610.0000 2.365751e+02
7611.2500 1.923734e+02
7612.5000 1.571054e+02
7613.7500 1.300224e+02
7615.0000 9.541373e+01
7616.2500 1.570711e+02
7617.5000 2.944277e+02
7618.7500 1.739888e+02
7620.0000 8.530289e+01
7621.2500 1.355849e+02
7622.5000 1.638407e+02
7623.7500 1.352671e+02
7625.0000 1.249418e+02
7626.2500 1.548303e+02
7627.5000 7.235930e+02
7628.7500 9.248068e+02
7630.0000 2.722772e+02
7631.2500 1.221398e+02
7632.5000 1.375299e+02
7633.7500 1.069989e+02
7635.0000 8.914795e+01
7636.2500 1.112830e+02
7637.5000 1.029098e+02
7638.7500 8.641235e+01
7640.0000 9.000060e+01
7641.2500 1.156593e+02
7642.5000 9.068603e+01
7643.7500 7.608287e+01
7645.0000 9.480409e+01
7646.2500 8.060570e+01
7647.5000 6.822250e+01
7648.7500 7.501945e+01
7650.0000 8.659885e+01
7651.2500 8.925287e+01
7652.5000 1.649403e+02
7653.7500 1.864538e+02
7655.0000 8.398238e+01
7656.2500 6.717004e+01
7657.5000 5.186415e+01
7658.7500 5.342345e+01
7660.0000 7.519254e+01
7661.2500 2.678077e+02
7662.5000 2.480874e+02
7663.7500 1.018660e+02
7665.0000 5.540752e+01
7666.2500 5.750655e+01
7667.5000 5.058426e+01
7668.7500 4.282849e+01
7670.0000 4.792995e+01
7671.2500 5.362086e+01
7672.5000 6.117451e+01
7673.7500 4.942017e+01
7675.0000 4.167987e+01
7676.2500 4.264603e+01
7677.5000 4.559589e+01
7678.7500 4.594530e+01
7680.0000 4.895581e+01
7681.2500 6.552842e+01
7682.5000 6.135523e+01
7683.7500 5.486172e+01
7685.0000 5.512865e+01
7686.2500 7.135456e+01
7687.5000 7.210424e+01
7688.7500 5.613236e+01
7690.0000 5.703032e+01
7691.2500 8.772450e+01
7692.5000 8.277566e+01
7693.7500 5.265082e+01
7695.0000 4.931264e+01
7696.2500 5.021025e+01
7697.5000 6.008989e+01
7698.7500 1.073064e+02
7700.0000 1.072477e+02
7701.2500 5.700900e+01
7702.5000 4.579551e+01
7703.7500 4.328788e+01
7705.0000 4.110999e+01
7706.2500 4.092687e+01
7707.5000 4.288602e+01
7708.7500 4.500289e+01
7710.0000 8.634501e+01
7711.2500 5.852772e+02
7712.5000 9.704775e+02
7713.7500 4.717601e+02
7715.0000 4.830151e+02
7716.2500 9.754373e+02
7717.5000 8.485579e+02
7718.7500 2.567511e+02
7720.0000 6.535509e+01
7721.2500 5.530330e+01
7722.5000 1.121764e+02
7723.7500 1.663258e+02
7725.0000 2.276237e+02
7726.2500 2.435355e+02
7727.5000 9.367955e+01
7728.7500 5.023348e+01
7730.0000 5.265854e+01
7731.2500 4.857626e+01
7732.5000 5.229852e+01
7733.7500 7.520311e+01
7735.0000 9.649158e+01
7736.2500 7.744695e+01
7737.5000 4.885648e+01
7738.7500 5.200723e+01
7740.0000 6.119648e+01
7741.2500 5.750539e+01
7742.5000 4.340439e+01
7743.7500 4.597865e+01
7745.0000 5.536425e+01
7746.2500 5.793603e+01
7747.5000 8.712469e+01
7748.7500 5.193273e+02
7750.0000 1.671020e+03
7751.2500 1.256401e+03
7752.5000 1.713689e+02
7753.7500 5.129942e+01
7755.0000 5.306335e+01
7756.2500 7.863885e+01
7757.5000 9.711990e+01
7758.7500 3.865901e+02
7760.0000 6.013259e+02
7761.2500 2.153212e+02
7762.5000 4.710943e+01
7763.7500 4.550942e+01
7765.0000 4.646952e+01
7766.2500 4.109496e+01
7767.5000 4.639879e+01
7768.7500 5.651220e+01
7770.0000 8.324257e+01
7771.2500 2.097980e+02
7772.5000 3.644139e+02
7773.7500 3.593274e+02
7775.0000 1.942685e+02
7776.2500 7.980403e+01
7777.5000 4.936862e+01
7778.7500 1.666328e+02
7780.0000 3.700376e+02
7781.2500 2.409808e+02
7782.5000 5.805055e+01
7783.7500 5.327206e+01
7785.0000 6.692868e+01
7786.2500 6.657744e+01
7787.5000 6.100086e+01
7788.7500 6.694437e+01
7790.0000 1.069191e+02
7791.2500 1.273427e+02
7792.5000 5.484293e+02
7793.7500 1.326276e+03
7795.0000 7.478533e+02
7796.2500 7.965602e+01
7797.5000 5.292991e+01
7798.7500 5.230919e+01
7800.0000 4.704037e+01
7801.2500 4.333278e+01
7802.5000 4.849726e+01
7803.7500 4.874965e+01
7805.0000 5.178291e+01
7806.2500 1.011200e+02
7807.5000 4.422121e+02
7808.7500 4.907030e+02
7810.0000 1.397152e+02
7811.2500 6.831861e+01
7812.5000 6.522965e+01
7813.7500 7.207870e+01
7815.0000 8.137322e+01
7816.2500 6.744213e+01
7817.5000 6.263319e+01
7818.7500 1.055454e+02
7820.0000 7.786525e+02
7821.2500 1.678746e+03
7822.5000 8.164196e+02
7823.7500 8.352465e+01
7825.0000 5.969502e+01
7826.2500 5.013209e+01
7827.5000 6.228741e+01
7828.7500 7.433967e+01
7830.0000 5.924623e+01
7831.2500 4.581518e+01
7832.5000 5.323954e+01
7833.7500 6.510944e+01
7835.0000 5.371928e+01
7836.2500 4.613081e+01
7837.5000 4.838235e+01
7838.7500 6.681784e+01
7840.0000 3.166429e+02
7841.2500 4.741380e+02
7842.5000 1.998097e+02
7843.7500 4.724699e+01
7845.0000 4.769086e+01
7846.2500 4.484638e+01
7847.5000 6.518121e+01
7848.7500 1.630868e+02
7850.0000 1.938556e+02
7851.2500 3.108681e+02
7852.5000 1.401928e+03
7853.7500 1.461650e+03
7855.0000 3.105149e+02
7856.2500 8.796829e+01
7857.5000 1.800437e+02
7858.7500 2.565589e+02
7860.0000 5.775268e+02
7861.2500 4.950080e+02
7862.5000 8.843706e+01
7863.7500 4.805370e+01
7865.0000 5.033806e+01
7866.2500 1.443950e+02
7867.5000 2.673294e+02
7868.7500 2.705013e+02
7870.0000 6.392384e+02
7871.2500 5.630251e+02
7872.5000 1.145001e+02
7873.7500 4.582686e+01
7875.0000 4.508720e+01
7876.2500 5.870908e+01
7877.5000 2.269109e+02
7878.7500 3.464661e+02
7880.0000 2.440367e+02
7881.2500 2.851773e+02
7882.5000 2.033732e+02
7883.7500 7.293811e+01
7885.0000 7.451418e+01
7886.2500 8.094260e+01
7887.5000 1.287632e+02
7888.7500 5.607430e+02
7890.0000 7.192451e+02
7891.2500 2.604068e+02
7892.5000 7.755559e+01
7893.7500 7.570101e+01
7895.0000 7.128967e+01
7896.2500 6.156009e+01
7897.5000 6.240232e+01
7898.7500 5.586890e+01
7900.0000 4.463823e+01
7901.2500 4.897969e+01
7902.5000 6.252524e+01
7903.7500 5.758854e+01
7905.0000 5.696783e+01
7906.2500 6.620654e+01
7907.5000 5.561953e+01
7908.7500 5.990702e+01
7910.0000 9.455283e+01
7911.2500 2.921597e+02
7912.5000 1.446637e+03
7913.7500 1.894558e+03
7915.0000 5.889382e+02
7916.2500 7.170294e+01
7917.5000 1.062233e+02
7918.7500 1.848071e+02
7920.0000 6.204415e+02
7921.2500 7.157840e+02
7922.5000 2.195152e+02
7923.7500 6.602375e+01
7925.0000 5.229538e+01
7926.2500 4.516071e+01
7927.5000 6.646848e+01
7928.7500 1.077676e+02
7930.0000 3.655602e+02
7931.2500 5.237168e+02
7932.5000 2.410660e+02
7933.7500 7.337675e+01
7935.0000 5.298987e+01
7936.2500 4.762624e+01
7937.5000 4.836107e+01
7938.7500 5.349926e+01
7940.0000 5.228058e+01
7941.2500 5.649033e+01
7942.5000 6.166195e+01
7943.7500 6.345984e+01
7945.0000 8.819862e+01
7946.2500 7.939268e+01
7947.5000 1.993793e+02
7948.7500 4.477977e+02
7950.0000 2.717975e+02
7951.2500 6.775427e+01
7952.5000 6.311232e+01
7953.7500 4.715079e+01
7955.0000 4.358690e+01
7956.2500 4.337828e+01
7957.5000 4.846451e+01
7958.7500 4.318820e+01
7960.0000 4.440216e+01
7961.2500 5.182400e+01
7962.5000 2.508101e+02
7963.7500 1.437545e+03
7965.0000 1.404271e+03
7966.2500 2.613859e+02
7967.5000 1.366002e+02
7968.7500 1.142660e+02
7970.0000 6.073089e+01
7971.2500 5.410636e+01
7972.5000 5.992245e+01
7973.7500 5.111718e+01
7975.0000 6.850465e+01
7976.2500 1.773197e+02
7977.5000 2.530802e+02
7978.7500 5.104756e+02
7980.0000 5.369023e+02
7981.2500 1.398539e+02
7982.5000 4.708539e+01
7983.7500 4.699888e+01
7985.0000 5.066092e+01
7986.2500 6.081313e+01
7987.5000 6.854491e+01
7988.7500 6.667027e+01
7990.0000 7.256452e+01
7991.2500 3.113200e+02
7992.5000 1.621194e+03
7993.7500 1.551665e+03
7995.0000 2.700064e+02
7996.2500 7.657219e+01
7997.5000 7.677182e+01
7998.7500 7.618867e+01
8000.0000 6.506396e+01
8001.2500 6.832029e+01
8002.5000 6.337288e+01
8003.7500 5.726861e+01
8005.0000 5.562677e+01
8006.2500 4.911666e+01
8007.5000 4.808520e+01
8008.7500 5.196925e+01
8010.0000 5.556301e+01
8011.2500 6.940390e+01
8012.5000 2.320017e+02
8013.7500 4.779795e+02
8015.0000 2.908397e+02
8016.2500 7.193728e+01
8017.5000 5.677739e+01
8018.7500 8.966975e+01
8020.0000 1.204733e+02
8021.2500 8.003739e+01
8022.5000 5.724759e+01
8023.7500 2.502497e+02
8025.0000 1.032154e+03
8026.2500 9.543474e+02
8027.5000 2.407751e+02
8028.7500 1.391247e+02
8030.0000 9.205354e+01
8031.2500 7.756389e+01
8032.5000 6.666293e+01
8033.7500 5.958596e+01
8035.0000 5.705948e+01
8036.2500 5.035761e+01
8037.5000 4.454324e+01
8038.7500 4.837998e+01
8040.0000 5.583004e+01
8041.2500 5.623300e+01
8042.5000 4.969425e+01
8043.7500 4.346158e+01
8045.0000 4.626511e+01
8046.2500 5.095864e+01
8047.5000 5.102277e+01
8048.7500 6.726942e+01
8050.0000 1.252426e+02
8051.2500 2.733332e+02
8052.5000 2.332420e+02
8053.7500 6.842047e+01
8055.0000 4.671414e+01
8056.2500 4.733091e+01
8057.5000 4.970876e+01
8058.7500 5.217739e+01
8060.0000 1.369454e+02
8061.2500 5.301565e+02
8062.5000 5.238361e+02
8063.7500 1.302533e+02
8065.0000 5.410390e+01
8066.2500 5.552549e+01
8067.5000 5.259599e+01
8068.7500 4.877140e+01
8070.0000 4.762812e+01
8071.2500 4.808199e+01
8072.5000 4.916402e+01
8073.7500 6.180774e+01
8075.0000 6.206252e+01
8076.2500 7.413708e+01
8077.5000 7.749584e+01
8078.7500 5.442035e+01
8080.0000 5.342274e+01
8081.2500 5.484426e+01
8082.5000 6.244142e+01
8083.7500 8.306406e+01
8085.0000 9.780885e+01
8086.2500 7.022074e+01
8087.5000 5.243140e+01
8088.7500 5.001817e+01
8090.0000 5.251617e+01
8091.2500 5.923148e+01
8092.5000 1.374691e+02
8093.7500 1.804784e+02
8095.0000 9.804175e+01
8096.2500 5.585878e+01
8097.5000 5.507158e+01
8098.7500 5.829312e+01
8100.0000 7.497945e+01
8101.2500 2.230894e+02
8102.5000 3.109236e+02
8103.7500 1.604050e+02
8105.0000 7.251011e+01
8106.2500 6.483750e+01
8107.5000 6.246822e+01
8108.7500 6.426317e+01
8110.0000 6.282642e+01
8111.2500 5.952055e+01
8112.5000 5.587047e+01
8113.7500 5.398987e+01
8115.0000 5.323412e+01
8116.2500 5.131466e+01
8117.5000 4.902480e+01
8118.7500 5.279156e+01
8120.0000 5.053156e+01
8121.2500 5.169343e+01
8122.5000 5.716763e+01
8123.7500 5.515221e+01
8125.0000 5.296886e+01
8126.2500 5.955664e+01
8127.5000 5.969545e+01
8128.7500 5.321212e+01
8130.0000 5.405865e+01
8131.2500 6.227664e+01
8132.5000 5.857760e+01
8133.7500 5.526617e+01
8135.0000 6.169800e+01
8136.2500 6.621193e+01
8137.5000 7.953763e+01
8138.7500 1.152650e+02
8140.0000 1.024316e+02
8141.2500 6.033132e+01
8142.5000 4.805691e+01
8143.7500 4.563689e+01
8145.0000 7.281592e+01
8146.2500 1.391699e+02
8147.5000 1.281022e+02
8148.7500 6.421848e+01
8150.0000 4.918640e+01
8151.2500 4.562363e+01
8152.5000 4.713364e+01
8153.7500 4.721253e+01
8155.0000 4.382655e+01
8156.2500 4.102983e+01
8157.5000 4.408415e+01
8158.7500 4.316253e+01
8160.0000 4.378658e+01
8161.2500 4.604634e+01
8162.5000 4.936720e+01
8163.7500 4.776239e+01
8165.0000 4.643428e+01
8166.2500 4.134086e+01
8167.5000 3.733346e+01
8168.7500 4.114853e+01
8170.0000 4.272248e+01
8171.2500 4.419426e+01
8172.5000 4.026660e+01
8173.7500 3.790970e+01
8175.0000 3.935645e+01
8176.2500 4.311143e+01
8177.5000 4.660372e+01
8178.7500 4.570608e+01
8180.0000 4.299538e+01
8181.2500 3.982117e+01
8182.5000 4.056346e+01
8183.7500 4.003790e+01
8185.0000 4.047059e+01
8186.2500 4.660057e+01
8187.5000 7.089582e+01
8188.7500 7.138451e+01
8190.0000 5.060722e+01
8191.2500 4.391000e+01
8192.5000 4.611449e+01
8193.7500 6.630120e+01
8195.0000 8.017915e+01
8196.2500 6.137555e+01
8197.5000 4.579054e+01
8198.7500 4.552150e+01
8200.0000 4.607028e+01
8201.2500 4.622013e+01
8202.5000 5.018660e+01
8203.7500 5.011174e+01
8205.0000 5.034914e+01
8206.2500 5.951609e+01
8207.5000 6.068105e+01
8208.7500 5.816755e+01
8210.0000 4.997483e+01
8211.2500 4.825658e+01
8212.5000 5.459279e+01
8213.7500 5.728963e+01
8215.0000 5.950646e+01
8216.2500 5.657103e+01
8217.5000 5.137044e+01
8218.7500 5.477940e+01
8220.0000 5.287889e+01
8221.2500 5.544703e+01
8222.5000 6.587215e+01
8223.7500 7.061960e+01
8225.0000 6.901799e+01
8226.2500 6.873495e+01
8227.5000 6.598082e+01
8228.7500 7.411028e+01
8230.0000 7.410731e+01
8231.2500 7.535504e+01
8232.5000 8.050893e+01
8233.7500 7.752630e+01
8235.0000 8.150549e+01
8236.2500 8.194093e+01
8237.5000 7.899432e+01
8238.7500 7.906268e+01
8240.0000 8.655138e+01
8241.2500 1.060267e+02
8242.5000 8.927995e+01
8243.7500 6.661082e+01
8245.0000 7.024219e+01
8246.2500 7.803146e+01
8247.5000 9.373396e+01
8248.7500 7.957657e+01
8250.0000 5.998368e+01
8251.2500 5.981118e+01
8252.5000 5.901048e+01
8253.7500 6.749722e+01
8255.0000 7.985069e+01
8256.2500 6.975867e+01
8257.5000 5.011528e+01
8258.7500 5.583871e+01
8260.0000 5.796302e+01
8261.2500 5.610407e+01
8262.5000 5.279338e+01
8263.7500 5.774681e+01
8265.0000 5.651964e+01
8266.2500 5.443394e+01
8267.5000 5.357578e+01
8268.7500 5.614484e+01
8270.0000 5.423598e+01
8271.2500 5.529742e+01
8272.5000 5.564239e+01
8273.7500 5.185284e+01
8275.0000 6.374648e+01
8276.2500 1.151657e+02
8277.5000 3.757663e+02
8278.7500 4.487381e+02
8280.0000 5.058735e+02
8281.2500 1.016642e+03
8282.5000 7.405175e+02
8283.7500 1.516083e+02
8285.0000 1.986911e+02
8286.2500 4.447100e+02
8287.5000 1.346392e+03
8288.7500 1.910010e+03
8290.0000 4.943686e+02
8291.2500 9.532275e+01
8292.5000 5.441787e+01
8293.7500 7.416226e+01
8295.0000 3.412084e+02
8296.2500 5.417012e+02
8297.5000 9.555901e+02
8298.7500 1.513814e+03
8300.0000 7.079904e+02
8301.2500 1.127174e+02
8302.5000 1.056268e+02
8303.7500 8.660854e+01
8305.0000 7.355032e+01
8306.2500 5.786559e+01
8307.5000 5.574179e+01
8308.7500 1.580309e+02
8310.0000 4.883821e+02
8311.2500 4.002684e+02
8312.5000 9.494215e+01
8313.7500 4.553990e+01
8315.0000 4.498443e+01
8316.2500 6.121833e+01
8317.5000 9.083705e+01
8318.7500 8.452647e+01
8320.0000 6.060431e+01
8321.2500 5.169212e+01
8322.5000 5.616914e+01
8323.7500 5.005704e+01
8325.0000 4.726403e+01
8326.2500 4.536884e+01
8327.5000 4.600848e+01
8328.7500 4.889484e+01
8330.0000 4.775166e+01
8331.2500 5.035696e+01
8332.5000 5.254095e+01
8333.7500 4.795167e+01
8335.0000 5.247054e+01
8336.2500 6.916827e+01
8337.5000 9.210806e+01
8338.7500 8.620886e+01
8340.0000 7.111579e+01
8341.2500 2.017007e+02
8342.5000 1.160219e+03
8343.7500 4.768976e+03
8345.0000 4.090083e+03
8346.2500 5.688521e+02
8347.5000 8.204927e+01
8348.7500 1.437806e+02
8350.0000 1.751103e+02
8351.2500 6.358068e+02
8352.5000 1.464505e+03
8353.7500 8.149921e+02
8355.0000 9.427831e+01
8356.2500 5.628823e+01
8357.5000 5.444105e+01
8358.7500 6.678833e+01
8360.0000 1.160837e+02
8361.2500 1.380250e+02
8362.5000 1.549831e+02
8363.7500 4.163425e+02
8365.0000 4.627999e+02
8366.2500 1.730185e+02
8367.5000 6.490118e+01
8368.7500 5.337471e+01
8370.0000 4.966653e+01
8371.2500 5.053362e+01
8372.5000 5.392247e+01
8373.7500 5.245648e+01
8375.0000 5.935151e+01
8376.2500 5.830117e+01
8377.5000 5.876478e+01
8378.7500 9.749060e+01
8380.0000 2.136952e+02
8381.2500 7.009008e+02
8382.5000 8.632006e+02
8383.7500 2.699968e+02
8385.0000 5.647452e+01
8386.2500 5.347931e+01
8387.5000 5.210735e+01
8388.7500 5.954572e+01
8390.0000 7.642896e+01
8391.2500 7.452894e+01
8392.5000 5.732215e+01
8393.7500 4.791400e+01
8395.0000 5.452150e+01
8396.2500 1.057098e+02
8397.5000 1.341554e+03
8398.7500 3.562083e+03
8400.0000 1.860297e+03
8401.2500 1.662274e+02
8402.5000 5.385709e+01
8403.7500 5.206347e+01
8405.0000 4.826061e+01
8406.2500 4.754890e+01
8407.5000 4.880045e+01
8408.7500 5.267981e+01
8410.0000 5.532682e+01
8411.2500 5.330824e+01
8412.5000 8.268815e+01
8413.7500 6.758347e+02
8415.0000 1.276360e+03
8416.2500 5.471758e+02
8417.5000 6.961335e+01
8418.7500 5.759846e+01
8420.0000 6.054099e+01
8421.2500 6.173602e+01
8422.5000 8.018464e+01
8423.7500 8.905431e+01
8425.0000 8.761148e+01
8426.2500 1.113046e+02
8427.5000 2.217681e+02
8428.7500 2.371614e+03
8430.0000 4.678831e+03
8431.2500 1.780278e+03
8432.5000 1.414545e+02
8433.7500 1.183668e+02
8435.0000 9.753001e+01
8436.2500 5.888927e+01
8437.5000 5.343378e+01
8438.7500 5.327686e+01
8440.0000 5.377663e+01
8441.2500 5.562539e+01
8442.5000 5.441336e+01
8443.7500 5.541598e+01
8445.0000 1.308317e+02
8446.2500 2.161998e+02
8447.5000 1.316679e+02
8448.7500 6.393985e+01
8450.0000 1.539762e+02
8451.2500 8.595132e+02
8452.5000 1.046755e+03
8453.7500 2.831250e+02
8455.0000 6.318417e+01
8456.2500 5.736773e+01
8457.5000 5.344799e+01
8458.7500 5.544080e+01
8460.0000 6.097694e+01
8461.2500 7.366691e+01
8462.5000 1.172446e+02
8463.7500 9.612199e+02
8465.0000 2.742797e+03
8466.2500 1.682780e+03
8467.5000 1.523335e+02
8468.7500 5.310962e+01
8470.0000 4.897919e+01
8471.2500 4.737309e+01
8472.5000 5.582746e+01
8473.7500 9.451387e+01
8475.0000 9.526040e+01
8476.2500 5.624950e+01
8477.5000 4.286611e+01
8478.7500 4.522739e+01
8480.0000 4.320615e+01
8481.2500 4.274123e+01
8482.5000 4.243971e+01
8483.7500 4.444973e+01
8485.0000 4.688745e+01
8486.2500 4.729778e+01
8487.5000 4.432198e+01
8488.7500 4.462123e+01
8490.0000 4.597694e+01
8491.2500 1.331328e+02
8492.5000 4.979654e+02
8493.7500 5.103911e+02
8495.0000 1.539797e+02
8496.2500 6.600392e+01
8497.5000 6.072940e+01
8498.7500 5.426059e+01
8500.0000 6.640498e+01
8501.2500 8.314400e+01
8502.5000 2.339810e+02
8503.7500 1.032739e+03
8505.0000 1.157721e+03
8506.2500 3.083991e+02
8507.5000 5.859585e+01
8508.7500 4.911163e+01
8510.0000 5.038328e+01
8511.2500 5.321828e+01
8512.5000 5.108553e+01
8513.7500 4.926052e+01
8515.0000 4.740785e+01
8516.2500 5.088427e+01
8517.5000 5.078957e+01
8518.7500 6.058557e+01
8520.0000 7.968159e+01
8521.2500 7.305128e+01
8522.5000 5.575101e+01
8523.7500 5.197339e+01
8525.0000 5.406627e+01
8526.2500 5.290434e+01
8527.5000 5.133799e+01
8528.7500 5.443905e+01
8530.0000 4.842744e+01
8531.2500 5.169423e+01
8532.5000 4.990376e+01
8533.7500 4.903626e+01
8535.0000 5.471965e+01
8536.2500 7.450310e+01
8537.5000 2.547973e+02
8538.7500 3.387809e+02
8540.0000 1.319626e+02
8541.2500 6.772555e+01
8542.5000 6.022989e+01
8543.7500 5.359426e+01
8545.0000 5.857219e+01
8546.2500 1.042254e+02
8547.5000 4.297173e+02
8548.7500 6.380386e+02
8550.0000 2.659721e+02
8551.2500 7.222163e+01
8552.5000 6.878710e+01
8553.7500 6.332015e+01
8555.0000 5.123531e+01
8556.2500 4.540375e+01
8557.5000 4.581848e+01
8558.7500 4.899014e+01
8560.0000 4.803699e+01
8561.2500 4.791677e+01
8562.5000 4.735236e+01
8563.7500 4.728118e+01
8565.0000 4.987370e+01
8566.2500 5.171233e+01
8567.5000 4.797283e+01
8568.7500 5.188879e+01
8570.0000 4.925440e+01
8571.2500 6.113629e+01
8572.5000 7.098289e+01
8573.7500 6.365209e+01
8575.0000 6.986098e+01
8576.2500 7.158000e+01
8577.5000 6.231221e+01
8578.7500 5.561831e+01
8580.0000 4.508282e+01
8581.2500 4.461355e+01
8582.5000 4.616152e+01
8583.7500 4.510660e+01
8585.0000 4.944680e+01
8586.2500 8.371460e+01
8587.5000 1.758271e+02
8588.7500 1.597859e+02
8590.0000 6.743430e+01
8591.2500 5.446283e+01
8592.5000 5.234354e+01
8593.7500 5.259038e+01
8595.0000 1.092326e+02
8596.2500 2.406429e+02
8597.5000 2.141007e+02
8598.7500 8.059721e+01
8600.0000 5.820723e+01
8601.2500 6.097805e+01
8602.5000 6.386235e+01
8603.7500 5.724805e+01
8605.0000 5.814203e+01
8606.2500 5.957911e+01
8607.5000 6.148661e+01
8608.7500 6.835513e+01
8610.0000 7.714713e+01
8611.2500 9.014365e+01
8612.5000 1.059898e+02
8613.7500 1.327576e+02
8615.0000 1.593648e+02
8616.2500 1.747852e+02
8617.5000 2.225958e+02
8618.7500 2.451932e+02
8620.0000 2.853615e+02
8621.2500 3.370544e+02
8622.5000 3.414918e+02
8623.7500 4.203194e+02
8625.0000 4.585019e+02
8626.2500 4.174158e+02
8627.5000 5.065869e+02
8628.7500 5.339406e+02
8630.0000 4.576599e+02
8631.2500 5.373485e+02
8632.5000 5.228491e+02
8633.7500 3.897791e+02
8635.0000 4.476306e+02
8636.2500 4.289449e+02
8637.5000 2.593300e+02
8638.7500 2.751721e+02
8640.0000 2.834963e+02
8641.2500 2.094086e+02
8642.5000 1.408199e+02
8643.7500 7.308681e+01
8645.0000 9.644366e+01
8646.2500 2.063743e+02
8647.5000 2.119255e+02
8648.7500 3.252196e+02
8650.0000 5.213715e+02
8651.2500 4.407975e+02
8652.5000 2.741015e+02
8653.7500 4.257527e+02
8655.0000 6.063400e+02
8656.2500 4.120607e+02
8657.5000 2.704812e+02
8658.7500 5.131885e+02
8660.0000 6.079572e+02
8661.2500 3.371752e+02
8662.5000 2.244136e+02
8663.7500 4.776883e+02
8665.0000 5.707962e+02
8666.2500 3.048991e+02
8667.5000 1.839426e+02
8668.7500 3.866355e+02
8670.0000 4.793413e+02
8671.2500 2.737965e+02
8672.5000 1.145343e+02
8673.7500 2.525085e+02
8675.0000 3.805276e+02
8676.2500 2.588796e+02
8677.5000 1.045201e+02
8678.7500 1.418048e+02
8680.0000 2.554545e+02
8681.2500 2.502919e+02
8682.5000 1.335910e+02
8683.7500 8.245979e+01
8685.0000 1.370542e+02
8686.2500 1.874000e+02
8687.5000 1.374549e+02
8688.7500 7.715269e+01
8690.0000 7.590987e+01
8691.2500 1.153483e+02
8692.5000 1.351407e+02
8693.7500 1.046490e+02
8695.0000 7.084610e+01
8696.2500 7.687198e+01
8697.5000 1.007114e+02
8698.7500 1.319395e+02
8700.0000 1.566403e+02
8701.2500 1.173083e+02
8702.5000 7.714178e+01
8703.7500 7.780670e+01
8705.0000 9.942957e+01
8706.2500 1.419391e+02
8707.5000 1.604082e+02
8708.7500 1.033426e+02
8710.0000 6.640881e+01
8711.2500 6.811132e+01
8712.5000 6.354250e+01
8713.7500 6.533133e+01
8715.0000 6.560368e+01
8716.2500 6.249732e+01
8717.5000 6.234694e+01
8718.7500 5.467552e+01
8720.0000 5.649803e+01
8721.2500 5.794189e+01
8722.5000 5.799606e+01
8723.7500 5.948572e+01
8725.0000 6.717840e+01
8726.2500 8.163872e+01
8727.5000 6.803873e+01
8728.7500 5.169580e+01
8730.0000 4.745642e+01
8731.2500 4.962114e+01
8732.5000 4.952322e+01
8733.7500 4.734184e+01
8735.0000 5.054629e+01
8736.2500 5.912543e+01
8737.5000 7.224926e+01
8738.7500 7.069242e+01
8740.0000 7.499667e+01
8741.2500 6.756440e+01
8742.5000 5.888615e+01
8743.7500 6.026154e+01
8745.0000 5.720304e+01
8746.2500 5.788118e+01
8747.5000 5.505648e+01
8748.7500 6.665857e+01
8750.0000 7.117735e+01
8751.2500 6.320199e+01
8752.5000 5.922930e+01
8753.7500 5.464985e+01
8755.0000 6.231005e+01
8756.2500 1.249922e+02
8757.5000 4.972032e+02
8758.7500 8.447045e+02
8760.0000 1.641972e+03
8761.2500 2.000062e+03
8762.5000 7.164414e+02
8763.7500 2.185372e+02
8765.0000 7.295055e+02
8766.2500 2.197776e+03
8767.5000 3.186421e+03
8768.7500 1.470785e+03
8770.0000 2.090965e+02
8771.2500 1.079797e+02
8772.5000 8.469521e+01
8773.7500 1.963954e+02
8775.0000 1.003553e+03
8776.2500 1.914767e+03
8777.5000 3.484913e+03
8778.7500 2.730819e+03
8780.0000 4.091365e+02
8781.2500 9.221682e+01
8782.5000 8.412194e+01
8783.7500 8.013215e+01
8785.0000 7.492063e+01
8786.2500 7.490442e+01
8787.5000 8.745212e+01
8788.7500 1.838651e+02
8790.0000 9.215719e+02
8791.2500 1.284901e+03
8792.5000 4.368608e+02
8793.7500 7.900758e+01
8795.0000 7.403474e+01
8796.2500 7.310665e+01
8797.5000 7.344076e+01
8798.7500 6.943455e+01
8800.0000 6.916244e+01
8801.2500 7.331714e+01
8802.5000 7.159280e+01
8803.7500 5.816110e+01
8805.0000 5.389787e+01
8806.2500 5.988458e+01
8807.5000 7.101096e+01
8808.7500 1.278646e+02
8810.0000 1.638799e+02
8811.2500 1.032541e+02
8812.5000 5.916988e+01
8813.7500 5.473569e+01
8815.0000 5.426980e+01
8816.2500 5.231189e+01
8817.5000 5.414244e+01
8818.7500 5.644672e+01
8820.0000 5.693937e+01
8821.2500 6.459737e+01
8822.5000 8.876800e+01
8823.7500 3.595608e+02
8825.0000 2.028666e+03
8826.2500 7.115214e+03
8827.5000 6.314232e+03
8828.7500 1.135136e+03
8830.0000 1.810515e+02
8831.2500 2.322941e+02
8832.5000 3.310925e+02
8833.7500 4.013872e+02
8835.0000 1.509649e+03
8836.2500 2.449151e+03
8837.5000 1.027786e+03
8838.7500 1.278010e+02
8840.0000 6.817380e+01
8841.2500 6.390824e+01
8842.5000 6.445502e+01
8843.7500 9.638124e+01
8845.0000 1.295636e+02
8846.2500 1.163106e+02
8847.5000 1.865382e+02
8848.7500 6.928395e+02
8850.0000 7.472764e+02
8851.2500 2.290068e+02
8852.5000 7.329763e+01
8853.7500 7.178893e+01
8855.0000 7.599302e+01
8856.2500 7.518822e+01
8857.5000 7.066467e+01
8858.7500 7.664901e+01
8860.0000 9.576305e+01
8861.2500 1.488514e+02
8862.5000 1.800301e+02
8863.7500 1.358880e+02
8865.0000 2.190049e+02
8866.2500 1.272532e+03
8867.5000 2.026786e+03
8868.7500 7.728793e+02
8870.0000 1.000766e+02
8871.2500 8.051825e+01
8872.5000 7.291433e+01
8873.7500 7.317559e+01
8875.0000 6.855883e+01
8876.2500 6.917332e+01
8877.5000 6.656889e+01
8878.7500 6.646579e+01
8880.0000 6.650889e+01
8881.2500 7.436025e+01
8882.5000 1.289219e+02
8883.7500 1.053556e+03
8885.0000 5.610580e+03
8886.2500 5.674846e+03
8887.5000 1.047080e+03
8888.7500 1.539757e+02
8890.0000 1.177206e+02
8891.2500 8.117714e+01
8892.5000 6.721910e+01
8893.7500 7.691051e+01
8895.0000 1.017281e+02
8896.2500 1.126921e+02
8897.5000 9.473307e+01
8898.7500 7.797113e+01
8900.0000 1.047683e+02
8901.2500 6.493827e+02
8902.5000 2.106856e+03
8903.7500 1.665136e+03
8905.0000 2.806746e+02
8906.2500 9.628808e+01
8907.5000 1.164284e+02
8908.7500 1.362419e+02
8910.0000 1.172683e+02
8911.2500 7.994702e+01
8912.5000 6.709808e+01
8913.7500 7.716685e+01
8915.0000 9.291724e+01
8916.2500 1.576044e+02
8917.5000 1.229447e+03
8918.7500 6.597455e+03
8920.0000 6.554971e+03
8921.2500 1.163226e+03
8922.5000 1.357725e+02
8923.7500 1.113742e+02
8925.0000 1.026328e+02
8926.2500 1.294484e+02
8927.5000 1.642715e+02
8928.7500 1.441365e+02
8930.0000 9.128934e+01
8931.2500 7.971818e+01
8932.5000 8.489171e+01
8933.7500 1.051934e+02
8935.0000 1.048860e+02
8936.2500 9.654268e+01
8937.5000 8.584393e+01
8938.7500 9.198543e+01
8940.0000 1.066570e+02
8941.2500 3.746308e+02
8942.5000 1.636484e+03
8943.7500 1.636658e+03
8945.0000 3.833364e+02
8946.2500 8.028433e+01
8947.5000 7.653684e+01
8948.7500 7.224759e+01
8950.0000 6.792418e+01
8951.2500 6.293841e+01
8952.5000 7.361428e+01
8953.7500 9.603104e+01
8955.0000 2.093370e+02
8956.2500 1.802965e+03
8957.5000 5.351697e+03
8958.7500 3.604646e+03
8960.0000 4.631325e+02
8961.2500 1.045196e+02
8962.5000 9.652749e+01
8963.7500 1.029764e+02
8965.0000 8.814130e+01
8966.2500 7.756988e+01
8967.5000 7.833788e+01
8968.7500 9.727799e+01
8970.0000 1.598784e+02
8971.2500 1.845098e+02
8972.5000 1.122082e+02
8973.7500 8.429952e+01
8975.0000 8.267924e+01
8976.2500 8.756183e+01
8977.5000 1.001478e+02
8978.7500 1.111798e+02
8980.0000 1.490298e+02
8981.2500 1.672715e+02
8982.5000 1.227807e+02
8983.7500 9.636404e+01
8985.0000 1.570598e+02
8986.2500 5.064822e+02
8987.5000 2.958122e+03
8988.7500 2.967784e+03
8990.0000 4.084667e+02
8991.2500 2.146131e+02
8992.5000 2.473659e+02
8993.7500 1.074755e+02
8995.0000 6.851141e+01
8996.2500 7.172057e+01
8997.5000 8.776492e+01
8998.7500 2.970525e+02
9000.0000 3.842446e+03
9001.2500 1.021005e+04
9002.5000 2.224327e+03
9003.7500 1.658498e+02
9005.0000 9.009704e+01
9006.2500 7.599397e+01
9007.5000 7.099508e+01
9008.7500 7.047736e+01
9010.0000 6.421532e+01
9011.2500 6.608939e+01
9012.5000 6.595685e+01
9013.7500 6.403181e+01
9015.0000 5.763980e+01
9016.2500 6.449828e+01
9017.5000 7.321577e+01
9018.7500 7.538293e+01
9020.0000 1.033491e+02
9021.2500 1.128680e+02
9022.5000 7.847011e+01
9023.7500 6.313784e+01
9025.0000 6.837491e+01
9026.2500 7.952225e+01
9027.5000 1.006877e+02
9028.7500 9.796418e+01
9030.0000 7.797179e+01
9031.2500 7.356915e+01
9032.5000 6.190492e+01
9033.7500 6.436489e+01
9035.0000 8.015576e+01
9036.2500 2.843765e+02
9037.5000 6.521729e+02
9038.7500 4.475868e+02
9040.0000 1.063478e+02
9041.2500 7.812721e+01
9042.5000 9.983925e+01
9043.7500 1.107928e+02
9045.0000 8.898803e+01
9046.2500 1.054516e+02
9047.5000 4.303089e+02
9048.7500 1.311714e+03
9050.0000 1.113742e+03
9051.2500 2.579948e+02
9052.5000 9.490192e+01
9053.7500 8.621571e+01
9055.0000 9.660342e+01
9056.2500 1.120895e+02
9057.5000 1.036089e+02
9058.7500 8.429628e+01
9060.0000 8.033443e+01
9061.2500 7.284140e+01
9062.5000 8.466467e+01
9063.7500 1.268565e+02
9065.0000 1.387007e+02
9066.2500 1.036277e+02
9067.5000 1.169094e+02
9068.7500 1.377180e+02
9070.0000 1.264356e+02
9071.2500 1.084272e+02
9072.5000 7.547221e+01
9073.7500 6.676089e+01
9075.0000 7.591349e+01
9076.2500 7.732070e+01
9077.5000 6.437854e+01
9078.7500 6.828361e+01
9080.0000 6.769957e+01
9081.2500 7.093938e+01
9082.5000 7.775563e+01
9083.7500 8.491375e+01
9085.0000 8.766778e+01
9086.2500 7.751307e+01
9087.5000 6.640704e+01
9088.7500 6.560741e+01
9090.0000 1.032554e+02
9091.2500 2.540743e+02
9092.5000 3.870073e+02
9093.7500 2.252969e+02
9095.0000 9.057327e+01
9096.2500 7.460152e+01
9097.5000 8.463961e+01
9098.7500 7.918555e+01
9100.0000 1.036785e+02
9101.2500 3.554940e+02
9102.5000 5.948365e+02
9103.7500 3.455241e+02
9105.0000 9.807003e+01
9106.2500 6.590714e+01
9107.5000 6.919809e+01
9108.7500 7.045811e+01
9110.0000 7.307848e+01
9111.2500 7.146889e+01
9112.5000 7.389944e+01
9113.7500 7.685754e+01
9115.0000 7.319065e+01
9116.2500 7.105947e+01
9117.5000 6.111185e+01
9118.7500 6.055398e+01
9120.0000 6.116916e+01
9121.2500 7.039288e+01
9122.5000 7.097300e+01
9123.7500 6.966366e+01
9125.0000 7.155652e+01
9126.2500 7.290048e+01
9127.5000 7.169657e+01
9128.7500 6.772762e+01
9130.0000 6.492365e+01
9131.2500 7.043163e+01
9132.5000 7.849348e+01
9133.7500 8.757382e+01
9135.0000 8.209846e+01
9136.2500 7.937334e+01
9137.5000 8.290517e+01
9138.7500 8.529012e+01
9140.0000 8.415836e+01
9141.2500 7.298173e+01
9142.5000 7.501703e+01
9143.7500 7.999194e+01
9145.0000 7.646867e+01
9146.2500 8.266088e+01
9147.5000 7.609000e+01
9148.7500 8.172090e+01
9150.0000 1.426661e+02
9151.2500 3.021914e+02
9152.5000 2.781997e+02
9153.7500 1.361202e+02
9155.0000 9.817372e+01
9156.2500 1.144966e+02
9157.5000 1.193916e+02
9158.7500 1.577999e+02
9160.0000 3.133987e+02
9161.2500 3.665999e+02
9162.5000 1.825093e+02
9163.7500 8.636933e+01
9165.0000 7.696868e+01
9166.2500 7.297260e+01
9167.5000 7.234522e+01
9168.7500 7.893916e+01
9170.0000 8.187145e+01
9171.2500 8.252531e+01
9172.5000 8.027003e+01
9173.7500 7.723685e+01
9175.0000 7.519712e+01
9176.2500 8.648647e+01
9177.5000 8.402264e+01
9178.7500 8.722826e+01
9180.0000 8.680312e+01
9181.2500 7.715839e+01
9182.5000 7.966183e+01
9183.7500 8.056104e+01
9185.0000 7.842204e+01
9186.2500 7.997074e+01
9187.5000 7.514164e+01
9188.7500 7.504353e+01
9190.0000 7.204561e+01
9191.2500 7.069506e+01
9192.5000 6.905690e+01
9193.7500 6.763893e+01
9195.0000 6.819479e+01
9196.2500 6.758162e+01
9197.5000 7.562133e+01
9198.7500 7.695428e+01
9200.0000 7.297726e+01
9201.2500 7.231609e+01
9202.5000 7.890727e+01
9203.7500 8.698081e+01
9205.0000 7.901327e+01
9206.2500 7.302905e+01
9207.5000 7.288651e+01
9208.7500 8.335347e+01
9210.0000 7.957001e+01
9211.2500 8.213022e+01
9212.5000 7.221774e+01
9213.7500 8.994196e+01
9215.0000 1.807588e+02
9216.2500 2.765678e+02
9217.5000 1.806476e+02
9218.7500 8.931187e+01
9220.0000 8.820962e+01
9221.2500 8.925509e+01
9222.5000 1.403802e+02
9223.7500 2.795419e+02
9225.0000 2.882557e+02
9226.2500 1.653518e+02
9227.5000 9.959865e+01
9228.7500 8.938073e+01
9230.0000 8.700726e+01
9231.2500 7.524258e+01
9232.5000 8.436990e+01
9233.7500 9.040812e+01
9235.0000 7.805794e+01
9236.2500 8.046734e+01
9237.5000 6.922735e+01
9238.7500 7.165806e+01
9240.0000 8.088366e+01
9241.2500 8.342114e+01
9242.5000 8.459576e+01
9243.7500 7.630729e+01
9245.0000 7.978992e+01
9246.2500 1.080692e+02
9247.5000 1.412134e+02
9248.7500 1.403653e+02
9250.0000 1.563182e+02
9251.2500 1.507205e+02
9252.5000 1.339269e+02
9253.7500 1.255581e+02
9255.0000 1.008330e+02
9256.2500 7.905537e+01
9257.5000 8.208852e+01
9258.7500 9.580742e+01
9260.0000 1.317509e+02
9261.2500 1.811421e+02
9262.5000 2.186618e+02
9263.7500 1.543767e+02
9265.0000 1.576923e+02
9266.2500 1.651246e+02
9267.5000 1.009061e+02
9268.7500 6.994696e+01
9270.0000 6.666950e+01
9271.2500 6.645033e+01
9272.5000 6.541568e+01
9273.7500 7.096972e+01
9275.0000 6.953483e+01
9276.2500 6.778536e+01
9277.5000 6.613994e+01
9278.7500 7.514451e+01
9280.0000 6.810443e+01
9281.2500 6.957409e+01
9282.5000 7.699768e+01
9283.7500 9.296018e+01
9285.0000 1.924769e+02
9286.2500 2.789496e+02
9287.5000 1.934018e+02
9288.7500 1.365207e+02
9290.0000 1.040788e+02
9291.2500 1.283210e+02
9292.5000 2.568448e+02
9293.7500 3.394906e+02
9295.0000 2.117939e+02
9296.2500 1.116758e+02
9297.5000 1.019554e+02
9298.7500 1.085574e+02
9300.0000 1.163872e+02
9301.2500 1.343197e+02
9302.5000 1.753736e+02
9303.7500 5.420605e+02
9305.0000 2.931114e+03
9306.2500 1.135362e+04
9307.5000 1.719618e+04
9308.7500 6.287691e+03
9310.0000 3.014623e+03
9311.2500 6.234448e+03
9312.5000 1.294885e+04
9313.7500 1.429265e+04
9315.0000 3.429956e+03
9316.2500 1.439675e+03
9317.5000 2.404434e+03
9318.7500 1.205506e+03
9320.0000 5.535294e+02
9321.2500 3.341574e+03
9322.5000 2.595916e+04
9323.7500 4.720195e+04
9325.0000 1.181464e+04
9326.2500 4.946584e+02
9327.5000 2.424118e+02
9328.7500 2.549278e+02
9330.0000 5.959137e+02
9331.2500 7.404612e+02
9332.5000 3.273689e+02
9333.7500 1.975025e+02
9335.0000 3.637635e+02
9336.2500 1.920871e+03
9337.5000 5.424038e+03
9338.7500 3.354500e+03
9340.0000 4.294401e+02
9341.2500 2.384489e+02
9342.5000 2.854166e+02
9343.7500 3.394946e+02
9345.0000 2.963430e+02
9346.2500 3.296390e+02
9347.5000 4.886335e+02
9348.7500 6.506052e+02
9350.0000 1.623565e+03
