4750.0000 8.342375e+02
4751.2500 4.139148e+02
4752.5000 3.580258e+02
4753.7500 2.874352e+02
4755.0000 2.867993e+02
4756.2500 2.782805e+02
4757.5000 2.646064e+02
4758.7500 2.426748e+02
4760.0000 2.423035e+02
4761.2500 2.129764e+02
4762.5000 2.270724e+02
4763.7500 2.063371e+02
4765.0000 2.124692e+02
4766.2500 2.001794e+02
4767.5000 1.743357e+02
4768.7500 1.855550e+02
4770.0000 2.203278e+02
4771.2500 2.019396e+02
4772.5000 1.900508e+02
4773.7500 1.981048e+02
4775.0000 2.138608e+02
4776.2500 1.965490e+02
4777.5000 1.973029e+02
4778.7500 1.945057e+02
4780.0000 1.889524e+02
4781.2500 1.778812e+02
4782.5000 1.774220e+02
4783.7500 1.738055e+02
4785.0000 1.842273e+02
4786.2500 1.844639e+02
4787.5000 1.743031e+02
4788.7500 1.642287e+02
4790.0000 1.784158e+02
4791.2500 1.796842e+02
4792.5000 1.795683e+02
4793.7500 1.659110e+02
4795.0000 1.819361e+02
4796.2500 1.775375e+02
4797.5000 1.572723e+02
4798.7500 1.606079e+02
4800.0000 1.519080e+02
4801.2500 1.548062e+02
4802.5000 1.578693e+02
4803.7500 1.472278e+02
4805.0000 1.538703e+02
4806.2500 1.502138e+02
4807.5000 1.436328e+02
4808.7500 1.501333e+02
4810.0000 1.459640e+02
4811.2500 1.556010e+02
4812.5000 1.481784e+02
4813.7500 1.542268e+02
4815.0000 1.718980e+02
4816.2500 1.878345e+02
4817.5000 2.034615e+02
4818.7500 2.140334e+02
4820.0000 2.154704e+02
4821.2500 2.228978e+02
4822.5000 1.966089e+02
4823.7500 1.986599e+02
4825.0000 2.084430e+02
4826.2500 1.985900e+02
4827.5000 2.170157e+02
4828.7500 2.123903e+02
4830.0000 1.986467e+02
4831.2500 2.021085e+02
4832.5000 2.250922e+02
4833.7500 2.034601e+02
4835.0000 1.935528e+02
4836.2500 1.915545e+02
4837.5000 1.943483e+02
4838.7500 1.977395e+02
4840.0000 1.827794e+02
4841.2500 1.743522e+02
4842.5000 1.769961e+02
4843.7500 1.694985e+02
4845.0000 1.767927e+02
4846.2500 1.705105e+02
4847.5000 1.704600e+02
4848.7500 1.425235e+02
4850.0000 1.426040e+02
4851.2500 1.542739e+02
4852.5000 1.422381e+02
4853.7500 1.390062e+02
4855.0000 1.345334e+02
4856.2500 1.276733e+02
4857.5000 1.258058e+02
4858.7500 1.228926e+02
4860.0000 1.489470e+02
4861.2500 2.068004e+02
4862.5000 1.937470e+02
4863.7500 1.395245e+02
4865.0000 1.331142e+02
4866.2500 1.316796e+02
4867.5000 1.419579e+02
4868.7500 1.481706e+02
4870.0000 1.384584e+02
4871.2500 1.534333e+02
4872.5000 1.471155e+02
4873.7500 1.508474e+02
4875.0000 1.578727e+02
4876.2500 1.685513e+02
4877.5000 1.803920e+02
4878.7500 1.834023e+02
4880.0000 1.775079e+02
4881.2500 1.724260e+02
4882.5000 1.884588e+02
4883.7500 1.830386e+02
4885.0000 1.747136e+02
4886.2500 1.720258e+02
4887.5000 1.687082e+02
4888.7500 1.729674e+02
4890.0000 1.518885e+02
4891.2500 1.641856e+02
4892.5000 1.655588e+02
4893.7500 1.532828e+02
4895.0000 1.578063e+02
4896.2500 1.558791e+02
4897.5000 1.519325e+02
4898.7500 1.463191e+02
4900.0000 1.379521e+02
4901.2500 1.417272e+02
4902.5000 1.306980e+02
4903.7500 1.413758e+02
4905.0000 1.411984e+02
4906.2500 1.426220e+02
4907.5000 1.363293e+02
4908.7500 1.347280e+02
4910.0000 1.281483e+02
4911.2500 1.268586e+02
4912.5000 1.298621e+02
4913.7500 1.333820e+02
4915.0000 1.292398e+02
4916.2500 1.388251e+02
4917.5000 1.221994e+02
4918.7500 1.226878e+02
4920.0000 1.157859e+02
4921.2500 1.194893e+02
4922.5000 1.332770e+02
4923.7500 1.419380e+02
4925.0000 1.516757e+02
4926.2500 1.427172e+02
4927.5000 1.503792e+02
4928.7500 1.472851e+02
4930.0000 1.494425e+02
4931.2500 1.605396e+02
4932.5000 1.595441e+02
4933.7500 1.494212e+02
4935.0000 1.539590e+02
4936.2500 1.682656e+02
4937.5000 1.780010e+02
4938.7500 1.477168e+02
4940.0000 1.529129e+02
4941.2500 1.504109e+02
4942.5000 1.566286e+02
4943.7500 1.539750e+02
4945.0000 1.380399e+02
4946.2500 1.539395e+02
4947.5000 1.534437e+02
4948.7500 1.495099e+02
4950.0000 1.508183e+02
4951.2500 1.443312e+02
4952.5000 1.540741e+02
4953.7500 1.461038e+02
4955.0000 1.373232e+02
4956.2500 1.191091e+02
4957.5000 1.188176e+02
4958.7500 1.183481e+02
4960.0000 1.289874e+02
4961.2500 1.343940e+02
4962.5000 1.295928e+02
4963.7500 1.357869e+02
4965.0000 1.365775e+02
4966.2500 1.397417e+02
4967.5000 1.382796e+02
4968.7500 1.327648e+02
4970.0000 1.276520e+02
4971.2500 1.331645e+02
4972.5000 1.274662e+02
4973.7500 1.219028e+02
4975.0000 1.245320e+02
4976.2500 1.239968e+02
4977.5000 1.340001e+02
4978.7500 1.316793e+02
4980.0000 1.326523e+02
4981.2500 1.212894e+02
4982.5000 1.247674e+02
4983.7500 1.204398e+02
4985.0000 1.304031e+02
4986.2500 1.375230e+02
4987.5000 1.403156e+02
4988.7500 1.397019e+02
4990.0000 1.537951e+02
4991.2500 1.549554e+02
4992.5000 1.553060e+02
4993.7500 1.551418e+02
4995.0000 1.456111e+02
4996.2500 1.586955e+02
4997.5000 1.454840e+02
4998.7500 1.421411e+02
5000.0000 1.346747e+02
5001.2500 1.359168e+02
5002.5000 1.445347e+02
5003.7500 1.431862e+02
5005.0000 1.333618e+02
5006.2500 1.356724e+02
5007.5000 1.468521e+02
5008.7500 1.396608e+02
5010.0000 1.331872e+02
5011.2500 1.206876e+02
5012.5000 1.177636e+02
5013.7500 1.209743e+02
5015.0000 1.175538e+02
5016.2500 1.196219e+02
5017.5000 1.082698e+02
5018.7500 1.194523e+02
5020.0000 1.289583e+02
5021.2500 1.156247e+02
5022.5000 1.302527e+02
5023.7500 1.166865e+02
5025.0000 1.171624e+02
5026.2500 1.019125e+02
5027.5000 1.149075e+02
5028.7500 1.132129e+02
5030.0000 1.164602e+02
5031.2500 1.093404e+02
5032.5000 1.266277e+02
5033.7500 1.246784e+02
5035.0000 1.172402e+02
5036.2500 1.155430e+02
5037.5000 1.237409e+02
5038.7500 1.119168e+02
5040.0000 1.045214e+02
5041.2500 1.056730e+02
5042.5000 1.207437e+02
5043.7500 1.246838e+02
5045.0000 1.237504e+02
5046.2500 1.314412e+02
5047.5000 1.278059e+02
5048.7500 1.227736e+02
5050.0000 1.270628e+02
5051.2500 1.242913e+02
5052.5000 1.319728e+02
5053.7500 1.362727e+02
5055.0000 1.333719e+02
5056.2500 1.338555e+02
5057.5000 1.394257e+02
5058.7500 1.392374e+02
5060.0000 1.435474e+02
5061.2500 1.354810e+02
5062.5000 1.381622e+02
5063.7500 1.252847e+02
5065.0000 1.219032e+02
5066.2500 1.276956e+02
5067.5000 1.241920e+02
5068.7500 1.191316e+02
5070.0000 1.107852e+02
5071.2500 1.243378e+02
5072.5000 1.172232e+02
5073.7500 1.086981e+02
5075.0000 1.005083e+02
5076.2500 1.106508e+02
5077.5000 1.125676e+02
5078.7500 1.041632e+02
5080.0000 1.070602e+02
5081.2500 1.000745e+02
5082.5000 1.015585e+02
5083.7500 1.102110e+02
5085.0000 1.136621e+02
5086.2500 1.165926e+02
5087.5000 1.092536e+02
5088.7500 1.128855e+02
5090.0000 1.119763e+02
5091.2500 1.118270e+02
5092.5000 1.114469e+02
5093.7500 1.048705e+02
5095.0000 1.108176e+02
5096.2500 1.086005e+02
5097.5000 1.028974e+02
5098.7500 1.033268e+02
5100.0000 1.133928e+02
5101.2500 1.127850e+02
5102.5000 1.104585e+02
5103.7500 1.150387e+02
5105.0000 1.098664e+02
5106.2500 1.138751e+02
5107.5000 1.113080e+02
5108.7500 1.174759e+02
5110.0000 1.126719e+02
5111.2500 1.190120e+02
5112.5000 1.203324e+02
5113.7500 1.191941e+02
5115.0000 1.193580e+02
5116.2500 1.224416e+02
5117.5000 1.156033e+02
5118.7500 1.229892e+02
5120.0000 1.173577e+02
5121.2500 1.120296e+02
5122.5000 1.183250e+02
5123.7500 1.141072e+02
5125.0000 1.054550e+02
5126.2500 1.130504e+02
5127.5000 1.162560e+02
5128.7500 1.197100e+02
5130.0000 1.183048e+02
5131.2500 1.202995e+02
5132.5000 1.246672e+02
5133.7500 1.181803e+02
5135.0000 1.153912e+02
5136.2500 1.124956e+02
5137.5000 1.092026e+02
5138.7500 1.093051e+02
5140.0000 1.142721e+02
5141.2500 1.039905e+02
5142.5000 1.087333e+02
5143.7500 1.106168e+02
5145.0000 1.010090e+02
5146.2500 9.701029e+01
5147.5000 1.050560e+02
5148.7500 1.058346e+02
5150.0000 1.031926e+02
5151.2500 1.131860e+02
5152.5000 1.022633e+02
5153.7500 1.053549e+02
5155.0000 1.075045e+02
5156.2500 1.072615e+02
5157.5000 1.133224e+02
5158.7500 1.091058e+02
5160.0000 1.109545e+02
5161.2500 1.062814e+02
5162.5000 1.067346e+02
5163.7500 1.048517e+02
5165.0000 1.035750e+02
5166.2500 9.333124e+01
5167.5000 9.016160e+01
5168.7500 9.588549e+01
5170.0000 1.018694e+02
5171.2500 9.478466e+01
5172.5000 8.505280e+01
5173.7500 9.846621e+01
5175.0000 1.081761e+02
5176.2500 1.053230e+02
5177.5000 1.191251e+02
5178.7500 1.152082e+02
5180.0000 1.034676e+02
5181.2500 1.018376e+02
5182.5000 9.707301e+01
5183.7500 9.073950e+01
5185.0000 9.951868e+01
5186.2500 1.165559e+02
5187.5000 1.288687e+02
5188.7500 1.291962e+02
5190.0000 1.222625e+02
5191.2500 1.108231e+02
5192.5000 1.084661e+02
5193.7500 1.106241e+02
5195.0000 1.045276e+02
5196.2500 1.329861e+02
5197.5000 1.797175e+02
5198.7500 1.739206e+02
5200.0000 1.571125e+02
5201.2500 1.359345e+02
5202.5000 1.287291e+02
5203.7500 1.261093e+02
5205.0000 9.814641e+01
5206.2500 9.665163e+01
5207.5000 1.053305e+02
5208.7500 1.036518e+02
5210.0000 1.006395e+02
5211.2500 9.834010e+01
5212.5000 1.016366e+02
5213.7500 9.477773e+01
5215.0000 9.249696e+01
5216.2500 9.140662e+01
5217.5000 1.130625e+02
5218.7500 1.086749e+02
5220.0000 1.072190e+02
5221.2500 1.052132e+02
5222.5000 1.082075e+02
5223.7500 1.295260e+02
5225.0000 1.153721e+02
5226.2500 9.938240e+01
5227.5000 9.566783e+01
5228.7500 1.016126e+02
5230.0000 1.074814e+02
5231.2500 1.055719e+02
5232.5000 1.126807e+02
5233.7500 9.958842e+01
5235.0000 1.022863e+02
5236.2500 1.078002e+02
5237.5000 1.342798e+02
5238.7500 1.415685e+02
5240.0000 1.228423e+02
5241.2500 1.011228e+02
5242.5000 1.022612e+02
5243.7500 1.021099e+02
5245.0000 1.051703e+02
5246.2500 1.078293e+02
5247.5000 1.083710e+02
5248.7500 1.171367e+02
5250.0000 1.191193e+02
5251.2500 1.132371e+02
5252.5000 1.063705e+02
5253.7500 1.196927e+02
5255.0000 1.408266e+02
5256.2500 1.492956e+02
5257.5000 1.311874e+02
5258.7500 1.091566e+02
5260.0000 1.151026e+02
5261.2500 1.089749e+02
5262.5000 1.028776e+02
5263.7500 9.572329e+01
5265.0000 9.216109e+01
5266.2500 9.549962e+01
5267.5000 1.003610e+02
5268.7500 9.779453e+01
5270.0000 9.505766e+01
5271.2500 1.024868e+02
5272.5000 9.872420e+01
5273.7500 1.058101e+02
5275.0000 1.176889e+02
5276.2500 1.193775e+02
5277.5000 1.035533e+02
5278.7500 9.421165e+01
5280.0000 9.824423e+01
5281.2500 9.205750e+01
5282.5000 9.145723e+01
5283.7500 8.921249e+01
5285.0000 9.742391e+01
5286.2500 9.163159e+01
5287.5000 9.401715e+01
5288.7500 9.693740e+01
5290.0000 9.514478e+01
5291.2500 1.024667e+02
5292.5000 1.124224e+02
5293.7500 9.800852e+01
5295.0000 9.968504e+01
5296.2500 8.806733e+01
5297.5000 9.792238e+01
5298.7500 1.015816e+02
5300.0000 1.101634e+02
5301.2500 9.642523e+01
5302.5000 9.862926e+01
5303.7500 1.019950e+02
5305.0000 1.027903e+02
5306.2500 1.018033e+02
5307.5000 1.049176e+02
5308.7500 1.055190e+02
5310.0000 1.013485e+02
5311.2500 1.043400e+02
5312.5000 1.150992e+02
5313.7500 1.079410e+02
5315.0000 1.036926e+02
5316.2500 1.031514e+02
5317.5000 1.011751e+02
5318.7500 1.045313e+02
5320.0000 1.056423e+02
5321.2500 1.104354e+02
5322.5000 1.074365e+02
5323.7500 1.045233e+02
5325.0000 1.168328e+02
5326.2500 1.090024e+02
5327.5000 1.007892e+02
5328.7500 1.083978e+02
5330.0000 1.392006e+02
5331.2500 1.238165e+02
5332.5000 1.151679e+02
5333.7500 1.059546e+02
5335.0000 1.066737e+02
5336.2500 1.060696e+02
5337.5000 1.067082e+02
5338.7500 1.047278e+02
5340.0000 9.799979e+01
5341.2500 1.010543e+02
5342.5000 1.038842e+02
5343.7500 1.031310e+02
5345.0000 9.824861e+01
5346.2500 1.048680e+02
5347.5000 1.053620e+02
5348.7500 1.051710e+02
5350.0000 1.074995e+02
5351.2500 1.048723e+02
5352.5000 1.038402e+02
5353.7500 1.051321e+02
5355.0000 1.081061e+02
5356.2500 1.044252e+02
5357.5000 1.063512e+02
5358.7500 1.005283e+02
5360.0000 9.980194e+01
5361.2500 9.784770e+01
5362.5000 9.594434e+01
5363.7500 9.784898e+01
5365.0000 9.934828e+01
5366.2500 9.858881e+01
5367.5000 1.012292e+02
5368.7500 9.237196e+01
5370.0000 9.496797e+01
5371.2500 9.075083e+01
5372.5000 8.895691e+01
5373.7500 9.589948e+01
5375.0000 1.014319e+02
5376.2500 8.954604e+01
5377.5000 9.422834e+01
5378.7500 9.802332e+01
5380.0000 9.978077e+01
5381.2500 9.408283e+01
5382.5000 9.371899e+01
5383.7500 9.164613e+01
5385.0000 9.761366e+01
5386.2500 9.475010e+01
5387.5000 9.291987e+01
5388.7500 9.472715e+01
5390.0000 9.295244e+01
5391.2500 9.122156e+01
5392.5000 9.021951e+01
5393.7500 9.803229e+01
5395.0000 9.253556e+01
5396.2500 8.965470e+01
5397.5000 9.485686e+01
5398.7500 9.142353e+01
5400.0000 9.012363e+01
5401.2500 9.097739e+01
5402.5000 9.477844e+01
5403.7500 8.942938e+01
5405.0000 8.830754e+01
5406.2500 9.084227e+01
5407.5000 9.767223e+01
5408.7500 9.554433e+01
5410.0000 9.424628e+01
5411.2500 9.433044e+01
5412.5000 1.007981e+02
5413.7500 1.015420e+02
5415.0000 9.627312e+01
5416.2500 1.045355e+02
5417.5000 9.813073e+01
5418.7500 9.798199e+01
5420.0000 8.908101e+01
5421.2500 9.573318e+01
5422.5000 9.295177e+01
5423.7500 9.482142e+01
5425.0000 9.109823e+01
5426.2500 9.416454e+01
5427.5000 9.241434e+01
5428.7500 8.399853e+01
5430.0000 9.249279e+01
5431.2500 8.894820e+01
5432.5000 9.632430e+01
5433.7500 9.364044e+01
5435.0000 9.933011e+01
5436.2500 1.017667e+02
5437.5000 1.016981e+02
5438.7500 1.037179e+02
5440.0000 9.799535e+01
5441.2500 9.908633e+01
5442.5000 9.544305e+01
5443.7500 1.013255e+02
5445.0000 9.949887e+01
5446.2500 9.486384e+01
5447.5000 9.630883e+01
5448.7500 1.006053e+02
5450.0000 1.008795e+02
5451.2500 1.030465e+02
5452.5000 1.018973e+02
5453.7500 9.811625e+01
5455.0000 9.262024e+01
5456.2500 9.411735e+01
5457.5000 1.015014e+02
5458.7500 1.002625e+02
5460.0000 1.060039e+02
5461.2500 1.042840e+02
5462.5000 9.458701e+01
5463.7500 8.926720e+01
5465.0000 9.158894e+01
5466.2500 9.385838e+01
5467.5000 8.878806e+01
5468.7500 9.423640e+01
5470.0000 8.980699e+01
5471.2500 9.269192e+01
5472.5000 9.560899e+01
5473.7500 8.833461e+01
5475.0000 9.368897e+01
5476.2500 8.999340e+01
5477.5000 8.751587e+01
5478.7500 9.038132e+01
5480.0000 9.206717e+01
5481.2500 8.996001e+01
5482.5000 9.258420e+01
5483.7500 8.847368e+01
5485.0000 9.237830e+01
5486.2500 9.244315e+01
5487.5000 9.122363e+01
5488.7500 9.063338e+01
5490.0000 9.146635e+01
5491.2500 9.132778e+01
5492.5000 8.594657e+01
5493.7500 8.700256e+01
5495.0000 9.050712e+01
5496.2500 9.362667e+01
5497.5000 9.291727e+01
5498.7500 9.867329e+01
5500.0000 9.629546e+01
5501.2500 9.711217e+01
5502.5000 9.105091e+01
5503.7500 9.117537e+01
5505.0000 9.953065e+01
5506.2500 9.887728e+01
5507.5000 9.824564e+01
5508.7500 9.396808e+01
5510.0000 9.920783e+01
5511.2500 9.497558e+01
5512.5000 9.783884e+01
5513.7500 9.205987e+01
5515.0000 9.813267e+01
5516.2500 1.011550e+02
5517.5000 9.245206e+01
5518.7500 9.879008e+01
5520.0000 1.028075e+02
5521.2500 1.019581e+02
5522.5000 9.629763e+01
5523.7500 9.675235e+01
5525.0000 9.903115e+01
5526.2500 9.303476e+01
5527.5000 9.267101e+01
5528.7500 9.833121e+01
5530.0000 9.958809e+01
5531.2500 9.982658e+01
5532.5000 1.025912e+02
5533.7500 9.960741e+01
5535.0000 9.846993e+01
5536.2500 1.026354e+02
5537.5000 1.040527e+02
5538.7500 1.094752e+02
5540.0000 1.098862e+02
5541.2500 1.205610e+02
5542.5000 1.322325e+02
5543.7500 1.403620e+02
5545.0000 1.301568e+02
5546.2500 1.145299e+02
5547.5000 1.015528e+02
5548.7500 1.176464e+02
5550.0000 1.088154e+02
5551.2500 1.087708e+02
5552.5000 1.060243e+02
5553.7500 1.030779e+02
5555.0000 1.049082e+02
5556.2500 9.743224e+01
5557.5000 9.763998e+01
5558.7500 9.593398e+01
5560.0000 9.819365e+01
5561.2500 1.011945e+02
5562.5000 1.206506e+02
5563.7500 1.450906e+02
5565.0000 1.160585e+02
5566.2500 9.701121e+01
5567.5000 9.815294e+01
5568.7500 9.974430e+01
5570.0000 1.062293e+02
5571.2500 9.984849e+01
5572.5000 9.641459e+01
5573.7500 1.320888e+02
5575.0000 9.710182e+02
5576.2500 6.639365e+03
5577.5000 8.217209e+03
5578.7500 2.363344e+03
5580.0000 2.266919e+02
5581.2500 1.084064e+02
5582.5000 9.732468e+01
5583.7500 9.393162e+01
5585.0000 8.856684e+01
5586.2500 8.008379e+01
5587.5000 9.375716e+01
5588.7500 1.159895e+02
5590.0000 1.031656e+02
5591.2500 8.180939e+01
5592.5000 8.101220e+01
5593.7500 8.017377e+01
5595.0000 8.344418e+01
5596.2500 8.769289e+01
5597.5000 1.025404e+02
5598.7500 9.743783e+01
5600.0000 8.371002e+01
5601.2500 8.611452e+01
5602.5000 8.352828e+01
5603.7500 1.114382e+02
5605.0000 1.381926e+02
5606.2500 1.284173e+02
5607.5000 1.019643e+02
5608.7500 9.202529e+01
5610.0000 9.404576e+01
5611.2500 9.323314e+01
5612.5000 9.256939e+01
5613.7500 9.151299e+01
5615.0000 8.543166e+01
5616.2500 1.028879e+02
5617.5000 1.059392e+02
5618.7500 9.646824e+01
5620.0000 9.890530e+01
5621.2500 1.053712e+02
5622.5000 1.138325e+02
5623.7500 1.383156e+02
5625.0000 1.135861e+02
5626.2500 1.004990e+02
5627.5000 1.016749e+02
5628.7500 1.034157e+02
5630.0000 9.934196e+01
5631.2500 1.025473e+02
5632.5000 1.010524e+02
5633.7500 1.002412e+02
5635.0000 1.012095e+02
5636.2500 1.020053e+02
5637.5000 1.025301e+02
5638.7500 1.114946e+02
5640.0000 1.102948e+02
5641.2500 1.052730e+02
5642.5000 1.028255e+02
5643.7500 1.141421e+02
5645.0000 1.307179e+02
5646.2500 1.217946e+02
5647.5000 1.074714e+02
5648.7500 1.009258e+02
5650.0000 1.022695e+02
5651.2500 1.080107e+02
5652.5000 1.076487e+02
5653.7500 1.011204e+02
5655.0000 1.010126e+02
5656.2500 9.972556e+01
5657.5000 9.800500e+01
5658.7500 9.317953e+01
5660.0000 9.531572e+01
5661.2500 9.097298e+01
5662.5000 9.803172e+01
5663.7500 9.637662e+01
5665.0000 9.826521e+01
5666.2500 9.711220e+01
5667.5000 9.996064e+01
5668.7500 1.014510e+02
5670.0000 1.019183e+02
5671.2500 9.549923e+01
5672.5000 9.046740e+01
5673.7500 9.199102e+01
5675.0000 8.733401e+01
5676.2500 8.993432e+01
5677.5000 9.507999e+01
5678.7500 9.244426e+01
5680.0000 9.118062e+01
5681.2500 8.441368e+01
5682.5000 8.103330e+01
5683.7500 8.276048e+01
5685.0000 8.692693e+01
5686.2500 8.051351e+01
5687.5000 8.176911e+01
5688.7500 7.947859e+01
5690.0000 8.675846e+01
5691.2500 8.531050e+01
5692.5000 8.399818e+01
5693.7500 7.829949e+01
5695.0000 8.365013e+01
5696.2500 8.846326e+01
5697.5000 8.574443e+01
5698.7500 8.469721e+01
5700.0000 8.560107e+01
5701.2500 8.499142e+01
5702.5000 8.451434e+01
5703.7500 8.436157e+01
5705.0000 8.233842e+01
5706.2500 8.328075e+01
5707.5000 8.492623e+01
5708.7500 8.323322e+01
5710.0000 8.275537e+01
5711.2500 7.932379e+01
5712.5000 8.886464e+01
5713.7500 9.145980e+01
5715.0000 9.298957e+01
5716.2500 9.194644e+01
5717.5000 9.511131e+01
5718.7500 9.884541e+01
5720.0000 9.922833e+01
5721.2500 9.978191e+01
5722.5000 1.057175e+02
5723.7500 1.029094e+02
5725.0000 1.024404e+02
5726.2500 1.058535e+02
5727.5000 1.022631e+02
5728.7500 1.074647e+02
5730.0000 9.905907e+01
5731.2500 1.073392e+02
5732.5000 1.077578e+02
5733.7500 1.040479e+02
5735.0000 1.116508e+02
5736.2500 1.067703e+02
5737.5000 1.109625e+02
5738.7500 1.098660e+02
5740.0000 1.099097e+02
5741.2500 1.093540e+02
5742.5000 1.075016e+02
5743.7500 1.105982e+02
5745.0000 1.053339e+02
5746.2500 1.122437e+02
5747.5000 1.096384e+02
5748.7500 1.094715e+02
5750.0000 1.102234e+02
5751.2500 1.079000e+02
5752.5000 1.060727e+02
5753.7500 1.083986e+02
5755.0000 1.091761e+02
5756.2500 1.136930e+02
5757.5000 1.066121e+02
5758.7500 1.092995e+02
5760.0000 1.135774e+02
5761.2500 1.031773e+02
5762.5000 1.072243e+02
5763.7500 1.073635e+02
5765.0000 1.070637e+02
5766.2500 1.160881e+02
5767.5000 1.101016e+02
5768.7500 1.039609e+02
5770.0000 1.078914e+02
5771.2500 1.059444e+02
5772.5000 1.039717e+02
5773.7500 1.025622e+02
5775.0000 9.485590e+01
5776.2500 9.922754e+01
5777.5000 1.006409e+02
5778.7500 9.799921e+01
5780.0000 9.136240e+01
5781.2500 9.039244e+01
5782.5000 9.043479e+01
5783.7500 9.290318e+01
5785.0000 9.000841e+01
5786.2500 8.594971e+01
5787.5000 8.406059e+01
5788.7500 8.883583e+01
5790.0000 8.812475e+01
5791.2500 8.491212e+01
5792.5000 8.329888e+01
5793.7500 8.067530e+01
5795.0000 8.127731e+01
5796.2500 8.565254e+01
5797.5000 7.700430e+01
5798.7500 7.397228e+01
5800.0000 7.591430e+01
5801.2500 7.393952e+01
5802.5000 7.813354e+01
5803.7500 7.565965e+01
5805.0000 7.185417e+01
5806.2500 7.279752e+01
5807.5000 7.266625e+01
5808.7500 7.436465e+01
5810.0000 7.443312e+01
5811.2500 7.230980e+01
5812.5000 7.484842e+01
5813.7500 7.243685e+01
5815.0000 7.376879e+01
5816.2500 7.283957e+01
5817.5000 7.567828e+01
5818.7500 7.897404e+01
5820.0000 7.527441e+01
5821.2500 8.063792e+01
5822.5000 7.817361e+01
5823.7500 7.795825e+01
5825.0000 8.153545e+01
5826.2500 8.202996e+01
5827.5000 8.090717e+01
5828.7500 8.041280e+01
5830.0000 8.489731e+01
5831.2500 8.600057e+01
5832.5000 8.904680e+01
5833.7500 8.546387e+01
5835.0000 8.862038e+01
5836.2500 8.742651e+01
5837.5000 8.471538e+01
5838.7500 9.313239e+01
5840.0000 9.113617e+01
5841.2500 8.778571e+01
5842.5000 9.182253e+01
5843.7500 9.738786e+01
5845.0000 9.596462e+01
5846.2500 1.029805e+02
5847.5000 9.826935e+01
5848.7500 9.588132e+01
5850.0000 9.532056e+01
5851.2500 9.337170e+01
5852.5000 9.791822e+01
5853.7500 9.682055e+01
5855.0000 9.940691e+01
5856.2500 1.049790e+02
5857.5000 1.003382e+02
5858.7500 9.769297e+01
5860.0000 1.041361e+02
5861.2500 1.008703e+02
5862.5000 9.964922e+01
5863.7500 1.234428e+02
5865.0000 1.945910e+02
5866.2500 2.381053e+02
5867.5000 2.322895e+02
5868.7500 1.887799e+02
5870.0000 1.337675e+02
5871.2500 1.227884e+02
5872.5000 1.327361e+02
5873.7500 1.321687e+02
5875.0000 1.277094e+02
5876.2500 1.235842e+02
5877.5000 1.119197e+02
5878.7500 1.115272e+02
5880.0000 1.106885e+02
5881.2500 1.052342e+02
5882.5000 1.132115e+02
5883.7500 1.178672e+02
5885.0000 1.103852e+02
5886.2500 1.659243e+02
5887.5000 3.408191e+02
5888.7500 7.485386e+02
5890.0000 8.012194e+02
5891.2500 3.009718e+02
5892.5000 1.309590e+02
5893.7500 2.219358e+02
5895.0000 4.937392e+02
5896.2500 4.484891e+02
5897.5000 1.575608e+02
5898.7500 9.806342e+01
5900.0000 9.532842e+01
5901.2500 9.901608e+01
5902.5000 1.027840e+02
5903.7500 1.123412e+02
5905.0000 1.145708e+02
5906.2500 1.306647e+02
5907.5000 1.129340e+02
5908.7500 8.581607e+01
5910.0000 8.713319e+01
5911.2500 8.815594e+01
5912.5000 8.809795e+01
5913.7500 1.480365e+02
5915.0000 2.122094e+02
5916.2500 1.441201e+02
5917.5000 8.667340e+01
5918.7500 7.845492e+01
5920.0000 8.092925e+01
5921.2500 8.025687e+01
5922.5000 8.641242e+01
5923.7500 1.126139e+02
5925.0000 1.151690e+02
5926.2500 8.486819e+01
5927.5000 7.692506e+01
5928.7500 7.655846e+01
5930.0000 8.243421e+01
5931.2500 1.327052e+02
5932.5000 1.995607e+02
5933.7500 1.529646e+02
5935.0000 8.508408e+01
5936.2500 7.486299e+01
5937.5000 7.199493e+01
5938.7500 7.532719e+01
5940.0000 7.691907e+01
5941.2500 7.465171e+01
5942.5000 7.382458e+01
5943.7500 8.131966e+01
5945.0000 1.066460e+02
5946.2500 1.172576e+02
5947.5000 9.251369e+01
5948.7500 8.061784e+01
5950.0000 8.120250e+01
5951.2500 9.653094e+01
5952.5000 1.575406e+02
5953.7500 1.940314e+02
5955.0000 1.205902e+02
5956.2500 8.436660e+01
5957.5000 8.368087e+01
5958.7500 8.345859e+01
5960.0000 8.762960e+01
5961.2500 8.789165e+01
5962.5000 9.032889e+01
5963.7500 8.917914e+01
5965.0000 9.278624e+01
5966.2500 9.003915e+01
5967.5000 9.064966e+01
5968.7500 1.025918e+02
5970.0000 1.303671e+02
5971.2500 1.198614e+02
5972.5000 9.865733e+01
5973.7500 9.445845e+01
5975.0000 1.065125e+02
5976.2500 1.530936e+02
5977.5000 1.730182e+02
5978.7500 1.138315e+02
5980.0000 9.944595e+01
5981.2500 1.024022e+02
5982.5000 9.612152e+01
5983.7500 9.497922e+01
5985.0000 9.644118e+01
5986.2500 9.801386e+01
5987.5000 9.716921e+01
5988.7500 9.788654e+01
5990.0000 1.005731e+02
5991.2500 9.652217e+01
5992.5000 9.829349e+01
5993.7500 9.842202e+01
5995.0000 9.997214e+01
5996.2500 1.087968e+02
5997.5000 1.158914e+02
5998.7500 1.127509e+02
6000.0000 9.864844e+01
6001.2500 9.997837e+01
6002.5000 1.208892e+02
6003.7500 1.433462e+02
6005.0000 1.187622e+02
6006.2500 9.172729e+01
6007.5000 9.161609e+01
6008.7500 9.499767e+01
6010.0000 9.043310e+01
6011.2500 1.003927e+02
6012.5000 9.140186e+01
6013.7500 9.439534e+01
6015.0000 8.974438e+01
6016.2500 9.310435e+01
6017.5000 9.367223e+01
6018.7500 8.589163e+01
6020.0000 9.199812e+01
6021.2500 8.802533e+01
6022.5000 8.656392e+01
6023.7500 8.688368e+01
6025.0000 8.864011e+01
6026.2500 8.495145e+01
6027.5000 9.671699e+01
6028.7500 9.481778e+01
6030.0000 9.079730e+01
6031.2500 8.214389e+01
6032.5000 9.380823e+01
6033.7500 1.091258e+02
6035.0000 9.449222e+01
6036.2500 9.247555e+01
6037.5000 8.387508e+01
6038.7500 7.821152e+01
6040.0000 8.144425e+01
6041.2500 7.954425e+01
6042.5000 7.560822e+01
6043.7500 7.553426e+01
6045.0000 7.380310e+01
6046.2500 7.062309e+01
6047.5000 7.525326e+01
6048.7500 7.343119e+01
6050.0000 7.780535e+01
6051.2500 7.530298e+01
6052.5000 7.036133e+01
6053.7500 6.939881e+01
6055.0000 7.240047e+01
6056.2500 6.703513e+01
6057.5000 6.640390e+01
6058.7500 7.207717e+01
6060.0000 6.875042e+01
6061.2500 7.136793e+01
6062.5000 7.417872e+01
6063.7500 6.858325e+01
6065.0000 7.019342e+01
6066.2500 7.606904e+01
6067.5000 7.902763e+01
6068.7500 7.472166e+01
6070.0000 6.769350e+01
6071.2500 7.094943e+01
6072.5000 6.711450e+01
6073.7500 6.902662e+01
6075.0000 6.461942e+01
6076.2500 6.785413e+01
6077.5000 6.749154e+01
6078.7500 6.636687e+01
6080.0000 6.958665e+01
6081.2500 6.693670e+01
6082.5000 6.810269e+01
6083.7500 7.024018e+01
6085.0000 7.015269e+01
6086.2500 6.918719e+01
6087.5000 6.913072e+01
6088.7500 7.268550e+01
6090.0000 7.092567e+01
6091.2500 7.112298e+01
6092.5000 7.254613e+01
6093.7500 7.279893e+01
6095.0000 7.579736e+01
6096.2500 7.825491e+01
6097.5000 7.420154e+01
6098.7500 7.834792e+01
6100.0000 7.387807e+01
6101.2500 7.576454e+01
6102.5000 7.040454e+01
6103.7500 8.129761e+01
6105.0000 8.146949e+01
6106.2500 7.582580e+01
6107.5000 7.825156e+01
6108.7500 8.113288e+01
6110.0000 7.480505e+01
6111.2500 8.154076e+01
6112.5000 8.298215e+01
6113.7500 8.416692e+01
6115.0000 8.250276e+01
6116.2500 8.023596e+01
6117.5000 7.845577e+01
6118.7500 7.733853e+01
6120.0000 7.963261e+01
6121.2500 7.616632e+01
6122.5000 7.632596e+01
6123.7500 8.035700e+01
6125.0000 7.885575e+01
6126.2500 8.161120e+01
6127.5000 7.787756e+01
6128.7500 8.297801e+01
6130.0000 8.088443e+01
6131.2500 7.932532e+01
6132.5000 7.345052e+01
6133.7500 7.963316e+01
6135.0000 8.604648e+01
6136.2500 9.226167e+01
6137.5000 9.503342e+01
6138.7500 1.059434e+02
6140.0000 1.060546e+02
6141.2500 8.673390e+01
6142.5000 9.573459e+01
6143.7500 1.217050e+02
6145.0000 1.082153e+02
6146.2500 8.092561e+01
6147.5000 7.964555e+01
6148.7500 7.346374e+01
6150.0000 8.796369e+01
6151.2500 8.736856e+01
6152.5000 8.161993e+01
6153.7500 7.946700e+01
6155.0000 8.672150e+01
6156.2500 1.042659e+02
6157.5000 1.047796e+02
6158.7500 8.998695e+01
6160.0000 7.700549e+01
6161.2500 7.396747e+01
6162.5000 6.780489e+01
6163.7500 6.883124e+01
6165.0000 7.246603e+01
6166.2500 7.053055e+01
6167.5000 7.711220e+01
6168.7500 9.456710e+01
6170.0000 1.419074e+02
6171.2500 1.204547e+02
6172.5000 7.387961e+01
6173.7500 7.534323e+01
6175.0000 8.847874e+01
6176.2500 9.331505e+01
6177.5000 7.502441e+01
6178.7500 6.989759e+01
6180.0000 6.787135e+01
6181.2500 6.810352e+01
6182.5000 6.929990e+01
6183.7500 7.950521e+01
6185.0000 6.887711e+01
6186.2500 7.129010e+01
6187.5000 6.949284e+01
6188.7500 7.019757e+01
6190.0000 6.541331e+01
6191.2500 7.124853e+01
6192.5000 8.020895e+01
6193.7500 7.486204e+01
6195.0000 6.527862e+01
6196.2500 6.327462e+01
6197.5000 6.528320e+01
6198.7500 6.474073e+01
6200.0000 6.329744e+01
6201.2500 9.331110e+01
6202.5000 1.172204e+02
6203.7500 9.164397e+01
6205.0000 6.334689e+01
6206.2500 6.614008e+01
6207.5000 6.653534e+01
6208.7500 6.670852e+01
6210.0000 6.483867e+01
6211.2500 7.020671e+01
6212.5000 8.107970e+01
6213.7500 7.441019e+01
6215.0000 6.565396e+01
6216.2500 6.373986e+01
6217.5000 6.261312e+01
6218.7500 6.388243e+01
6220.0000 7.933920e+01
6221.2500 1.164165e+02
6222.5000 1.039920e+02
6223.7500 7.190960e+01
6225.0000 5.945874e+01
6226.2500 5.923528e+01
6227.5000 6.033771e+01
6228.7500 6.106632e+01
6230.0000 6.005770e+01
6231.2500 6.464575e+01
6232.5000 8.513065e+01
6233.7500 1.615499e+02
6235.0000 2.661993e+02
6236.2500 2.574005e+02
6237.5000 1.475643e+02
6238.7500 9.680205e+01
6240.0000 1.041526e+02
6241.2500 1.155454e+02
6242.5000 1.165886e+02
6243.7500 1.063632e+02
6245.0000 7.482917e+01
6246.2500 6.565617e+01
6247.5000 7.593048e+01
6248.7500 7.076807e+01
6250.0000 6.587902e+01
6251.2500 6.336238e+01
6252.5000 6.272260e+01
6253.7500 6.531232e+01
6255.0000 7.005202e+01
6256.2500 1.547224e+02
6257.5000 3.146675e+02
6258.7500 2.383700e+02
6260.0000 8.930694e+01
6261.2500 8.020355e+01
6262.5000 8.257585e+01
6263.7500 1.079493e+02
6265.0000 1.544219e+02
6266.2500 1.184786e+02
6267.5000 8.556220e+01
6268.7500 8.844641e+01
6270.0000 7.417059e+01
6271.2500 7.230757e+01
6272.5000 7.439709e+01
6273.7500 7.696390e+01
6275.0000 9.777664e+01
6276.2500 1.058982e+02
6277.5000 1.206380e+02
6278.7500 1.065966e+02
6280.0000 7.716270e+01
6281.2500 7.294278e+01
6282.5000 7.519797e+01
6283.7500 7.425303e+01
6285.0000 9.084979e+01
6286.2500 2.107156e+02
6287.5000 2.881849e+02
6288.7500 1.535715e+02
6290.0000 8.661581e+01
6291.2500 7.443922e+01
6292.5000 7.205495e+01
6293.7500 7.858602e+01
6295.0000 8.302486e+01
6296.2500 1.154565e+02
6297.5000 1.830394e+02
6298.7500 7.827782e+02
6300.0000 1.840812e+03
6301.2500 1.137536e+03
6302.5000 1.195476e+02
6303.7500 7.899605e+01
6305.0000 1.367475e+02
6306.2500 3.283285e+02
6307.5000 3.082598e+02
6308.7500 1.026264e+02
6310.0000 7.245222e+01
6311.2500 7.392858e+01
6312.5000 7.243756e+01
6313.7500 7.018964e+01
6315.0000 6.595300e+01
6316.2500 6.677271e+01
6317.5000 6.660042e+01
6318.7500 7.132405e+01
6320.0000 1.108869e+02
6321.2500 1.364394e+02
6322.5000 9.369602e+01
6323.7500 6.254230e+01
6325.0000 6.405819e+01
6326.2500 6.944901e+01
6327.5000 8.355366e+01
6328.7500 2.082351e+02
6330.0000 2.395035e+02
6331.2500 1.082106e+02
6332.5000 6.784493e+01
6333.7500 6.277385e+01
6335.0000 5.783036e+01
6336.2500 5.885115e+01
6337.5000 6.019198e+01
6338.7500 6.111634e+01
6340.0000 6.252149e+01
6341.2500 6.145199e+01
6342.5000 6.665551e+01
6343.7500 6.051447e+01
6345.0000 5.883742e+01
6346.2500 6.156557e+01
6347.5000 9.568650e+01
6348.7500 1.009311e+02
6350.0000 7.037338e+01
6351.2500 5.595314e+01
6352.5000 5.901147e+01
6353.7500 6.134929e+01
6355.0000 1.214655e+02
6356.2500 1.604352e+02
6357.5000 9.713618e+01
6358.7500 6.352251e+01
6360.0000 5.887513e+01
6361.2500 7.964824e+01
6362.5000 2.932072e+02
6363.7500 4.410547e+02
6365.0000 2.071574e+02
6366.2500 6.292002e+01
6367.5000 5.326978e+01
6368.7500 5.371816e+01
6370.0000 5.216534e+01
6371.2500 5.295355e+01
6372.5000 5.522191e+01
6373.7500 5.233401e+01
6375.0000 5.037069e+01
6376.2500 5.252585e+01
6377.5000 5.998186e+01
6378.7500 7.925478e+01
6380.0000 7.429509e+01
6381.2500 5.559738e+01
6382.5000 5.537340e+01
6383.7500 5.809926e+01
6385.0000 8.228339e+01
6386.2500 1.043324e+02
6387.5000 8.117012e+01
6388.7500 5.688561e+01
6390.0000 5.539530e+01
6391.2500 5.148638e+01
6392.5000 5.573559e+01
6393.7500 5.456631e+01
6395.0000 5.337754e+01
6396.2500 5.282981e+01
6397.5000 5.491766e+01
6398.7500 5.422895e+01
6400.0000 5.390246e+01
6401.2500 5.287070e+01
6402.5000 5.437834e+01
6403.7500 5.226187e+01
6405.0000 5.369853e+01
6406.2500 5.473999e+01
6407.5000 5.243724e+01
6408.7500 5.473828e+01
6410.0000 5.427753e+01
6411.2500 5.324157e+01
6412.5000 6.266762e+01
6413.7500 6.928802e+01
6415.0000 6.224024e+01
6416.2500 5.264416e+01
6417.5000 5.281641e+01
6418.7500 6.358092e+01
6420.0000 7.933064e+01
6421.2500 7.169000e+01
6422.5000 5.312641e+01
6423.7500 5.269895e+01
6425.0000 5.582427e+01
6426.2500 5.723565e+01
6427.5000 5.979044e+01
6428.7500 5.273721e+01
6430.0000 5.412373e+01
6431.2500 5.423803e+01
6432.5000 5.663405e+01
6433.7500 5.803173e+01
6435.0000 6.002745e+01
6436.2500 5.721733e+01
6437.5000 5.703214e+01
6438.7500 5.496900e+01
6440.0000 5.620382e+01
6441.2500 5.277540e+01
6442.5000 5.310836e+01
6443.7500 5.374569e+01
6445.0000 5.863692e+01
6446.2500 5.852132e+01
6447.5000 6.007394e+01
6448.7500 5.942933e+01
6450.0000 6.218035e+01
6451.2500 6.698927e+01
6452.5000 7.257124e+01
6453.7500 7.240432e+01
6455.0000 6.719171e+01
6456.2500 6.613493e+01
6457.5000 7.404790e+01
6458.7500 6.833569e+01
6460.0000 6.185098e+01
6461.2500 6.411101e+01
6462.5000 9.570312e+01
6463.7500 1.279396e+02
6465.0000 1.567242e+02
6466.2500 1.552164e+02
6467.5000 8.670491e+01
6468.7500 8.329485e+01
6470.0000 1.603423e+02
6471.2500 1.596081e+02
6472.5000 7.983991e+01
6473.7500 6.114665e+01
6475.0000 5.603436e+01
6476.2500 6.337898e+01
6477.5000 8.792989e+01
6478.7500 7.267175e+01
6480.0000 5.653990e+01
6481.2500 5.621709e+01
6482.5000 5.309904e+01
6483.7500 5.221076e+01
6485.0000 5.494905e+01
6486.2500 5.144608e+01
6487.5000 5.314922e+01
6488.7500 5.216191e+01
6490.0000 5.393156e+01
6491.2500 4.930703e+01
6492.5000 5.375351e+01
6493.7500 5.301398e+01
6495.0000 5.083788e+01
6496.2500 7.554202e+01
6497.5000 2.326894e+02
6498.7500 2.843441e+02
6500.0000 1.200484e+02
6501.2500 5.858060e+01
6502.5000 6.090020e+01
6503.7500 1.032890e+02
6505.0000 1.211431e+02
6506.2500 7.158835e+01
6507.5000 5.199100e+01
6508.7500 5.099002e+01
6510.0000 5.100375e+01
6511.2500 4.828224e+01
6512.5000 6.006356e+01
6513.7500 6.756836e+01
6515.0000 5.603677e+01
6516.2500 4.762374e+01
6517.5000 4.742133e+01
6518.7500 4.931744e+01
6520.0000 5.281553e+01
6521.2500 8.577721e+01
6522.5000 1.000346e+02
6523.7500 6.501926e+01
6525.0000 5.509731e+01
6526.2500 5.126033e+01
6527.5000 4.885421e+01
6528.7500 4.926318e+01
6530.0000 4.956528e+01
6531.2500 1.030739e+02
6532.5000 2.276499e+02
6533.7500 1.619327e+02
6535.0000 5.794960e+01
6536.2500 4.869338e+01
6537.5000 4.499180e+01
6538.7500 4.898872e+01
6540.0000 5.666134e+01
6541.2500 5.796527e+01
6542.5000 8.197143e+01
6543.7500 1.149940e+02
6545.0000 7.926733e+01
6546.2500 5.065325e+01
6547.5000 5.529310e+01
6548.7500 5.751799e+01
6550.0000 5.132545e+01
6551.2500 6.658934e+01
6552.5000 1.934592e+02
6553.7500 2.264080e+02
6555.0000 9.487415e+01
6556.2500 4.526675e+01
6557.5000 4.528906e+01
6558.7500 4.307066e+01
6560.0000 4.478770e+01
6561.2500 1.247318e+02
6562.5000 2.591872e+02
6563.7500 1.949409e+02
6565.0000 6.997942e+01
6566.2500 4.649504e+01
6567.5000 7.315482e+01
6568.7500 9.250771e+01
6570.0000 6.434151e+01
6571.2500 4.750706e+01
6572.5000 4.716021e+01
6573.7500 4.423349e+01
6575.0000 5.909332e+01
6576.2500 1.462698e+02
6577.5000 1.702003e+02
6578.7500 8.025304e+01
6580.0000 4.690456e+01
6581.2500 4.369530e+01
6582.5000 5.528431e+01
6583.7500 7.024750e+01
6585.0000 6.089577e+01
6586.2500 4.478988e+01
6587.5000 4.350884e+01
6588.7500 4.441666e+01
6590.0000 4.492175e+01
6591.2500 4.700265e+01
6592.5000 4.276435e+01
6593.7500 3.967431e+01
6595.0000 5.621606e+01
6596.2500 7.508912e+01
6597.5000 6.264105e+01
6598.7500 4.575056e+01
6600.0000 4.399623e+01
6601.2500 4.549252e+01
6602.5000 6.922633e+01
6603.7500 1.093724e+02
6605.0000 8.745119e+01
6606.2500 4.708088e+01
6607.5000 4.457370e+01
6608.7500 4.368998e+01
6610.0000 4.300514e+01
6611.2500 4.276364e+01
6612.5000 4.351386e+01
6613.7500 4.344091e+01
6615.0000 4.449827e+01
6616.2500 4.399243e+01
6617.5000 4.276868e+01
6618.7500 4.474961e+01
6620.0000 4.504648e+01
6621.2500 4.624595e+01
6622.5000 4.398594e+01
6623.7500 4.267480e+01
6625.0000 4.401760e+01
6626.2500 5.264583e+01
6627.5000 6.247385e+01
6628.7500 5.286799e+01
6630.0000 4.615072e+01
6631.2500 4.631413e+01
6632.5000 5.593159e+01
6633.7500 7.324973e+01
6635.0000 6.713435e+01
6636.2500 4.750303e+01
6637.5000 4.689621e+01
6638.7500 4.582218e+01
6640.0000 4.702647e+01
6641.2500 4.836238e+01
6642.5000 4.604124e+01
6643.7500 4.592101e+01
6645.0000 4.525185e+01
6646.2500 4.708192e+01
6647.5000 4.481107e+01
6648.7500 4.679039e+01
6650.0000 5.105736e+01
6651.2500 4.700702e+01
6652.5000 4.852718e+01
6653.7500 4.635004e+01
6655.0000 4.546292e+01
6656.2500 4.634204e+01
6657.5000 4.681168e+01
6658.7500 4.640983e+01
6660.0000 4.904587e+01
6661.2500 5.413020e+01
6662.5000 5.216499e+01
6663.7500 4.769530e+01
6665.0000 5.068719e+01
6666.2500 5.334472e+01
6667.5000 6.535073e+01
6668.7500 5.552959e+01
6670.0000 4.840052e+01
6671.2500 4.880394e+01
6672.5000 4.787521e+01
6673.7500 4.477538e+01
6675.0000 4.697364e+01
6676.2500 4.727147e+01
6677.5000 4.539093e+01
6678.7500 4.587326e+01
6680.0000 4.670222e+01
6681.2500 4.694739e+01
6682.5000 4.761218e+01
6683.7500 4.573291e+01
6685.0000 4.868608e+01
6686.2500 4.668903e+01
6687.5000 4.673550e+01
6688.7500 4.577381e+01
6690.0000 4.572965e+01
6691.2500 4.619989e+01
6692.5000 4.351612e+01
6693.7500 4.417072e+01
6695.0000 4.501694e+01
6696.2500 4.595027e+01
6697.5000 5.052593e+01
6698.7500 5.671827e+01
6700.0000 5.701721e+01
6701.2500 4.617923e+01
6702.5000 4.814799e+01
6703.7500 5.261376e+01
6705.0000 5.277133e+01
6706.2500 4.575545e+01
6707.5000 4.693503e+01
6708.7500 4.658343e+01
6710.0000 4.670219e+01
6711.2500 4.532309e+01
6712.5000 4.589344e+01
6713.7500 4.664526e+01
6715.0000 5.093827e+01
6716.2500 6.741475e+01
6717.5000 6.940228e+01
6718.7500 5.131779e+01
6720.0000 4.605908e+01
6721.2500 4.659888e+01
6722.5000 4.432637e+01
6723.7500 4.328836e+01
6725.0000 4.451511e+01
6726.2500 4.407053e+01
6727.5000 4.673730e+01
6728.7500 4.404146e+01
6730.0000 5.188658e+01
6731.2500 6.243806e+01
6732.5000 5.514252e+01
6733.7500 4.573237e+01
6735.0000 4.691412e+01
6736.2500 4.342617e+01
6737.5000 4.217868e+01
6738.7500 4.715002e+01
6740.0000 4.977098e+01
6741.2500 4.648201e+01
6742.5000 4.709391e+01
6743.7500 5.060963e+01
6745.0000 4.850615e+01
6746.2500 4.496742e+01
6747.5000 4.594509e+01
6748.7500 4.470811e+01
6750.0000 4.243384e+01
6751.2500 4.193150e+01
6752.5000 4.232363e+01
6753.7500 4.131025e+01
6755.0000 4.272515e+01
6756.2500 4.099712e+01
6757.5000 4.190892e+01
6758.7500 3.991787e+01
6760.0000 4.223727e+01
6761.2500 4.228247e+01
6762.5000 3.973790e+01
6763.7500 4.122831e+01
6765.0000 4.014505e+01
6766.2500 4.193055e+01
6767.5000 4.094357e+01
6768.7500 4.110817e+01
6770.0000 4.066779e+01
6771.2500 4.035958e+01
6772.5000 3.897942e+01
6773.7500 4.004592e+01
6775.0000 4.176394e+01
6776.2500 3.979509e+01
6777.5000 4.226056e+01
6778.7500 3.840088e+01
6780.0000 3.844421e+01
6781.2500 4.070921e+01
6782.5000 4.135106e+01
6783.7500 4.228333e+01
6785.0000 3.922733e+01
6786.2500 4.013548e+01
6787.5000 4.373725e+01
6788.7500 4.340807e+01
6790.0000 4.022967e+01
6791.2500 3.843024e+01
6792.5000 3.910693e+01
6793.7500 3.835686e+01
6795.0000 3.834078e+01
6796.2500 3.925682e+01
6797.5000 3.725604e+01
6798.7500 3.944637e+01
6800.0000 3.887730e+01
6801.2500 4.046035e+01
6802.5000 4.072435e+01
6803.7500 3.977616e+01
6805.0000 3.874290e+01
6806.2500 3.643807e+01
6807.5000 3.922575e+01
6808.7500 3.766362e+01
6810.0000 3.788668e+01
6811.2500 3.794802e+01
6812.5000 3.860709e+01
6813.7500 3.808563e+01
6815.0000 3.765342e+01
6816.2500 3.647811e+01
6817.5000 3.853555e+01
6818.7500 3.988002e+01
6820.0000 3.726157e+01
6821.2500 3.833657e+01
6822.5000 3.747575e+01
6823.7500 3.808322e+01
6825.0000 4.209838e+01
6826.2500 9.590583e+01
6827.5000 1.816778e+02
6828.7500 2.799463e+02
6830.0000 2.292985e+02
6831.2500 9.052991e+01
6832.5000 1.285766e+02
6833.7500 2.828679e+02
6835.0000 2.269834e+02
6836.2500 6.652462e+01
6837.5000 4.083512e+01
6838.7500 4.741744e+01
6840.0000 6.344842e+01
6841.2500 9.856689e+01
6842.5000 8.739408e+01
6843.7500 4.564938e+01
6845.0000 3.981131e+01
6846.2500 3.865234e+01
6847.5000 3.727830e+01
6848.7500 4.153540e+01
6850.0000 4.703193e+01
6851.2500 4.601841e+01
6852.5000 4.253093e+01
6853.7500 4.086854e+01
6855.0000 4.086672e+01
6856.2500 4.197255e+01
6857.5000 3.916467e+01
6858.7500 4.259307e+01
6860.0000 4.410023e+01
6861.2500 7.295538e+01
6862.5000 3.035373e+02
6863.7500 5.700560e+02
6865.0000 3.296893e+02
6866.2500 6.430991e+01
6867.5000 6.527657e+01
6868.7500 8.515277e+01
6870.0000 1.587395e+02
6871.2500 1.966784e+02
6872.5000 8.846612e+01
6873.7500 5.637425e+01
6875.0000 5.393672e+01
6876.2500 5.857500e+01
6877.5000 5.912774e+01
6878.7500 5.766079e+01
6880.0000 1.038387e+02
6881.2500 1.143470e+02
6882.5000 7.384312e+01
6883.7500 5.508853e+01
6885.0000 5.787519e+01
6886.2500 6.602610e+01
6887.5000 1.123974e+02
6888.7500 2.772870e+02
6890.0000 2.507284e+02
6891.2500 7.686962e+01
6892.5000 6.732262e+01
6893.7500 7.828979e+01
6895.0000 7.556331e+01
6896.2500 5.979875e+01
6897.5000 5.472506e+01
6898.7500 7.280267e+01
6900.0000 2.587637e+02
6901.2500 2.558732e+02
6902.5000 7.770918e+01
6903.7500 5.639637e+01
6905.0000 5.098029e+01
6906.2500 4.664819e+01
6907.5000 4.429200e+01
6908.7500 4.586574e+01
6910.0000 5.518134e+01
6911.2500 1.273264e+02
6912.5000 2.370612e+02
6913.7500 1.458981e+02
6915.0000 4.524614e+01
6916.2500 4.283548e+01
6917.5000 4.345366e+01
6918.7500 4.502898e+01
6920.0000 5.079574e+01
6921.2500 9.786368e+01
6922.5000 3.449426e+02
6923.7500 3.703928e+02
6925.0000 8.067099e+01
6926.2500 4.581585e+01
6927.5000 4.692578e+01
6928.7500 4.755293e+01
6930.0000 4.743255e+01
6931.2500 4.607330e+01
6932.5000 4.350303e+01
6933.7500 4.271505e+01
6935.0000 4.301019e+01
6936.2500 4.409461e+01
6937.5000 6.534941e+01
6938.7500 1.767259e+02
6940.0000 1.805977e+02
6941.2500 6.831063e+01
6942.5000 4.360377e+01
6943.7500 4.240833e+01
6945.0000 4.250494e+01
6946.2500 4.657460e+01
6947.5000 1.881895e+02
6948.7500 4.232978e+02
6950.0000 2.547828e+02
6951.2500 6.300402e+01
6952.5000 5.216513e+01
6953.7500 4.606691e+01
6955.0000 4.792247e+01
6956.2500 5.226086e+01
6957.5000 5.073669e+01
6958.7500 5.023325e+01
6960.0000 4.850613e+01
6961.2500 4.932608e+01
6962.5000 4.761088e+01
6963.7500 4.667543e+01
6965.0000 5.302570e+01
6966.2500 5.537972e+01
6967.5000 5.081079e+01
6968.7500 1.069336e+02
6970.0000 1.413597e+02
6971.2500 7.371761e+01
6972.5000 4.759989e+01
6973.7500 4.689812e+01
6975.0000 4.719152e+01
6976.2500 6.995254e+01
6977.5000 2.171324e+02
6978.7500 2.388078e+02
6980.0000 7.627261e+01
6981.2500 4.653889e+01
6982.5000 4.958133e+01
6983.7500 5.339162e+01
6985.0000 4.795767e+01
6986.2500 5.346180e+01
6987.5000 5.125053e+01
6988.7500 4.784684e+01
6990.0000 4.602032e+01
6991.2500 4.506812e+01
6992.5000 4.588079e+01
6993.7500 4.413490e+01
6995.0000 4.743447e+01
6996.2500 5.157959e+01
6997.5000 5.085668e+01
6998.7500 4.760133e+01
7000.0000 4.786102e+01
7001.2500 5.322372e+01
7002.5000 7.693334e+01
7003.7500 9.241908e+01
7005.0000 6.092034e+01
7006.2500 4.177717e+01
7007.5000 4.027570e+01
7008.7500 4.463522e+01
7010.0000 9.582153e+01
7011.2500 1.444825e+02
7012.5000 8.121160e+01
7013.7500 4.134662e+01
7015.0000 4.147876e+01
7016.2500 3.982617e+01
7017.5000 3.978165e+01
7018.7500 4.189180e+01
7020.0000 4.123481e+01
7021.2500 4.027501e+01
7022.5000 3.910708e+01
7023.7500 4.068852e+01
7025.0000 4.085368e+01
7026.2500 4.167127e+01
7027.5000 4.200034e+01
7028.7500 4.448592e+01
7030.0000 4.726173e+01
7031.2500 4.022227e+01
7032.5000 3.955030e+01
7033.7500 4.052462e+01
7035.0000 4.075951e+01
7036.2500 4.037590e+01
7037.5000 4.047739e+01
7038.7500 3.981848e+01
7040.0000 5.821259e+01
7041.2500 6.737978e+01
7042.5000 4.967154e+01
7043.7500 4.519466e+01
7045.0000 5.139781e+01
7046.2500 7.375439e+01
7047.5000 1.054449e+02
7048.7500 9.591872e+01
7050.0000 6.704033e+01
7051.2500 6.149889e+01
7052.5000 5.842891e+01
7053.7500 5.497297e+01
7055.0000 5.005151e+01
7056.2500 4.501377e+01
7057.5000 4.178548e+01
7058.7500 4.384491e+01
7060.0000 4.629335e+01
7061.2500 4.879677e+01
7062.5000 5.654719e+01
7063.7500 5.459683e+01
7065.0000 5.463911e+01
7066.2500 6.150432e+01
7067.5000 5.424451e+01
7068.7500 5.241904e+01
7070.0000 5.774018e+01
7071.2500 4.838461e+01
7072.5000 4.959309e+01
7073.7500 5.705345e+01
7075.0000 4.975452e+01
7076.2500 4.415672e+01
7077.5000 5.543395e+01
7078.7500 5.362290e+01
7080.0000 4.400622e+01
7081.2500 5.803165e+01
7082.5000 6.513689e+01
7083.7500 4.871323e+01
7085.0000 4.160729e+01
7086.2500 4.797845e+01
7087.5000 6.622598e+01
7088.7500 7.002136e+01
7090.0000 5.277561e+01
7091.2500 4.726907e+01
7092.5000 4.627516e+01
7093.7500 4.274543e+01
7095.0000 4.170666e+01
7096.2500 4.007252e+01
7097.5000 4.288018e+01
7098.7500 4.173106e+01
7100.0000 4.112679e+01
7101.2500 4.185749e+01
7102.5000 4.041795e+01
7103.7500 4.267109e+01
7105.0000 4.031030e+01
7106.2500 4.075439e+01
7107.5000 4.211151e+01
7108.7500 4.089034e+01
7110.0000 4.284901e+01
7111.2500 4.183986e+01
7112.5000 4.166948e+01
7113.7500 3.887322e+01
7115.0000 3.881248e+01
7116.2500 4.279007e+01
7117.5000 3.971999e+01
7118.7500 4.071756e+01
7120.0000 3.883499e+01
7121.2500 4.045107e+01
7122.5000 3.919161e+01
7123.7500 3.927136e+01
7125.0000 4.123574e+01
7126.2500 5.088619e+01
7127.5000 5.352946e+01
7128.7500 4.709625e+01
7130.0000 4.128559e+01
7131.2500 4.720860e+01
7132.5000 5.693324e+01
7133.7500 4.838032e+01
7135.0000 3.957862e+01
7136.2500 3.686178e+01
7137.5000 3.738890e+01
7138.7500 3.921130e+01
7140.0000 4.330938e+01
7141.2500 5.456939e+01
7142.5000 6.291579e+01
7143.7500 6.474153e+01
7145.0000 6.610974e+01
7146.2500 5.904945e+01
7147.5000 5.709067e+01
7148.7500 5.343934e+01
7150.0000 5.138490e+01
7151.2500 4.469565e+01
7152.5000 4.191825e+01
7153.7500 3.947458e+01
7155.0000 4.062497e+01
7156.2500 4.443430e+01
7157.5000 4.739734e+01
7158.7500 5.069605e+01
7160.0000 4.791502e+01
7161.2500 5.409570e+01
7162.5000 5.245008e+01
7163.7500 4.732712e+01
7165.0000 5.574710e+01
7166.2500 5.562313e+01
7167.5000 4.794246e+01
7168.7500 5.632417e+01
7170.0000 6.050227e+01
7171.2500 5.062438e+01
7172.5000 5.515883e+01
7173.7500 7.463244e+01
7175.0000 7.622548e+01
7176.2500 7.567017e+01
7177.5000 7.462613e+01
7178.7500 7.191054e+01
7180.0000 6.927808e+01
7181.2500 6.569344e+01
7182.5000 5.608801e+01
7183.7500 5.130628e+01
7185.0000 4.505768e+01
7186.2500 4.275152e+01
7187.5000 4.554432e+01
7188.7500 4.463620e+01
7190.0000 4.002415e+01
7191.2500 3.961965e+01
7192.5000 4.199449e+01
7193.7500 4.165194e+01
7195.0000 4.104102e+01
7196.2500 3.858346e+01
7197.5000 3.775426e+01
7198.7500 4.281572e+01
7200.0000 4.701823e+01
7201.2500 4.606957e+01
7202.5000 4.055575e+01
7203.7500 3.834624e+01
7205.0000 3.859563e+01
7206.2500 3.904931e+01
7207.5000 4.090296e+01
7208.7500 3.893444e+01
7210.0000 3.735252e+01
7211.2500 3.601098e+01
7212.5000 3.635083e+01
7213.7500 3.550542e+01
7215.0000 3.535027e+01
7216.2500 3.753482e+01
7217.5000 3.599145e+01
7218.7500 3.521769e+01
7220.0000 3.955342e+01
7221.2500 4.630981e+01
7222.5000 4.675344e+01
7223.7500 4.598048e+01
7225.0000 4.598516e+01
7226.2500 4.116879e+01
7227.5000 4.407268e+01
7228.7500 4.896149e+01
7230.0000 4.387717e+01
7231.2500 4.237428e+01
7232.5000 5.360839e+01
7233.7500 5.716208e+01
7235.0000 4.581013e+01
7236.2500 5.418555e+01
7237.5000 2.005636e+02
7238.7500 5.264896e+02
7240.0000 7.915002e+02
7241.2500 5.069499e+02
7242.5000 1.958469e+02
7243.7500 5.808210e+02
7245.0000 7.934044e+02
7246.2500 3.047505e+02
7247.5000 9.833984e+01
7248.7500 5.749999e+01
7250.0000 5.209602e+01
7251.2500 8.827168e+01
7252.5000 2.081806e+02
7253.7500 1.699328e+02
7255.0000 9.178837e+01
7256.2500 7.202513e+01
7257.5000 4.608059e+01
7258.7500 4.500326e+01
7260.0000 4.722313e+01
7261.2500 4.591697e+01
7262.5000 5.096518e+01
7263.7500 5.017984e+01
7265.0000 4.771973e+01
7266.2500 5.878565e+01
7267.5000 6.834902e+01
7268.7500 6.612937e+01
7270.0000 5.883055e+01
7271.2500 5.187992e+01
7272.5000 5.011356e+01
7273.7500 1.523407e+02
7275.0000 9.705417e+02
7276.2500 1.828728e+03
7277.5000 6.656198e+02
7278.7500 6.143027e+01
7280.0000 6.667371e+01
7281.2500 7.727229e+01
7282.5000 1.447197e+02
7283.7500 4.021453e+02
7285.0000 3.495065e+02
7286.2500 9.101286e+01
7287.5000 4.521043e+01
7288.7500 4.902089e+01
7290.0000 5.929850e+01
7291.2500 6.083242e+01
7292.5000 5.035618e+01
7293.7500 5.597544e+01
7295.0000 1.433028e+02
7296.2500 1.428047e+02
7297.5000 5.656281e+01
7298.7500 3.873086e+01
7300.0000 3.686605e+01
7301.2500 4.982236e+01
7302.5000 2.106040e+02
7303.7500 2.974211e+02
7305.0000 1.186556e+02
7306.2500 5.248659e+01
7307.5000 4.538685e+01
7308.7500 4.308234e+01
7310.0000 6.465363e+01
7311.2500 6.867802e+01
7312.5000 4.608094e+01
7313.7500 7.301624e+01
7315.0000 6.077661e+02
7316.2500 9.569119e+02
7317.5000 3.439388e+02
7318.7500 4.649386e+01
7320.0000 4.155203e+01
7321.2500 3.675303e+01
7322.5000 3.627032e+01
7323.7500 3.789062e+01
7325.0000 3.861171e+01
7326.2500 4.049362e+01
7327.5000 1.641140e+02
7328.7500 3.754798e+02
7330.0000 2.475432e+02
7331.2500 5.933604e+01
7332.5000 4.677116e+01
7333.7500 3.951376e+01
7335.0000 3.770287e+01
7336.2500 3.816313e+01
7337.5000 4.214582e+01
7338.7500 1.750358e+02
7340.0000 9.296713e+02
7341.2500 9.588979e+02
7342.5000 1.901561e+02
7343.7500 5.297919e+01
7345.0000 5.114454e+01
7346.2500 4.983901e+01
7347.5000 4.588404e+01
7348.7500 4.478705e+01
7350.0000 5.202100e+01
7351.2500 5.756958e+01
7352.5000 5.361928e+01
7353.7500 4.480487e+01
7355.0000 4.386739e+01
7356.2500 6.331758e+01
7357.5000 2.482913e+02
7358.7500 3.206896e+02
7360.0000 1.287474e+02
7361.2500 4.330439e+01
7362.5000 4.568518e+01
7363.7500 4.866413e+01
7365.0000 5.020556e+01
7366.2500 5.250986e+01
7367.5000 2.244732e+02
7368.7500 7.491896e+02
7370.0000 5.902755e+02
7371.2500 9.321222e+01
7372.5000 4.747932e+01
7373.7500 5.707732e+01
7375.0000 4.934898e+01
7376.2500 3.897086e+01
7377.5000 4.144323e+01
7378.7500 4.358550e+01
7380.0000 3.867012e+01
7381.2500 3.692942e+01
7382.5000 4.107578e+01
7383.7500 4.199501e+01
7385.0000 3.604756e+01
7386.2500 3.734348e+01
7387.5000 3.991921e+01
7388.7500 4.806836e+01
7390.0000 7.208394e+01
7391.2500 1.967266e+02
7392.5000 2.113585e+02
7393.7500 7.646182e+01
7395.0000 4.014032e+01
7396.2500 3.629095e+01
7397.5000 3.772128e+01
7398.7500 4.083333e+01
7400.0000 1.485148e+02
7401.2500 4.470652e+02
7402.5000 3.551622e+02
7403.7500 7.164457e+01
7405.0000 3.575848e+01
7406.2500 3.419760e+01
7407.5000 3.360280e+01
7408.7500 3.427180e+01
7410.0000 3.592027e+01
7411.2500 4.542296e+01
7412.5000 4.841400e+01
7413.7500 4.136502e+01
7415.0000 4.049807e+01
7416.2500 4.295774e+01
7417.5000 4.105730e+01
7418.7500 3.692097e+01
7420.0000 3.347435e+01
7421.2500 3.655222e+01
7422.5000 3.983609e+01
7423.7500 3.717068e+01
7425.0000 3.335094e+01
7426.2500 3.418583e+01
7427.5000 4.507640e+01
7428.7500 1.163519e+02
7430.0000 1.350366e+02
7431.2500 5.945403e+01
7432.5000 3.451986e+01
7433.7500 3.654710e+01
7435.0000 3.558411e+01
7436.2500 6.185435e+01
7437.5000 1.958440e+02
7438.7500 2.235265e+02
7440.0000 8.123178e+01
7441.2500 3.496148e+01
7442.5000 3.500582e+01
7443.7500 3.538870e+01
7445.0000 3.406982e+01
7446.2500 3.276986e+01
7447.5000 3.377224e+01
7448.7500 3.418280e+01
7450.0000 3.505940e+01
7451.2500 3.479330e+01
7452.5000 3.377956e+01
7453.7500 3.292270e+01
7455.0000 3.314014e+01
7456.2500 3.540985e+01
7457.5000 3.947301e+01
7458.7500 4.073182e+01
7460.0000 3.995020e+01
7461.2500 5.986755e+01
7462.5000 6.378609e+01
7463.7500 5.349020e+01
7465.0000 6.876293e+01
7466.2500 9.677545e+01
7467.5000 7.045290e+01
7468.7500 4.903738e+01
7470.0000 8.980144e+01
7471.2500 1.227112e+02
7472.5000 1.578436e+02
7473.7500 1.563017e+02
7475.0000 7.319591e+01
7476.2500 4.239130e+01
7477.5000 7.753150e+01
7478.7500 1.618296e+02
7480.0000 1.511543e+02
7481.2500 8.811463e+01
7482.5000 1.698647e+02
7483.7500 1.853267e+02
7485.0000 6.866676e+01
7486.2500 4.051046e+01
7487.5000 4.395576e+01
7488.7500 3.893423e+01
7490.0000 3.376398e+01
7491.2500 3.785786e+01
7492.5000 7.160248e+01
7493.7500 8.535471e+01
7495.0000 4.808731e+01
7496.2500 3.353511e+01
7497.5000 3.590464e+01
7498.7500 4.041592e+01
7500.0000 4.115644e+01
7501.2500 3.733941e+01
7502.5000 3.863056e+01
7503.7500 3.565107e+01
7505.0000 3.280099e+01
7506.2500 3.256366e+01
7507.5000 3.649293e+01
7508.7500 3.509204e+01
7510.0000 3.445677e+01
7511.2500 3.273777e+01
7512.5000 3.467982e+01
7513.7500 3.407244e+01
7515.0000 3.886575e+01
7516.2500 6.542639e+01
7517.5000 7.555109e+01
7518.7500 4.574080e+01
7520.0000 4.038063e+01
7521.2500 7.722136e+01
7522.5000 3.469416e+02
7523.7500 6.005308e+02
7525.0000 2.954717e+02
7526.2500 5.509934e+01
7527.5000 4.926160e+01
7528.7500 8.264551e+01
7530.0000 1.719715e+02
7531.2500 1.459944e+02
7532.5000 4.830603e+01
7533.7500 3.751949e+01
7535.0000 4.019318e+01
7536.2500 4.012630e+01
7537.5000 4.015461e+01
7538.7500 5.598709e+01
7540.0000 7.976707e+01
7541.2500 6.071452e+01
7542.5000 3.882822e+01
7543.7500 3.897303e+01
7545.0000 3.790421e+01
7546.2500 4.276212e+01
7547.5000 3.843285e+01
7548.7500 3.801167e+01
7550.0000 3.904178e+01
7551.2500 4.050618e+01
7552.5000 4.772948e+01
7553.7500 4.434452e+01
7555.0000 4.418858e+01
7556.2500 1.127986e+02
7557.5000 1.515820e+02
7558.7500 7.366465e+01
7560.0000 4.129808e+01
7561.2500 4.061766e+01
7562.5000 3.999876e+01
7563.7500 3.929223e+01
7565.0000 3.714260e+01
7566.2500 5.899361e+01
7567.5000 7.199548e+01
7568.7500 5.470853e+01
7570.0000 1.801678e+02
7571.2500 4.574409e+02
7572.5000 3.225896e+02
7573.7500 9.422193e+01
7575.0000 6.125719e+01
7576.2500 4.056588e+01
7577.5000 3.834769e+01
7578.7500 4.261745e+01
7580.0000 4.244288e+01
7581.2500 4.486933e+01
7582.5000 4.450281e+01
7583.7500 6.089670e+01
7585.0000 2.439797e+02
7586.2500 3.112538e+02
7587.5000 1.086172e+02
7588.7500 5.943584e+01
7590.0000 5.953499e+01
7591.2500 6.120900e+01
7592.5000 6.729342e+01
7593.7500 7.481949e+01
7595.0000 9.798376e+01
7596.2500 2.412929e+02
7597.5000 1.046026e+03
7598.7500 1.197275e+03
7600.0000 3.506047e+02
7601.2500 1.888539e+02
7602.5000 2.181045e+02
7603.7500 2.520206e+02
7605.0000 2.698207e+02
7606.2500 2.476818e+02
7607.5000 2.231670e+02
7608.7500 2.380242e+02
7610.0000 2.143578e+02
7611.2500 1.827468e+02
7612.5000 1.523015e+02
7613.7500 1.156623e+02
7615.0000 8.644823e+01
7616.2500 1.511140e+02
7617.5000 2.737193e+02
7618.7500 1.681501e+02
7620.0000 8.079586e+01
7621.2500 1.244628e+02
7622.5000 1.554374e+02
7623.7500 1.231049e+02
7625.0000 1.138970e+02
7626.2500 1.403441e+02
7627.5000 6.617227e+02
7628.7500 8.337303e+02
7630.0000 2.552469e+02
7631.2500 1.163077e+02
7632.5000 1.210897e+02
7633.7500 9.554146e+01
7635.0000 8.199141e+01
7636.2500 9.948935e+01
7637.5000 9.194212e+01
7638.7500 7.808617e+01
7640.0000 8.861691e+01
7641.2500 1.064079e+02
7642.5000 7.856067e+01
7643.7500 7.206589e+01
7645.0000 8.270290e+01
7646.2500 7.527213e+01
7647.5000 6.742095e+01
7648.7500 7.196707e+01
7650.0000 7.618961e+01
7651.2500 7.886660e+01
7652.5000 1.451432e+02
7653.7500 1.623931e+02
7655.0000 7.896329e+01
7656.2500 5.862042e+01
7657.5000 4.591488e+01
7658.7500 4.792953e+01
7660.0000 7.268185e+01
7661.2500 2.401475e+02
7662.5000 2.154496e+02
7663.7500 9.091351e+01
7665.0000 4.927459e+01
7666.2500 4.728921e+01
7667.5000 4.383055e+01
7668.7500 3.650400e+01
7670.0000 4.146975e+01
7671.2500 5.076648e+01
7672.5000 5.246265e+01
7673.7500 3.980446e+01
7675.0000 3.493845e+01
7676.2500 3.832366e+01
7677.5000 4.041963e+01
7678.7500 4.154683e+01
7680.0000 4.530151e+01
7681.2500 5.751774e+01
7682.5000 5.405950e+01
7683.7500 4.437610e+01
7685.0000 4.849735e+01
7686.2500 6.210799e+01
7687.5000 6.416560e+01
7688.7500 5.158087e+01
7690.0000 5.032928e+01
7691.2500 7.387765e+01
7692.5000 6.578064e+01
7693.7500 4.507257e+01
7695.0000 4.147550e+01
7696.2500 4.370326e+01
7697.5000 5.698199e+01
7698.7500 9.854128e+01
7700.0000 9.177330e+01
7701.2500 5.261487e+01
7702.5000 4.120585e+01
7703.7500 3.941095e+01
7705.0000 3.690832e+01
7706.2500 3.489294e+01
7707.5000 3.507279e+01
7708.7500 3.870413e+01
7710.0000 8.493789e+01
7711.2500 5.561726e+02
7712.5000 8.707651e+02
7713.7500 4.201847e+02
7715.0000 4.543910e+02
7716.2500 9.129583e+02
7717.5000 7.583565e+02
7718.7500 2.253838e+02
7720.0000 5.597079e+01
7721.2500 4.873795e+01
7722.5000 1.083732e+02
7723.7500 1.539486e+02
7725.0000 2.149658e+02
7726.2500 2.168990e+02
7727.5000 8.329958e+01
7728.7500 4.760794e+01
7730.0000 4.930142e+01
7731.2500 4.445166e+01
7732.5000 4.855468e+01
7733.7500 6.793057e+01
7735.0000 8.663075e+01
7736.2500 7.076031e+01
7737.5000 4.599252e+01
7738.7500 5.035791e+01
7740.0000 5.812265e+01
7741.2500 5.229432e+01
7742.5000 4.114558e+01
7743.7500 4.296228e+01
7745.0000 5.214338e+01
7746.2500 5.352656e+01
7747.5000 8.228004e+01
7748.7500 5.160330e+02
7750.0000 1.624920e+03
7751.2500 1.137002e+03
7752.5000 1.599005e+02
7753.7500 4.587771e+01
7755.0000 4.833892e+01
7756.2500 7.765992e+01
7757.5000 9.074412e+01
7758.7500 3.659099e+02
7760.0000 5.462053e+02
7761.2500 1.991183e+02
7762.5000 4.502463e+01
7763.7500 4.359183e+01
7765.0000 3.952599e+01
7766.2500 4.052096e+01
7767.5000 4.349653e+01
7768.7500 5.233356e+01
7770.0000 7.654097e+01
7771.2500 2.041009e+02
7772.5000 3.503006e+02
7773.7500 3.329413e+02
7775.0000 1.812803e+02
7776.2500 7.414507e+01
7777.5000 4.755012e+01
7778.7500 1.599102e+02
7780.0000 3.637143e+02
7781.2500 2.184130e+02
7782.5000 5.623329e+01
7783.7500 5.234439e+01
7785.0000 6.274775e+01
7786.2500 6.339109e+01
7787.5000 5.693358e+01
7788.7500 6.430685e+01
7790.0000 1.019300e+02
7791.2500 1.209916e+02
7792.5000 5.575428e+02
7793.7500 1.316220e+03
7795.0000 6.795452e+02
7796.2500 7.954960e+01
7797.5000 5.275235e+01
7798.7500 5.005914e+01
7800.0000 4.310292e+01
7801.2500 4.079142e+01
7802.5000 4.548364e+01
7803.7500 5.074223e+01
7805.0000 4.988353e+01
7806.2500 1.041332e+02
7807.5000 4.448040e+02
7808.7500 4.683636e+02
7810.0000 1.212603e+02
7811.2500 6.746687e+01
7812.5000 6.475239e+01
7813.7500 7.069819e+01
7815.0000 7.866819e+01
7816.2500 6.278869e+01
7817.5000 6.039765e+01
7818.7500 1.054003e+02
7820.0000 8.088591e+02
7821.2500 1.706483e+03
7822.5000 7.349065e+02
7823.7500 7.739327e+01
7825.0000 5.862895e+01
7826.2500 5.312369e+01
7827.5000 6.297499e+01
7828.7500 7.797304e+01
7830.0000 5.920621e+01
7831.2500 4.517168e+01
7832.5000 5.767869e+01
7833.7500 6.817667e+01
7835.0000 5.331088e+01
7836.2500 4.084584e+01
7837.5000 4.778084e+01
7838.7500 6.573302e+01
7840.0000 3.231258e+02
7841.2500 4.982457e+02
7842.5000 1.835179e+02
7843.7500 4.810798e+01
7845.0000 4.768053e+01
7846.2500 4.581379e+01
7847.5000 6.544047e+01
7848.7500 1.685241e+02
7850.0000 1.935708e+02
7851.2500 3.250287e+02
7852.5000 1.435973e+03
7853.7500 1.470605e+03
7855.0000 2.649690e+02
7856.2500 9.064921e+01
7857.5000 1.825940e+02
7858.7500 2.523648e+02
7860.0000 5.749528e+02
7861.2500 4.528372e+02
7862.5000 7.885374e+01
7863.7500 4.601888e+01
7865.0000 5.001094e+01
7866.2500 1.483206e+02
7867.5000 2.739448e+02
7868.7500 2.672926e+02
7870.0000 6.546328e+02
7871.2500 5.678444e+02
7872.5000 1.011105e+02
7873.7500 4.942903e+01
7875.0000 4.565968e+01
7876.2500 5.723628e+01
7877.5000 2.352531e+02
7878.7500 3.675223e+02
7880.0000 2.350849e+02
7881.2500 2.973813e+02
7882.5000 2.009748e+02
7883.7500 7.391273e+01
7885.0000 7.390076e+01
7886.2500 8.309051e+01
7887.5000 1.311249e+02
7888.7500 5.744625e+02
7890.0000 7.673032e+02
7891.2500 2.472186e+02
7892.5000 8.380215e+01
7893.7500 8.183057e+01
7895.0000 7.088170e+01
7896.2500 6.147351e+01
7897.5000 7.036087e+01
7898.7500 5.747208e+01
7900.0000 4.329512e+01
7901.2500 5.088580e+01
7902.5000 6.490681e+01
7903.7500 6.066032e+01
7905.0000 6.066675e+01
7906.2500 7.051445e+01
7907.5000 5.977935e+01
7908.7500 6.344112e+01
7910.0000 1.014683e+02
7911.2500 2.980509e+02
7912.5000 1.539084e+03
7913.7500 2.170591e+03
7915.0000 6.149841e+02
7916.2500 7.419529e+01
7917.5000 1.124385e+02
7918.7500 1.922607e+02
7920.0000 6.607320e+02
7921.2500 8.424110e+02
7922.5000 2.424958e+02
7923.7500 7.577784e+01
7925.0000 5.722290e+01
7926.2500 4.689116e+01
7927.5000 7.148893e+01
7928.7500 1.080158e+02
7930.0000 3.629463e+02
7931.2500 5.790866e+02
7932.5000 2.704873e+02
7933.7500 7.776208e+01
7935.0000 6.006718e+01
7936.2500 4.872683e+01
7937.5000 4.784946e+01
7938.7500 5.126357e+01
7940.0000 5.396165e+01
7941.2500 6.081146e+01
7942.5000 6.195326e+01
7943.7500 7.127454e+01
7945.0000 8.868714e+01
7946.2500 8.842104e+01
7947.5000 1.860010e+02
7948.7500 4.554760e+02
7950.0000 3.099014e+02
7951.2500 6.801318e+01
7952.5000 5.986905e+01
7953.7500 4.739568e+01
7955.0000 4.280679e+01
7956.2500 4.560903e+01
7957.5000 4.741337e+01
7958.7500 4.201347e+01
7960.0000 4.696861e+01
7961.2500 5.109835e+01
7962.5000 2.151202e+02
7963.7500 1.363102e+03
7965.0000 1.505436e+03
7966.2500 2.767397e+02
7967.5000 1.302383e+02
7968.7500 1.201962e+02
7970.0000 6.084902e+01
7971.2500 5.416272e+01
7972.5000 5.502482e+01
7973.7500 5.089500e+01
7975.0000 6.153696e+01
7976.2500 1.676302e+02
7977.5000 2.419652e+02
7978.7500 4.734959e+02
7980.0000 5.401669e+02
7981.2500 1.533065e+02
7982.5000 4.528894e+01
7983.7500 4.648028e+01
7985.0000 4.913506e+01
7986.2500 6.201045e+01
7987.5000 6.689822e+01
7988.7500 6.272874e+01
7990.0000 6.840701e+01
7991.2500 2.565957e+02
7992.5000 1.449603e+03
7993.7500 1.572093e+03
7995.0000 2.966912e+02
7996.2500 7.095294e+01
7997.5000 7.280431e+01
7998.7500 7.245090e+01
8000.0000 6.265289e+01
8001.2500 6.558446e+01
8002.5000 6.191639e+01
8003.7500 5.490483e+01
8005.0000 4.923420e+01
8006.2500 4.706224e+01
8007.5000 4.710266e+01
8008.7500 4.704174e+01
8010.0000 4.956120e+01
8011.2500 6.362884e+01
8012.5000 1.941196e+02
8013.7500 4.212572e+02
8015.0000 2.791143e+02
8016.2500 6.672352e+01
8017.5000 5.050702e+01
8018.7500 7.780653e+01
8020.0000 1.063469e+02
8021.2500 7.201350e+01
8022.5000 5.640905e+01
8023.7500 2.132531e+02
8025.0000 8.926672e+02
8026.2500 8.700528e+02
8027.5000 2.368897e+02
8028.7500 1.237652e+02
8030.0000 8.407145e+01
8031.2500 6.935173e+01
8032.5000 5.884198e+01
8033.7500 5.436545e+01
8035.0000 5.190004e+01
8036.2500 4.477637e+01
8037.5000 3.898629e+01
8038.7500 4.446991e+01
8040.0000 5.088422e+01
8041.2500 5.061973e+01
8042.5000 4.411731e+01
8043.7500 4.135749e+01
8045.0000 4.128146e+01
8046.2500 4.209993e+01
8047.5000 4.367251e+01
8048.7500 5.765423e+01
8050.0000 1.156244e+02
8051.2500 2.433219e+02
8052.5000 2.016774e+02
8053.7500 6.268897e+01
8055.0000 4.278245e+01
8056.2500 4.305654e+01
8057.5000 4.256200e+01
8058.7500 4.546703e+01
8060.0000 1.247851e+02
8061.2500 4.629877e+02
8062.5000 4.386328e+02
8063.7500 1.151934e+02
8065.0000 4.892182e+01
8066.2500 4.829407e+01
8067.5000 4.560548e+01
8068.7500 4.363557e+01
8070.0000 4.022378e+01
8071.2500 4.270376e+01
8072.5000 4.394847e+01
8073.7500 5.581062e+01
8075.0000 5.598702e+01
8076.2500 6.365943e+01
8077.5000 6.818220e+01
8078.7500 5.061477e+01
8080.0000 4.598521e+01
8081.2500 5.032486e+01
8082.5000 5.546018e+01
8083.7500 7.696350e+01
8085.0000 9.279743e+01
8086.2500 6.306900e+01
8087.5000 4.582700e+01
8088.7500 4.696072e+01
8090.0000 4.598646e+01
8091.2500 5.516988e+01
8092.5000 1.413926e+02
8093.7500 1.662412e+02
8095.0000 8.451460e+01
8096.2500 5.420890e+01
8097.5000 5.382149e+01
8098.7500 5.519712e+01
8100.0000 7.776871e+01
8101.2500 2.379449e+02
8102.5000 3.020442e+02
8103.7500 1.394176e+02
8105.0000 7.512130e+01
8106.2500 6.494506e+01
8107.5000 6.589696e+01
8108.7500 6.449814e+01
8110.0000 6.274446e+01
8111.2500 5.736754e+01
8112.5000 6.083159e+01
8113.7500 5.844299e+01
8115.0000 5.534128e+01
8116.2500 5.512397e+01
8117.5000 5.241741e+01
8118.7500 5.641907e+01
8120.0000 5.438244e+01
8121.2500 5.568193e+01
8122.5000 5.879371e+01
8123.7500 5.775348e+01
8125.0000 5.667313e+01
8126.2500 6.309586e+01
8127.5000 6.862019e+01
8128.7500 5.702916e+01
8130.0000 5.819353e+01
8131.2500 7.197685e+01
8132.5000 6.661856e+01
8133.7500 5.864927e+01
8135.0000 6.847534e+01
8136.2500 6.740244e+01
8137.5000 9.245511e+01
8138.7500 1.314953e+02
8140.0000 1.090383e+02
8141.2500 6.151226e+01
8142.5000 5.010406e+01
8143.7500 5.141407e+01
8145.0000 8.035043e+01
8146.2500 1.556587e+02
8147.5000 1.383147e+02
8148.7500 6.515495e+01
8150.0000 5.053825e+01
8151.2500 5.095734e+01
8152.5000 5.150527e+01
8153.7500 5.302863e+01
8155.0000 4.941661e+01
8156.2500 4.735894e+01
8157.5000 4.774739e+01
8158.7500 5.064548e+01
8160.0000 4.980532e+01
8161.2500 5.049055e+01
8162.5000 5.305161e+01
8163.7500 5.652651e+01
8165.0000 5.108472e+01
8166.2500 4.497593e+01
8167.5000 4.657103e+01
8168.7500 4.515020e+01
8170.0000 5.138203e+01
8171.2500 4.914314e+01
8172.5000 4.551258e+01
8173.7500 4.282357e+01
8175.0000 4.246494e+01
8176.2500 4.634468e+01
8177.5000 4.957340e+01
8178.7500 5.281166e+01
8180.0000 4.692722e+01
8181.2500 4.560122e+01
8182.5000 4.324612e+01
8183.7500 4.477549e+01
8185.0000 4.409272e+01
8186.2500 4.793412e+01
8187.5000 6.992514e+01
8188.7500 7.668163e+01
8190.0000 5.253060e+01
8191.2500 4.468983e+01
8192.5000 4.269565e+01
8193.7500 6.231130e+01
8195.0000 7.990621e+01
8196.2500 6.177174e+01
8197.5000 4.664040e+01
8198.7500 4.308525e+01
8200.0000 4.328110e+01
8201.2500 4.251742e+01
8202.5000 4.456558e+01
8203.7500 4.734106e+01
8205.0000 4.600704e+01
8206.2500 5.152599e+01
8207.5000 5.508230e+01
8208.7500 5.421198e+01
8210.0000 4.892561e+01
8211.2500 4.475799e+01
8212.5000 4.643772e+01
8213.7500 5.238018e+01
8215.0000 5.311224e+01
8216.2500 4.734879e+01
8217.5000 4.782225e+01
8218.7500 4.612357e+01
8220.0000 4.470089e+01
8221.2500 4.810071e+01
8222.5000 5.591493e+01
8223.7500 5.708228e+01
8225.0000 5.494183e+01
8226.2500 5.851722e+01
8227.5000 5.756977e+01
8228.7500 6.159835e+01
8230.0000 6.357019e+01
8231.2500 6.108635e+01
8232.5000 6.214749e+01
8233.7500 6.673520e+01
8235.0000 6.935661e+01
8236.2500 7.085854e+01
8237.5000 6.997811e+01
8238.7500 6.757951e+01
8240.0000 7.829833e+01
8241.2500 9.187245e+01
8242.5000 7.815517e+01
8243.7500 6.031732e+01
8245.0000 6.003178e+01
8246.2500 7.357224e+01
8247.5000 8.361758e+01
8248.7500 6.965392e+01
8250.0000 5.501106e+01
8251.2500 5.021511e+01
8252.5000 5.242255e+01
8253.7500 6.085912e+01
8255.0000 7.060063e+01
8256.2500 6.292093e+01
8257.5000 5.299804e+01
8258.7500 5.119291e+01
8260.0000 5.454056e+01
8261.2500 5.081474e+01
8262.5000 4.865225e+01
8263.7500 5.175994e+01
8265.0000 5.078046e+01
8266.2500 4.873007e+01
8267.5000 5.316788e+01
8268.7500 5.443027e+01
8270.0000 5.661518e+01
8271.2500 4.864440e+01
8272.5000 5.600445e+01
8273.7500 5.746107e+01
8275.0000 6.333743e+01
8276.2500 1.241963e+02
8277.5000 4.005452e+02
8278.7500 4.356003e+02
8280.0000 5.475223e+02
8281.2500 1.067167e+03
8282.5000 6.554451e+02
8283.7500 1.360599e+02
8285.0000 2.163691e+02
8286.2500 4.685709e+02
8287.5000 1.490861e+03
8288.7500 1.910642e+03
8290.0000 4.239526e+02
8291.2500 9.619556e+01
8292.5000 5.569155e+01
8293.7500 7.831615e+01
8295.0000 3.747165e+02
8296.2500 5.627820e+02
8297.5000 1.020843e+03
8298.7500 1.687468e+03
8300.0000 6.736340e+02
8301.2500 1.126488e+02
8302.5000 1.148579e+02
8303.7500 9.343883e+01
8305.0000 7.792818e+01
8306.2500 5.814004e+01
8307.5000 6.102564e+01
8308.7500 1.631477e+02
8310.0000 5.245787e+02
8311.2500 4.449350e+02
8312.5000 9.112942e+01
8313.7500 4.995383e+01
8315.0000 4.961271e+01
8316.2500 6.561514e+01
8317.5000 9.698983e+01
8318.7500 9.199510e+01
8320.0000 6.270684e+01
8321.2500 5.799144e+01
8322.5000 5.945451e+01
8323.7500 5.357789e+01
8325.0000 5.084602e+01
8326.2500 4.767124e+01
8327.5000 4.492983e+01
8328.7500 4.753752e+01
8330.0000 4.978035e+01
8331.2500 5.106822e+01
8332.5000 4.941906e+01
8333.7500 5.111929e+01
8335.0000 5.039925e+01
8336.2500 6.542718e+01
8337.5000 9.258271e+01
8338.7500 8.961672e+01
8340.0000 6.796439e+01
8341.2500 1.841763e+02
8342.5000 1.014954e+03
8343.7500 4.530304e+03
8345.0000 4.329542e+03
8346.2500 5.868998e+02
8347.5000 7.781042e+01
8348.7500 1.361186e+02
8350.0000 1.757368e+02
8351.2500 5.489976e+02
8352.5000 1.402221e+03
8353.7500 8.476273e+02
8355.0000 9.238634e+01
8356.2500 6.015530e+01
8357.5000 4.803092e+01
8358.7500 6.047436e+01
8360.0000 1.038011e+02
8361.2500 1.270067e+02
8362.5000 1.396734e+02
8363.7500 3.651804e+02
8365.0000 4.458072e+02
8366.2500 1.738397e+02
8367.5000 6.177641e+01
8368.7500 5.130565e+01
8370.0000 4.810036e+01
8371.2500 4.465656e+01
8372.5000 4.939295e+01
8373.7500 4.779911e+01
8375.0000 4.996904e+01
8376.2500 5.300912e+01
8377.5000 4.954495e+01
8378.7500 8.890347e+01
8380.0000 2.024045e+02
8381.2500 6.324578e+02
8382.5000 7.918024e+02
8383.7500 2.630920e+02
8385.0000 5.318956e+01
8386.2500 4.904607e+01
8387.5000 5.098273e+01
8388.7500 5.427575e+01
8390.0000 6.627629e+01
8391.2500 7.194406e+01
8392.5000 5.776992e+01
8393.7500 4.760204e+01
8395.0000 5.303708e+01
8396.2500 9.674545e+01
8397.5000 1.336539e+03
8398.7500 3.398131e+03
8400.0000 1.789776e+03
8401.2500 1.566246e+02
8402.5000 5.410674e+01
8403.7500 4.828859e+01
8405.0000 4.687244e+01
8406.2500 4.751934e+01
8407.5000 4.737642e+01
8408.7500 4.878995e+01
8410.0000 5.021492e+01
8411.2500 5.149014e+01
8412.5000 7.675993e+01
8413.7500 6.503292e+02
8415.0000 1.212307e+03
8416.2500 5.078126e+02
8417.5000 6.694231e+01
8418.7500 5.465169e+01
8420.0000 5.593732e+01
8421.2500 6.102079e+01
8422.5000 7.790123e+01
8423.7500 8.430334e+01
8425.0000 8.651781e+01
8426.2500 1.049477e+02
8427.5000 2.062303e+02
8428.7500 2.294321e+03
8430.0000 4.563526e+03
8431.2500 1.667786e+03
8432.5000 1.354482e+02
8433.7500 1.149091e+02
8435.0000 8.935514e+01
8436.2500 5.508710e+01
8437.5000 5.182060e+01
8438.7500 4.804620e+01
8440.0000 5.108393e+01
8441.2500 5.144653e+01
8442.5000 4.821957e+01
8443.7500 5.187685e+01
8445.0000 1.241794e+02
8446.2500 2.071271e+02
8447.5000 1.250774e+02
8448.7500 6.163201e+01
8450.0000 1.434798e+02
8451.2500 8.338284e+02
8452.5000 1.012196e+03
8453.7500 2.589582e+02
8455.0000 6.345592e+01
8456.2500 5.366139e+01
8457.5000 5.271565e+01
8458.7500 5.538987e+01
8460.0000 6.101329e+01
8461.2500 7.031134e+01
8462.5000 1.093017e+02
8463.7500 9.300397e+02
8465.0000 2.742535e+03
8466.2500 1.586351e+03
8467.5000 1.391082e+02
8468.7500 5.110371e+01
8470.0000 4.852359e+01
8471.2500 4.588986e+01
8472.5000 5.515361e+01
8473.7500 9.144667e+01
8475.0000 9.589034e+01
8476.2500 5.298105e+01
8477.5000 4.319764e+01
8478.7500 4.482629e+01
8480.0000 3.962713e+01
8481.2500 4.296403e+01
8482.5000 4.114294e+01
8483.7500 3.869418e+01
8485.0000 4.415814e+01
8486.2500 4.273297e+01
8487.5000 4.047530e+01
8488.7500 4.358244e+01
8490.0000 4.825639e+01
8491.2500 1.299223e+02
8492.5000 4.855810e+02
8493.7500 5.260028e+02
8495.0000 1.498228e+02
8496.2500 6.445410e+01
8497.5000 6.210202e+01
8498.7500 5.517397e+01
8500.0000 6.726570e+01
8501.2500 8.082989e+01
8502.5000 2.252500e+02
8503.7500 1.005445e+03
8505.0000 1.213210e+03
8506.2500 3.174578e+02
8507.5000 5.869732e+01
8508.7500 4.665436e+01
8510.0000 4.895547e+01
8511.2500 4.845149e+01
8512.5000 4.811081e+01
8513.7500 4.707797e+01
8515.0000 4.808071e+01
8516.2500 4.867120e+01
8517.5000 4.842924e+01
8518.7500 5.776923e+01
8520.0000 7.604218e+01
8521.2500 7.169055e+01
8522.5000 4.950819e+01
8523.7500 4.854701e+01
8525.0000 4.920747e+01
8526.2500 5.195139e+01
8527.5000 4.765841e+01
8528.7500 4.824593e+01
8530.0000 4.984305e+01
8531.2500 4.813092e+01
8532.5000 4.347947e+01
8533.7500 4.689138e+01
8535.0000 4.843504e+01
8536.2500 6.536216e+01
8537.5000 2.354709e+02
8538.7500 3.213083e+02
8540.0000 1.287832e+02
8541.2500 5.753920e+01
8542.5000 6.093726e+01
8543.7500 4.678241e+01
8545.0000 5.459151e+01
8546.2500 8.797766e+01
8547.5000 3.916558e+02
8548.7500 5.701615e+02
8550.0000 2.642221e+02
8551.2500 6.667361e+01
8552.5000 6.381343e+01
8553.7500 5.686855e+01
8555.0000 4.765748e+01
8556.2500 4.336723e+01
8557.5000 4.264454e+01
8558.7500 4.443234e+01
8560.0000 4.217436e+01
8561.2500 4.384754e+01
8562.5000 4.389101e+01
8563.7500 4.089923e+01
8565.0000 4.362813e+01
8566.2500 4.391824e+01
8567.5000 4.366043e+01
8568.7500 4.373388e+01
8570.0000 4.460644e+01
8571.2500 5.651735e+01
8572.5000 6.173309e+01
8573.7500 5.787926e+01
8575.0000 6.030753e+01
8576.2500 6.537457e+01
8577.5000 5.831657e+01
8578.7500 4.930198e+01
8580.0000 4.390844e+01
8581.2500 4.439203e+01
8582.5000 4.336070e+01
8583.7500 4.320856e+01
8585.0000 4.550728e+01
8586.2500 8.035941e+01
8587.5000 1.705557e+02
8588.7500 1.426851e+02
8590.0000 6.078187e+01
8591.2500 5.165328e+01
8592.5000 4.801277e+01
8593.7500 4.760626e+01
8595.0000 1.046351e+02
8596.2500 2.285943e+02
8597.5000 1.999215e+02
8598.7500 7.185685e+01
8600.0000 5.271467e+01
8601.2500 5.798380e+01
8602.5000 5.788866e+01
8603.7500 5.811412e+01
8605.0000 5.862008e+01
8606.2500 5.752668e+01
8607.5000 6.385838e+01
8608.7500 6.845771e+01
8610.0000 7.840871e+01
8611.2500 9.205312e+01
8612.5000 1.136927e+02
8613.7500 1.289841e+02
8615.0000 1.615278e+02
8616.2500 1.818366e+02
8617.5000 2.257916e+02
8618.7500 2.557708e+02
8620.0000 2.908701e+02
8621.2500 3.456932e+02
8622.5000 3.484538e+02
8623.7500 4.256143e+02
8625.0000 4.854384e+02
8626.2500 4.375444e+02
8627.5000 5.055604e+02
8628.7500 5.503580e+02
8630.0000 4.624429e+02
8631.2500 5.323463e+02
8632.5000 5.379789e+02
8633.7500 3.891111e+02
8635.0000 4.340101e+02
8636.2500 4.314831e+02
8637.5000 2.666396e+02
8638.7500 2.705402e+02
8640.0000 2.832712e+02
8641.2500 2.065243e+02
8642.5000 1.398873e+02
8643.7500 7.292588e+01
8645.0000 8.736176e+01
8646.2500 1.934092e+02
8647.5000 2.073036e+02
8648.7500 2.884673e+02
8650.0000 4.839013e+02
8651.2500 4.272586e+02
8652.5000 2.544498e+02
8653.7500 3.774722e+02
8655.0000 5.606845e+02
8656.2500 3.913204e+02
8657.5000 2.403043e+02
8658.7500 4.418573e+02
8660.0000 5.587499e+02
8661.2500 3.216786e+02
8662.5000 1.893379e+02
8663.7500 4.105281e+02
8665.0000 5.017826e+02
8666.2500 2.774150e+02
8667.5000 1.609042e+02
8668.7500 3.287159e+02
8670.0000 4.222416e+02
8671.2500 2.437327e+02
8672.5000 1.039759e+02
8673.7500 2.062675e+02
8675.0000 3.124631e+02
8676.2500 2.299122e+02
8677.5000 9.283067e+01
8678.7500 1.197525e+02
8680.0000 2.148288e+02
8681.2500 2.058210e+02
8682.5000 1.093845e+02
8683.7500 7.139913e+01
8685.0000 1.240367e+02
8686.2500 1.558100e+02
8687.5000 1.238213e+02
8688.7500 6.013334e+01
8690.0000 6.682775e+01
8691.2500 1.016546e+02
8692.5000 1.165484e+02
8693.7500 9.503388e+01
8695.0000 6.251754e+01
8696.2500 7.078621e+01
8697.5000 9.581818e+01
8698.7500 1.193834e+02
8700.0000 1.432386e+02
8701.2500 1.007236e+02
8702.5000 7.325047e+01
8703.7500 7.649979e+01
8705.0000 9.301962e+01
8706.2500 1.371799e+02
8707.5000 1.477840e+02
8708.7500 9.269017e+01
8710.0000 6.376612e+01
8711.2500 6.778756e+01
8712.5000 6.357384e+01
8713.7500 5.896822e+01
8715.0000 5.949795e+01
8716.2500 6.179964e+01
8717.5000 6.257977e+01
8718.7500 6.018409e+01
8720.0000 5.885478e+01
8721.2500 5.761431e+01
8722.5000 5.888422e+01
8723.7500 5.577734e+01
8725.0000 6.903364e+01
8726.2500 8.696573e+01
8727.5000 7.436041e+01
8728.7500 5.683457e+01
8730.0000 5.376191e+01
8731.2500 5.320653e+01
8732.5000 5.234126e+01
8733.7500 5.484784e+01
8735.0000 5.593227e+01
8736.2500 6.401863e+01
8737.5000 7.203812e+01
8738.7500 6.830875e+01
8740.0000 7.378698e+01
8741.2500 6.567247e+01
8742.5000 6.269340e+01
8743.7500 5.927678e+01
8745.0000 5.483622e+01
8746.2500 5.530082e+01
8747.5000 5.305029e+01
8748.7500 6.006457e+01
8750.0000 6.953848e+01
8751.2500 6.067707e+01
8752.5000 5.172019e+01
8753.7500 5.067379e+01
8755.0000 5.494090e+01
8756.2500 9.926714e+01
8757.5000 3.959095e+02
8758.7500 7.208980e+02
8760.0000 1.360318e+03
8761.2500 1.750636e+03
8762.5000 7.020695e+02
8763.7500 1.864250e+02
8765.0000 5.849911e+02
8766.2500 1.817453e+03
8767.5000 2.658247e+03
8768.7500 1.303961e+03
8770.0000 2.019435e+02
8771.2500 9.290712e+01
8772.5000 7.145287e+01
8773.7500 1.690005e+02
8775.0000 8.500705e+02
8776.2500 1.639084e+03
8777.5000 2.946121e+03
8778.7500 2.278986e+03
8780.0000 3.517991e+02
8781.2500 8.156887e+01
8782.5000 7.047601e+01
8783.7500 6.790106e+01
8785.0000 6.288839e+01
8786.2500 6.769963e+01
8787.5000 7.442748e+01
8788.7500 1.751830e+02
8790.0000 8.529738e+02
8791.2500 1.087060e+03
8792.5000 3.496717e+02
8793.7500 6.838233e+01
8795.0000 6.555747e+01
8796.2500 6.259843e+01
8797.5000 6.329280e+01
8798.7500 6.033585e+01
8800.0000 6.257308e+01
8801.2500 6.724046e+01
8802.5000 6.118209e+01
8803.7500 5.716579e+01
8805.0000 5.245197e+01
8806.2500 5.435719e+01
8807.5000 7.082565e+01
8808.7500 1.314196e+02
8810.0000 1.561654e+02
8811.2500 9.664240e+01
8812.5000 6.020749e+01
8813.7500 5.380736e+01
8815.0000 5.838755e+01
8816.2500 5.468614e+01
8817.5000 5.370744e+01
8818.7500 5.414122e+01
8820.0000 5.537201e+01
8821.2500 5.954369e+01
8822.5000 8.542725e+01
8823.7500 3.351390e+02
8825.0000 1.899460e+03
8826.2500 7.411599e+03
8827.5000 6.810557e+03
8828.7500 1.093631e+03
8830.0000 1.844930e+02
8831.2500 2.335615e+02
8832.5000 3.344167e+02
8833.7500 3.816701e+02
8835.0000 1.367311e+03
8836.2500 2.503546e+03
8837.5000 1.115147e+03
8838.7500 1.280701e+02
8840.0000 6.564632e+01
8841.2500 6.171401e+01
8842.5000 5.949336e+01
8843.7500 7.999812e+01
8845.0000 1.203451e+02
8846.2500 1.128888e+02
8847.5000 1.671616e+02
8848.7500 6.188252e+02
8850.0000 7.257372e+02
8851.2500 2.319954e+02
8852.5000 6.663092e+01
8853.7500 6.563574e+01
8855.0000 6.807220e+01
8856.2500 6.980839e+01
8857.5000 6.725290e+01
8858.7500 6.754025e+01
8860.0000 8.384844e+01
8861.2500 1.287609e+02
8862.5000 1.552906e+02
8863.7500 1.215932e+02
8865.0000 1.882765e+02
8866.2500 1.117586e+03
8867.5000 1.804093e+03
8868.7500 7.244935e+02
8870.0000 8.930751e+01
8871.2500 6.961346e+01
8872.5000 6.246141e+01
8873.7500 5.898618e+01
8875.0000 6.102352e+01
8876.2500 6.109388e+01
8877.5000 5.980868e+01
8878.7500 5.953066e+01
8880.0000 6.235695e+01
8881.2500 7.179966e+01
8882.5000 1.186621e+02
8883.7500 9.678942e+02
8885.0000 5.259440e+03
8886.2500 5.228032e+03
8887.5000 9.135534e+02
8888.7500 1.416429e+02
8890.0000 1.053223e+02
8891.2500 7.509045e+01
8892.5000 6.502551e+01
8893.7500 7.035113e+01
8895.0000 9.415121e+01
8896.2500 1.029781e+02
8897.5000 8.542729e+01
8898.7500 6.972589e+01
8900.0000 9.997262e+01
8901.2500 6.179962e+02
8902.5000 2.045240e+03
8903.7500 1.557663e+03
8905.0000 2.505292e+02
8906.2500 9.622115e+01
8907.5000 1.103261e+02
8908.7500 1.321415e+02
8910.0000 1.111876e+02
8911.2500 7.701855e+01
8912.5000 6.127157e+01
8913.7500 7.115836e+01
8915.0000 8.943382e+01
8916.2500 1.389095e+02
8917.5000 1.119590e+03
8918.7500 6.347836e+03
8920.0000 6.485290e+03
8921.2500 1.053563e+03
8922.5000 1.344341e+02
8923.7500 1.003380e+02
8925.0000 1.003224e+02
8926.2500 1.266076e+02
8927.5000 1.624354e+02
8928.7500 1.417291e+02
8930.0000 9.047358e+01
8931.2500 7.550854e+01
8932.5000 7.791819e+01
8933.7500 9.894279e+01
8935.0000 1.090533e+02
8936.2500 9.278100e+01
8937.5000 8.435130e+01
8938.7500 9.003539e+01
8940.0000 1.031521e+02
8941.2500 3.453610e+02
8942.5000 1.553838e+03
8943.7500 1.669971e+03
8945.0000 3.752965e+02
8946.2500 8.171939e+01
8947.5000 7.366156e+01
8948.7500 6.970423e+01
8950.0000 6.185765e+01
8951.2500 5.732890e+01
8952.5000 6.871690e+01
8953.7500 8.296563e+01
8955.0000 1.769158e+02
8956.2500 1.567972e+03
8957.5000 4.905221e+03
8958.7500 3.675635e+03
8960.0000 4.744096e+02
8961.2500 9.721465e+01
8962.5000 8.967641e+01
8963.7500 8.507092e+01
8965.0000 7.900329e+01
8966.2500 6.820520e+01
8967.5000 6.949797e+01
8968.7500 8.609838e+01
8970.0000 1.358556e+02
8971.2500 1.763512e+02
8972.5000 9.905061e+01
8973.7500 7.776383e+01
8975.0000 7.556089e+01
8976.2500 7.295058e+01
8977.5000 8.215804e+01
8978.7500 9.899322e+01
8980.0000 1.317237e+02
8981.2500 1.541253e+02
8982.5000 1.070358e+02
8983.7500 8.863720e+01
8985.0000 1.433564e+02
8986.2500 4.717797e+02
8987.5000 2.840197e+03
8988.7500 2.621757e+03
8990.0000 3.551017e+02
8991.2500 1.963663e+02
8992.5000 2.114213e+02
8993.7500 1.020011e+02
8995.0000 6.563163e+01
8996.2500 6.685596e+01
8997.5000 8.454926e+01
8998.7500 2.926588e+02
9000.0000 3.921181e+03
9001.2500 8.848858e+03
9002.5000 1.920855e+03
9003.7500 1.456156e+02
9005.0000 8.861276e+01
9006.2500 7.315373e+01
9007.5000 6.737576e+01
9008.7500 6.718913e+01
9010.0000 6.528291e+01
9011.2500 6.302459e+01
9012.5000 6.163603e+01
9013.7500 6.643159e+01
9015.0000 6.318062e+01
9016.2500 6.392554e+01
9017.5000 6.833499e+01
9018.7500 7.228574e+01
9020.0000 1.061447e+02
9021.2500 1.135044e+02
9022.5000 7.492474e+01
9023.7500 6.478895e+01
9025.0000 6.627254e+01
9026.2500 7.963556e+01
9027.5000 1.081519e+02
9028.7500 1.034459e+02
9030.0000 7.549545e+01
9031.2500 7.148352e+01
9032.5000 6.631677e+01
9033.7500 6.281928e+01
9035.0000 7.154833e+01
9036.2500 2.490841e+02
9037.5000 6.281130e+02
9038.7500 4.605599e+02
9040.0000 1.100393e+02
9041.2500 7.028241e+01
9042.5000 9.316768e+01
9043.7500 9.605350e+01
9045.0000 8.353151e+01
9046.2500 9.650510e+01
9047.5000 3.620833e+02
9048.7500 1.139080e+03
9050.0000 1.051260e+03
9051.2500 2.622147e+02
9052.5000 8.527935e+01
9053.7500 7.680502e+01
9055.0000 8.469115e+01
9056.2500 1.026113e+02
9057.5000 9.362650e+01
9058.7500 7.062286e+01
9060.0000 7.217104e+01
9061.2500 6.255773e+01
9062.5000 7.872282e+01
9063.7500 1.107943e+02
9065.0000 1.175304e+02
9066.2500 8.995517e+01
9067.5000 1.091846e+02
9068.7500 1.209544e+02
9070.0000 1.105246e+02
9071.2500 9.475774e+01
9072.5000 6.623186e+01
9073.7500 6.477126e+01
9075.0000 7.046768e+01
9076.2500 6.645968e+01
9077.5000 6.251229e+01
9078.7500 5.852924e+01
9080.0000 6.490372e+01
9081.2500 6.708121e+01
9082.5000 7.116317e+01
9083.7500 8.292671e+01
9085.0000 8.371133e+01
9086.2500 6.905138e+01
9087.5000 5.996473e+01
9088.7500 6.662534e+01
9090.0000 9.940163e+01
9091.2500 2.710060e+02
9092.5000 4.016452e+02
9093.7500 2.258181e+02
9095.0000 9.108761e+01
9096.2500 7.938083e+01
9097.5000 8.671371e+01
9098.7500 8.590131e+01
9100.0000 1.065818e+02
9101.2500 3.565034e+02
9102.5000 6.299052e+02
9103.7500 3.658801e+02
9105.0000 9.838203e+01
9106.2500 6.461110e+01
9107.5000 6.771497e+01
9108.7500 7.267564e+01
9110.0000 7.326276e+01
9111.2500 7.315261e+01
9112.5000 7.281040e+01
9113.7500 7.250752e+01
9115.0000 7.160208e+01
9116.2500 6.767245e+01
9117.5000 6.257187e+01
9118.7500 5.848280e+01
9120.0000 5.989180e+01
9121.2500 7.006020e+01
9122.5000 7.093263e+01
9123.7500 6.729754e+01
9125.0000 6.262202e+01
9126.2500 6.322751e+01
9127.5000 6.272852e+01
9128.7500 6.260800e+01
9130.0000 6.146312e+01
9131.2500 6.391949e+01
9132.5000 7.310868e+01
9133.7500 7.768951e+01
9135.0000 7.282240e+01
9136.2500 7.357225e+01
9137.5000 7.082656e+01
9138.7500 7.366765e+01
9140.0000 7.202514e+01
9141.2500 6.775529e+01
9142.5000 6.740376e+01
9143.7500 6.714948e+01
9145.0000 7.308162e+01
9146.2500 7.349615e+01
9147.5000 6.960509e+01
9148.7500 7.171038e+01
9150.0000 1.315928e+02
9151.2500 2.745197e+02
9152.5000 2.585782e+02
9153.7500 1.290816e+02
9155.0000 9.765646e+01
9156.2500 1.136034e+02
9157.5000 1.164581e+02
9158.7500 1.643319e+02
9160.0000 3.281870e+02
9161.2500 3.636890e+02
9162.5000 1.850792e+02
9163.7500 8.401672e+01
9165.0000 7.809409e+01
9166.2500 7.454755e+01
9167.5000 7.763031e+01
9168.7500 7.462002e+01
9170.0000 8.278819e+01
9171.2500 7.901328e+01
9172.5000 7.819076e+01
9173.7500 7.876970e+01
9175.0000 7.585252e+01
9176.2500 7.970583e+01
9177.5000 7.965195e+01
9178.7500 8.465660e+01
9180.0000 8.745208e+01
9181.2500 8.115134e+01
9182.5000 8.032346e+01
9183.7500 8.119034e+01
9185.0000 7.134880e+01
9186.2500 7.054201e+01
9187.5000 7.606167e+01
9188.7500 6.893301e+01
9190.0000 6.492113e+01
9191.2500 6.710455e+01
9192.5000 7.053469e+01
9193.7500 6.685168e+01
9195.0000 6.672466e+01
9196.2500 6.663805e+01
9197.5000 6.626952e+01
9198.7500 6.760780e+01
9200.0000 7.343292e+01
9201.2500 7.572121e+01
9202.5000 7.258784e+01
9203.7500 7.867047e+01
9205.0000 7.912580e+01
9206.2500 7.014819e+01
9207.5000 7.244376e+01
9208.7500 7.936972e+01
9210.0000 7.697362e+01
9211.2500 7.187653e+01
9212.5000 6.745405e+01
9213.7500 7.983118e+01
9215.0000 1.643141e+02
9216.2500 2.479848e+02
9217.5000 1.600354e+02
9218.7500 7.507055e+01
9220.0000 7.657587e+01
9221.2500 8.651961e+01
9222.5000 1.313081e+02
9223.7500 2.561713e+02
9225.0000 3.001954e+02
9226.2500 1.713493e+02
9227.5000 9.771696e+01
9228.7500 8.666231e+01
9230.0000 7.896359e+01
9231.2500 7.416176e+01
9232.5000 8.006798e+01
9233.7500 8.219247e+01
9235.0000 7.948243e+01
9236.2500 7.899487e+01
9237.5000 7.327502e+01
9238.7500 7.022604e+01
9240.0000 7.402534e+01
9241.2500 7.556360e+01
9242.5000 7.734557e+01
9243.7500 7.284618e+01
9245.0000 7.733099e+01
9246.2500 1.029969e+02
9247.5000 1.370421e+02
9248.7500 1.330200e+02
9250.0000 1.528801e+02
9251.2500 1.586256e+02
9252.5000 1.170890e+02
9253.7500 1.184683e+02
9255.0000 9.555922e+01
9256.2500 7.516287e+01
9257.5000 7.053006e+01
9258.7500 7.516750e+01
9260.0000 1.179705e+02
9261.2500 1.829324e+02
9262.5000 2.054373e+02
9263.7500 1.491603e+02
9265.0000 1.574501e+02
9266.2500 1.769410e+02
9267.5000 9.735329e+01
9268.7500 7.356711e+01
9270.0000 7.155031e+01
9271.2500 6.945570e+01
9272.5000 6.525681e+01
9273.7500 7.099453e+01
9275.0000 6.627628e+01
9276.2500 6.665122e+01
9277.5000 6.205809e+01
9278.7500 7.762714e+01
9280.0000 6.870139e+01
9281.2500 6.495152e+01
9282.5000 7.237045e+01
9283.7500 8.646577e+01
9285.0000 1.840024e+02
9286.2500 2.592059e+02
9287.5000 1.928887e+02
9288.7500 1.309824e+02
9290.0000 9.424286e+01
9291.2500 1.124567e+02
9292.5000 2.348680e+02
9293.7500 3.202209e+02
9295.0000 1.863565e+02
9296.2500 1.063477e+02
9297.5000 9.169352e+01
9298.7500 9.256754e+01
9300.0000 1.108995e+02
9301.2500 1.264771e+02
9302.5000 1.675720e+02
9303.7500 5.064118e+02
9305.0000 2.768725e+03
9306.2500 1.088070e+04
9307.5000 1.719131e+04
9308.7500 6.415551e+03
9310.0000 2.851483e+03
9311.2500 5.706894e+03
9312.5000 1.201003e+04
9313.7500 1.329389e+04
9315.0000 3.298065e+03
9316.2500 1.283454e+03
9317.5000 2.148697e+03
9318.7500 1.025339e+03
9320.0000 5.159444e+02
9321.2500 3.173621e+03
9322.5000 2.399255e+04
9323.7500 4.021466e+04
9325.0000 9.579432e+03
9326.2500 4.552891e+02
9327.5000 2.303041e+02
9328.7500 2.468103e+02
9330.0000 5.692731e+02
9331.2500 6.581871e+02
9332.5000 3.170316e+02
9333.7500 2.075389e+02
9335.0000 3.450430e+02
9336.2500 1.954236e+03
9337.5000 5.670301e+03
9338.7500 3.307736e+03
9340.0000 3.837565e+02
9341.2500 2.434335e+02
9342.5000 3.017470e+02
9343.7500 3.107750e+02
9345.0000 2.993782e+02
9346.2500 3.487686e+02
9347.5000 4.896161e+02
9348.7500 6.334756e+02
9350.0000 1.891008e+03
