4750.0000 1.237640e+03
4751.2500 4.667354e+02
4752.5000 4.031738e+02
4753.7500 3.786269e+02
4755.0000 3.639987e+02
4756.2500 2.977839e+02
4757.5000 2.624695e+02
4758.7500 2.738807e+02
4760.0000 2.440182e+02
4761.2500 2.055746e+02
4762.5000 2.174492e+02
4763.7500 2.084914e+02
4765.0000 1.834370e+02
4766.2500 1.767507e+02
4767.5000 1.770800e+02
4768.7500 1.811536e+02
4770.0000 1.762007e+02
4771.2500 1.721074e+02
4772.5000 1.612888e+02
4773.7500 1.784956e+02
4775.0000 1.859561e+02
4776.2500 1.768124e+02
4777.5000 1.900952e+02
4778.7500 1.821286e+02
4780.0000 1.937081e+02
4781.2500 1.637895e+02
4782.5000 1.673872e+02
4783.7500 1.734368e+02
4785.0000 1.837815e+02
4786.2500 1.703682e+02
4787.5000 1.689722e+02
4788.7500 1.874463e+02
4790.0000 1.836402e+02
4791.2500 1.892993e+02
4792.5000 1.757812e+02
4793.7500 1.836098e+02
4795.0000 2.001162e+02
4796.2500 2.008109e+02
4797.5000 1.763150e+02
4798.7500 1.793970e+02
4800.0000 1.724602e+02
4801.2500 1.752801e+02
4802.5000 1.994857e+02
4803.7500 1.955031e+02
4805.0000 1.720278e+02
4806.2500 1.672865e+02
4807.5000 1.721888e+02
4808.7500 1.652769e+02
4810.0000 1.581287e+02
4811.2500 1.518477e+02
4812.5000 1.643202e+02
4813.7500 1.594480e+02
4815.0000 1.642105e+02
4816.2500 1.834266e+02
4817.5000 1.668202e+02
4818.7500 1.721037e+02
4820.0000 1.869933e+02
4821.2500 1.924944e+02
4822.5000 1.848560e+02
4823.7500 1.679344e+02
4825.0000 1.653271e+02
4826.2500 1.765476e+02
4827.5000 1.753029e+02
4828.7500 1.847502e+02
4830.0000 1.710772e+02
4831.2500 1.762966e+02
4832.5000 1.866591e+02
4833.7500 1.973881e+02
4835.0000 1.725962e+02
4836.2500 1.797933e+02
4837.5000 1.835782e+02
4838.7500 1.820455e+02
4840.0000 1.821294e+02
4841.2500 1.732740e+02
4842.5000 1.802674e+02
4843.7500 1.780286e+02
4845.0000 1.670384e+02
4846.2500 1.825598e+02
4847.5000 1.613586e+02
4848.7500 1.603665e+02
4850.0000 1.664256e+02
4851.2500 1.753916e+02
4852.5000 1.722162e+02
4853.7500 1.544314e+02
4855.0000 1.443318e+02
4856.2500 1.417407e+02
4857.5000 1.333874e+02
4858.7500 1.366848e+02
4860.0000 1.841557e+02
4861.2500 2.396782e+02
4862.5000 1.959296e+02
4863.7500 1.380860e+02
4865.0000 1.241942e+02
4866.2500 1.518392e+02
4867.5000 1.434305e+02
4868.7500 1.449374e+02
4870.0000 1.368491e+02
4871.2500 1.303360e+02
4872.5000 1.292934e+02
4873.7500 1.378389e+02
4875.0000 1.499353e+02
4876.2500 1.462292e+02
4877.5000 1.471388e+02
4878.7500 1.665909e+02
4880.0000 1.604289e+02
4881.2500 1.587138e+02
4882.5000 1.486819e+02
4883.7500 1.368906e+02
4885.0000 1.443227e+02
4886.2500 1.470887e+02
4887.5000 1.467272e+02
4888.7500 1.424592e+02
4890.0000 1.575249e+02
4891.2500 1.637497e+02
4892.5000 1.565183e+02
4893.7500 1.380804e+02
4895.0000 1.539009e+02
4896.2500 1.590780e+02
4897.5000 1.712236e+02
4898.7500 1.546715e+02
4900.0000 1.592055e+02
4901.2500 1.566190e+02
4902.5000 1.590059e+02
4903.7500 1.533341e+02
4905.0000 1.647675e+02
4906.2500 1.543079e+02
4907.5000 1.468556e+02
4908.7500 1.387124e+02
4910.0000 1.390844e+02
4911.2500 1.282717e+02
4912.5000 1.278634e+02
4913.7500 1.349741e+02
4915.0000 1.444833e+02
4916.2500 1.337380e+02
4917.5000 1.346257e+02
4918.7500 1.195948e+02
4920.0000 1.205626e+02
4921.2500 1.293587e+02
4922.5000 1.248368e+02
4923.7500 1.319305e+02
4925.0000 1.431921e+02
4926.2500 1.406462e+02
4927.5000 1.379100e+02
4928.7500 1.368388e+02
4930.0000 1.409023e+02
4931.2500 1.491875e+02
4932.5000 1.342053e+02
4933.7500 1.405913e+02
4935.0000 1.448500e+02
4936.2500 1.465960e+02
4937.5000 1.510287e+02
4938.7500 1.360471e+02
4940.0000 1.222932e+02
4941.2500 1.433006e+02
4942.5000 1.492443e+02
4943.7500 1.392576e+02
4945.0000 1.284774e+02
4946.2500 1.283152e+02
4947.5000 1.383631e+02
4948.7500 1.345619e+02
4950.0000 1.460149e+02
4951.2500 1.307738e+02
4952.5000 1.613635e+02
4953.7500 1.621393e+02
4955.0000 1.516498e+02
4956.2500 1.337104e+02
4957.5000 1.333077e+02
4958.7500 1.349784e+02
4960.0000 1.411261e+02
4961.2500 1.392613e+02
4962.5000 1.398811e+02
4963.7500 1.390056e+02
4965.0000 1.413535e+02
4966.2500 1.494103e+02
4967.5000 1.480073e+02
4968.7500 1.475743e+02
4970.0000 1.353556e+02
4971.2500 1.442329e+02
4972.5000 1.319748e+02
4973.7500 1.294432e+02
4975.0000 1.279847e+02
4976.2500 1.242886e+02
4977.5000 1.266179e+02
4978.7500 1.390217e+02
4980.0000 1.290385e+02
4981.2500 1.229872e+02
4982.5000 1.252029e+02
4983.7500 1.266602e+02
4985.0000 1.339712e+02
4986.2500 1.420958e+02
4987.5000 1.450464e+02
4988.7500 1.464396e+02
4990.0000 1.478864e+02
4991.2500 1.528853e+02
4992.5000 1.431753e+02
4993.7500 1.476666e+02
4995.0000 1.419258e+02
4996.2500 1.417459e+02
4997.5000 1.362809e+02
4998.7500 1.361312e+02
5000.0000 1.338861e+02
5001.2500 1.351003e+02
5002.5000 1.372212e+02
5003.7500 1.308363e+02
5005.0000 1.257417e+02
5006.2500 1.299594e+02
5007.5000 1.321337e+02
5008.7500 1.310147e+02
5010.0000 1.323168e+02
5011.2500 1.294796e+02
5012.5000 1.180515e+02
5013.7500 1.137723e+02
5015.0000 1.231442e+02
5016.2500 1.206057e+02
5017.5000 1.246565e+02
5018.7500 1.310514e+02
5020.0000 1.272053e+02
5021.2500 1.160940e+02
5022.5000 1.186725e+02
5023.7500 1.197356e+02
5025.0000 1.165805e+02
5026.2500 1.213498e+02
5027.5000 1.174496e+02
5028.7500 1.175794e+02
5030.0000 1.208408e+02
5031.2500 1.162199e+02
5032.5000 1.210332e+02
5033.7500 1.201377e+02
5035.0000 1.162274e+02
5036.2500 1.123195e+02
5037.5000 1.163608e+02
5038.7500 1.141243e+02
5040.0000 1.051061e+02
5041.2500 1.122293e+02
5042.5000 1.140583e+02
5043.7500 1.235702e+02
5045.0000 1.243358e+02
5046.2500 1.285653e+02
5047.5000 1.237650e+02
5048.7500 1.164114e+02
5050.0000 1.239879e+02
5051.2500 1.315520e+02
5052.5000 1.293497e+02
5053.7500 1.272826e+02
5055.0000 1.302985e+02
5056.2500 1.322645e+02
5057.5000 1.352148e+02
5058.7500 1.389735e+02
5060.0000 1.298636e+02
5061.2500 1.253992e+02
5062.5000 1.328604e+02
5063.7500 1.211224e+02
5065.0000 1.166311e+02
5066.2500 1.166301e+02
5067.5000 1.267518e+02
5068.7500 1.145333e+02
5070.0000 1.190730e+02
5071.2500 1.118786e+02
5072.5000 1.164883e+02
5073.7500 1.233570e+02
5075.0000 1.172062e+02
5076.2500 1.192397e+02
5077.5000 1.151326e+02
5078.7500 1.084019e+02
5080.0000 1.104012e+02
5081.2500 1.074692e+02
5082.5000 1.080576e+02
5083.7500 1.069605e+02
5085.0000 1.080874e+02
5086.2500 1.189893e+02
5087.5000 1.062210e+02
5088.7500 1.037887e+02
5090.0000 1.019333e+02
5091.2500 1.118001e+02
5092.5000 1.062768e+02
5093.7500 1.051819e+02
5095.0000 1.071586e+02
5096.2500 1.060030e+02
5097.5000 1.020711e+02
5098.7500 9.866562e+01
5100.0000 1.048479e+02
5101.2500 1.136072e+02
5102.5000 1.079487e+02
5103.7500 1.062922e+02
5105.0000 1.104190e+02
5106.2500 1.112585e+02
5107.5000 1.044283e+02
5108.7500 1.066018e+02
5110.0000 1.168254e+02
5111.2500 1.124290e+02
5112.5000 1.226530e+02
5113.7500 1.292805e+02
5115.0000 1.159530e+02
5116.2500 1.198023e+02
5117.5000 1.224432e+02
5118.7500 1.228899e+02
5120.0000 1.284600e+02
5121.2500 1.178166e+02
5122.5000 1.158205e+02
5123.7500 1.210495e+02
5125.0000 1.195059e+02
5126.2500 1.114506e+02
5127.5000 1.143180e+02
5128.7500 1.122668e+02
5130.0000 1.166277e+02
5131.2500 1.287354e+02
5132.5000 1.250478e+02
5133.7500 1.256202e+02
5135.0000 1.234903e+02
5136.2500 1.211857e+02
5137.5000 1.229851e+02
5138.7500 1.141958e+02
5140.0000 1.165930e+02
5141.2500 1.161265e+02
5142.5000 1.187206e+02
5143.7500 1.137402e+02
5145.0000 1.176263e+02
5146.2500 1.154694e+02
5147.5000 1.099321e+02
5148.7500 1.061954e+02
5150.0000 1.089196e+02
5151.2500 9.908336e+01
5152.5000 1.001184e+02
5153.7500 1.053748e+02
5155.0000 1.048999e+02
5156.2500 9.731781e+01
5157.5000 9.731451e+01
5158.7500 1.022918e+02
5160.0000 1.012942e+02
5161.2500 1.032211e+02
5162.5000 1.048394e+02
5163.7500 1.002513e+02
5165.0000 9.555358e+01
5166.2500 9.291488e+01
5167.5000 8.673852e+01
5168.7500 9.845557e+01
5170.0000 9.310297e+01
5171.2500 8.939816e+01
5172.5000 8.642828e+01
5173.7500 9.973499e+01
5175.0000 1.081960e+02
5176.2500 1.138982e+02
5177.5000 1.172362e+02
5178.7500 1.171188e+02
5180.0000 1.214046e+02
5181.2500 1.121782e+02
5182.5000 9.623620e+01
5183.7500 9.274090e+01
5185.0000 9.278040e+01
5186.2500 1.174896e+02
5187.5000 1.412777e+02
5188.7500 1.304274e+02
5190.0000 1.303061e+02
5191.2500 1.188791e+02
5192.5000 1.159585e+02
5193.7500 1.162073e+02
5195.0000 1.177713e+02
5196.2500 1.405889e+02
5197.5000 1.967724e+02
5198.7500 1.941861e+02
5200.0000 1.660220e+02
5201.2500 1.542361e+02
5202.5000 1.524617e+02
5203.7500 1.444310e+02
5205.0000 1.199305e+02
5206.2500 1.098116e+02
5207.5000 1.115370e+02
5208.7500 1.169623e+02
5210.0000 1.148436e+02
5211.2500 1.166093e+02
5212.5000 1.145037e+02
5213.7500 1.098103e+02
5215.0000 1.096298e+02
5216.2500 1.079733e+02
5217.5000 1.151558e+02
5218.7500 1.085038e+02
5220.0000 1.045521e+02
5221.2500 1.065680e+02
5222.5000 1.139310e+02
5223.7500 1.196535e+02
5225.0000 1.046515e+02
5226.2500 8.892798e+01
5227.5000 8.613952e+01
5228.7500 8.995113e+01
5230.0000 9.906336e+01
5231.2500 1.055399e+02
5232.5000 9.779628e+01
5233.7500 8.949227e+01
5235.0000 9.286515e+01
5236.2500 9.750671e+01
5237.5000 1.155216e+02
5238.7500 1.271182e+02
5240.0000 1.243223e+02
5241.2500 1.031386e+02
5242.5000 9.815213e+01
5243.7500 1.011634e+02
5245.0000 1.019499e+02
5246.2500 1.082575e+02
5247.5000 1.039344e+02
5248.7500 1.105545e+02
5250.0000 1.087137e+02
5251.2500 1.063402e+02
5252.5000 1.077553e+02
5253.7500 1.115952e+02
5255.0000 1.300656e+02
5256.2500 1.395453e+02
5257.5000 1.245821e+02
5258.7500 1.121666e+02
5260.0000 1.114921e+02
5261.2500 1.078175e+02
5262.5000 1.033860e+02
5263.7500 1.016119e+02
5265.0000 9.771973e+01
5266.2500 1.049497e+02
5267.5000 1.051751e+02
5268.7500 1.059168e+02
5270.0000 1.118496e+02
5271.2500 1.090544e+02
5272.5000 1.117399e+02
5273.7500 1.230668e+02
5275.0000 1.333360e+02
5276.2500 1.395323e+02
5277.5000 1.246756e+02
5278.7500 1.165090e+02
5280.0000 1.112782e+02
5281.2500 1.133294e+02
5282.5000 1.017458e+02
5283.7500 1.082617e+02
5285.0000 1.042650e+02
5286.2500 1.170418e+02
5287.5000 1.112454e+02
5288.7500 1.076099e+02
5290.0000 1.103862e+02
5291.2500 1.078510e+02
5292.5000 1.013658e+02
5293.7500 1.024749e+02
5295.0000 1.005764e+02
5296.2500 9.138771e+01
5297.5000 9.694167e+01
5298.7500 1.033590e+02
5300.0000 9.100925e+01
5301.2500 8.997668e+01
5302.5000 9.114339e+01
5303.7500 9.232642e+01
5305.0000 9.467833e+01
5306.2500 9.148646e+01
5307.5000 9.702799e+01
5308.7500 9.116679e+01
5310.0000 9.035578e+01
5311.2500 9.952523e+01
5312.5000 1.028095e+02
5313.7500 1.048080e+02
5315.0000 9.506339e+01
5316.2500 9.835388e+01
5317.5000 1.003352e+02
5318.7500 9.841577e+01
5320.0000 1.051550e+02
5321.2500 1.085908e+02
5322.5000 1.145974e+02
5323.7500 1.041820e+02
5325.0000 1.076268e+02
5326.2500 1.113812e+02
5327.5000 1.075134e+02
5328.7500 1.122795e+02
5330.0000 1.358383e+02
5331.2500 1.267719e+02
5332.5000 1.090856e+02
5333.7500 1.090477e+02
5335.0000 1.146898e+02
5336.2500 1.147607e+02
5337.5000 1.184215e+02
5338.7500 1.029524e+02
5340.0000 1.059227e+02
5341.2500 1.089473e+02
5342.5000 1.161112e+02
5343.7500 1.107409e+02
5345.0000 1.178347e+02
5346.2500 1.187455e+02
5347.5000 1.135051e+02
5348.7500 1.162805e+02
5350.0000 1.200949e+02
5351.2500 1.180654e+02
5352.5000 1.185680e+02
5353.7500 1.129631e+02
5355.0000 1.277957e+02
5356.2500 1.122750e+02
5357.5000 1.104448e+02
5358.7500 1.086285e+02
5360.0000 1.133803e+02
5361.2500 1.076723e+02
5362.5000 1.127926e+02
5363.7500 1.078881e+02
5365.0000 1.021905e+02
5366.2500 1.063049e+02
5367.5000 1.063865e+02
5368.7500 1.024404e+02
5370.0000 9.814895e+01
5371.2500 1.006881e+02
5372.5000 9.820034e+01
5373.7500 9.345811e+01
5375.0000 9.691718e+01
5376.2500 9.491223e+01
5377.5000 8.864590e+01
5378.7500 8.905812e+01
5380.0000 8.856428e+01
5381.2500 9.414198e+01
5382.5000 8.804050e+01
5383.7500 8.942059e+01
5385.0000 8.662589e+01
5386.2500 9.136162e+01
5387.5000 8.686953e+01
5388.7500 8.631352e+01
5390.0000 8.426772e+01
5391.2500 8.949184e+01
5392.5000 9.072594e+01
5393.7500 9.488267e+01
5395.0000 9.270075e+01
5396.2500 8.923954e+01
5397.5000 9.480064e+01
5398.7500 8.713218e+01
5400.0000 9.514354e+01
5401.2500 9.254202e+01
5402.5000 9.444018e+01
5403.7500 9.228648e+01
5405.0000 9.286879e+01
5406.2500 1.005205e+02
5407.5000 9.531751e+01
5408.7500 9.746330e+01
5410.0000 9.450001e+01
5411.2500 9.507444e+01
5412.5000 9.672266e+01
5413.7500 8.998675e+01
5415.0000 9.803529e+01
5416.2500 1.029083e+02
5417.5000 1.014981e+02
5418.7500 8.961367e+01
5420.0000 1.007682e+02
5421.2500 9.694318e+01
5422.5000 1.050467e+02
5423.7500 9.847997e+01
5425.0000 9.902671e+01
5426.2500 1.015337e+02
5427.5000 1.060908e+02
5428.7500 1.032873e+02
5430.0000 1.039825e+02
5431.2500 1.096492e+02
5432.5000 1.134321e+02
5433.7500 1.091876e+02
5435.0000 1.086681e+02
5436.2500 1.112677e+02
5437.5000 1.105365e+02
5438.7500 1.141563e+02
5440.0000 1.100868e+02
5441.2500 1.049674e+02
5442.5000 1.064814e+02
5443.7500 1.034253e+02
5445.0000 9.772451e+01
5446.2500 1.027691e+02
5447.5000 9.448798e+01
5448.7500 9.780652e+01
5450.0000 1.009305e+02
5451.2500 9.562969e+01
5452.5000 9.622037e+01
5453.7500 9.443947e+01
5455.0000 8.959237e+01
5456.2500 9.161075e+01
5457.5000 9.702892e+01
5458.7500 1.026157e+02
5460.0000 1.028342e+02
5461.2500 1.093236e+02
5462.5000 9.268510e+01
5463.7500 9.223141e+01
5465.0000 9.321953e+01
5466.2500 9.701053e+01
5467.5000 9.222123e+01
5468.7500 9.531094e+01
5470.0000 9.437169e+01
5471.2500 9.070110e+01
5472.5000 9.019775e+01
5473.7500 8.728937e+01
5475.0000 9.874615e+01
5476.2500 8.540630e+01
5477.5000 9.016743e+01
5478.7500 9.327787e+01
5480.0000 9.303434e+01
5481.2500 9.569050e+01
5482.5000 8.823891e+01
5483.7500 1.019287e+02
5485.0000 1.012976e+02
5486.2500 9.898166e+01
5487.5000 9.650191e+01
5488.7500 9.598151e+01
5490.0000 9.667119e+01
5491.2500 9.959143e+01
5492.5000 9.679735e+01
5493.7500 9.747530e+01
5495.0000 9.173761e+01
5496.2500 9.802554e+01
5497.5000 9.641969e+01
5498.7500 1.044578e+02
5500.0000 1.009105e+02
5501.2500 9.778304e+01
5502.5000 9.735176e+01
5503.7500 9.893240e+01
5505.0000 9.759340e+01
5506.2500 1.001663e+02
5507.5000 1.004615e+02
5508.7500 9.802843e+01
5510.0000 9.860079e+01
5511.2500 1.025046e+02
5512.5000 1.038059e+02
5513.7500 1.050817e+02
5515.0000 1.034631e+02
5516.2500 1.005993e+02
5517.5000 1.048485e+02
5518.7500 1.053821e+02
5520.0000 1.052900e+02
5521.2500 1.073880e+02
5522.5000 1.053478e+02
5523.7500 1.070526e+02
5525.0000 1.025887e+02
5526.2500 1.002622e+02
5527.5000 1.006829e+02
5528.7500 9.459998e+01
5530.0000 1.038301e+02
5531.2500 1.073730e+02
5532.5000 1.011055e+02
5533.7500 1.014444e+02
5535.0000 9.389081e+01
5536.2500 1.036152e+02
5537.5000 1.019912e+02
5538.7500 1.014150e+02
5540.0000 1.058622e+02
5541.2500 1.156945e+02
5542.5000 1.241797e+02
5543.7500 1.286781e+02
5545.0000 1.239991e+02
5546.2500 1.022220e+02
5547.5000 9.826802e+01
5548.7500 1.054274e+02
5550.0000 1.044303e+02
5551.2500 9.891640e+01
5552.5000 9.002229e+01
5553.7500 9.351846e+01
5555.0000 9.244209e+01
5556.2500 9.535460e+01
5557.5000 9.190891e+01
5558.7500 9.680090e+01
5560.0000 9.378133e+01
5561.2500 1.023567e+02
5562.5000 1.197131e+02
5563.7500 1.424775e+02
5565.0000 1.309506e+02
5566.2500 1.040599e+02
5567.5000 1.060127e+02
5568.7500 1.119399e+02
5570.0000 1.178574e+02
5571.2500 1.100499e+02
5572.5000 1.077693e+02
5573.7500 1.354806e+02
5575.0000 8.456104e+02
5576.2500 6.624609e+03
5577.5000 9.979910e+03
5578.7500 3.032109e+03
5580.0000 2.350222e+02
5581.2500 1.341394e+02
5582.5000 1.085278e+02
5583.7500 1.040185e+02
5585.0000 1.004135e+02
5586.2500 9.828617e+01
5587.5000 1.111355e+02
5588.7500 1.501520e+02
5590.0000 1.248199e+02
5591.2500 1.016302e+02
5592.5000 9.397356e+01
5593.7500 1.026527e+02
5595.0000 1.005148e+02
5596.2500 1.091810e+02
5597.5000 1.125940e+02
5598.7500 1.151644e+02
5600.0000 1.025417e+02
5601.2500 9.297545e+01
5602.5000 1.003122e+02
5603.7500 1.335152e+02
5605.0000 1.503057e+02
5606.2500 1.287890e+02
5607.5000 1.068776e+02
5608.7500 1.011184e+02
5610.0000 1.026669e+02
5611.2500 9.304595e+01
5612.5000 9.917114e+01
5613.7500 9.589236e+01
5615.0000 9.815595e+01
5616.2500 1.052808e+02
5617.5000 1.053966e+02
5618.7500 1.048501e+02
5620.0000 9.425905e+01
5621.2500 9.934689e+01
5622.5000 1.198191e+02
5623.7500 1.323301e+02
5625.0000 1.143464e+02
5626.2500 9.460992e+01
5627.5000 9.517268e+01
5628.7500 8.878769e+01
5630.0000 9.368896e+01
5631.2500 9.201498e+01
5632.5000 9.815610e+01
5633.7500 9.613657e+01
5635.0000 9.090260e+01
5636.2500 8.656502e+01
5637.5000 9.343730e+01
5638.7500 9.983601e+01
5640.0000 9.706212e+01
5641.2500 8.849531e+01
5642.5000 8.804903e+01
5643.7500 9.687506e+01
5645.0000 1.115830e+02
5646.2500 1.014676e+02
5647.5000 9.026643e+01
5648.7500 9.008556e+01
5650.0000 8.947317e+01
5651.2500 9.255157e+01
5652.5000 9.200491e+01
5653.7500 9.553748e+01
5655.0000 9.459852e+01
5656.2500 8.861063e+01
5657.5000 8.334390e+01
5658.7500 8.727307e+01
5660.0000 8.934416e+01
5661.2500 9.223859e+01
5662.5000 9.501296e+01
5663.7500 1.004510e+02
5665.0000 9.597009e+01
5666.2500 9.328938e+01
5667.5000 9.706137e+01
5668.7500 1.033599e+02
5670.0000 1.046955e+02
5671.2500 1.033472e+02
5672.5000 1.058140e+02
5673.7500 1.032277e+02
5675.0000 1.002019e+02
5676.2500 1.018715e+02
5677.5000 1.026838e+02
5678.7500 1.031445e+02
5680.0000 1.041628e+02
5681.2500 1.050534e+02
5682.5000 1.011791e+02
5683.7500 1.051537e+02
5685.0000 1.067376e+02
5686.2500 1.023385e+02
5687.5000 1.102528e+02
5688.7500 1.058331e+02
5690.0000 1.108259e+02
5691.2500 1.086863e+02
5692.5000 1.108494e+02
5693.7500 1.040545e+02
5695.0000 1.085135e+02
5696.2500 1.130820e+02
5697.5000 1.117048e+02
5698.7500 1.059445e+02
5700.0000 1.057744e+02
5701.2500 1.055513e+02
5702.5000 1.025922e+02
5703.7500 1.069799e+02
5705.0000 1.053293e+02
5706.2500 1.042443e+02
5707.5000 9.947743e+01
5708.7500 9.935640e+01
5710.0000 1.041040e+02
5711.2500 9.702429e+01
5712.5000 1.051892e+02
5713.7500 1.021585e+02
5715.0000 9.848451e+01
5716.2500 1.036362e+02
5717.5000 1.060234e+02
5718.7500 1.018054e+02
5720.0000 1.039398e+02
5721.2500 1.022587e+02
5722.5000 9.767596e+01
5723.7500 1.010618e+02
5725.0000 1.025496e+02
5726.2500 9.745474e+01
5727.5000 9.559782e+01
5728.7500 9.452036e+01
5730.0000 8.839668e+01
5731.2500 8.810926e+01
5732.5000 9.123180e+01
5733.7500 9.029309e+01
5735.0000 9.202676e+01
5736.2500 8.858742e+01
5737.5000 8.968752e+01
5738.7500 8.661606e+01
5740.0000 8.353709e+01
5741.2500 8.296173e+01
5742.5000 8.127930e+01
5743.7500 8.606703e+01
5745.0000 8.572471e+01
5746.2500 7.974003e+01
5747.5000 8.216292e+01
5748.7500 8.192828e+01
5750.0000 8.332665e+01
5751.2500 8.367395e+01
5752.5000 8.052084e+01
5753.7500 8.629532e+01
5755.0000 8.856005e+01
5756.2500 9.301246e+01
5757.5000 9.311032e+01
5758.7500 9.205833e+01
5760.0000 9.231592e+01
5761.2500 9.017013e+01
5762.5000 9.031617e+01
5763.7500 9.293082e+01
5765.0000 9.825660e+01
5766.2500 1.043267e+02
5767.5000 1.001681e+02
5768.7500 9.538284e+01
5770.0000 1.014958e+02
5771.2500 9.842394e+01
5772.5000 9.586166e+01
5773.7500 9.793874e+01
5775.0000 9.383825e+01
5776.2500 1.018191e+02
5777.5000 9.289577e+01
5778.7500 9.979909e+01
5780.0000 9.931380e+01
5781.2500 9.468198e+01
5782.5000 1.025871e+02
5783.7500 9.691659e+01
5785.0000 9.499850e+01
5786.2500 9.321465e+01
5787.5000 1.057665e+02
5788.7500 1.070243e+02
5790.0000 1.079040e+02
5791.2500 1.040341e+02
5792.5000 1.081411e+02
5793.7500 1.071130e+02
5795.0000 1.063547e+02
5796.2500 1.051398e+02
5797.5000 1.044190e+02
5798.7500 9.877758e+01
5800.0000 1.032801e+02
5801.2500 1.008476e+02
5802.5000 1.064394e+02
5803.7500 1.067374e+02
5805.0000 1.032036e+02
5806.2500 1.032235e+02
5807.5000 1.059698e+02
5808.7500 1.090474e+02
5810.0000 1.066185e+02
5811.2500 1.036012e+02
5812.5000 1.003097e+02
5813.7500 1.014369e+02
5815.0000 1.037562e+02
5816.2500 1.056855e+02
5817.5000 1.056712e+02
5818.7500 1.101297e+02
5820.0000 1.057484e+02
5821.2500 1.023376e+02
5822.5000 9.963708e+01
5823.7500 1.051700e+02
5825.0000 1.014788e+02
5826.2500 1.043356e+02
5827.5000 9.749454e+01
5828.7500 9.490424e+01
5830.0000 9.498222e+01
5831.2500 9.646256e+01
5832.5000 9.061946e+01
5833.7500 9.215247e+01
5835.0000 1.004227e+02
5836.2500 9.432187e+01
5837.5000 9.005841e+01
5838.7500 9.350648e+01
5840.0000 8.596337e+01
5841.2500 8.799143e+01
5842.5000 8.546668e+01
5843.7500 8.720600e+01
5845.0000 7.775999e+01
5846.2500 7.884963e+01
5847.5000 7.932217e+01
5848.7500 8.144314e+01
5850.0000 8.267312e+01
5851.2500 7.967630e+01
5852.5000 7.839865e+01
5853.7500 7.699242e+01
5855.0000 7.480482e+01
5856.2500 7.627749e+01
5857.5000 7.473367e+01
5858.7500 7.603999e+01
5860.0000 7.827949e+01
5861.2500 7.848769e+01
5862.5000 8.093787e+01
5863.7500 9.560980e+01
5865.0000 1.477797e+02
5866.2500 1.751017e+02
5867.5000 1.723113e+02
5868.7500 1.459470e+02
5870.0000 9.978373e+01
5871.2500 9.471255e+01
5872.5000 1.030348e+02
5873.7500 9.882974e+01
5875.0000 9.836886e+01
5876.2500 9.341537e+01
5877.5000 8.953460e+01
5878.7500 9.077983e+01
5880.0000 8.809514e+01
5881.2500 8.626316e+01
5882.5000 8.961012e+01
5883.7500 9.921687e+01
5885.0000 1.015647e+02
5886.2500 1.308006e+02
5887.5000 2.659761e+02
5888.7500 5.794290e+02
5890.0000 7.581068e+02
5891.2500 4.069375e+02
5892.5000 1.270247e+02
5893.7500 1.806248e+02
5895.0000 4.191927e+02
5896.2500 4.871137e+02
5897.5000 2.090393e+02
5898.7500 1.014238e+02
5900.0000 1.003829e+02
5901.2500 1.061191e+02
5902.5000 1.145097e+02
5903.7500 1.187225e+02
5905.0000 1.177074e+02
5906.2500 1.502955e+02
5907.5000 1.388942e+02
5908.7500 1.229540e+02
5910.0000 1.107395e+02
5911.2500 1.063057e+02
5912.5000 1.054816e+02
5913.7500 1.607311e+02
5915.0000 2.579315e+02
5916.2500 1.993388e+02
5917.5000 1.142143e+02
5918.7500 1.075596e+02
5920.0000 1.060362e+02
5921.2500 1.079976e+02
5922.5000 1.135186e+02
5923.7500 1.551250e+02
5925.0000 1.630204e+02
5926.2500 1.201663e+02
5927.5000 1.055808e+02
5928.7500 1.109971e+02
5930.0000 1.075882e+02
5931.2500 1.773997e+02
5932.5000 2.940380e+02
5933.7500 2.229656e+02
5935.0000 1.100738e+02
5936.2500 1.029519e+02
5937.5000 1.104706e+02
5938.7500 1.016731e+02
5940.0000 9.997099e+01
5941.2500 1.003848e+02
5942.5000 9.520298e+01
5943.7500 1.093436e+02
5945.0000 1.469032e+02
5946.2500 1.489854e+02
5947.5000 1.078561e+02
5948.7500 1.012101e+02
5950.0000 9.784490e+01
5951.2500 1.201633e+02
5952.5000 2.182959e+02
5953.7500 2.247974e+02
5955.0000 1.204493e+02
5956.2500 9.561966e+01
5957.5000 9.841697e+01
5958.7500 9.971659e+01
5960.0000 8.856993e+01
5961.2500 9.061904e+01
5962.5000 9.328774e+01
5963.7500 8.889890e+01
5965.0000 9.243258e+01
5966.2500 8.874377e+01
5967.5000 9.134463e+01
5968.7500 1.008763e+02
5970.0000 1.200006e+02
5971.2500 1.013621e+02
5972.5000 9.252700e+01
5973.7500 8.375374e+01
5975.0000 1.009587e+02
5976.2500 1.444674e+02
5977.5000 1.390495e+02
5978.7500 9.380634e+01
5980.0000 8.480675e+01
5981.2500 8.359288e+01
5982.5000 8.304433e+01
5983.7500 7.717481e+01
5985.0000 7.529908e+01
5986.2500 7.661995e+01
5987.5000 7.391081e+01
5988.7500 7.554638e+01
5990.0000 7.749425e+01
5991.2500 8.057018e+01
5992.5000 7.951707e+01
5993.7500 8.262019e+01
5995.0000 7.871374e+01
5996.2500 7.929018e+01
5997.5000 9.327281e+01
5998.7500 8.671507e+01
6000.0000 7.838966e+01
6001.2500 8.251070e+01
6002.5000 9.420296e+01
6003.7500 1.111537e+02
6005.0000 9.798795e+01
6006.2500 8.016994e+01
6007.5000 7.864855e+01
6008.7500 7.822788e+01
6010.0000 7.967540e+01
6011.2500 8.048546e+01
6012.5000 7.534109e+01
6013.7500 7.830243e+01
6015.0000 7.690583e+01
6016.2500 7.552604e+01
6017.5000 7.253785e+01
6018.7500 7.896340e+01
6020.0000 7.615653e+01
6021.2500 7.748964e+01
6022.5000 7.798505e+01
6023.7500 7.920517e+01
6025.0000 7.783681e+01
6026.2500 7.588924e+01
6027.5000 8.930044e+01
6028.7500 8.768293e+01
6030.0000 8.479237e+01
6031.2500 8.368231e+01
6032.5000 8.798556e+01
6033.7500 9.950554e+01
6035.0000 9.377419e+01
6036.2500 8.308078e+01
6037.5000 8.282754e+01
6038.7500 8.890736e+01
6040.0000 8.866068e+01
6041.2500 8.512943e+01
6042.5000 8.677186e+01
6043.7500 8.592331e+01
6045.0000 8.742287e+01
6046.2500 9.065714e+01
6047.5000 8.568200e+01
6048.7500 8.531878e+01
6050.0000 8.505910e+01
6051.2500 8.585675e+01
6052.5000 8.635390e+01
6053.7500 8.728230e+01
6055.0000 8.331647e+01
6056.2500 8.651363e+01
6057.5000 8.712663e+01
6058.7500 8.671728e+01
6060.0000 8.384277e+01
6061.2500 8.980434e+01
6062.5000 9.831898e+01
6063.7500 9.171674e+01
6065.0000 8.711934e+01
6066.2500 9.581015e+01
6067.5000 1.029605e+02
6068.7500 9.366632e+01
6070.0000 8.587296e+01
6071.2500 8.707421e+01
6072.5000 8.904364e+01
6073.7500 8.979433e+01
6075.0000 8.703953e+01
6076.2500 8.623264e+01
6077.5000 8.486013e+01
6078.7500 8.008618e+01
6080.0000 7.881056e+01
6081.2500 7.958528e+01
6082.5000 8.432339e+01
6083.7500 8.253394e+01
6085.0000 7.914196e+01
6086.2500 7.967719e+01
6087.5000 7.803786e+01
6088.7500 7.667274e+01
6090.0000 7.383295e+01
6091.2500 7.477182e+01
6092.5000 7.459744e+01
6093.7500 7.558347e+01
6095.0000 8.105230e+01
6096.2500 7.928917e+01
6097.5000 7.803499e+01
6098.7500 7.839984e+01
6100.0000 7.846723e+01
6101.2500 7.671158e+01
6102.5000 7.552291e+01
6103.7500 7.915549e+01
6105.0000 8.189864e+01
6106.2500 7.687977e+01
6107.5000 7.736978e+01
6108.7500 7.755344e+01
6110.0000 7.325180e+01
6111.2500 7.856722e+01
6112.5000 7.720978e+01
6113.7500 7.977401e+01
6115.0000 7.647494e+01
6116.2500 7.297519e+01
6117.5000 7.379907e+01
6118.7500 7.480379e+01
6120.0000 7.440503e+01
6121.2500 7.150548e+01
6122.5000 7.018512e+01
6123.7500 7.418897e+01
6125.0000 7.331172e+01
6126.2500 7.832561e+01
6127.5000 7.795352e+01
6128.7500 7.456924e+01
6130.0000 7.125133e+01
6131.2500 7.357532e+01
6132.5000 6.974418e+01
6133.7500 7.211207e+01
6135.0000 7.880231e+01
6136.2500 8.519283e+01
6137.5000 8.777349e+01
6138.7500 1.003217e+02
6140.0000 9.815466e+01
6141.2500 7.768832e+01
6142.5000 9.043938e+01
6143.7500 1.114215e+02
6145.0000 9.692252e+01
6146.2500 7.883010e+01
6147.5000 7.316935e+01
6148.7500 7.473577e+01
6150.0000 7.580060e+01
6151.2500 8.422158e+01
6152.5000 7.488358e+01
6153.7500 7.658842e+01
6155.0000 8.342970e+01
6156.2500 9.673360e+01
6157.5000 9.896873e+01
6158.7500 9.104309e+01
6160.0000 7.763303e+01
6161.2500 7.144905e+01
6162.5000 6.845146e+01
6163.7500 6.763301e+01
6165.0000 6.855438e+01
6166.2500 6.948509e+01
6167.5000 7.053309e+01
6168.7500 9.400680e+01
6170.0000 1.333952e+02
6171.2500 1.228035e+02
6172.5000 7.748062e+01
6173.7500 7.496636e+01
6175.0000 8.372323e+01
6176.2500 8.570653e+01
6177.5000 7.614573e+01
6178.7500 6.787350e+01
6180.0000 6.776514e+01
6181.2500 7.475264e+01
6182.5000 6.979525e+01
6183.7500 7.856112e+01
6185.0000 7.853242e+01
6186.2500 7.353395e+01
6187.5000 7.087554e+01
6188.7500 7.380091e+01
6190.0000 7.364473e+01
6191.2500 7.131389e+01
6192.5000 8.522029e+01
6193.7500 8.267275e+01
6195.0000 7.103359e+01
6196.2500 7.138081e+01
6197.5000 6.963546e+01
6198.7500 6.973462e+01
6200.0000 6.835869e+01
6201.2500 9.541634e+01
6202.5000 1.263974e+02
6203.7500 9.841154e+01
6205.0000 7.228009e+01
6206.2500 7.132711e+01
6207.5000 7.435520e+01
6208.7500 7.261205e+01
6210.0000 7.360224e+01
6211.2500 7.741672e+01
6212.5000 8.965491e+01
6213.7500 8.305092e+01
6215.0000 7.066081e+01
6216.2500 6.776387e+01
6217.5000 6.600089e+01
6218.7500 6.855753e+01
6220.0000 8.845152e+01
6221.2500 1.296753e+02
6222.5000 1.102445e+02
6223.7500 7.336420e+01
6225.0000 6.656976e+01
6226.2500 6.633057e+01
6227.5000 6.847588e+01
6228.7500 6.383988e+01
6230.0000 6.204457e+01
6231.2500 6.521270e+01
6232.5000 8.993182e+01
6233.7500 1.730412e+02
6235.0000 2.753939e+02
6236.2500 2.602602e+02
6237.5000 1.494090e+02
6238.7500 9.716965e+01
6240.0000 1.102498e+02
6241.2500 1.174495e+02
6242.5000 1.167641e+02
6243.7500 1.126075e+02
6245.0000 7.536102e+01
6246.2500 6.704276e+01
6247.5000 7.549246e+01
6248.7500 7.531425e+01
6250.0000 6.651051e+01
6251.2500 6.298092e+01
6252.5000 6.316383e+01
6253.7500 6.546407e+01
6255.0000 7.319758e+01
6256.2500 1.556295e+02
6257.5000 3.143324e+02
6258.7500 2.445757e+02
6260.0000 9.209087e+01
6261.2500 8.050923e+01
6262.5000 8.231501e+01
6263.7500 1.116073e+02
6265.0000 1.495662e+02
6266.2500 1.117793e+02
6267.5000 9.127358e+01
6268.7500 9.004401e+01
6270.0000 7.380386e+01
6271.2500 7.084925e+01
6272.5000 7.086270e+01
6273.7500 7.914814e+01
6275.0000 9.817688e+01
6276.2500 1.056499e+02
6277.5000 1.227190e+02
6278.7500 1.091240e+02
6280.0000 7.383018e+01
6281.2500 7.035622e+01
6282.5000 7.134784e+01
6283.7500 7.740347e+01
6285.0000 8.401308e+01
6286.2500 2.071132e+02
6287.5000 2.807120e+02
6288.7500 1.530567e+02
6290.0000 9.134208e+01
6291.2500 7.269939e+01
6292.5000 7.019996e+01
6293.7500 7.360294e+01
6295.0000 8.340903e+01
6296.2500 1.145467e+02
6297.5000 1.826439e+02
6298.7500 7.446616e+02
6300.0000 1.917049e+03
6301.2500 1.357704e+03
6302.5000 1.328502e+02
6303.7500 8.160620e+01
6305.0000 1.353980e+02
6306.2500 3.400459e+02
6307.5000 3.371486e+02
6308.7500 1.127673e+02
6310.0000 7.224530e+01
6311.2500 7.661024e+01
6312.5000 8.031285e+01
6313.7500 7.921815e+01
6315.0000 7.123532e+01
6316.2500 7.001817e+01
6317.5000 7.003751e+01
6318.7500 7.392262e+01
6320.0000 1.165362e+02
6321.2500 1.468151e+02
6322.5000 1.048579e+02
6323.7500 7.291334e+01
6325.0000 7.043266e+01
6326.2500 7.493626e+01
6327.5000 8.711453e+01
6328.7500 2.336285e+02
6330.0000 2.694562e+02
6331.2500 1.271666e+02
6332.5000 7.242188e+01
6333.7500 7.137810e+01
6335.0000 7.402001e+01
6336.2500 6.655801e+01
6337.5000 6.519965e+01
6338.7500 6.735410e+01
6340.0000 7.142355e+01
6341.2500 7.309920e+01
6342.5000 7.868513e+01
6343.7500 7.904256e+01
6345.0000 7.331409e+01
6346.2500 7.691474e+01
6347.5000 1.151397e+02
6348.7500 1.288825e+02
6350.0000 8.312965e+01
6351.2500 7.094815e+01
6352.5000 7.159737e+01
6353.7500 7.442762e+01
6355.0000 1.543871e+02
6356.2500 2.043757e+02
6357.5000 1.192249e+02
6358.7500 7.241465e+01
6360.0000 7.408731e+01
6361.2500 9.911676e+01
6362.5000 3.915954e+02
6363.7500 5.576356e+02
6365.0000 2.283257e+02
6366.2500 7.473046e+01
6367.5000 6.603197e+01
6368.7500 6.724780e+01
6370.0000 6.621870e+01
6371.2500 6.638907e+01
6372.5000 6.794268e+01
6373.7500 6.376468e+01
6375.0000 6.487583e+01
6376.2500 6.501112e+01
6377.5000 7.446305e+01
6378.7500 9.241711e+01
6380.0000 8.264100e+01
6381.2500 6.195454e+01
6382.5000 6.338707e+01
6383.7500 6.467828e+01
6385.0000 9.639774e+01
6386.2500 1.248474e+02
6387.5000 8.239892e+01
6388.7500 6.094965e+01
6390.0000 6.020359e+01
6391.2500 5.698663e+01
6392.5000 5.924194e+01
6393.7500 5.798871e+01
6395.0000 5.543153e+01
6396.2500 5.777866e+01
6397.5000 5.934612e+01
6398.7500 5.397322e+01
6400.0000 5.177369e+01
6401.2500 5.465251e+01
6402.5000 5.306964e+01
6403.7500 5.145684e+01
6405.0000 5.247795e+01
6406.2500 5.162347e+01
6407.5000 5.095939e+01
6408.7500 5.063984e+01
6410.0000 5.147839e+01
6411.2500 5.484703e+01
6412.5000 5.767731e+01
6413.7500 6.512587e+01
6415.0000 5.346148e+01
6416.2500 4.928649e+01
6417.5000 4.950609e+01
6418.7500 6.014676e+01
6420.0000 7.374292e+01
6421.2500 6.446655e+01
6422.5000 5.235062e+01
6423.7500 5.187757e+01
6425.0000 5.110100e+01
6426.2500 5.120192e+01
6427.5000 5.188463e+01
6428.7500 5.158694e+01
6430.0000 4.776758e+01
6431.2500 4.783947e+01
6432.5000 5.248196e+01
6433.7500 5.115383e+01
6435.0000 5.344468e+01
6436.2500 4.916172e+01
6437.5000 5.019912e+01
6438.7500 4.872795e+01
6440.0000 5.124318e+01
6441.2500 5.168232e+01
6442.5000 5.236200e+01
6443.7500 4.983313e+01
6445.0000 5.327389e+01
6446.2500 5.172864e+01
6447.5000 5.695823e+01
6448.7500 5.625481e+01
6450.0000 5.584046e+01
6451.2500 6.202697e+01
6452.5000 6.345709e+01
6453.7500 6.144419e+01
6455.0000 6.141366e+01
6456.2500 6.080733e+01
6457.5000 6.525838e+01
6458.7500 6.537769e+01
6460.0000 5.591957e+01
6461.2500 5.639927e+01
6462.5000 8.882074e+01
6463.7500 1.157249e+02
6465.0000 1.440428e+02
6466.2500 1.472347e+02
6467.5000 8.528407e+01
6468.7500 7.889655e+01
6470.0000 1.493712e+02
6471.2500 1.525653e+02
6472.5000 8.246598e+01
6473.7500 5.938420e+01
6475.0000 5.303289e+01
6476.2500 6.320868e+01
6477.5000 8.429359e+01
6478.7500 7.917645e+01
6480.0000 5.920877e+01
6481.2500 5.662781e+01
6482.5000 5.527479e+01
6483.7500 5.457488e+01
6485.0000 5.569463e+01
6486.2500 5.141902e+01
6487.5000 5.269875e+01
6488.7500 5.388464e+01
6490.0000 5.407475e+01
6491.2500 5.210445e+01
6492.5000 5.721977e+01
6493.7500 5.498813e+01
6495.0000 5.571969e+01
6496.2500 7.694505e+01
6497.5000 2.189254e+02
6498.7500 3.143708e+02
6500.0000 1.571843e+02
6501.2500 6.407925e+01
6502.5000 6.361254e+01
6503.7500 1.028376e+02
6505.0000 1.356138e+02
6506.2500 8.446768e+01
6507.5000 5.947007e+01
6508.7500 5.863499e+01
6510.0000 5.567820e+01
6511.2500 5.686914e+01
6512.5000 6.352485e+01
6513.7500 7.795329e+01
6515.0000 6.825867e+01
6516.2500 5.472953e+01
6517.5000 5.636261e+01
6518.7500 5.629064e+01
6520.0000 5.739347e+01
6521.2500 9.223055e+01
6522.5000 1.165287e+02
6523.7500 7.544785e+01
6525.0000 6.320646e+01
6526.2500 6.287325e+01
6527.5000 5.824622e+01
6528.7500 5.402510e+01
6530.0000 5.718016e+01
6531.2500 1.102218e+02
6532.5000 2.603791e+02
6533.7500 2.194014e+02
6535.0000 7.178178e+01
6536.2500 5.656507e+01
6537.5000 5.521786e+01
6538.7500 6.044966e+01
6540.0000 6.176899e+01
6541.2500 6.778638e+01
6542.5000 9.493844e+01
6543.7500 1.455107e+02
6545.0000 1.048119e+02
6546.2500 6.107298e+01
6547.5000 6.474282e+01
6548.7500 7.058311e+01
6550.0000 6.323340e+01
6551.2500 7.301072e+01
6552.5000 2.351184e+02
6553.7500 2.985327e+02
6555.0000 1.209046e+02
6556.2500 5.597547e+01
6557.5000 5.432051e+01
6558.7500 5.417625e+01
6560.0000 5.764914e+01
6561.2500 1.462503e+02
6562.5000 3.281310e+02
6563.7500 2.595760e+02
6565.0000 8.236580e+01
6566.2500 5.598370e+01
6567.5000 9.263867e+01
6568.7500 1.169873e+02
6570.0000 7.920766e+01
6571.2500 5.973605e+01
6572.5000 5.743151e+01
6573.7500 5.365645e+01
6575.0000 7.140100e+01
6576.2500 1.823829e+02
6577.5000 2.163736e+02
6578.7500 9.237326e+01
6580.0000 5.303649e+01
6581.2500 5.231519e+01
6582.5000 6.600480e+01
6583.7500 8.487159e+01
6585.0000 7.317005e+01
6586.2500 5.239641e+01
6587.5000 5.063509e+01
6588.7500 5.316998e+01
6590.0000 5.518388e+01
6591.2500 5.624110e+01
6592.5000 5.023687e+01
6593.7500 4.732648e+01
6595.0000 6.391988e+01
6596.2500 8.771515e+01
6597.5000 6.948708e+01
6598.7500 5.193306e+01
6600.0000 5.209087e+01
6601.2500 5.059904e+01
6602.5000 8.351140e+01
6603.7500 1.387278e+02
6605.0000 1.024663e+02
6606.2500 5.344954e+01
6607.5000 4.929265e+01
6608.7500 4.989779e+01
6610.0000 5.180933e+01
6611.2500 4.563379e+01
6612.5000 4.788236e+01
6613.7500 4.973307e+01
6615.0000 4.782043e+01
6616.2500 4.569363e+01
6617.5000 4.939154e+01
6618.7500 4.920849e+01
6620.0000 4.944640e+01
6621.2500 4.942140e+01
6622.5000 5.009481e+01
6623.7500 4.797403e+01
6625.0000 4.771195e+01
6626.2500 5.877393e+01
6627.5000 6.673071e+01
6628.7500 5.302719e+01
6630.0000 4.847039e+01
6631.2500 4.902016e+01
6632.5000 5.692303e+01
6633.7500 7.829631e+01
6635.0000 6.677930e+01
6636.2500 4.834798e+01
6637.5000 4.828891e+01
6638.7500 4.729888e+01
6640.0000 4.539670e+01
6641.2500 4.687457e+01
6642.5000 4.620597e+01
6643.7500 4.618492e+01
6645.0000 4.602606e+01
6646.2500 4.327413e+01
6647.5000 4.681415e+01
6648.7500 4.856488e+01
6650.0000 5.011050e+01
6651.2500 5.052391e+01
6652.5000 4.779947e+01
6653.7500 4.745781e+01
6655.0000 4.775178e+01
6656.2500 4.864354e+01
6657.5000 4.731850e+01
6658.7500 4.802174e+01
6660.0000 5.054212e+01
6661.2500 5.545118e+01
6662.5000 5.149567e+01
6663.7500 4.849480e+01
6665.0000 4.954932e+01
6666.2500 5.854493e+01
6667.5000 5.996126e+01
6668.7500 5.321570e+01
6670.0000 4.867301e+01
6671.2500 4.882125e+01
6672.5000 4.774750e+01
6673.7500 4.758441e+01
6675.0000 4.790680e+01
6676.2500 4.405458e+01
6677.5000 4.522320e+01
6678.7500 4.543076e+01
6680.0000 4.848478e+01
6681.2500 4.506386e+01
6682.5000 4.862798e+01
6683.7500 4.636236e+01
6685.0000 5.053540e+01
6686.2500 4.875185e+01
6687.5000 4.793551e+01
6688.7500 5.038468e+01
6690.0000 4.902625e+01
6691.2500 4.512243e+01
6692.5000 4.708719e+01
6693.7500 4.792604e+01
6695.0000 4.793358e+01
6696.2500 4.652906e+01
6697.5000 5.213212e+01
6698.7500 5.753034e+01
6700.0000 5.733207e+01
6701.2500 4.841966e+01
6702.5000 4.891890e+01
6703.7500 5.432721e+01
6705.0000 5.518420e+01
6706.2500 4.866697e+01
6707.5000 4.905897e+01
6708.7500 4.871929e+01
6710.0000 5.041427e+01
6711.2500 4.815556e+01
6712.5000 4.695993e+01
6713.7500 4.844505e+01
6715.0000 5.119794e+01
6716.2500 7.016618e+01
6717.5000 7.227742e+01
6718.7500 5.406014e+01
6720.0000 4.581572e+01
6721.2500 4.759403e+01
6722.5000 5.095831e+01
6723.7500 4.736864e+01
6725.0000 4.681625e+01
6726.2500 4.679148e+01
6727.5000 4.982146e+01
6728.7500 4.866518e+01
6730.0000 5.504599e+01
6731.2500 6.816815e+01
6732.5000 6.025427e+01
6733.7500 4.937972e+01
6735.0000 4.619141e+01
6736.2500 4.669215e+01
6737.5000 4.514043e+01
6738.7500 5.103977e+01
6740.0000 5.192712e+01
6741.2500 4.994644e+01
6742.5000 4.771964e+01
6743.7500 5.331375e+01
6745.0000 5.419974e+01
6746.2500 4.978978e+01
6747.5000 4.632507e+01
6748.7500 4.778831e+01
6750.0000 4.689357e+01
6751.2500 4.429086e+01
6752.5000 4.632792e+01
6753.7500 4.556452e+01
6755.0000 4.755708e+01
6756.2500 4.628151e+01
6757.5000 4.884568e+01
6758.7500 4.613183e+01
6760.0000 4.679761e+01
6761.2500 4.688677e+01
6762.5000 4.612833e+01
6763.7500 4.474673e+01
6765.0000 4.512533e+01
6766.2500 4.604114e+01
6767.5000 4.432872e+01
6768.7500 4.515866e+01
6770.0000 4.504722e+01
6771.2500 4.448401e+01
6772.5000 4.475539e+01
6773.7500 4.552772e+01
6775.0000 4.523510e+01
6776.2500 4.588544e+01
6777.5000 4.657483e+01
6778.7500 4.343511e+01
6780.0000 4.387922e+01
6781.2500 4.530387e+01
6782.5000 4.549290e+01
6783.7500 4.824940e+01
6785.0000 4.690039e+01
6786.2500 4.512358e+01
6787.5000 4.872497e+01
6788.7500 4.617282e+01
6790.0000 4.639096e+01
6791.2500 4.275310e+01
6792.5000 4.196888e+01
6793.7500 4.342519e+01
6795.0000 4.140319e+01
6796.2500 4.225413e+01
6797.5000 4.230671e+01
6798.7500 4.263027e+01
6800.0000 4.277893e+01
6801.2500 4.267644e+01
6802.5000 4.305227e+01
6803.7500 4.417109e+01
6805.0000 4.297296e+01
6806.2500 4.235535e+01
6807.5000 4.358570e+01
6808.7500 4.223815e+01
6810.0000 4.322328e+01
6811.2500 4.177045e+01
6812.5000 4.362460e+01
6813.7500 4.270874e+01
6815.0000 4.242579e+01
6816.2500 4.467226e+01
6817.5000 4.281672e+01
6818.7500 4.498640e+01
6820.0000 4.356960e+01
6821.2500 4.266375e+01
6822.5000 4.157280e+01
6823.7500 4.254314e+01
6825.0000 4.714592e+01
6826.2500 1.079213e+02
6827.5000 2.054017e+02
6828.7500 3.095200e+02
6830.0000 2.356779e+02
6831.2500 9.570789e+01
6832.5000 1.564638e+02
6833.7500 3.025744e+02
6835.0000 2.331627e+02
6836.2500 6.968098e+01
6837.5000 4.562289e+01
6838.7500 5.132229e+01
6840.0000 7.214536e+01
6841.2500 1.054103e+02
6842.5000 9.335748e+01
6843.7500 4.924837e+01
6845.0000 3.967941e+01
6846.2500 4.104205e+01
6847.5000 4.089671e+01
6848.7500 4.469262e+01
6850.0000 5.200145e+01
6851.2500 4.652626e+01
6852.5000 4.034013e+01
6853.7500 4.156689e+01
6855.0000 4.080672e+01
6856.2500 4.019691e+01
6857.5000 3.900377e+01
6858.7500 4.222474e+01
6860.0000 4.291716e+01
6861.2500 8.070211e+01
6862.5000 3.352502e+02
6863.7500 5.668701e+02
6865.0000 2.814247e+02
6866.2500 6.112973e+01
6867.5000 6.457618e+01
6868.7500 9.265668e+01
6870.0000 1.666008e+02
6871.2500 1.799460e+02
6872.5000 8.647183e+01
6873.7500 5.492625e+01
6875.0000 5.259674e+01
6876.2500 5.507948e+01
6877.5000 5.903741e+01
6878.7500 5.992861e+01
6880.0000 1.023867e+02
6881.2500 1.025792e+02
6882.5000 6.707170e+01
6883.7500 5.061319e+01
6885.0000 5.319088e+01
6886.2500 6.215029e+01
6887.5000 1.175890e+02
6888.7500 2.643559e+02
6890.0000 2.105111e+02
6891.2500 7.393347e+01
6892.5000 6.026598e+01
6893.7500 7.474670e+01
6895.0000 6.780582e+01
6896.2500 5.127864e+01
6897.5000 5.094130e+01
6898.7500 7.822364e+01
6900.0000 2.254769e+02
6901.2500 2.124005e+02
6902.5000 7.191169e+01
6903.7500 4.957013e+01
6905.0000 4.869523e+01
6906.2500 4.150123e+01
6907.5000 3.945083e+01
6908.7500 4.280470e+01
6910.0000 5.245454e+01
6911.2500 1.241105e+02
6912.5000 2.066013e+02
6913.7500 1.239843e+02
6915.0000 4.229129e+01
6916.2500 3.769927e+01
6917.5000 3.931740e+01
6918.7500 4.105132e+01
6920.0000 4.386065e+01
6921.2500 1.022556e+02
6922.5000 3.054908e+02
6923.7500 2.967031e+02
6925.0000 7.696939e+01
6926.2500 4.126300e+01
6927.5000 4.386925e+01
6928.7500 4.105802e+01
6930.0000 4.137304e+01
6931.2500 4.138625e+01
6932.5000 3.867651e+01
6933.7500 3.515186e+01
6935.0000 3.920821e+01
6936.2500 3.866274e+01
6937.5000 6.191581e+01
6938.7500 1.440893e+02
6940.0000 1.508315e+02
6941.2500 6.061440e+01
6942.5000 4.088195e+01
6943.7500 3.764857e+01
6945.0000 3.900618e+01
6946.2500 4.607336e+01
6947.5000 1.651820e+02
6948.7500 3.613740e+02
6950.0000 2.243030e+02
6951.2500 5.922553e+01
6952.5000 4.535156e+01
6953.7500 4.071318e+01
6955.0000 4.427147e+01
6956.2500 4.616696e+01
6957.5000 4.699096e+01
6958.7500 4.670821e+01
6960.0000 4.418267e+01
6961.2500 4.386487e+01
6962.5000 4.257892e+01
6963.7500 4.214600e+01
6965.0000 4.656655e+01
6966.2500 4.755140e+01
6967.5000 4.752128e+01
6968.7500 9.320041e+01
6970.0000 1.192853e+02
6971.2500 6.870076e+01
6972.5000 4.162155e+01
6973.7500 4.121676e+01
6975.0000 4.204008e+01
6976.2500 6.724673e+01
6977.5000 1.857905e+02
6978.7500 2.092189e+02
6980.0000 8.255797e+01
6981.2500 4.166959e+01
6982.5000 4.279074e+01
6983.7500 4.256052e+01
6985.0000 4.451898e+01
6986.2500 4.648735e+01
6987.5000 4.393404e+01
6988.7500 4.058447e+01
6990.0000 4.162090e+01
6991.2500 4.271983e+01
6992.5000 3.854356e+01
6993.7500 4.023721e+01
6995.0000 4.368666e+01
6996.2500 4.757237e+01
6997.5000 4.538580e+01
6998.7500 4.478526e+01
7000.0000 4.437616e+01
7001.2500 5.164978e+01
7002.5000 7.201130e+01
7003.7500 8.644318e+01
7005.0000 5.942690e+01
7006.2500 3.852806e+01
7007.5000 3.954148e+01
7008.7500 4.215214e+01
7010.0000 8.556640e+01
7011.2500 1.272306e+02
7012.5000 8.049102e+01
7013.7500 3.840031e+01
7015.0000 3.784045e+01
7016.2500 3.739708e+01
7017.5000 3.673611e+01
7018.7500 3.849553e+01
7020.0000 3.947493e+01
7021.2500 3.862120e+01
7022.5000 3.817171e+01
7023.7500 3.680417e+01
7025.0000 4.002812e+01
7026.2500 4.060690e+01
7027.5000 3.859530e+01
7028.7500 4.215295e+01
7030.0000 4.277227e+01
7031.2500 3.767736e+01
7032.5000 3.621769e+01
7033.7500 3.778265e+01
7035.0000 3.953252e+01
7036.2500 3.868322e+01
7037.5000 3.769428e+01
7038.7500 3.752023e+01
7040.0000 5.241844e+01
7041.2500 6.224768e+01
7042.5000 4.877399e+01
7043.7500 4.089883e+01
7045.0000 4.850783e+01
7046.2500 6.625937e+01
7047.5000 9.828874e+01
7048.7500 9.440614e+01
7050.0000 6.570427e+01
7051.2500 6.118092e+01
7052.5000 5.568528e+01
7053.7500 5.391042e+01
7055.0000 4.529974e+01
7056.2500 4.300848e+01
7057.5000 4.073600e+01
7058.7500 4.110897e+01
7060.0000 4.426694e+01
7061.2500 4.562029e+01
7062.5000 5.367859e+01
7063.7500 5.199932e+01
7065.0000 4.987605e+01
7066.2500 5.795759e+01
7067.5000 5.374582e+01
7068.7500 5.149530e+01
7070.0000 5.745587e+01
7071.2500 4.863028e+01
7072.5000 4.743149e+01
7073.7500 5.467736e+01
7075.0000 4.592546e+01
7076.2500 4.326739e+01
7077.5000 5.083454e+01
7078.7500 4.882914e+01
7080.0000 4.229993e+01
7081.2500 5.553534e+01
7082.5000 6.367823e+01
7083.7500 4.683009e+01
7085.0000 4.241499e+01
7086.2500 4.728842e+01
7087.5000 6.457456e+01
7088.7500 7.054261e+01
7090.0000 5.409774e+01
7091.2500 4.748995e+01
7092.5000 4.393854e+01
7093.7500 4.200225e+01
7095.0000 4.120423e+01
7096.2500 4.001748e+01
7097.5000 3.911787e+01
7098.7500 4.000691e+01
7100.0000 4.169969e+01
7101.2500 3.951941e+01
7102.5000 4.127502e+01
7103.7500 4.279143e+01
7105.0000 4.169676e+01
7106.2500 3.985461e+01
7107.5000 4.326699e+01
7108.7500 4.186660e+01
7110.0000 4.218158e+01
7111.2500 4.085950e+01
7112.5000 4.115393e+01
7113.7500 3.827710e+01
7115.0000 3.982099e+01
7116.2500 4.037724e+01
7117.5000 3.821723e+01
7118.7500 3.897068e+01
7120.0000 3.786436e+01
7121.2500 3.883202e+01
7122.5000 3.755006e+01
7123.7500 4.020358e+01
7125.0000 4.123146e+01
7126.2500 4.920633e+01
7127.5000 5.801397e+01
7128.7500 4.486131e+01
7130.0000 4.177170e+01
7131.2500 4.499436e+01
7132.5000 5.517132e+01
7133.7500 4.721255e+01
7135.0000 3.940071e+01
7136.2500 3.795960e+01
7137.5000 3.628498e+01
7138.7500 3.871949e+01
7140.0000 4.455609e+01
7141.2500 5.369682e+01
7142.5000 6.370901e+01
7143.7500 6.881090e+01
7145.0000 6.431033e+01
7146.2500 6.068134e+01
7147.5000 5.438413e+01
7148.7500 5.256968e+01
7150.0000 4.923471e+01
7151.2500 4.450672e+01
7152.5000 4.025567e+01
7153.7500 3.790657e+01
7155.0000 4.168542e+01
7156.2500 4.467731e+01
7157.5000 4.849842e+01
7158.7500 5.219954e+01
7160.0000 4.818492e+01
7161.2500 5.443525e+01
7162.5000 5.123895e+01
7163.7500 4.854946e+01
7165.0000 5.628975e+01
7166.2500 6.070306e+01
7167.5000 5.012031e+01
7168.7500 5.851315e+01
7170.0000 5.985463e+01
7171.2500 5.245704e+01
7172.5000 5.476131e+01
7173.7500 7.322575e+01
7175.0000 7.683916e+01
7176.2500 7.421297e+01
7177.5000 7.302244e+01
7178.7500 7.175773e+01
7180.0000 7.009637e+01
7181.2500 6.519363e+01
7182.5000 5.643377e+01
7183.7500 5.211312e+01
7185.0000 4.706300e+01
7186.2500 4.292428e+01
7187.5000 4.581277e+01
7188.7500 4.453395e+01
7190.0000 4.086040e+01
7191.2500 3.971100e+01
7192.5000 3.975674e+01
7193.7500 4.264408e+01
7195.0000 3.995038e+01
7196.2500 3.881134e+01
7197.5000 4.166491e+01
7198.7500 4.363831e+01
7200.0000 4.647360e+01
7201.2500 4.241950e+01
7202.5000 3.875853e+01
7203.7500 3.980781e+01
7205.0000 3.811618e+01
7206.2500 4.019215e+01
7207.5000 4.107266e+01
7208.7500 3.718130e+01
7210.0000 3.867318e+01
7211.2500 3.666965e+01
7212.5000 3.690727e+01
7213.7500 3.635896e+01
7215.0000 3.527660e+01
7216.2500 3.584451e+01
7217.5000 3.767401e+01
7218.7500 3.668567e+01
7220.0000 3.943107e+01
7221.2500 4.795662e+01
7222.5000 4.794017e+01
7223.7500 4.600611e+01
7225.0000 4.184985e+01
7226.2500 3.951376e+01
7227.5000 4.460461e+01
7228.7500 4.935566e+01
7230.0000 4.399213e+01
7231.2500 4.052722e+01
7232.5000 5.515243e+01
7233.7500 5.584373e+01
7235.0000 4.653893e+01
7236.2500 5.648301e+01
7237.5000 2.026673e+02
7238.7500 5.247469e+02
7240.0000 7.644932e+02
7241.2500 4.965298e+02
7242.5000 2.093109e+02
7243.7500 5.816444e+02
7245.0000 7.666289e+02
7246.2500 3.127900e+02
7247.5000 9.316319e+01
7248.7500 5.620851e+01
7250.0000 5.298351e+01
7251.2500 9.158524e+01
7252.5000 2.050404e+02
7253.7500 1.679332e+02
7255.0000 9.428158e+01
7256.2500 7.003671e+01
7257.5000 4.532303e+01
7258.7500 4.789637e+01
7260.0000 4.621857e+01
7261.2500 4.584255e+01
7262.5000 4.915614e+01
7263.7500 4.868172e+01
7265.0000 4.650370e+01
7266.2500 5.703858e+01
7267.5000 6.951004e+01
7268.7500 6.580804e+01
7270.0000 5.630550e+01
7271.2500 5.182406e+01
7272.5000 5.412872e+01
7273.7500 1.718019e+02
7275.0000 1.034196e+03
7276.2500 1.792329e+03
7277.5000 6.162840e+02
7278.7500 6.224742e+01
7280.0000 6.780710e+01
7281.2500 7.804044e+01
7282.5000 1.561420e+02
7283.7500 4.104036e+02
7285.0000 3.340705e+02
7286.2500 9.429483e+01
7287.5000 4.659345e+01
7288.7500 4.925933e+01
7290.0000 5.852176e+01
7291.2500 6.297923e+01
7292.5000 5.107115e+01
7293.7500 5.901538e+01
7295.0000 1.437252e+02
7296.2500 1.375537e+02
7297.5000 5.615848e+01
7298.7500 3.846418e+01
7300.0000 3.641782e+01
7301.2500 5.791495e+01
7302.5000 2.229400e+02
7303.7500 2.935609e+02
7305.0000 1.132908e+02
7306.2500 5.131711e+01
7307.5000 4.659484e+01
7308.7500 4.465083e+01
7310.0000 6.670190e+01
7311.2500 6.742141e+01
7312.5000 4.904177e+01
7313.7500 8.818842e+01
7315.0000 6.808948e+02
7316.2500 9.707016e+02
7317.5000 3.188316e+02
7318.7500 4.800877e+01
7320.0000 4.106308e+01
7321.2500 3.913066e+01
7322.5000 3.737924e+01
7323.7500 3.833107e+01
7325.0000 3.885097e+01
7326.2500 4.438829e+01
7327.5000 1.885868e+02
7328.7500 3.922815e+02
7330.0000 2.295825e+02
7331.2500 6.167138e+01
7332.5000 4.761833e+01
7333.7500 4.070001e+01
7335.0000 3.895189e+01
7336.2500 4.030930e+01
7337.5000 4.626310e+01
7338.7500 2.242862e+02
7340.0000 1.074192e+03
7341.2500 9.617570e+02
7342.5000 1.720771e+02
7343.7500 5.272818e+01
7345.0000 5.723766e+01
7346.2500 5.019195e+01
7347.5000 4.878328e+01
7348.7500 5.014668e+01
7350.0000 5.598304e+01
7351.2500 6.134390e+01
7352.5000 5.624421e+01
7353.7500 4.809580e+01
7355.0000 4.801084e+01
7356.2500 7.251152e+01
7357.5000 2.831131e+02
7358.7500 3.400518e+02
7360.0000 1.184966e+02
7361.2500 4.816276e+01
7362.5000 4.915792e+01
7363.7500 5.227605e+01
7365.0000 5.511154e+01
7366.2500 5.730421e+01
7367.5000 2.836964e+02
7368.7500 8.329408e+02
7370.0000 5.798807e+02
7371.2500 8.918835e+01
7372.5000 5.067337e+01
7373.7500 6.456655e+01
7375.0000 5.543213e+01
7376.2500 4.280113e+01
7377.5000 4.469506e+01
7378.7500 5.056621e+01
7380.0000 4.176388e+01
7381.2500 4.181158e+01
7382.5000 4.460416e+01
7383.7500 4.540092e+01
7385.0000 4.183094e+01
7386.2500 4.004589e+01
7387.5000 4.499699e+01
7388.7500 5.319714e+01
7390.0000 8.460902e+01
7391.2500 2.273600e+02
7392.5000 2.320624e+02
7393.7500 7.581767e+01
7395.0000 4.401913e+01
7396.2500 4.235438e+01
7397.5000 4.149306e+01
7398.7500 4.757420e+01
7400.0000 1.835022e+02
7401.2500 5.102919e+02
7402.5000 3.674082e+02
7403.7500 6.913902e+01
7405.0000 4.081723e+01
7406.2500 3.981524e+01
7407.5000 3.547482e+01
7408.7500 3.885202e+01
7410.0000 3.874450e+01
7411.2500 5.209378e+01
7412.5000 5.628510e+01
7413.7500 4.821098e+01
7415.0000 4.375306e+01
7416.2500 4.775392e+01
7417.5000 4.759912e+01
7418.7500 4.099703e+01
7420.0000 3.959584e+01
7421.2500 4.085712e+01
7422.5000 4.731538e+01
7423.7500 4.177308e+01
7425.0000 3.734021e+01
7426.2500 3.871011e+01
7427.5000 5.361731e+01
7428.7500 1.382601e+02
7430.0000 1.478303e+02
7431.2500 6.302780e+01
7432.5000 3.930376e+01
7433.7500 4.142500e+01
7435.0000 4.143169e+01
7436.2500 7.237582e+01
7437.5000 2.370140e+02
7438.7500 2.570619e+02
7440.0000 8.418203e+01
7441.2500 4.062833e+01
7442.5000 3.845185e+01
7443.7500 4.191500e+01
7445.0000 4.005530e+01
7446.2500 3.817062e+01
7447.5000 3.925477e+01
7448.7500 3.819885e+01
7450.0000 3.850697e+01
7451.2500 4.171745e+01
7452.5000 4.086893e+01
7453.7500 3.905096e+01
7455.0000 3.791025e+01
7456.2500 4.201897e+01
7457.5000 4.865156e+01
7458.7500 4.728238e+01
7460.0000 4.694606e+01
7461.2500 7.115921e+01
7462.5000 7.676374e+01
7463.7500 6.494994e+01
7465.0000 8.189426e+01
7466.2500 1.158039e+02
7467.5000 8.201392e+01
7468.7500 5.642010e+01
7470.0000 1.112006e+02
7471.2500 1.541345e+02
7472.5000 1.870767e+02
7473.7500 1.914028e+02
7475.0000 8.493446e+01
7476.2500 5.213099e+01
7477.5000 9.821274e+01
7478.7500 1.984523e+02
7480.0000 1.899590e+02
7481.2500 1.034114e+02
7482.5000 2.023626e+02
7483.7500 2.196406e+02
7485.0000 7.755919e+01
7486.2500 4.745436e+01
7487.5000 5.025895e+01
7488.7500 4.450588e+01
7490.0000 4.026191e+01
7491.2500 4.560633e+01
7492.5000 8.601403e+01
7493.7500 1.067491e+02
7495.0000 5.874886e+01
7496.2500 3.880227e+01
7497.5000 3.918926e+01
7498.7500 4.649891e+01
7500.0000 4.734419e+01
7501.2500 4.343626e+01
7502.5000 4.336676e+01
7503.7500 4.049270e+01
7505.0000 3.976914e+01
7506.2500 4.085590e+01
7507.5000 4.094339e+01
7508.7500 4.071017e+01
7510.0000 3.839856e+01
7511.2500 3.683658e+01
7512.5000 3.741010e+01
7513.7500 3.977113e+01
7515.0000 4.440611e+01
7516.2500 7.155134e+01
7517.5000 8.181641e+01
7518.7500 5.402372e+01
7520.0000 4.492891e+01
7521.2500 8.231696e+01
7522.5000 3.689758e+02
7523.7500 6.700988e+02
7525.0000 3.449355e+02
7526.2500 5.995630e+01
7527.5000 5.292486e+01
7528.7500 8.413058e+01
7530.0000 1.879183e+02
7531.2500 1.628768e+02
7532.5000 5.446613e+01
7533.7500 4.067762e+01
7535.0000 4.002914e+01
7536.2500 4.438151e+01
7537.5000 4.599630e+01
7538.7500 6.050172e+01
7540.0000 8.080271e+01
7541.2500 6.569994e+01
7542.5000 4.316116e+01
7543.7500 3.936416e+01
7545.0000 3.989242e+01
7546.2500 4.075935e+01
7547.5000 4.064056e+01
7548.7500 4.059206e+01
7550.0000 3.956395e+01
7551.2500 4.195292e+01
7552.5000 4.748665e+01
7553.7500 4.483249e+01
7555.0000 4.552720e+01
7556.2500 1.117798e+02
7557.5000 1.522557e+02
7558.7500 7.583902e+01
7560.0000 4.267810e+01
7561.2500 4.315584e+01
7562.5000 4.049567e+01
7563.7500 4.274742e+01
7565.0000 4.088525e+01
7566.2500 5.798819e+01
7567.5000 7.180204e+01
7568.7500 5.723307e+01
7570.0000 1.845121e+02
7571.2500 4.499184e+02
7572.5000 3.311117e+02
7573.7500 1.018980e+02
7575.0000 6.238039e+01
7576.2500 4.200697e+01
7577.5000 4.174420e+01
7578.7500 4.155152e+01
7580.0000 4.150884e+01
7581.2500 4.374040e+01
7582.5000 4.357261e+01
7583.7500 6.460290e+01
7585.0000 2.389115e+02
7586.2500 3.021391e+02
7587.5000 1.136639e+02
7588.7500 6.054552e+01
7590.0000 6.010153e+01
7591.2500 6.117263e+01
7592.5000 6.620526e+01
7593.7500 7.471046e+01
7595.0000 9.165096e+01
7596.2500 2.634871e+02
7597.5000 1.039811e+03
7598.7500 1.134842e+03
7600.0000 3.583805e+02
7601.2500 1.954495e+02
7602.5000 2.166160e+02
7603.7500 2.754832e+02
7605.0000 2.799794e+02
7606.2500 2.533397e+02
7607.5000 2.312933e+02
7608.7500 2.275178e+02
7610.0000 1.939034e+02
7611.2500 1.747152e+02
7612.5000 1.385332e+02
7613.7500 1.051321e+02
7615.0000 8.588879e+01
7616.2500 1.627603e+02
7617.5000 2.518306e+02
7618.7500 1.501930e+02
7620.0000 8.093687e+01
7621.2500 1.239592e+02
7622.5000 1.543188e+02
7623.7500 1.152846e+02
7625.0000 1.110240e+02
7626.2500 1.678771e+02
7627.5000 7.081511e+02
7628.7500 7.947424e+02
7630.0000 2.457152e+02
7631.2500 1.221977e+02
7632.5000 1.356857e+02
7633.7500 1.026888e+02
7635.0000 8.366318e+01
7636.2500 1.033351e+02
7637.5000 9.074911e+01
7638.7500 8.110555e+01
7640.0000 9.313438e+01
7641.2500 9.950161e+01
7642.5000 7.681974e+01
7643.7500 7.758118e+01
7645.0000 8.353786e+01
7646.2500 8.498183e+01
7647.5000 6.561797e+01
7648.7500 7.205572e+01
7650.0000 7.824733e+01
7651.2500 8.796790e+01
7652.5000 1.573863e+02
7653.7500 1.632738e+02
7655.0000 7.729353e+01
7656.2500 6.113136e+01
7657.5000 5.127729e+01
7658.7500 5.562666e+01
7660.0000 8.111275e+01
7661.2500 2.733351e+02
7662.5000 2.264610e+02
7663.7500 9.216187e+01
7665.0000 5.307927e+01
7666.2500 5.428130e+01
7667.5000 4.982150e+01
7668.7500 4.394709e+01
7670.0000 4.705621e+01
7671.2500 5.700357e+01
7672.5000 5.786474e+01
7673.7500 4.852595e+01
7675.0000 4.282948e+01
7676.2500 4.396291e+01
7677.5000 4.955999e+01
7678.7500 4.703342e+01
7680.0000 5.284370e+01
7681.2500 6.878854e+01
7682.5000 6.233012e+01
7683.7500 5.483527e+01
7685.0000 6.035357e+01
7686.2500 7.689931e+01
7687.5000 8.097043e+01
7688.7500 5.989808e+01
7690.0000 6.251432e+01
7691.2500 9.028605e+01
7692.5000 8.010368e+01
7693.7500 5.470821e+01
7695.0000 5.147832e+01
7696.2500 5.590674e+01
7697.5000 6.837911e+01
7698.7500 1.213230e+02
7700.0000 1.115919e+02
7701.2500 6.294501e+01
7702.5000 5.079506e+01
7703.7500 5.094084e+01
7705.0000 4.701013e+01
7706.2500 4.577425e+01
7707.5000 4.510238e+01
7708.7500 4.852032e+01
7710.0000 1.053566e+02
7711.2500 7.731045e+02
7712.5000 1.133341e+03
7713.7500 4.937927e+02
7715.0000 5.865447e+02
7716.2500 1.172328e+03
7717.5000 9.525809e+02
7718.7500 2.652616e+02
7720.0000 6.774378e+01
7721.2500 6.628087e+01
7722.5000 1.454679e+02
7723.7500 2.005822e+02
7725.0000 2.842110e+02
7726.2500 2.879138e+02
7727.5000 1.050178e+02
7728.7500 5.926869e+01
7730.0000 6.418568e+01
7731.2500 5.628728e+01
7732.5000 6.438156e+01
7733.7500 9.086913e+01
7735.0000 1.197744e+02
7736.2500 9.324673e+01
7737.5000 6.031233e+01
7738.7500 6.218771e+01
7740.0000 7.245216e+01
7741.2500 6.957426e+01
7742.5000 5.347106e+01
7743.7500 5.109357e+01
7745.0000 6.455190e+01
7746.2500 7.156837e+01
7747.5000 9.484373e+01
7748.7500 5.614351e+02
7750.0000 2.013238e+03
7751.2500 1.512096e+03
7752.5000 1.961669e+02
7753.7500 5.759093e+01
7755.0000 5.973716e+01
7756.2500 9.440615e+01
7757.5000 1.067935e+02
7758.7500 4.181382e+02
7760.0000 6.701419e+02
7761.2500 2.526599e+02
7762.5000 5.201505e+01
7763.7500 5.136774e+01
7765.0000 5.129397e+01
7766.2500 4.689280e+01
7767.5000 5.041115e+01
7768.7500 6.182154e+01
7770.0000 8.263122e+01
7771.2500 2.215543e+02
7772.5000 3.908218e+02
7773.7500 3.880157e+02
7775.0000 2.237632e+02
7776.2500 8.863506e+01
7777.5000 5.211752e+01
7778.7500 1.525167e+02
7780.0000 3.956269e+02
7781.2500 2.754012e+02
7782.5000 6.474702e+01
7783.7500 5.439441e+01
7785.0000 6.544930e+01
7786.2500 7.095137e+01
7787.5000 6.166671e+01
7788.7500 6.850318e+01
7790.0000 1.085929e+02
7791.2500 1.310793e+02
7792.5000 4.797028e+02
7793.7500 1.327744e+03
7795.0000 8.038380e+02
7796.2500 8.819277e+01
7797.5000 5.059495e+01
7798.7500 5.064085e+01
7800.0000 4.426068e+01
7801.2500 4.156712e+01
7802.5000 4.452276e+01
7803.7500 5.080788e+01
7805.0000 4.779449e+01
7806.2500 9.586888e+01
7807.5000 4.055598e+02
7808.7500 4.671701e+02
7810.0000 1.519955e+02
7811.2500 6.470932e+01
7812.5000 6.266035e+01
7813.7500 7.077396e+01
7815.0000 7.068858e+01
7816.2500 6.365609e+01
7817.5000 5.728920e+01
7818.7500 1.035398e+02
7820.0000 7.041259e+02
7821.2500 1.553991e+03
7822.5000 7.987888e+02
7823.7500 8.703913e+01
7825.0000 5.646317e+01
7826.2500 5.011711e+01
7827.5000 6.100330e+01
7828.7500 7.146436e+01
7830.0000 5.721389e+01
7831.2500 4.385573e+01
7832.5000 5.235575e+01
7833.7500 6.011828e+01
7835.0000 5.138729e+01
7836.2500 4.009077e+01
7837.5000 4.557856e+01
7838.7500 7.085202e+01
7840.0000 3.055558e+02
7841.2500 4.645559e+02
7842.5000 1.914183e+02
7843.7500 4.658625e+01
7845.0000 4.479447e+01
7846.2500 4.343043e+01
7847.5000 6.848538e+01
7848.7500 1.642026e+02
7850.0000 1.844209e+02
7851.2500 3.593345e+02
7852.5000 1.397172e+03
7853.7500 1.351752e+03
7855.0000 2.767703e+02
7856.2500 9.462032e+01
7857.5000 1.810725e+02
7858.7500 2.674203e+02
7860.0000 5.682094e+02
7861.2500 4.331187e+02
7862.5000 8.473090e+01
7863.7500 4.891732e+01
7865.0000 4.941151e+01
7866.2500 1.538898e+02
7867.5000 2.726391e+02
7868.7500 2.834362e+02
7870.0000 6.728113e+02
7871.2500 5.387125e+02
7872.5000 1.083322e+02
7873.7500 4.703325e+01
7875.0000 4.894469e+01
7876.2500 6.363929e+01
7877.5000 2.585783e+02
7878.7500 3.600062e+02
7880.0000 2.471134e+02
7881.2500 3.133491e+02
7882.5000 1.923836e+02
7883.7500 7.822877e+01
7885.0000 8.173608e+01
7886.2500 8.758383e+01
7887.5000 1.509563e+02
7888.7500 6.361653e+02
7890.0000 7.731937e+02
7891.2500 2.507437e+02
7892.5000 8.960338e+01
7893.7500 8.675719e+01
7895.0000 7.471036e+01
7896.2500 6.720274e+01
7897.5000 7.090985e+01
7898.7500 6.631770e+01
7900.0000 4.630202e+01
7901.2500 5.487391e+01
7902.5000 7.337045e+01
7903.7500 6.278062e+01
7905.0000 6.535168e+01
7906.2500 7.050497e+01
7907.5000 6.173536e+01
7908.7500 6.668081e+01
7910.0000 1.111401e+02
7911.2500 3.385697e+02
7912.5000 1.626276e+03
7913.7500 2.166001e+03
7915.0000 5.934467e+02
7916.2500 8.084932e+01
7917.5000 1.179151e+02
7918.7500 2.073690e+02
7920.0000 6.916658e+02
7921.2500 8.358969e+02
7922.5000 2.395486e+02
7923.7500 7.959554e+01
7925.0000 5.517979e+01
7926.2500 4.955644e+01
7927.5000 6.942339e+01
7928.7500 1.156195e+02
7930.0000 3.828753e+02
7931.2500 5.753425e+02
7932.5000 2.637904e+02
7933.7500 8.148743e+01
7935.0000 5.822109e+01
7936.2500 4.883150e+01
7937.5000 5.074459e+01
7938.7500 5.404489e+01
7940.0000 5.635375e+01
7941.2500 5.983221e+01
7942.5000 6.158961e+01
7943.7500 7.065412e+01
7945.0000 9.104788e+01
7946.2500 8.683623e+01
7947.5000 1.986951e+02
7948.7500 4.555998e+02
7950.0000 2.937875e+02
7951.2500 6.960000e+01
7952.5000 6.091015e+01
7953.7500 4.774940e+01
7955.0000 4.641108e+01
7956.2500 4.549965e+01
7957.5000 4.485211e+01
7958.7500 4.387199e+01
7960.0000 4.500813e+01
7961.2500 5.454312e+01
7962.5000 2.828421e+02
7963.7500 1.386759e+03
7965.0000 1.424953e+03
7966.2500 2.765251e+02
7967.5000 1.347326e+02
7968.7500 1.183384e+02
7970.0000 6.161191e+01
7971.2500 5.845910e+01
7972.5000 5.688821e+01
7973.7500 5.102093e+01
7975.0000 7.273135e+01
7976.2500 1.786829e+02
7977.5000 2.689184e+02
7978.7500 5.197552e+02
7980.0000 5.349534e+02
7981.2500 1.425701e+02
7982.5000 4.979452e+01
7983.7500 4.977182e+01
7985.0000 5.183909e+01
7986.2500 6.445602e+01
7987.5000 7.203815e+01
7988.7500 6.983990e+01
7990.0000 7.416645e+01
7991.2500 3.768781e+02
7992.5000 1.696975e+03
7993.7500 1.577891e+03
7995.0000 2.700602e+02
7996.2500 7.739733e+01
7997.5000 8.403046e+01
7998.7500 8.267749e+01
8000.0000 7.225409e+01
8001.2500 7.334267e+01
8002.5000 6.950226e+01
8003.7500 6.073109e+01
8005.0000 5.702132e+01
8006.2500 5.266758e+01
8007.5000 5.214488e+01
8008.7500 5.456847e+01
8010.0000 6.048493e+01
8011.2500 7.431896e+01
8012.5000 2.646618e+02
8013.7500 5.100288e+02
8015.0000 2.950637e+02
8016.2500 7.850761e+01
8017.5000 6.216775e+01
8018.7500 1.009069e+02
8020.0000 1.284048e+02
8021.2500 8.552335e+01
8022.5000 6.555122e+01
8023.7500 2.725846e+02
8025.0000 1.166856e+03
8026.2500 1.045889e+03
8027.5000 2.542695e+02
8028.7500 1.537279e+02
8030.0000 1.009267e+02
8031.2500 8.681065e+01
8032.5000 7.541151e+01
8033.7500 6.610336e+01
8035.0000 6.748817e+01
8036.2500 5.644408e+01
8037.5000 5.143522e+01
8038.7500 5.687713e+01
8040.0000 6.039729e+01
8041.2500 6.290748e+01
8042.5000 5.504028e+01
8043.7500 5.024050e+01
8045.0000 5.144386e+01
8046.2500 5.505587e+01
8047.5000 5.721070e+01
8048.7500 7.204453e+01
8050.0000 1.299259e+02
8051.2500 3.066023e+02
8052.5000 2.776339e+02
8053.7500 8.254292e+01
8055.0000 5.260851e+01
8056.2500 5.216592e+01
8057.5000 5.183681e+01
8058.7500 5.672581e+01
8060.0000 1.235604e+02
8061.2500 5.225344e+02
8062.5000 5.849485e+02
8063.7500 1.637037e+02
8065.0000 5.647195e+01
8066.2500 5.828582e+01
8067.5000 5.455070e+01
8068.7500 4.883568e+01
8070.0000 4.917418e+01
8071.2500 4.578044e+01
8072.5000 5.193979e+01
8073.7500 5.831617e+01
8075.0000 6.222181e+01
8076.2500 6.903139e+01
8077.5000 7.491009e+01
8078.7500 5.673487e+01
8080.0000 4.866214e+01
8081.2500 5.193880e+01
8082.5000 5.747829e+01
8083.7500 7.699400e+01
8085.0000 8.644991e+01
8086.2500 6.454948e+01
8087.5000 4.685637e+01
8088.7500 4.455233e+01
8090.0000 4.541493e+01
8091.2500 5.191684e+01
8092.5000 1.171491e+02
8093.7500 1.568587e+02
8095.0000 9.097588e+01
8096.2500 4.791426e+01
8097.5000 4.752988e+01
8098.7500 5.096622e+01
8100.0000 7.237669e+01
8101.2500 1.819403e+02
8102.5000 2.617973e+02
8103.7500 1.339374e+02
8105.0000 6.326994e+01
8106.2500 5.368880e+01
8107.5000 5.616373e+01
8108.7500 5.523400e+01
8110.0000 5.471464e+01
8111.2500 5.133625e+01
8112.5000 4.948104e+01
8113.7500 4.820778e+01
8115.0000 4.618621e+01
8116.2500 4.288026e+01
8117.5000 4.374306e+01
8118.7500 4.631944e+01
8120.0000 4.649204e+01
8121.2500 4.913817e+01
8122.5000 5.149995e+01
8123.7500 5.050724e+01
8125.0000 5.119899e+01
8126.2500 5.395480e+01
8127.5000 5.555780e+01
8128.7500 4.916085e+01
8130.0000 5.300304e+01
8131.2500 6.131662e+01
8132.5000 5.566609e+01
8133.7500 5.283626e+01
8135.0000 6.175200e+01
8136.2500 6.264865e+01
8137.5000 8.522528e+01
8138.7500 1.171143e+02
8140.0000 8.845992e+01
8141.2500 5.817184e+01
8142.5000 4.958469e+01
8143.7500 4.921785e+01
8145.0000 8.838078e+01
8146.2500 1.544544e+02
8147.5000 1.214207e+02
8148.7500 6.370932e+01
8150.0000 4.894428e+01
8151.2500 5.108188e+01
8152.5000 4.996633e+01
8153.7500 5.024202e+01
8155.0000 5.133737e+01
8156.2500 5.039637e+01
8157.5000 4.941112e+01
8158.7500 5.266915e+01
8160.0000 5.102562e+01
8161.2500 5.305983e+01
8162.5000 6.015446e+01
8163.7500 5.316637e+01
8165.0000 5.313718e+01
8166.2500 5.117622e+01
8167.5000 4.787036e+01
8168.7500 5.088987e+01
8170.0000 5.210050e+01
8171.2500 5.528260e+01
8172.5000 5.318372e+01
8173.7500 4.807335e+01
8175.0000 5.049294e+01
8176.2500 5.237396e+01
8177.5000 5.747009e+01
8178.7500 5.877898e+01
8180.0000 5.395741e+01
8181.2500 5.154672e+01
8182.5000 5.095034e+01
8183.7500 5.254434e+01
8185.0000 5.652059e+01
8186.2500 6.352794e+01
8187.5000 9.518330e+01
8188.7500 8.854617e+01
8190.0000 6.083891e+01
8191.2500 5.530847e+01
8192.5000 5.031812e+01
8193.7500 7.213360e+01
8195.0000 9.422200e+01
8196.2500 7.194814e+01
8197.5000 5.339645e+01
8198.7500 5.068477e+01
8200.0000 4.857352e+01
8201.2500 4.946025e+01
8202.5000 5.313355e+01
8203.7500 5.495590e+01
8205.0000 5.596174e+01
8206.2500 5.995335e+01
8207.5000 6.165805e+01
8208.7500 5.904542e+01
8210.0000 5.302079e+01
8211.2500 5.031532e+01
8212.5000 5.504760e+01
8213.7500 5.805076e+01
8215.0000 5.646758e+01
8216.2500 5.644286e+01
8217.5000 5.374838e+01
8218.7500 5.454895e+01
8220.0000 4.757654e+01
8221.2500 5.172604e+01
8222.5000 6.193818e+01
8223.7500 7.339661e+01
8225.0000 6.626142e+01
8226.2500 5.995014e+01
8227.5000 6.438078e+01
8228.7500 6.809251e+01
8230.0000 6.978415e+01
8231.2500 7.335890e+01
8232.5000 7.677727e+01
8233.7500 6.981500e+01
8235.0000 8.118252e+01
8236.2500 7.572135e+01
8237.5000 7.455177e+01
8238.7500 6.752022e+01
8240.0000 7.603331e+01
8241.2500 9.755466e+01
8242.5000 8.291286e+01
8243.7500 6.558873e+01
8245.0000 6.308052e+01
8246.2500 7.540395e+01
8247.5000 8.670237e+01
8248.7500 7.358685e+01
8250.0000 5.488898e+01
8251.2500 5.008535e+01
8252.5000 4.906585e+01
8253.7500 6.062335e+01
8255.0000 6.560290e+01
8256.2500 5.833298e+01
8257.5000 5.052799e+01
8258.7500 5.209807e+01
8260.0000 5.271976e+01
8261.2500 5.058965e+01
8262.5000 5.000645e+01
8263.7500 4.845466e+01
8265.0000 4.776640e+01
8266.2500 4.973119e+01
8267.5000 5.182910e+01
8268.7500 5.301340e+01
8270.0000 4.914342e+01
8271.2500 5.407430e+01
8272.5000 5.276155e+01
8273.7500 5.322943e+01
8275.0000 6.240414e+01
8276.2500 1.275858e+02
8277.5000 3.862195e+02
8278.7500 4.364370e+02
8280.0000 5.485043e+02
8281.2500 1.044898e+03
8282.5000 6.993588e+02
8283.7500 1.460836e+02
8285.0000 2.246942e+02
8286.2500 4.807404e+02
8287.5000 1.486944e+03
8288.7500 1.937886e+03
8290.0000 4.733669e+02
8291.2500 9.823923e+01
8292.5000 5.678983e+01
8293.7500 8.425564e+01
8295.0000 3.923051e+02
8296.2500 5.878038e+02
8297.5000 1.030049e+03
8298.7500 1.671149e+03
8300.0000 7.176340e+02
8301.2500 1.166074e+02
8302.5000 1.120469e+02
8303.7500 9.159920e+01
8305.0000 7.093767e+01
8306.2500 5.742330e+01
8307.5000 5.795707e+01
8308.7500 1.689246e+02
8310.0000 5.068010e+02
8311.2500 4.153296e+02
8312.5000 9.693651e+01
8313.7500 4.850815e+01
8315.0000 4.774809e+01
8316.2500 6.275500e+01
8317.5000 9.581786e+01
8318.7500 8.575224e+01
8320.0000 5.864870e+01
8321.2500 5.309093e+01
8322.5000 5.507038e+01
8323.7500 5.136407e+01
8325.0000 4.898492e+01
8326.2500 4.502592e+01
8327.5000 4.546217e+01
8328.7500 4.504177e+01
8330.0000 4.985546e+01
8331.2500 4.780766e+01
8332.5000 4.884845e+01
8333.7500 4.578973e+01
8335.0000 5.081868e+01
8336.2500 6.488367e+01
8337.5000 9.463906e+01
8338.7500 8.134964e+01
8340.0000 6.871503e+01
8341.2500 2.212448e+02
8342.5000 1.276310e+03
8343.7500 4.823744e+03
8345.0000 3.985272e+03
8346.2500 5.136141e+02
8347.5000 8.619595e+01
8348.7500 1.555334e+02
8350.0000 1.901663e+02
8351.2500 7.229837e+02
8352.5000 1.548289e+03
8353.7500 7.914612e+02
8355.0000 9.628409e+01
8356.2500 6.633778e+01
8357.5000 5.781012e+01
8358.7500 7.359926e+01
8360.0000 1.284547e+02
8361.2500 1.393739e+02
8362.5000 1.720233e+02
8363.7500 4.589808e+02
8365.0000 5.002274e+02
8366.2500 1.714345e+02
8367.5000 7.057893e+01
8368.7500 6.045188e+01
8370.0000 5.649917e+01
8371.2500 5.609103e+01
8372.5000 5.877109e+01
8373.7500 6.083640e+01
8375.0000 6.516499e+01
8376.2500 6.845102e+01
8377.5000 6.841387e+01
8378.7500 1.106683e+02
8380.0000 2.403181e+02
8381.2500 8.147848e+02
8382.5000 1.018000e+03
8383.7500 3.058137e+02
8385.0000 6.014811e+01
8386.2500 5.991753e+01
8387.5000 5.908012e+01
8388.7500 6.186320e+01
8390.0000 8.265196e+01
8391.2500 8.141666e+01
8392.5000 6.557020e+01
8393.7500 5.502711e+01
8395.0000 6.522298e+01
8396.2500 1.073698e+02
8397.5000 1.187368e+03
8398.7500 3.883137e+03
8400.0000 2.373960e+03
8401.2500 1.952838e+02
8402.5000 5.816428e+01
8403.7500 5.649202e+01
8405.0000 5.045501e+01
8406.2500 5.154078e+01
8407.5000 4.933146e+01
8408.7500 5.020004e+01
8410.0000 5.192539e+01
8411.2500 5.284362e+01
8412.5000 8.168004e+01
8413.7500 5.297452e+02
8415.0000 1.180823e+03
8416.2500 6.087098e+02
8417.5000 6.933135e+01
8418.7500 5.058623e+01
8420.0000 5.349821e+01
8421.2500 5.450109e+01
8422.5000 6.695872e+01
8423.7500 7.880267e+01
8425.0000 7.566629e+01
8426.2500 9.855368e+01
8427.5000 2.417275e+02
8428.7500 1.920643e+03
8430.0000 3.800232e+03
8431.2500 1.642203e+03
8432.5000 1.393718e+02
8433.7500 9.569442e+01
8435.0000 8.030811e+01
8436.2500 5.112061e+01
8437.5000 4.553074e+01
8438.7500 4.682616e+01
8440.0000 4.381579e+01
8441.2500 4.826506e+01
8442.5000 4.666130e+01
8443.7500 5.363319e+01
8445.0000 1.222732e+02
8446.2500 1.860239e+02
8447.5000 1.117447e+02
8448.7500 5.967316e+01
8450.0000 1.919271e+02
8451.2500 8.344989e+02
8452.5000 8.701867e+02
8453.7500 2.136616e+02
8455.0000 5.856178e+01
8456.2500 5.364630e+01
8457.5000 5.411618e+01
8458.7500 5.620791e+01
8460.0000 6.290618e+01
8461.2500 7.386485e+01
8462.5000 1.340539e+02
8463.7500 1.315044e+03
8465.0000 2.851548e+03
8466.2500 1.354926e+03
8467.5000 1.308081e+02
8468.7500 5.603765e+01
8470.0000 4.957483e+01
8471.2500 5.812082e+01
8472.5000 6.624452e+01
8473.7500 1.097453e+02
8475.0000 1.023094e+02
8476.2500 6.023872e+01
8477.5000 5.425198e+01
8478.7500 5.082519e+01
8480.0000 5.224579e+01
8481.2500 5.193858e+01
8482.5000 5.213184e+01
8483.7500 5.468549e+01
8485.0000 5.998042e+01
8486.2500 5.608351e+01
8487.5000 5.266739e+01
8488.7500 5.122166e+01
8490.0000 6.356489e+01
8491.2500 1.488795e+02
8492.5000 6.205931e+02
8493.7500 6.714075e+02
8495.0000 1.899294e+02
8496.2500 8.013155e+01
8497.5000 8.141212e+01
8498.7500 6.485667e+01
8500.0000 7.753099e+01
8501.2500 9.827964e+01
8502.5000 2.134084e+02
8503.7500 1.094844e+03
8505.0000 1.425241e+03
8506.2500 4.057950e+02
8507.5000 6.204231e+01
8508.7500 5.369562e+01
8510.0000 5.203585e+01
8511.2500 5.411799e+01
8512.5000 5.224883e+01
8513.7500 5.168031e+01
8515.0000 4.984814e+01
8516.2500 4.964860e+01
8517.5000 4.966875e+01
8518.7500 5.592638e+01
8520.0000 7.400083e+01
8521.2500 7.149131e+01
8522.5000 5.201421e+01
8523.7500 4.880065e+01
8525.0000 4.847878e+01
8526.2500 4.907963e+01
8527.5000 4.670712e+01
8528.7500 4.882838e+01
8530.0000 4.749014e+01
8531.2500 4.626735e+01
8532.5000 4.406618e+01
8533.7500 4.514690e+01
8535.0000 4.888900e+01
8536.2500 6.842315e+01
8537.5000 2.284579e+02
8538.7500 3.014618e+02
8540.0000 1.300007e+02
8541.2500 5.902226e+01
8542.5000 5.820333e+01
8543.7500 4.720908e+01
8545.0000 5.581879e+01
8546.2500 1.072923e+02
8547.5000 3.948725e+02
8548.7500 5.440900e+02
8550.0000 2.282269e+02
8551.2500 6.358768e+01
8552.5000 6.205231e+01
8553.7500 5.776898e+01
8555.0000 4.634590e+01
8556.2500 4.320354e+01
8557.5000 4.475050e+01
8558.7500 4.761682e+01
8560.0000 4.546399e+01
8561.2500 4.533548e+01
8562.5000 4.262904e+01
8563.7500 4.199047e+01
8565.0000 4.746677e+01
8566.2500 4.903891e+01
8567.5000 4.739495e+01
8568.7500 4.545172e+01
8570.0000 5.020939e+01
8571.2500 6.565630e+01
8572.5000 7.184966e+01
8573.7500 6.333535e+01
8575.0000 7.146001e+01
8576.2500 7.374963e+01
8577.5000 6.637984e+01
8578.7500 5.729387e+01
8580.0000 4.785282e+01
8581.2500 4.811703e+01
8582.5000 5.019761e+01
8583.7500 5.054100e+01
8585.0000 5.152898e+01
8586.2500 8.653724e+01
8587.5000 1.954389e+02
8588.7500 1.707248e+02
8590.0000 6.714910e+01
8591.2500 6.034906e+01
8592.5000 5.355088e+01
8593.7500 5.559630e+01
8595.0000 1.087695e+02
8596.2500 2.607041e+02
8597.5000 2.302840e+02
8598.7500 8.286933e+01
8600.0000 5.511459e+01
8601.2500 5.847522e+01
8602.5000 6.310844e+01
8603.7500 5.894095e+01
8605.0000 6.067563e+01
8606.2500 5.434136e+01
8607.5000 6.298187e+01
8608.7500 6.925471e+01
8610.0000 7.941603e+01
8611.2500 8.574535e+01
8612.5000 1.108436e+02
8613.7500 1.337856e+02
8615.0000 1.625352e+02
8616.2500 1.793212e+02
8617.5000 2.418690e+02
8618.7500 2.598010e+02
8620.0000 3.047116e+02
8621.2500 3.614301e+02
8622.5000 3.766230e+02
8623.7500 4.427108e+02
8625.0000 5.008180e+02
8626.2500 4.648328e+02
8627.5000 5.560656e+02
8628.7500 5.751233e+02
8630.0000 4.906912e+02
8631.2500 5.724674e+02
8632.5000 5.537459e+02
8633.7500 4.148161e+02
8635.0000 4.867308e+02
8636.2500 4.544157e+02
8637.5000 2.748741e+02
8638.7500 2.862615e+02
8640.0000 2.913929e+02
8641.2500 2.207175e+02
8642.5000 1.483457e+02
8643.7500 7.891538e+01
8645.0000 9.994400e+01
8646.2500 2.193914e+02
8647.5000 2.310635e+02
8648.7500 3.335211e+02
8650.0000 5.548513e+02
8651.2500 4.818708e+02
8652.5000 2.862719e+02
8653.7500 4.411008e+02
8655.0000 6.485517e+02
8656.2500 4.598230e+02
8657.5000 2.766406e+02
8658.7500 5.141459e+02
8660.0000 6.506077e+02
8661.2500 3.821072e+02
8662.5000 2.221884e+02
8663.7500 4.738257e+02
8665.0000 5.796522e+02
8666.2500 3.288662e+02
8667.5000 1.775403e+02
8668.7500 3.651819e+02
8670.0000 4.676546e+02
8671.2500 2.786649e+02
8672.5000 1.186309e+02
8673.7500 2.176417e+02
8675.0000 3.387438e+02
8676.2500 2.524597e+02
8677.5000 1.031960e+02
8678.7500 1.290784e+02
8680.0000 2.290937e+02
8681.2500 2.178945e+02
8682.5000 1.159955e+02
8683.7500 7.350269e+01
8685.0000 1.239076e+02
8686.2500 1.701461e+02
8687.5000 1.248949e+02
8688.7500 6.731838e+01
8690.0000 6.909438e+01
8691.2500 9.695138e+01
8692.5000 1.193246e+02
8693.7500 8.975211e+01
8695.0000 6.435805e+01
8696.2500 6.750765e+01
8697.5000 8.987822e+01
8698.7500 1.171252e+02
8700.0000 1.353142e+02
8701.2500 1.004125e+02
8702.5000 7.019658e+01
8703.7500 7.979321e+01
8705.0000 9.589347e+01
8706.2500 1.451441e+02
8707.5000 1.538195e+02
8708.7500 9.902872e+01
8710.0000 7.406338e+01
8711.2500 7.023586e+01
8712.5000 6.942682e+01
8713.7500 7.278458e+01
8715.0000 6.879929e+01
8716.2500 6.859776e+01
8717.5000 7.186631e+01
8718.7500 6.511364e+01
8720.0000 6.610384e+01
8721.2500 6.318291e+01
8722.5000 7.007922e+01
8723.7500 6.573482e+01
8725.0000 8.020504e+01
8726.2500 9.824642e+01
8727.5000 8.560187e+01
8728.7500 6.546029e+01
8730.0000 6.097012e+01
8731.2500 6.409926e+01
8732.5000 6.172102e+01
8733.7500 6.260007e+01
8735.0000 5.912015e+01
8736.2500 7.625718e+01
8737.5000 8.281366e+01
8738.7500 8.363929e+01
8740.0000 9.100743e+01
8741.2500 7.791061e+01
8742.5000 7.384885e+01
8743.7500 7.195340e+01
8745.0000 6.914373e+01
8746.2500 6.390940e+01
8747.5000 6.144258e+01
8748.7500 6.908047e+01
8750.0000 8.132055e+01
8751.2500 6.960878e+01
8752.5000 5.533237e+01
8753.7500 5.617104e+01
8755.0000 6.097070e+01
8756.2500 1.093755e+02
8757.5000 3.967408e+02
8758.7500 7.488071e+02
8760.0000 1.340921e+03
8761.2500 1.799668e+03
8762.5000 7.981905e+02
8763.7500 2.011241e+02
8765.0000 5.635613e+02
8766.2500 1.742848e+03
8767.5000 2.617599e+03
8768.7500 1.346396e+03
8770.0000 2.244284e+02
8771.2500 9.203030e+01
8772.5000 7.279454e+01
8773.7500 1.868173e+02
8775.0000 8.312300e+02
8776.2500 1.693019e+03
8777.5000 2.862623e+03
8778.7500 2.178653e+03
8780.0000 3.603531e+02
8781.2500 8.044205e+01
8782.5000 7.000849e+01
8783.7500 6.534824e+01
8785.0000 6.432909e+01
8786.2500 6.932180e+01
8787.5000 8.442552e+01
8788.7500 2.152236e+02
8790.0000 9.475874e+02
8791.2500 1.127482e+03
8792.5000 3.203505e+02
8793.7500 6.998090e+01
8795.0000 7.001606e+01
8796.2500 6.960133e+01
8797.5000 6.846271e+01
8798.7500 6.920104e+01
8800.0000 6.853156e+01
8801.2500 7.792170e+01
8802.5000 7.321215e+01
8803.7500 6.227443e+01
8805.0000 6.423547e+01
8806.2500 6.146505e+01
8807.5000 8.887243e+01
8808.7500 1.580450e+02
8810.0000 1.813206e+02
8811.2500 1.146093e+02
8812.5000 7.095456e+01
8813.7500 6.358427e+01
8815.0000 6.277911e+01
8816.2500 6.813322e+01
8817.5000 6.666635e+01
8818.7500 6.663662e+01
8820.0000 7.143251e+01
8821.2500 7.720953e+01
8822.5000 1.000789e+02
8823.7500 3.710560e+02
8825.0000 1.992179e+03
8826.2500 8.554791e+03
8827.5000 8.368826e+03
8828.7500 1.429124e+03
8830.0000 2.073052e+02
8831.2500 2.537445e+02
8832.5000 3.677587e+02
8833.7500 4.106766e+02
8835.0000 1.280168e+03
8836.2500 2.611341e+03
8837.5000 1.273483e+03
8838.7500 1.462228e+02
8840.0000 6.591434e+01
8841.2500 5.814617e+01
8842.5000 5.654037e+01
8843.7500 8.024036e+01
8845.0000 1.155921e+02
8846.2500 1.048809e+02
8847.5000 1.644452e+02
8848.7500 5.675926e+02
8850.0000 6.775208e+02
8851.2500 2.342840e+02
8852.5000 6.856139e+01
8853.7500 6.204453e+01
8855.0000 6.570597e+01
8856.2500 6.935338e+01
8857.5000 6.631242e+01
8858.7500 6.840380e+01
8860.0000 8.888715e+01
8861.2500 1.427378e+02
8862.5000 1.724978e+02
8863.7500 1.345401e+02
8865.0000 2.345067e+02
8866.2500 1.286930e+03
8867.5000 1.911660e+03
8868.7500 6.812620e+02
8870.0000 9.697530e+01
8871.2500 7.305866e+01
8872.5000 6.817636e+01
8873.7500 6.350821e+01
8875.0000 6.811962e+01
8876.2500 6.852510e+01
8877.5000 6.688841e+01
8878.7500 7.030204e+01
8880.0000 7.169157e+01
8881.2500 8.617253e+01
8882.5000 1.354920e+02
8883.7500 1.225449e+03
8885.0000 6.379093e+03
8886.2500 6.034869e+03
8887.5000 9.598462e+02
8888.7500 1.568624e+02
8890.0000 1.289481e+02
8891.2500 9.059516e+01
8892.5000 7.471069e+01
8893.7500 8.328561e+01
8895.0000 1.170795e+02
8896.2500 1.269768e+02
8897.5000 1.022772e+02
8898.7500 7.948821e+01
8900.0000 1.068464e+02
8901.2500 6.401144e+02
8902.5000 2.268356e+03
8903.7500 1.806025e+03
8905.0000 3.125834e+02
8906.2500 1.021834e+02
8907.5000 1.201404e+02
8908.7500 1.415767e+02
8910.0000 1.213051e+02
8911.2500 8.150196e+01
8912.5000 6.030921e+01
8913.7500 7.447986e+01
8915.0000 9.155159e+01
8916.2500 1.470528e+02
8917.5000 1.152243e+03
8918.7500 6.281724e+03
8920.0000 6.442904e+03
8921.2500 1.266273e+03
8922.5000 1.390491e+02
8923.7500 1.020714e+02
8925.0000 9.553400e+01
8926.2500 1.243316e+02
8927.5000 1.565730e+02
8928.7500 1.343711e+02
8930.0000 9.008128e+01
8931.2500 7.530715e+01
8932.5000 7.748550e+01
8933.7500 1.048386e+02
8935.0000 1.054633e+02
8936.2500 9.978831e+01
8937.5000 8.547027e+01
8938.7500 9.926702e+01
8940.0000 1.098780e+02
8941.2500 4.239265e+02
8942.5000 1.760902e+03
8943.7500 1.777715e+03
8945.0000 3.626476e+02
8946.2500 9.067464e+01
8947.5000 8.573449e+01
8948.7500 7.463541e+01
8950.0000 7.336430e+01
8951.2500 7.382536e+01
8952.5000 7.902531e+01
8953.7500 9.556074e+01
8955.0000 2.157566e+02
8956.2500 1.922355e+03
8957.5000 5.650922e+03
8958.7500 4.002992e+03
8960.0000 4.675346e+02
8961.2500 1.146540e+02
8962.5000 9.980564e+01
8963.7500 1.017128e+02
8965.0000 8.952708e+01
8966.2500 7.861483e+01
8967.5000 7.430956e+01
8968.7500 9.313559e+01
8970.0000 1.550527e+02
8971.2500 1.997934e+02
8972.5000 1.142877e+02
8973.7500 8.409524e+01
8975.0000 8.314406e+01
8976.2500 8.002374e+01
8977.5000 8.919550e+01
8978.7500 1.020851e+02
8980.0000 1.352940e+02
8981.2500 1.650441e+02
8982.5000 1.156905e+02
8983.7500 9.286940e+01
8985.0000 1.459666e+02
8986.2500 4.801740e+02
8987.5000 2.671022e+03
8988.7500 2.606844e+03
8990.0000 4.119406e+02
8991.2500 2.006651e+02
8992.5000 2.171651e+02
8993.7500 9.840469e+01
8995.0000 6.638080e+01
8996.2500 6.576956e+01
8997.5000 8.772884e+01
8998.7500 3.324310e+02
9000.0000 3.941893e+03
9001.2500 8.439122e+03
9002.5000 1.832179e+03
9003.7500 1.560570e+02
9005.0000 9.409070e+01
9006.2500 7.770249e+01
9007.5000 7.869175e+01
9008.7500 7.369925e+01
9010.0000 6.663515e+01
9011.2500 6.580631e+01
9012.5000 6.736618e+01
9013.7500 6.331533e+01
9015.0000 6.737178e+01
9016.2500 7.263459e+01
9017.5000 7.486800e+01
9018.7500 7.671022e+01
9020.0000 1.163418e+02
9021.2500 1.304585e+02
9022.5000 8.550049e+01
9023.7500 7.170876e+01
9025.0000 7.076698e+01
9026.2500 8.821141e+01
9027.5000 1.115964e+02
9028.7500 1.155545e+02
9030.0000 8.227760e+01
9031.2500 7.962852e+01
9032.5000 7.751720e+01
9033.7500 7.063675e+01
9035.0000 8.332181e+01
9036.2500 2.657994e+02
9037.5000 6.862443e+02
9038.7500 5.509595e+02
9040.0000 1.274124e+02
9041.2500 8.322736e+01
9042.5000 1.003967e+02
9043.7500 1.132718e+02
9045.0000 8.555614e+01
9046.2500 1.005640e+02
9047.5000 3.620590e+02
9048.7500 1.107198e+03
9050.0000 1.038550e+03
9051.2500 2.690414e+02
9052.5000 9.068195e+01
9053.7500 7.472356e+01
9055.0000 8.599950e+01
9056.2500 1.006950e+02
9057.5000 8.670573e+01
9058.7500 7.131446e+01
9060.0000 6.975266e+01
9061.2500 6.526196e+01
9062.5000 8.282394e+01
9063.7500 1.179257e+02
9065.0000 1.230768e+02
9066.2500 9.558664e+01
9067.5000 1.184874e+02
9068.7500 1.345547e+02
9070.0000 1.162558e+02
9071.2500 9.989259e+01
9072.5000 7.797032e+01
9073.7500 7.196528e+01
9075.0000 7.784140e+01
9076.2500 8.087170e+01
9077.5000 7.209400e+01
9078.7500 6.901620e+01
9080.0000 7.155145e+01
9081.2500 7.252314e+01
9082.5000 8.381378e+01
9083.7500 9.127239e+01
9085.0000 9.959081e+01
9086.2500 8.111194e+01
9087.5000 6.927888e+01
9088.7500 7.577448e+01
9090.0000 1.088097e+02
9091.2500 2.929754e+02
9092.5000 4.445177e+02
9093.7500 2.387110e+02
9095.0000 9.253387e+01
9096.2500 8.407066e+01
9097.5000 8.248160e+01
9098.7500 8.647548e+01
9100.0000 1.045905e+02
9101.2500 3.469191e+02
9102.5000 6.341925e+02
9103.7500 3.910999e+02
9105.0000 1.040268e+02
9106.2500 6.571915e+01
9107.5000 6.182940e+01
9108.7500 7.307860e+01
9110.0000 7.596019e+01
9111.2500 6.783637e+01
9112.5000 6.889922e+01
9113.7500 6.925218e+01
9115.0000 6.564843e+01
9116.2500 6.188180e+01
9117.5000 5.535984e+01
9118.7500 5.941663e+01
9120.0000 6.581897e+01
9121.2500 7.138039e+01
9122.5000 7.275424e+01
9123.7500 6.418875e+01
9125.0000 6.166957e+01
9126.2500 6.294269e+01
9127.5000 6.510670e+01
9128.7500 6.159690e+01
9130.0000 5.889655e+01
9131.2500 6.476225e+01
9132.5000 7.429208e+01
9133.7500 8.406130e+01
9135.0000 7.271742e+01
9136.2500 8.060680e+01
9137.5000 8.018129e+01
9138.7500 8.254738e+01
9140.0000 8.192075e+01
9141.2500 7.857318e+01
9142.5000 7.751044e+01
9143.7500 8.559355e+01
9145.0000 8.995250e+01
9146.2500 8.881017e+01
9147.5000 9.222710e+01
9148.7500 8.870859e+01
9150.0000 1.572012e+02
9151.2500 3.316553e+02
9152.5000 3.144528e+02
9153.7500 1.591236e+02
9155.0000 1.213027e+02
9156.2500 1.262752e+02
9157.5000 1.337878e+02
9158.7500 1.701839e+02
9160.0000 3.497793e+02
9161.2500 4.168124e+02
9162.5000 2.077715e+02
9163.7500 9.038010e+01
9165.0000 8.096345e+01
9166.2500 7.364350e+01
9167.5000 7.956411e+01
9168.7500 8.021518e+01
9170.0000 8.102778e+01
9171.2500 8.301965e+01
9172.5000 7.175725e+01
9173.7500 7.084641e+01
9175.0000 7.477710e+01
9176.2500 7.298202e+01
9177.5000 7.958051e+01
9178.7500 7.732238e+01
9180.0000 7.333163e+01
9181.2500 7.691098e+01
9182.5000 7.819238e+01
9183.7500 7.026169e+01
9185.0000 6.609573e+01
9186.2500 6.648917e+01
9187.5000 6.945592e+01
9188.7500 6.464129e+01
9190.0000 6.909142e+01
9191.2500 6.779649e+01
9192.5000 6.212944e+01
9193.7500 6.771951e+01
9195.0000 6.672324e+01
9196.2500 6.596932e+01
9197.5000 7.290475e+01
9198.7500 8.033205e+01
9200.0000 7.896954e+01
9201.2500 7.406750e+01
9202.5000 7.956997e+01
9203.7500 9.528788e+01
9205.0000 8.480182e+01
9206.2500 7.681946e+01
9207.5000 7.862809e+01
9208.7500 9.153715e+01
9210.0000 8.868559e+01
9211.2500 8.785622e+01
9212.5000 8.587390e+01
9213.7500 1.034307e+02
9215.0000 2.144176e+02
9216.2500 3.152875e+02
9217.5000 2.115042e+02
9218.7500 9.774468e+01
9220.0000 9.681360e+01
9221.2500 1.035142e+02
9222.5000 1.547490e+02
9223.7500 3.028004e+02
9225.0000 3.420045e+02
9226.2500 2.081031e+02
9227.5000 1.177994e+02
9228.7500 1.024824e+02
9230.0000 8.534748e+01
9231.2500 7.710638e+01
9232.5000 8.420972e+01
9233.7500 8.733382e+01
9235.0000 8.010340e+01
9236.2500 6.760133e+01
9237.5000 6.420007e+01
9238.7500 6.959445e+01
9240.0000 6.965576e+01
9241.2500 7.578699e+01
9242.5000 6.592698e+01
9243.7500 6.714980e+01
9245.0000 6.788694e+01
9246.2500 9.220786e+01
9247.5000 1.181827e+02
9248.7500 1.227596e+02
9250.0000 1.299736e+02
9251.2500 1.284960e+02
9252.5000 9.900996e+01
9253.7500 1.067095e+02
9255.0000 8.814771e+01
9256.2500 7.578613e+01
9257.5000 6.538725e+01
9258.7500 7.739470e+01
9260.0000 1.185221e+02
9261.2500 1.866157e+02
9262.5000 2.115001e+02
9263.7500 1.524877e+02
9265.0000 1.893375e+02
9266.2500 1.872436e+02
9267.5000 9.719559e+01
9268.7500 8.239928e+01
9270.0000 8.253703e+01
9271.2500 8.102213e+01
9272.5000 7.900689e+01
9273.7500 8.504793e+01
9275.0000 8.474987e+01
9276.2500 8.333638e+01
9277.5000 8.350294e+01
9278.7500 9.610374e+01
9280.0000 8.551089e+01
9281.2500 9.083400e+01
9282.5000 9.022622e+01
9283.7500 1.067509e+02
9285.0000 2.114397e+02
9286.2500 3.496111e+02
9287.5000 2.405862e+02
9288.7500 1.732544e+02
9290.0000 1.218110e+02
9291.2500 1.446671e+02
9292.5000 2.529978e+02
9293.7500 3.573097e+02
9295.0000 2.356051e+02
9296.2500 1.133384e+02
9297.5000 1.005854e+02
9298.7500 1.088127e+02
9300.0000 1.147715e+02
9301.2500 1.275924e+02
9302.5000 1.555904e+02
9303.7500 4.464688e+02
9305.0000 2.430413e+03
9306.2500 9.431204e+03
9307.5000 1.524573e+04
9308.7500 6.214927e+03
9310.0000 2.592749e+03
9311.2500 4.885608e+03
9312.5000 1.034313e+04
9313.7500 1.126908e+04
9315.0000 3.218773e+03
9316.2500 1.272027e+03
9317.5000 1.856271e+03
9318.7500 9.187744e+02
9320.0000 5.371809e+02
9321.2500 3.665280e+03
9322.5000 2.460053e+04
9323.7500 3.577336e+04
9325.0000 7.957588e+03
9326.2500 4.622637e+02
9327.5000 2.287780e+02
9328.7500 3.166904e+02
9330.0000 6.389756e+02
9331.2500 7.219981e+02
9332.5000 3.063002e+02
9333.7500 2.306750e+02
9335.0000 4.020410e+02
9336.2500 2.318833e+03
9337.5000 6.217041e+03
9338.7500 3.364734e+03
9340.0000 4.342492e+02
9341.2500 2.921206e+02
9342.5000 3.439665e+02
9343.7500 4.262927e+02
9345.0000 3.816251e+02
9346.2500 4.458340e+02
9347.5000 5.570803e+02
9348.7500 7.751099e+02
9350.0000 2.623227e+03
