4750.0000 1.037139e+03
4751.2500 5.747592e+02
4752.5000 5.032640e+02
4753.7500 4.811064e+02
4755.0000 3.938384e+02
4756.2500 3.770842e+02
4757.5000 3.302214e+02
4758.7500 3.072976e+02
4760.0000 3.025448e+02
4761.2500 2.864195e+02
4762.5000 2.747091e+02
4763.7500 2.594715e+02
4765.0000 2.398107e+02
4766.2500 2.365807e+02
4767.5000 2.341924e+02
4768.7500 2.433492e+02
4770.0000 2.405125e+02
4771.2500 2.143055e+02
4772.5000 2.192974e+02
4773.7500 2.062585e+02
4775.0000 2.348496e+02
4776.2500 2.032190e+02
4777.5000 2.125044e+02
4778.7500 2.061371e+02
4780.0000 1.970031e+02
4781.2500 1.937042e+02
4782.5000 1.962531e+02
4783.7500 1.873022e+02
4785.0000 1.838763e+02
4786.2500 1.858488e+02
4787.5000 1.866018e+02
4788.7500 1.903196e+02
4790.0000 1.921508e+02
4791.2500 2.076252e+02
4792.5000 1.961049e+02
4793.7500 2.098425e+02
4795.0000 2.071233e+02
4796.2500 1.948100e+02
4797.5000 1.888083e+02
4798.7500 1.800585e+02
4800.0000 2.118392e+02
4801.2500 1.981693e+02
4802.5000 2.159478e+02
4803.7500 1.880713e+02
4805.0000 2.014789e+02
4806.2500 1.962754e+02
4807.5000 2.032961e+02
4808.7500 1.809268e+02
4810.0000 1.757808e+02
4811.2500 1.839220e+02
4812.5000 1.980046e+02
4813.7500 2.082704e+02
4815.0000 2.007997e+02
4816.2500 2.169995e+02
4817.5000 2.151063e+02
4818.7500 2.154693e+02
4820.0000 2.186763e+02
4821.2500 2.252540e+02
4822.5000 2.099826e+02
4823.7500 2.108671e+02
4825.0000 2.133836e+02
4826.2500 1.971544e+02
4827.5000 2.014304e+02
4828.7500 2.271167e+02
4830.0000 2.122135e+02
4831.2500 2.020198e+02
4832.5000 2.125815e+02
4833.7500 2.181263e+02
4835.0000 1.961777e+02
4836.2500 1.987013e+02
4837.5000 1.964345e+02
4838.7500 2.045679e+02
4840.0000 1.837195e+02
4841.2500 1.899753e+02
4842.5000 1.807533e+02
4843.7500 2.018812e+02
4845.0000 1.822564e+02
4846.2500 2.022300e+02
4847.5000 1.838995e+02
4848.7500 1.660610e+02
4850.0000 1.652326e+02
4851.2500 1.652618e+02
4852.5000 1.758978e+02
4853.7500 1.627301e+02
4855.0000 1.475668e+02
4856.2500 1.495487e+02
4857.5000 1.596356e+02
4858.7500 1.567648e+02
4860.0000 1.898145e+02
4861.2500 2.556104e+02
4862.5000 2.287331e+02
4863.7500 1.613659e+02
4865.0000 1.688072e+02
4866.2500 1.822581e+02
4867.5000 1.727849e+02
4868.7500 1.909821e+02
4870.0000 1.786439e+02
4871.2500 1.788985e+02
4872.5000 1.756563e+02
4873.7500 1.800294e+02
4875.0000 1.752053e+02
4876.2500 1.695561e+02
4877.5000 1.639517e+02
4878.7500 1.742393e+02
4880.0000 1.866630e+02
4881.2500 1.903879e+02
4882.5000 1.978343e+02
4883.7500 1.726011e+02
4885.0000 1.776219e+02
4886.2500 1.634358e+02
4887.5000 1.697100e+02
4888.7500 1.664458e+02
4890.0000 1.729386e+02
4891.2500 1.667086e+02
4892.5000 1.612116e+02
4893.7500 1.620481e+02
4895.0000 1.809077e+02
4896.2500 1.783228e+02
4897.5000 1.686499e+02
4898.7500 1.759759e+02
4900.0000 1.724924e+02
4901.2500 1.610056e+02
4902.5000 1.560129e+02
4903.7500 1.553627e+02
4905.0000 1.671538e+02
4906.2500 1.574065e+02
4907.5000 1.568941e+02
4908.7500 1.555119e+02
4910.0000 1.470691e+02
4911.2500 1.473254e+02
4912.5000 1.503621e+02
4913.7500 1.611581e+02
4915.0000 1.677547e+02
4916.2500 1.497551e+02
4917.5000 1.484397e+02
4918.7500 1.453650e+02
4920.0000 1.378844e+02
4921.2500 1.578047e+02
4922.5000 1.667598e+02
4923.7500 1.647149e+02
4925.0000 1.701379e+02
4926.2500 1.629435e+02
4927.5000 1.647938e+02
4928.7500 1.702895e+02
4930.0000 1.735180e+02
4931.2500 1.715704e+02
4932.5000 1.644830e+02
4933.7500 1.613130e+02
4935.0000 1.622102e+02
4936.2500 1.738965e+02
4937.5000 1.862223e+02
4938.7500 1.500831e+02
4940.0000 1.459311e+02
4941.2500 1.621321e+02
4942.5000 1.505170e+02
4943.7500 1.583177e+02
4945.0000 1.443363e+02
4946.2500 1.517431e+02
4947.5000 1.592891e+02
4948.7500 1.608446e+02
4950.0000 1.603070e+02
4951.2500 1.730050e+02
4952.5000 1.756076e+02
4953.7500 1.642310e+02
4955.0000 1.490571e+02
4956.2500 1.506802e+02
4957.5000 1.319812e+02
4958.7500 1.455039e+02
4960.0000 1.480923e+02
4961.2500 1.428785e+02
4962.5000 1.499766e+02
4963.7500 1.513551e+02
4965.0000 1.399935e+02
4966.2500 1.543625e+02
4967.5000 1.541934e+02
4968.7500 1.563711e+02
4970.0000 1.531638e+02
4971.2500 1.543570e+02
4972.5000 1.551529e+02
4973.7500 1.438616e+02
4975.0000 1.591473e+02
4976.2500 1.553194e+02
4977.5000 1.628032e+02
4978.7500 1.576978e+02
4980.0000 1.593469e+02
4981.2500 1.501438e+02
4982.5000 1.480667e+02
4983.7500 1.449367e+02
4985.0000 1.469257e+02
4986.2500 1.685986e+02
4987.5000 1.789329e+02
4988.7500 1.699795e+02
4990.0000 1.706673e+02
4991.2500 1.655876e+02
4992.5000 1.799045e+02
4993.7500 1.647327e+02
4995.0000 1.634919e+02
4996.2500 1.652523e+02
4997.5000 1.587621e+02
4998.7500 1.463402e+02
5000.0000 1.550637e+02
5001.2500 1.509116e+02
5002.5000 1.472541e+02
5003.7500 1.440617e+02
5005.0000 1.414787e+02
5006.2500 1.488301e+02
5007.5000 1.608549e+02
5008.7500 1.446878e+02
5010.0000 1.423724e+02
5011.2500 1.493438e+02
5012.5000 1.353605e+02
5013.7500 1.392686e+02
5015.0000 1.401354e+02
5016.2500 1.331082e+02
5017.5000 1.270282e+02
5018.7500 1.243523e+02
5020.0000 1.279622e+02
5021.2500 1.334724e+02
5022.5000 1.176540e+02
5023.7500 1.139866e+02
5025.0000 1.194129e+02
5026.2500 1.263587e+02
5027.5000 1.183277e+02
5028.7500 1.284402e+02
5030.0000 1.272234e+02
5031.2500 1.387835e+02
5032.5000 1.303000e+02
5033.7500 1.289689e+02
5035.0000 1.325168e+02
5036.2500 1.307162e+02
5037.5000 1.384881e+02
5038.7500 1.382314e+02
5040.0000 1.357656e+02
5041.2500 1.429487e+02
5042.5000 1.439005e+02
5043.7500 1.506594e+02
5045.0000 1.492104e+02
5046.2500 1.565755e+02
5047.5000 1.570107e+02
5048.7500 1.576831e+02
5050.0000 1.530632e+02
5051.2500 1.559856e+02
5052.5000 1.540981e+02
5053.7500 1.472024e+02
5055.0000 1.556745e+02
5056.2500 1.525197e+02
5057.5000 1.490463e+02
5058.7500 1.580245e+02
5060.0000 1.470453e+02
5061.2500 1.567579e+02
5062.5000 1.518448e+02
5063.7500 1.427492e+02
5065.0000 1.420859e+02
5066.2500 1.416522e+02
5067.5000 1.369851e+02
5068.7500 1.366355e+02
5070.0000 1.457300e+02
5071.2500 1.341901e+02
5072.5000 1.194540e+02
5073.7500 1.302725e+02
5075.0000 1.276369e+02
5076.2500 1.361760e+02
5077.5000 1.196985e+02
5078.7500 1.149744e+02
5080.0000 1.106181e+02
5081.2500 1.138853e+02
5082.5000 1.186950e+02
5083.7500 1.158093e+02
5085.0000 1.206343e+02
5086.2500 1.204591e+02
5087.5000 1.200871e+02
5088.7500 1.121661e+02
5090.0000 1.172241e+02
5091.2500 1.223436e+02
5092.5000 1.218265e+02
5093.7500 1.188934e+02
5095.0000 1.219138e+02
5096.2500 1.168075e+02
5097.5000 1.229096e+02
5098.7500 1.270766e+02
5100.0000 1.270888e+02
5101.2500 1.434040e+02
5102.5000 1.354450e+02
5103.7500 1.358094e+02
5105.0000 1.415418e+02
5106.2500 1.391462e+02
5107.5000 1.424842e+02
5108.7500 1.438374e+02
5110.0000 1.374016e+02
5111.2500 1.385997e+02
5112.5000 1.553203e+02
5113.7500 1.457197e+02
5115.0000 1.407965e+02
5116.2500 1.353581e+02
5117.5000 1.453419e+02
5118.7500 1.513089e+02
5120.0000 1.498955e+02
5121.2500 1.390643e+02
5122.5000 1.385788e+02
5123.7500 1.361373e+02
5125.0000 1.245137e+02
5126.2500 1.281209e+02
5127.5000 1.398216e+02
5128.7500 1.344357e+02
5130.0000 1.347864e+02
5131.2500 1.422918e+02
5132.5000 1.452016e+02
5133.7500 1.343524e+02
5135.0000 1.385331e+02
5136.2500 1.376748e+02
5137.5000 1.248732e+02
5138.7500 1.234766e+02
5140.0000 1.335813e+02
5141.2500 1.217857e+02
5142.5000 1.184814e+02
5143.7500 1.271784e+02
5145.0000 1.174451e+02
5146.2500 1.139446e+02
5147.5000 1.115640e+02
5148.7500 1.061087e+02
5150.0000 1.052268e+02
5151.2500 1.062760e+02
5152.5000 1.015079e+02
5153.7500 1.090122e+02
5155.0000 1.058615e+02
5156.2500 1.056086e+02
5157.5000 1.112640e+02
5158.7500 1.167697e+02
5160.0000 1.108581e+02
5161.2500 1.107029e+02
5162.5000 1.180932e+02
5163.7500 1.150111e+02
5165.0000 1.140356e+02
5166.2500 1.066899e+02
5167.5000 1.067292e+02
5168.7500 1.152933e+02
5170.0000 1.242528e+02
5171.2500 1.165019e+02
5172.5000 1.052311e+02
5173.7500 1.225491e+02
5175.0000 1.360046e+02
5176.2500 1.340725e+02
5177.5000 1.399013e+02
5178.7500 1.408119e+02
5180.0000 1.397713e+02
5181.2500 1.347068e+02
5182.5000 1.210177e+02
5183.7500 1.108545e+02
5185.0000 1.210856e+02
5186.2500 1.446934e+02
5187.5000 1.600432e+02
5188.7500 1.555047e+02
5190.0000 1.494781e+02
5191.2500 1.312489e+02
5192.5000 1.311839e+02
5193.7500 1.388875e+02
5195.0000 1.313869e+02
5196.2500 1.568228e+02
5197.5000 2.182129e+02
5198.7500 2.090129e+02
5200.0000 1.756413e+02
5201.2500 1.720345e+02
5202.5000 1.706688e+02
5203.7500 1.395806e+02
5205.0000 1.173980e+02
5206.2500 1.165401e+02
5207.5000 1.210616e+02
5208.7500 1.193041e+02
5210.0000 1.074581e+02
5211.2500 1.110030e+02
5212.5000 1.115373e+02
5213.7500 1.064328e+02
5215.0000 9.907215e+01
5216.2500 1.051311e+02
5217.5000 1.037705e+02
5218.7500 1.119039e+02
5220.0000 1.042193e+02
5221.2500 1.090368e+02
5222.5000 1.141642e+02
5223.7500 1.211445e+02
5225.0000 1.128904e+02
5226.2500 8.568305e+01
5227.5000 9.038515e+01
5228.7500 9.881590e+01
5230.0000 1.130138e+02
5231.2500 1.060078e+02
5232.5000 1.074002e+02
5233.7500 9.855798e+01
5235.0000 1.021177e+02
5236.2500 1.146818e+02
5237.5000 1.353293e+02
5238.7500 1.567143e+02
5240.0000 1.326018e+02
5241.2500 1.214698e+02
5242.5000 1.215034e+02
5243.7500 1.264602e+02
5245.0000 1.184802e+02
5246.2500 1.283189e+02
5247.5000 1.268958e+02
5248.7500 1.404707e+02
5250.0000 1.432544e+02
5251.2500 1.315309e+02
5252.5000 1.342010e+02
5253.7500 1.367630e+02
5255.0000 1.532696e+02
5256.2500 1.715636e+02
5257.5000 1.451329e+02
5258.7500 1.383951e+02
5260.0000 1.322743e+02
5261.2500 1.258019e+02
5262.5000 1.188154e+02
5263.7500 1.167167e+02
5265.0000 1.127355e+02
5266.2500 1.168335e+02
5267.5000 1.270682e+02
5268.7500 1.190248e+02
5270.0000 1.125929e+02
5271.2500 1.267941e+02
5272.5000 1.211446e+02
5273.7500 1.301005e+02
5275.0000 1.464243e+02
5276.2500 1.474240e+02
5277.5000 1.265638e+02
5278.7500 1.210872e+02
5280.0000 1.064744e+02
5281.2500 1.069124e+02
5282.5000 1.066485e+02
5283.7500 9.608553e+01
5285.0000 1.075691e+02
5286.2500 1.104377e+02
5287.5000 1.115263e+02
5288.7500 9.878732e+01
5290.0000 9.689224e+01
5291.2500 9.470264e+01
5292.5000 9.639400e+01
5293.7500 9.750733e+01
5295.0000 9.649126e+01
5296.2500 9.228104e+01
5297.5000 9.250744e+01
5298.7500 9.875557e+01
5300.0000 9.601021e+01
5301.2500 9.437906e+01
5302.5000 9.105886e+01
5303.7500 9.462183e+01
5305.0000 9.222272e+01
5306.2500 9.560014e+01
5307.5000 9.812849e+01
5308.7500 1.022761e+02
5310.0000 1.006986e+02
5311.2500 1.076849e+02
5312.5000 1.204276e+02
5313.7500 1.187133e+02
5315.0000 1.060525e+02
5316.2500 1.124019e+02
5317.5000 1.170834e+02
5318.7500 1.102289e+02
5320.0000 1.165693e+02
5321.2500 1.166700e+02
5322.5000 1.319789e+02
5323.7500 1.232184e+02
5325.0000 1.237008e+02
5326.2500 1.259215e+02
5327.5000 1.149048e+02
5328.7500 1.279388e+02
5330.0000 1.558365e+02
5331.2500 1.547852e+02
5332.5000 1.272672e+02
5333.7500 1.307289e+02
5335.0000 1.317401e+02
5336.2500 1.265263e+02
5337.5000 1.264403e+02
5338.7500 1.302456e+02
5340.0000 1.221669e+02
5341.2500 1.244863e+02
5342.5000 1.272417e+02
5343.7500 1.303840e+02
5345.0000 1.301101e+02
5346.2500 1.240912e+02
5347.5000 1.310632e+02
5348.7500 1.263407e+02
5350.0000 1.291420e+02
5351.2500 1.229677e+02
5352.5000 1.242528e+02
5353.7500 1.261122e+02
5355.0000 1.249763e+02
5356.2500 1.217628e+02
5357.5000 1.093119e+02
5358.7500 1.077999e+02
5360.0000 1.081147e+02
5361.2500 1.101885e+02
5362.5000 1.053055e+02
5363.7500 1.003792e+02
5365.0000 9.822243e+01
5366.2500 9.773411e+01
5367.5000 9.821091e+01
5368.7500 9.313174e+01
5370.0000 9.033914e+01
5371.2500 8.514825e+01
5372.5000 9.073858e+01
5373.7500 8.878872e+01
5375.0000 9.403949e+01
5376.2500 8.896417e+01
5377.5000 8.499078e+01
5378.7500 8.616435e+01
5380.0000 8.434431e+01
5381.2500 8.675005e+01
5382.5000 8.598080e+01
5383.7500 8.598560e+01
5385.0000 8.854826e+01
5386.2500 8.952016e+01
5387.5000 9.389690e+01
5388.7500 9.057706e+01
5390.0000 9.210070e+01
5391.2500 8.826550e+01
5392.5000 9.269711e+01
5393.7500 9.640881e+01
5395.0000 9.437719e+01
5396.2500 9.659612e+01
5397.5000 9.556082e+01
5398.7500 1.019765e+02
5400.0000 1.000499e+02
5401.2500 1.026931e+02
5402.5000 1.051441e+02
5403.7500 1.027115e+02
5405.0000 1.032351e+02
5406.2500 1.062479e+02
5407.5000 9.994050e+01
5408.7500 1.029912e+02
5410.0000 1.082336e+02
5411.2500 1.150927e+02
5412.5000 1.137959e+02
5413.7500 1.149965e+02
5415.0000 1.062983e+02
5416.2500 1.166590e+02
5417.5000 1.166095e+02
5418.7500 1.199502e+02
5420.0000 1.152586e+02
5421.2500 1.186048e+02
5422.5000 1.109375e+02
5423.7500 1.085641e+02
5425.0000 1.152352e+02
5426.2500 1.173266e+02
5427.5000 1.236676e+02
5428.7500 1.120334e+02
5430.0000 1.127919e+02
5431.2500 1.209302e+02
5432.5000 1.130442e+02
5433.7500 1.138721e+02
5435.0000 1.174952e+02
5436.2500 1.127948e+02
5437.5000 1.150530e+02
5438.7500 1.153676e+02
5440.0000 1.134774e+02
5441.2500 1.026182e+02
5442.5000 1.036277e+02
5443.7500 1.018416e+02
5445.0000 9.434411e+01
5446.2500 9.430469e+01
5447.5000 9.429079e+01
5448.7500 1.020508e+02
5450.0000 9.808025e+01
5451.2500 9.592274e+01
5452.5000 9.531522e+01
5453.7500 9.989288e+01
5455.0000 9.044736e+01
5456.2500 8.793991e+01
5457.5000 9.157930e+01
5458.7500 9.500665e+01
5460.0000 1.012829e+02
5461.2500 1.009105e+02
5462.5000 8.936536e+01
5463.7500 8.567813e+01
5465.0000 8.814006e+01
5466.2500 8.774385e+01
5467.5000 8.914849e+01
5468.7500 8.920741e+01
5470.0000 9.255077e+01
5471.2500 9.093652e+01
5472.5000 9.284998e+01
5473.7500 8.985619e+01
5475.0000 9.123470e+01
5476.2500 8.575805e+01
5477.5000 8.941170e+01
5478.7500 9.047132e+01
5480.0000 9.397780e+01
5481.2500 9.839534e+01
5482.5000 1.019488e+02
5483.7500 1.037283e+02
5485.0000 9.936497e+01
5486.2500 1.011751e+02
5487.5000 9.547243e+01
5488.7500 1.003869e+02
5490.0000 1.014086e+02
5491.2500 9.942083e+01
5492.5000 1.093784e+02
5493.7500 9.860649e+01
5495.0000 1.044465e+02
5496.2500 1.023468e+02
5497.5000 1.046921e+02
5498.7500 1.122264e+02
5500.0000 1.114432e+02
5501.2500 1.072763e+02
5502.5000 1.119548e+02
5503.7500 1.089255e+02
5505.0000 1.128168e+02
5506.2500 1.171093e+02
5507.5000 1.138425e+02
5508.7500 1.171333e+02
5510.0000 1.204541e+02
5511.2500 1.185329e+02
5512.5000 1.119658e+02
5513.7500 1.204301e+02
5515.0000 1.078904e+02
5516.2500 1.189871e+02
5517.5000 1.226908e+02
5518.7500 1.188989e+02
5520.0000 1.205256e+02
5521.2500 1.228094e+02
5522.5000 1.133444e+02
5523.7500 1.077983e+02
5525.0000 1.122271e+02
5526.2500 1.125666e+02
5527.5000 9.402439e+01
5528.7500 9.793388e+01
5530.0000 1.073573e+02
5531.2500 1.034693e+02
5532.5000 1.056335e+02
5533.7500 1.052028e+02
5535.0000 9.599136e+01
5536.2500 9.911581e+01
5537.5000 9.597752e+01
5538.7500 9.807259e+01
5540.0000 9.872787e+01
5541.2500 1.162981e+02
5542.5000 1.164666e+02
5543.7500 1.207755e+02
5545.0000 1.141752e+02
5546.2500 9.692349e+01
5547.5000 9.614953e+01
5548.7500 9.879625e+01
5550.0000 9.689066e+01
5551.2500 8.876296e+01
5552.5000 8.779040e+01
5553.7500 8.445676e+01
5555.0000 8.913377e+01
5556.2500 8.687811e+01
5557.5000 9.246621e+01
5558.7500 9.068376e+01
5560.0000 8.876540e+01
5561.2500 9.414780e+01
5562.5000 1.108377e+02
5563.7500 1.443685e+02
5565.0000 1.192845e+02
5566.2500 9.744876e+01
5567.5000 9.768763e+01
5568.7500 1.042690e+02
5570.0000 1.098846e+02
5571.2500 1.025175e+02
5572.5000 1.016981e+02
5573.7500 1.267318e+02
5575.0000 7.366185e+02
5576.2500 5.874671e+03
5577.5000 9.665572e+03
5578.7500 3.055686e+03
5580.0000 2.281720e+02
5581.2500 1.320728e+02
5582.5000 1.190231e+02
5583.7500 1.105522e+02
5585.0000 1.037943e+02
5586.2500 1.026841e+02
5587.5000 1.161136e+02
5588.7500 1.458517e+02
5590.0000 1.354137e+02
5591.2500 1.152044e+02
5592.5000 1.003791e+02
5593.7500 1.028693e+02
5595.0000 1.053715e+02
5596.2500 1.173495e+02
5597.5000 1.252606e+02
5598.7500 1.176588e+02
5600.0000 1.032621e+02
5601.2500 1.020769e+02
5602.5000 1.074527e+02
5603.7500 1.426040e+02
5605.0000 1.735795e+02
5606.2500 1.362379e+02
5607.5000 1.142261e+02
5608.7500 1.087332e+02
5610.0000 1.069318e+02
5611.2500 1.045246e+02
5612.5000 1.086402e+02
5613.7500 1.079296e+02
5615.0000 9.547043e+01
5616.2500 1.172166e+02
5617.5000 1.177752e+02
5618.7500 1.015626e+02
5620.0000 1.032530e+02
5621.2500 1.088750e+02
5622.5000 1.287731e+02
5623.7500 1.376676e+02
5625.0000 1.158165e+02
5626.2500 9.707273e+01
5627.5000 9.656627e+01
5628.7500 9.184588e+01
5630.0000 9.514837e+01
5631.2500 9.851710e+01
5632.5000 9.212222e+01
5633.7500 9.596682e+01
5635.0000 9.239966e+01
5636.2500 9.321822e+01
5637.5000 9.215247e+01
5638.7500 1.013137e+02
5640.0000 9.635764e+01
5641.2500 8.587817e+01
5642.5000 8.936713e+01
5643.7500 1.001641e+02
5645.0000 1.065037e+02
5646.2500 9.947841e+01
5647.5000 8.964753e+01
5648.7500 8.954094e+01
5650.0000 8.603624e+01
5651.2500 8.750381e+01
5652.5000 8.646899e+01
5653.7500 8.477668e+01
5655.0000 8.529201e+01
5656.2500 8.621335e+01
5657.5000 8.704370e+01
5658.7500 8.569196e+01
5660.0000 9.016994e+01
5661.2500 8.839925e+01
5662.5000 8.550590e+01
5663.7500 9.706473e+01
5665.0000 9.295007e+01
5666.2500 9.216882e+01
5667.5000 9.791576e+01
5668.7500 1.027146e+02
5670.0000 1.026191e+02
5671.2500 1.016938e+02
5672.5000 9.834064e+01
5673.7500 1.022149e+02
5675.0000 1.012316e+02
5676.2500 1.011500e+02
5677.5000 9.903912e+01
5678.7500 1.005363e+02
5680.0000 1.051492e+02
5681.2500 1.067319e+02
5682.5000 1.026250e+02
5683.7500 1.092863e+02
5685.0000 1.034196e+02
5686.2500 1.087878e+02
5687.5000 1.073969e+02
5688.7500 1.042276e+02
5690.0000 1.104574e+02
5691.2500 1.168177e+02
5692.5000 1.130226e+02
5693.7500 1.152332e+02
5695.0000 1.140927e+02
5696.2500 1.167300e+02
5697.5000 1.172484e+02
5698.7500 1.106157e+02
5700.0000 1.149062e+02
5701.2500 1.088537e+02
5702.5000 1.161587e+02
5703.7500 1.249027e+02
5705.0000 1.176362e+02
5706.2500 1.091126e+02
5707.5000 1.130175e+02
5708.7500 1.092775e+02
5710.0000 1.062741e+02
5711.2500 1.124305e+02
5712.5000 1.119889e+02
5713.7500 1.044082e+02
5715.0000 1.015244e+02
5716.2500 1.050758e+02
5717.5000 1.084893e+02
5718.7500 1.030559e+02
5720.0000 1.098271e+02
5721.2500 9.943378e+01
5722.5000 1.073084e+02
5723.7500 1.006274e+02
5725.0000 1.058180e+02
5726.2500 1.066086e+02
5727.5000 9.806684e+01
5728.7500 9.675050e+01
5730.0000 1.007036e+02
5731.2500 9.710643e+01
5732.5000 9.605960e+01
5733.7500 1.024183e+02
5735.0000 9.445836e+01
5736.2500 9.376381e+01
5737.5000 9.573231e+01
5738.7500 9.343864e+01
5740.0000 9.563750e+01
5741.2500 8.894180e+01
5742.5000 9.142395e+01
5743.7500 9.012821e+01
5745.0000 8.891091e+01
5746.2500 9.116103e+01
5747.5000 8.727479e+01
5748.7500 8.637899e+01
5750.0000 8.756416e+01
5751.2500 8.562259e+01
5752.5000 8.462115e+01
5753.7500 8.063679e+01
5755.0000 8.344014e+01
5756.2500 8.345463e+01
5757.5000 8.526202e+01
5758.7500 9.083115e+01
5760.0000 8.652440e+01
5761.2500 8.387425e+01
5762.5000 8.485799e+01
5763.7500 9.044961e+01
5765.0000 9.045786e+01
5766.2500 9.269391e+01
5767.5000 9.014197e+01
5768.7500 8.985266e+01
5770.0000 9.118999e+01
5771.2500 9.201456e+01
5772.5000 8.979233e+01
5773.7500 9.404762e+01
5775.0000 8.811113e+01
5776.2500 9.109817e+01
5777.5000 9.276054e+01
5778.7500 9.619039e+01
5780.0000 9.371130e+01
5781.2500 8.978130e+01
5782.5000 9.594713e+01
5783.7500 9.317921e+01
5785.0000 8.760833e+01
5786.2500 9.399232e+01
5787.5000 9.959837e+01
5788.7500 9.837408e+01
5790.0000 9.779623e+01
5791.2500 9.459790e+01
5792.5000 9.514619e+01
5793.7500 1.028436e+02
5795.0000 1.034292e+02
5796.2500 1.030338e+02
5797.5000 1.043858e+02
5798.7500 9.954388e+01
5800.0000 1.016344e+02
5801.2500 9.967727e+01
5802.5000 1.025310e+02
5803.7500 1.011484e+02
5805.0000 1.013475e+02
5806.2500 1.039654e+02
5807.5000 1.062816e+02
5808.7500 9.506590e+01
5810.0000 1.015596e+02
5811.2500 1.010099e+02
5812.5000 1.016480e+02
5813.7500 1.071555e+02
5815.0000 1.043823e+02
5816.2500 9.813232e+01
5817.5000 9.796698e+01
5818.7500 9.861832e+01
5820.0000 9.690623e+01
5821.2500 1.003818e+02
5822.5000 9.898830e+01
5823.7500 9.858621e+01
5825.0000 9.180507e+01
5826.2500 9.568320e+01
5827.5000 9.530079e+01
5828.7500 9.524181e+01
5830.0000 9.567897e+01
5831.2500 9.494815e+01
5832.5000 9.562423e+01
5833.7500 9.600172e+01
5835.0000 9.128420e+01
5836.2500 9.439999e+01
5837.5000 9.084661e+01
5838.7500 8.826410e+01
5840.0000 9.137069e+01
5841.2500 9.405002e+01
5842.5000 9.209832e+01
5843.7500 9.029867e+01
5845.0000 8.629297e+01
5846.2500 8.395157e+01
5847.5000 8.154367e+01
5848.7500 8.340471e+01
5850.0000 8.155072e+01
5851.2500 8.092868e+01
5852.5000 8.469875e+01
5853.7500 8.133990e+01
5855.0000 8.023578e+01
5856.2500 7.935002e+01
5857.5000 7.874669e+01
5858.7500 7.673784e+01
5860.0000 7.704664e+01
5861.2500 7.265434e+01
5862.5000 8.031422e+01
5863.7500 9.716503e+01
5865.0000 1.445927e+02
5866.2500 1.792143e+02
5867.5000 1.701106e+02
5868.7500 1.397505e+02
5870.0000 1.036260e+02
5871.2500 9.653627e+01
5872.5000 9.735896e+01
5873.7500 9.670660e+01
5875.0000 9.603722e+01
5876.2500 8.509382e+01
5877.5000 8.524850e+01
5878.7500 8.268909e+01
5880.0000 8.409154e+01
5881.2500 8.059277e+01
5882.5000 7.988797e+01
5883.7500 9.143974e+01
5885.0000 9.417680e+01
5886.2500 1.306066e+02
5887.5000 2.521035e+02
5888.7500 5.407945e+02
5890.0000 6.946077e+02
5891.2500 3.613432e+02
5892.5000 1.156409e+02
5893.7500 1.675627e+02
5895.0000 3.830149e+02
5896.2500 4.443519e+02
5897.5000 1.972997e+02
5898.7500 9.263686e+01
5900.0000 9.420183e+01
5901.2500 9.798218e+01
5902.5000 1.100180e+02
5903.7500 1.052679e+02
5905.0000 1.150790e+02
5906.2500 1.381130e+02
5907.5000 1.246908e+02
5908.7500 1.040365e+02
5910.0000 9.867502e+01
5911.2500 9.628114e+01
5912.5000 1.025188e+02
5913.7500 1.514510e+02
5915.0000 2.502162e+02
5916.2500 1.913142e+02
5917.5000 1.064837e+02
5918.7500 1.044805e+02
5920.0000 1.033499e+02
5921.2500 1.042685e+02
5922.5000 1.140983e+02
5923.7500 1.444783e+02
5925.0000 1.654240e+02
5926.2500 1.165108e+02
5927.5000 1.030662e+02
5928.7500 1.046490e+02
5930.0000 1.014196e+02
5931.2500 1.629735e+02
5932.5000 2.817738e+02
5933.7500 2.116130e+02
5935.0000 1.091196e+02
5936.2500 9.934303e+01
5937.5000 9.907155e+01
5938.7500 1.011156e+02
5940.0000 9.894216e+01
5941.2500 9.502026e+01
5942.5000 9.902055e+01
5943.7500 1.082094e+02
5945.0000 1.467783e+02
5946.2500 1.469967e+02
5947.5000 1.062504e+02
5948.7500 1.003524e+02
5950.0000 9.855752e+01
5951.2500 1.161260e+02
5952.5000 2.057624e+02
5953.7500 2.144868e+02
5955.0000 1.167187e+02
5956.2500 9.754778e+01
5957.5000 9.712756e+01
5958.7500 9.584420e+01
5960.0000 9.043187e+01
5961.2500 9.352408e+01
5962.5000 8.996045e+01
5963.7500 9.715106e+01
5965.0000 9.372833e+01
5966.2500 8.823293e+01
5967.5000 9.384764e+01
5968.7500 1.051073e+02
5970.0000 1.250612e+02
5971.2500 1.075988e+02
5972.5000 8.671621e+01
5973.7500 8.764610e+01
5975.0000 1.043395e+02
5976.2500 1.452450e+02
5977.5000 1.462074e+02
5978.7500 9.675169e+01
5980.0000 8.643084e+01
5981.2500 8.174483e+01
5982.5000 8.525706e+01
5983.7500 8.061769e+01
5985.0000 8.042318e+01
5986.2500 7.926064e+01
5987.5000 8.008665e+01
5988.7500 7.940883e+01
5990.0000 8.042887e+01
5991.2500 7.716125e+01
5992.5000 7.461978e+01
5993.7500 7.697550e+01
5995.0000 7.900678e+01
5996.2500 8.528306e+01
5997.5000 9.372252e+01
5998.7500 8.643196e+01
6000.0000 8.109914e+01
6001.2500 7.764875e+01
6002.5000 9.166416e+01
6003.7500 1.093550e+02
6005.0000 9.164951e+01
6006.2500 7.388377e+01
6007.5000 7.031543e+01
6008.7500 7.488424e+01
6010.0000 7.539060e+01
6011.2500 7.841893e+01
6012.5000 7.487455e+01
6013.7500 7.040244e+01
6015.0000 7.396322e+01
6016.2500 7.146767e+01
6017.5000 7.247132e+01
6018.7500 7.239264e+01
6020.0000 7.155080e+01
6021.2500 7.620688e+01
6022.5000 7.429066e+01
6023.7500 7.592039e+01
6025.0000 7.628616e+01
6026.2500 7.870448e+01
6027.5000 8.344601e+01
6028.7500 8.501436e+01
6030.0000 7.954917e+01
6031.2500 7.784334e+01
6032.5000 8.409544e+01
6033.7500 9.758948e+01
6035.0000 9.390509e+01
6036.2500 7.810746e+01
6037.5000 7.751819e+01
6038.7500 8.130228e+01
6040.0000 8.273649e+01
6041.2500 7.684805e+01
6042.5000 8.069819e+01
6043.7500 8.149516e+01
6045.0000 7.718766e+01
6046.2500 8.174604e+01
6047.5000 8.230440e+01
6048.7500 8.552549e+01
6050.0000 8.537405e+01
6051.2500 8.475010e+01
6052.5000 8.535370e+01
6053.7500 8.308387e+01
6055.0000 8.446529e+01
6056.2500 8.899255e+01
6057.5000 8.542799e+01
6058.7500 8.248883e+01
6060.0000 7.991559e+01
6061.2500 9.607531e+01
6062.5000 9.546745e+01
6063.7500 8.947825e+01
6065.0000 8.399932e+01
6066.2500 9.665775e+01
6067.5000 9.398471e+01
6068.7500 9.303651e+01
6070.0000 8.815347e+01
6071.2500 8.548216e+01
6072.5000 8.558386e+01
6073.7500 8.428091e+01
6075.0000 8.125564e+01
6076.2500 7.979715e+01
6077.5000 8.447603e+01
6078.7500 8.276878e+01
6080.0000 8.395727e+01
6081.2500 8.153812e+01
6082.5000 8.227789e+01
6083.7500 7.828851e+01
6085.0000 7.915295e+01
6086.2500 7.929434e+01
6087.5000 7.713866e+01
6088.7500 7.591602e+01
6090.0000 7.618574e+01
6091.2500 8.281956e+01
6092.5000 7.597977e+01
6093.7500 7.829512e+01
6095.0000 7.977929e+01
6096.2500 8.094723e+01
6097.5000 8.367185e+01
6098.7500 7.996793e+01
6100.0000 8.100187e+01
6101.2500 7.326080e+01
6102.5000 7.806174e+01
6103.7500 8.284219e+01
6105.0000 8.414417e+01
6106.2500 7.842113e+01
6107.5000 7.545020e+01
6108.7500 7.431015e+01
6110.0000 7.994778e+01
6111.2500 8.210050e+01
6112.5000 8.150397e+01
6113.7500 7.922558e+01
6115.0000 7.466002e+01
6116.2500 7.462102e+01
6117.5000 7.632725e+01
6118.7500 7.681804e+01
6120.0000 7.490020e+01
6121.2500 7.364907e+01
6122.5000 7.002007e+01
6123.7500 7.140068e+01
6125.0000 7.711661e+01
6126.2500 7.091281e+01
6127.5000 7.451760e+01
6128.7500 7.249596e+01
6130.0000 7.249374e+01
6131.2500 6.973891e+01
6132.5000 7.158685e+01
6133.7500 7.051766e+01
6135.0000 7.505171e+01
6136.2500 8.262000e+01
6137.5000 8.345457e+01
6138.7500 9.256258e+01
6140.0000 9.071030e+01
6141.2500 7.605904e+01
6142.5000 8.216570e+01
6143.7500 1.058222e+02
6145.0000 9.235983e+01
6146.2500 7.042075e+01
6147.5000 6.672954e+01
6148.7500 6.630689e+01
6150.0000 7.084858e+01
6151.2500 7.472478e+01
6152.5000 6.939032e+01
6153.7500 6.813151e+01
6155.0000 7.600735e+01
6156.2500 8.946658e+01
6157.5000 8.942892e+01
6158.7500 8.149432e+01
6160.0000 6.579541e+01
6161.2500 6.327367e+01
6162.5000 5.932472e+01
6163.7500 6.237687e+01
6165.0000 6.352562e+01
6166.2500 6.836459e+01
6167.5000 6.556608e+01
6168.7500 8.245586e+01
6170.0000 1.277366e+02
6171.2500 1.162187e+02
6172.5000 7.329729e+01
6173.7500 6.602126e+01
6175.0000 7.952081e+01
6176.2500 8.351997e+01
6177.5000 7.471620e+01
6178.7500 6.596708e+01
6180.0000 6.620596e+01
6181.2500 6.410712e+01
6182.5000 6.972452e+01
6183.7500 7.494094e+01
6185.0000 7.461292e+01
6186.2500 6.582273e+01
6187.5000 6.909087e+01
6188.7500 7.184453e+01
6190.0000 6.907551e+01
6191.2500 7.391312e+01
6192.5000 7.919393e+01
6193.7500 7.936109e+01
6195.0000 6.862238e+01
6196.2500 6.691192e+01
6197.5000 6.407245e+01
6198.7500 6.998831e+01
6200.0000 6.339487e+01
6201.2500 8.996458e+01
6202.5000 1.265656e+02
6203.7500 1.026404e+02
6205.0000 7.244772e+01
6206.2500 7.016899e+01
6207.5000 6.948766e+01
6208.7500 7.306274e+01
6210.0000 6.857523e+01
6211.2500 7.650285e+01
6212.5000 8.639837e+01
6213.7500 8.652744e+01
6215.0000 7.032782e+01
6216.2500 6.758306e+01
6217.5000 6.716879e+01
6218.7500 6.942788e+01
6220.0000 8.697811e+01
6221.2500 1.256083e+02
6222.5000 1.189865e+02
6223.7500 7.621492e+01
6225.0000 7.367193e+01
6226.2500 6.715343e+01
6227.5000 7.033008e+01
6228.7500 6.632562e+01
6230.0000 6.757204e+01
6231.2500 7.108789e+01
6232.5000 9.403075e+01
6233.7500 1.805902e+02
6235.0000 2.861182e+02
6236.2500 2.801967e+02
6237.5000 1.634211e+02
6238.7500 9.861870e+01
6240.0000 1.219196e+02
6241.2500 1.287494e+02
6242.5000 1.265583e+02
6243.7500 1.183688e+02
6245.0000 8.380721e+01
6246.2500 7.584985e+01
6247.5000 8.555289e+01
6248.7500 7.877943e+01
6250.0000 7.359681e+01
6251.2500 6.980984e+01
6252.5000 6.784951e+01
6253.7500 7.036404e+01
6255.0000 7.910898e+01
6256.2500 1.658015e+02
6257.5000 3.348739e+02
6258.7500 2.465360e+02
6260.0000 9.180708e+01
6261.2500 8.322952e+01
6262.5000 8.530312e+01
6263.7500 1.156422e+02
6265.0000 1.552475e+02
6266.2500 1.116922e+02
6267.5000 9.056217e+01
6268.7500 9.135364e+01
6270.0000 7.261553e+01
6271.2500 6.706053e+01
6272.5000 7.124202e+01
6273.7500 8.195702e+01
6275.0000 9.676090e+01
6276.2500 1.042021e+02
6277.5000 1.195696e+02
6278.7500 1.045553e+02
6280.0000 7.221368e+01
6281.2500 7.174661e+01
6282.5000 7.136425e+01
6283.7500 7.233321e+01
6285.0000 8.485217e+01
6286.2500 2.131961e+02
6287.5000 2.730103e+02
6288.7500 1.381502e+02
6290.0000 8.081351e+01
6291.2500 6.958250e+01
6292.5000 6.272303e+01
6293.7500 6.700399e+01
6295.0000 7.932458e+01
6296.2500 1.154578e+02
6297.5000 1.785101e+02
6298.7500 8.245223e+02
6300.0000 1.810881e+03
6301.2500 1.046829e+03
6302.5000 1.182812e+02
6303.7500 7.446728e+01
6305.0000 1.313069e+02
6306.2500 3.047616e+02
6307.5000 2.791917e+02
6308.7500 1.018720e+02
6310.0000 7.101245e+01
6311.2500 6.762444e+01
6312.5000 6.627979e+01
6313.7500 6.811218e+01
6315.0000 6.220040e+01
6316.2500 6.087613e+01
6317.5000 6.036115e+01
6318.7500 6.503703e+01
6320.0000 1.086061e+02
6321.2500 1.291567e+02
6322.5000 9.193491e+01
6323.7500 6.013013e+01
6325.0000 6.278223e+01
6326.2500 6.370327e+01
6327.5000 8.032825e+01
6328.7500 1.932973e+02
6330.0000 2.324237e+02
6331.2500 1.131218e+02
6332.5000 6.128598e+01
6333.7500 5.844566e+01
6335.0000 5.749191e+01
6336.2500 5.650781e+01
6337.5000 5.725930e+01
6338.7500 5.886674e+01
6340.0000 6.250264e+01
6341.2500 6.081112e+01
6342.5000 6.510369e+01
6343.7500 6.410224e+01
6345.0000 6.165410e+01
6346.2500 6.496555e+01
6347.5000 9.480450e+01
6348.7500 1.067452e+02
6350.0000 7.351552e+01
6351.2500 6.087058e+01
6352.5000 6.125900e+01
6353.7500 6.276893e+01
6355.0000 1.237322e+02
6356.2500 1.744615e+02
6357.5000 1.056824e+02
6358.7500 6.301848e+01
6360.0000 6.549079e+01
6361.2500 8.450269e+01
6362.5000 2.924823e+02
6363.7500 4.844400e+02
6365.0000 2.408130e+02
6366.2500 7.145758e+01
6367.5000 5.992544e+01
6368.7500 5.777425e+01
6370.0000 5.919638e+01
6371.2500 5.849733e+01
6372.5000 6.143076e+01
6373.7500 5.776680e+01
6375.0000 5.838015e+01
6376.2500 6.100686e+01
6377.5000 6.606496e+01
6378.7500 8.611031e+01
6380.0000 7.928575e+01
6381.2500 6.287977e+01
6382.5000 6.092892e+01
6383.7500 6.576971e+01
6385.0000 8.807348e+01
6386.2500 1.170091e+02
6387.5000 8.673146e+01
6388.7500 6.173626e+01
6390.0000 5.635059e+01
6391.2500 5.545512e+01
6392.5000 5.915103e+01
6393.7500 6.243939e+01
6395.0000 5.809435e+01
6396.2500 5.684206e+01
6397.5000 5.903187e+01
6398.7500 5.524935e+01
6400.0000 5.194999e+01
6401.2500 5.395845e+01
6402.5000 5.535982e+01
6403.7500 5.766572e+01
6405.0000 5.264892e+01
6406.2500 5.384166e+01
6407.5000 5.472259e+01
6408.7500 5.281732e+01
6410.0000 5.688673e+01
6411.2500 5.515393e+01
6412.5000 6.190466e+01
6413.7500 6.749538e+01
6415.0000 5.814027e+01
6416.2500 5.428904e+01
6417.5000 5.427195e+01
6418.7500 6.687174e+01
6420.0000 7.919842e+01
6421.2500 6.784628e+01
6422.5000 5.233725e+01
6423.7500 5.494413e+01
6425.0000 5.787444e+01
6426.2500 5.805079e+01
6427.5000 5.563007e+01
6428.7500 5.405669e+01
6430.0000 5.330431e+01
6431.2500 5.424686e+01
6432.5000 5.593740e+01
6433.7500 5.624126e+01
6435.0000 5.551490e+01
6436.2500 5.676927e+01
6437.5000 5.418261e+01
6438.7500 5.257346e+01
6440.0000 5.531410e+01
6441.2500 5.470135e+01
6442.5000 5.902795e+01
6443.7500 5.468468e+01
6445.0000 5.648196e+01
6446.2500 5.535783e+01
6447.5000 5.744781e+01
6448.7500 6.085767e+01
6450.0000 5.970085e+01
6451.2500 7.022626e+01
6452.5000 7.235716e+01
6453.7500 6.568346e+01
6455.0000 6.467789e+01
6456.2500 6.600303e+01
6457.5000 7.148016e+01
6458.7500 6.762954e+01
6460.0000 6.093350e+01
6461.2500 6.155042e+01
6462.5000 9.235704e+01
6463.7500 1.203325e+02
6465.0000 1.578409e+02
6466.2500 1.491971e+02
6467.5000 8.539598e+01
6468.7500 7.796001e+01
6470.0000 1.576466e+02
6471.2500 1.539951e+02
6472.5000 7.713933e+01
6473.7500 5.784978e+01
6475.0000 5.578343e+01
6476.2500 6.404379e+01
6477.5000 8.527621e+01
6478.7500 7.172493e+01
6480.0000 5.744849e+01
6481.2500 5.888943e+01
6482.5000 5.315163e+01
6483.7500 5.095284e+01
6485.0000 5.358171e+01
6486.2500 5.436600e+01
6487.5000 5.301598e+01
6488.7500 5.133364e+01
6490.0000 5.240092e+01
6491.2500 5.033429e+01
6492.5000 5.222566e+01
6493.7500 5.320638e+01
6495.0000 5.098691e+01
6496.2500 7.288036e+01
6497.5000 2.153422e+02
6498.7500 2.765824e+02
6500.0000 1.279497e+02
6501.2500 5.466836e+01
6502.5000 5.763734e+01
6503.7500 9.901931e+01
6505.0000 1.152603e+02
6506.2500 7.019247e+01
6507.5000 5.192920e+01
6508.7500 5.084926e+01
6510.0000 4.714953e+01
6511.2500 5.022776e+01
6512.5000 5.888218e+01
6513.7500 6.222125e+01
6515.0000 5.619313e+01
6516.2500 4.828378e+01
6517.5000 4.459788e+01
6518.7500 4.663229e+01
6520.0000 4.996759e+01
6521.2500 8.207472e+01
6522.5000 9.311893e+01
6523.7500 6.531569e+01
6525.0000 5.125922e+01
6526.2500 5.147984e+01
6527.5000 5.081155e+01
6528.7500 4.846250e+01
6530.0000 4.885702e+01
6531.2500 1.008588e+02
6532.5000 2.136087e+02
6533.7500 1.717500e+02
6535.0000 6.075704e+01
6536.2500 4.841985e+01
6537.5000 4.662765e+01
6538.7500 4.827783e+01
6540.0000 5.638979e+01
6541.2500 5.731833e+01
6542.5000 8.155427e+01
6543.7500 1.112236e+02
6545.0000 8.819488e+01
6546.2500 5.329006e+01
6547.5000 5.276305e+01
6548.7500 5.876305e+01
6550.0000 5.166039e+01
6551.2500 6.614692e+01
6552.5000 1.885910e+02
6553.7500 2.489345e+02
6555.0000 1.089073e+02
6556.2500 4.869958e+01
6557.5000 4.814671e+01
6558.7500 4.968199e+01
6560.0000 4.879760e+01
6561.2500 1.234960e+02
6562.5000 2.786209e+02
6563.7500 2.363450e+02
6565.0000 7.888287e+01
6566.2500 4.922201e+01
6567.5000 7.815331e+01
6568.7500 1.047689e+02
6570.0000 7.395422e+01
6571.2500 5.238583e+01
6572.5000 5.011308e+01
6573.7500 5.031853e+01
6575.0000 6.096139e+01
6576.2500 1.537357e+02
6577.5000 1.970444e+02
6578.7500 9.151350e+01
6580.0000 4.979292e+01
6581.2500 4.811589e+01
6582.5000 6.075886e+01
6583.7500 7.918604e+01
6585.0000 6.976954e+01
6586.2500 4.951232e+01
6587.5000 4.762175e+01
6588.7500 4.778128e+01
6590.0000 5.099680e+01
6591.2500 5.412896e+01
6592.5000 4.742593e+01
6593.7500 4.802539e+01
6595.0000 6.078899e+01
6596.2500 8.673183e+01
6597.5000 6.938319e+01
6598.7500 4.882722e+01
6600.0000 4.991817e+01
6601.2500 5.154196e+01
6602.5000 7.768088e+01
6603.7500 1.307693e+02
6605.0000 1.013411e+02
6606.2500 5.573758e+01
6607.5000 4.824616e+01
6608.7500 5.016599e+01
6610.0000 4.841808e+01
6611.2500 5.021917e+01
6612.5000 4.913840e+01
6613.7500 4.795518e+01
6615.0000 4.755422e+01
6616.2500 4.854613e+01
6617.5000 4.732441e+01
6618.7500 5.006930e+01
6620.0000 5.013178e+01
6621.2500 5.090211e+01
6622.5000 5.020551e+01
6623.7500 4.853171e+01
6625.0000 4.733285e+01
6626.2500 5.922166e+01
6627.5000 6.720654e+01
6628.7500 5.548343e+01
6630.0000 4.891969e+01
6631.2500 4.932784e+01
6632.5000 5.948483e+01
6633.7500 8.314573e+01
6635.0000 7.137439e+01
6636.2500 5.002697e+01
6637.5000 5.122634e+01
6638.7500 5.082449e+01
6640.0000 5.360573e+01
6641.2500 5.243501e+01
6642.5000 4.906332e+01
6643.7500 5.021392e+01
6645.0000 4.984408e+01
6646.2500 4.843470e+01
6647.5000 4.922906e+01
6648.7500 5.077691e+01
6650.0000 5.282529e+01
6651.2500 5.252693e+01
6652.5000 5.059387e+01
6653.7500 4.883344e+01
6655.0000 4.936985e+01
6656.2500 4.980863e+01
6657.5000 5.155879e+01
6658.7500 5.134454e+01
6660.0000 5.445351e+01
6661.2500 5.874684e+01
6662.5000 5.359863e+01
6663.7500 5.285469e+01
6665.0000 5.205494e+01
6666.2500 5.954419e+01
6667.5000 6.842134e+01
6668.7500 5.811366e+01
6670.0000 4.779954e+01
6671.2500 5.070630e+01
6672.5000 4.947108e+01
6673.7500 4.997793e+01
6675.0000 4.776522e+01
6676.2500 4.757169e+01
6677.5000 5.179620e+01
6678.7500 4.815989e+01
6680.0000 4.772836e+01
6681.2500 4.865978e+01
6682.5000 4.843224e+01
6683.7500 4.963284e+01
6685.0000 5.085009e+01
6686.2500 5.033920e+01
6687.5000 5.143045e+01
6688.7500 5.070663e+01
6690.0000 4.647242e+01
6691.2500 4.793307e+01
6692.5000 4.840150e+01
6693.7500 4.830786e+01
6695.0000 4.852357e+01
6696.2500 4.811204e+01
6697.5000 5.246512e+01
6698.7500 6.064642e+01
6700.0000 5.576162e+01
6701.2500 4.969455e+01
6702.5000 5.085294e+01
6703.7500 5.487687e+01
6705.0000 5.501410e+01
6706.2500 4.872565e+01
6707.5000 4.731557e+01
6708.7500 4.674602e+01
6710.0000 4.790873e+01
6711.2500 4.867073e+01
6712.5000 4.700651e+01
6713.7500 4.461372e+01
6715.0000 5.040329e+01
6716.2500 6.740134e+01
6717.5000 7.007883e+01
6718.7500 5.008350e+01
6720.0000 4.639307e+01
6721.2500 4.445052e+01
6722.5000 4.561431e+01
6723.7500 4.451945e+01
6725.0000 4.347807e+01
6726.2500 4.100206e+01
6727.5000 4.316633e+01
6728.7500 4.474651e+01
6730.0000 5.479733e+01
6731.2500 6.057093e+01
6732.5000 5.511943e+01
6733.7500 4.393916e+01
6735.0000 4.149316e+01
6736.2500 4.304077e+01
6737.5000 4.146721e+01
6738.7500 4.611708e+01
6740.0000 4.654404e+01
6741.2500 4.535921e+01
6742.5000 4.569540e+01
6743.7500 4.721312e+01
6745.0000 4.569484e+01
6746.2500 4.275117e+01
6747.5000 4.122430e+01
6748.7500 3.921409e+01
6750.0000 4.128057e+01
6751.2500 3.989054e+01
6752.5000 3.961107e+01
6753.7500 3.867710e+01
6755.0000 4.064912e+01
6756.2500 4.140261e+01
6757.5000 3.818685e+01
6758.7500 3.880807e+01
6760.0000 4.089481e+01
6761.2500 3.908573e+01
6762.5000 3.809663e+01
6763.7500 3.851766e+01
6765.0000 3.866631e+01
6766.2500 3.965860e+01
6767.5000 3.964896e+01
6768.7500 3.881439e+01
6770.0000 3.970873e+01
6771.2500 3.784375e+01
6772.5000 3.853089e+01
6773.7500 3.731538e+01
6775.0000 3.915173e+01
6776.2500 3.885431e+01
6777.5000 3.829885e+01
6778.7500 3.807864e+01
6780.0000 3.910738e+01
6781.2500 3.792833e+01
6782.5000 3.807040e+01
6783.7500 4.016454e+01
6785.0000 4.027916e+01
6786.2500 3.989235e+01
6787.5000 4.248223e+01
6788.7500 4.053895e+01
6790.0000 3.774012e+01
6791.2500 3.816154e+01
6792.5000 3.721183e+01
6793.7500 3.727998e+01
6795.0000 3.721484e+01
6796.2500 3.659438e+01
6797.5000 3.793633e+01
6798.7500 3.623468e+01
6800.0000 3.652351e+01
6801.2500 3.781792e+01
6802.5000 3.960578e+01
6803.7500 3.697830e+01
6805.0000 3.687724e+01
6806.2500 3.881797e+01
6807.5000 3.689484e+01
6808.7500 3.717668e+01
6810.0000 3.727705e+01
6811.2500 3.787437e+01
6812.5000 3.832892e+01
6813.7500 3.565235e+01
6815.0000 3.563135e+01
6816.2500 3.855282e+01
6817.5000 3.797047e+01
6818.7500 3.849015e+01
6820.0000 3.719683e+01
6821.2500 3.644666e+01
6822.5000 3.890232e+01
6823.7500 3.784231e+01
6825.0000 4.282786e+01
6826.2500 8.816751e+01
6827.5000 1.757161e+02
6828.7500 2.606964e+02
6830.0000 2.286460e+02
6831.2500 9.487979e+01
6832.5000 1.286445e+02
6833.7500 2.661342e+02
6835.0000 2.198098e+02
6836.2500 6.683398e+01
6837.5000 4.140921e+01
6838.7500 4.652422e+01
6840.0000 6.189716e+01
6841.2500 9.293437e+01
6842.5000 8.898804e+01
6843.7500 4.544086e+01
6845.0000 3.889434e+01
6846.2500 3.744416e+01
6847.5000 3.760721e+01
6848.7500 4.135344e+01
6850.0000 4.786089e+01
6851.2500 4.587162e+01
6852.5000 3.987918e+01
6853.7500 3.872401e+01
6855.0000 3.890823e+01
6856.2500 4.057863e+01
6857.5000 4.085608e+01
6858.7500 3.890120e+01
6860.0000 4.212609e+01
6861.2500 7.141061e+01
6862.5000 2.848571e+02
6863.7500 5.558328e+02
6865.0000 3.277606e+02
6866.2500 6.260455e+01
6867.5000 6.570090e+01
6868.7500 8.167198e+01
6870.0000 1.549864e+02
6871.2500 1.849513e+02
6872.5000 9.030199e+01
6873.7500 5.210054e+01
6875.0000 5.458441e+01
6876.2500 5.649344e+01
6877.5000 5.724180e+01
6878.7500 6.156554e+01
6880.0000 9.915791e+01
6881.2500 1.071674e+02
6882.5000 7.142757e+01
6883.7500 5.340998e+01
6885.0000 5.690350e+01
6886.2500 6.254048e+01
6887.5000 1.085340e+02
6888.7500 2.772556e+02
6890.0000 2.441285e+02
6891.2500 8.162542e+01
6892.5000 6.084258e+01
6893.7500 7.839457e+01
6895.0000 7.341658e+01
6896.2500 5.362947e+01
6897.5000 5.001223e+01
6898.7500 7.096764e+01
6900.0000 2.371128e+02
6901.2500 2.362768e+02
6902.5000 7.314366e+01
6903.7500 5.299129e+01
6905.0000 4.685622e+01
6906.2500 4.415038e+01
6907.5000 4.290136e+01
6908.7500 4.522918e+01
6910.0000 5.283976e+01
6911.2500 1.194209e+02
6912.5000 2.164002e+02
6913.7500 1.370860e+02
6915.0000 4.440509e+01
6916.2500 4.098116e+01
6917.5000 4.206057e+01
6918.7500 4.236445e+01
6920.0000 4.515609e+01
6921.2500 9.222172e+01
6922.5000 3.190065e+02
6923.7500 3.261057e+02
6925.0000 8.156798e+01
6926.2500 4.385257e+01
6927.5000 4.438646e+01
6928.7500 4.470494e+01
6930.0000 4.333428e+01
6931.2500 4.137220e+01
6932.5000 4.104594e+01
6933.7500 4.021555e+01
6935.0000 4.118873e+01
6936.2500 4.416255e+01
6937.5000 6.085542e+01
6938.7500 1.595520e+02
6940.0000 1.625282e+02
6941.2500 6.531584e+01
6942.5000 4.207937e+01
6943.7500 4.048726e+01
6945.0000 4.010656e+01
6946.2500 4.279568e+01
6947.5000 1.696478e+02
6948.7500 3.916158e+02
6950.0000 2.341159e+02
6951.2500 6.027005e+01
6952.5000 4.644499e+01
6953.7500 4.518332e+01
6955.0000 4.502735e+01
6956.2500 4.753589e+01
6957.5000 4.982410e+01
6958.7500 4.669429e+01
6960.0000 4.593835e+01
6961.2500 4.753176e+01
6962.5000 4.316500e+01
6963.7500 4.297920e+01
6965.0000 4.745572e+01
6966.2500 4.968227e+01
6967.5000 5.257674e+01
6968.7500 9.867562e+01
6970.0000 1.263684e+02
6971.2500 7.135107e+01
6972.5000 4.509531e+01
6973.7500 4.227833e+01
6975.0000 4.518412e+01
6976.2500 6.491882e+01
6977.5000 2.050707e+02
6978.7500 2.226537e+02
6980.0000 7.802503e+01
6981.2500 4.318367e+01
6982.5000 4.866051e+01
6983.7500 4.577099e+01
6985.0000 4.758285e+01
6986.2500 4.937364e+01
6987.5000 4.761492e+01
6988.7500 4.242942e+01
6990.0000 4.246578e+01
6991.2500 4.476947e+01
6992.5000 4.246148e+01
6993.7500 4.249550e+01
6995.0000 4.534507e+01
6996.2500 5.028580e+01
6997.5000 4.698063e+01
6998.7500 4.451738e+01
7000.0000 4.402774e+01
7001.2500 5.113839e+01
7002.5000 7.375846e+01
7003.7500 8.773406e+01
7005.0000 6.036083e+01
7006.2500 4.120434e+01
7007.5000 3.841668e+01
7008.7500 4.210983e+01
7010.0000 8.906203e+01
7011.2500 1.319570e+02
7012.5000 7.961311e+01
7013.7500 3.807912e+01
7015.0000 4.016895e+01
7016.2500 3.738545e+01
7017.5000 4.027048e+01
7018.7500 3.869955e+01
7020.0000 4.072803e+01
7021.2500 3.808854e+01
7022.5000 3.792467e+01
7023.7500 3.835344e+01
7025.0000 3.635617e+01
7026.2500 3.831141e+01
7027.5000 3.941383e+01
7028.7500 4.340892e+01
7030.0000 4.255675e+01
7031.2500 3.806175e+01
7032.5000 3.727045e+01
7033.7500 3.560709e+01
7035.0000 3.904643e+01
7036.2500 4.105745e+01
7037.5000 3.920483e+01
7038.7500 3.981257e+01
7040.0000 5.318660e+01
7041.2500 6.449096e+01
7042.5000 4.661478e+01
7043.7500 4.205125e+01
7045.0000 4.866865e+01
7046.2500 6.849601e+01
7047.5000 9.781677e+01
7048.7500 9.119360e+01
7050.0000 6.493178e+01
7051.2500 5.853644e+01
7052.5000 5.489096e+01
7053.7500 5.078160e+01
7055.0000 4.622763e+01
7056.2500 4.236636e+01
7057.5000 3.949367e+01
7058.7500 3.925457e+01
7060.0000 4.252294e+01
7061.2500 4.594438e+01
7062.5000 5.283001e+01
7063.7500 4.870679e+01
7065.0000 4.806919e+01
7066.2500 5.395094e+01
7067.5000 5.028315e+01
7068.7500 4.977422e+01
7070.0000 5.411106e+01
7071.2500 4.429925e+01
7072.5000 4.565019e+01
7073.7500 5.237597e+01
7075.0000 4.410506e+01
7076.2500 4.032882e+01
7077.5000 4.986463e+01
7078.7500 4.691142e+01
7080.0000 4.137371e+01
7081.2500 5.421860e+01
7082.5000 6.117530e+01
7083.7500 4.291709e+01
7085.0000 3.799991e+01
7086.2500 4.139507e+01
7087.5000 5.825636e+01
7088.7500 6.221875e+01
7090.0000 4.966018e+01
7091.2500 4.157287e+01
7092.5000 4.093197e+01
7093.7500 3.798448e+01
7095.0000 3.722720e+01
7096.2500 3.618068e+01
7097.5000 3.731880e+01
7098.7500 3.763108e+01
7100.0000 3.794947e+01
7101.2500 3.671106e+01
7102.5000 3.694661e+01
7103.7500 3.756864e+01
7105.0000 3.526775e+01
7106.2500 3.644169e+01
7107.5000 3.670869e+01
7108.7500 3.772998e+01
7110.0000 3.702380e+01
7111.2500 3.902364e+01
7112.5000 3.699911e+01
7113.7500 3.502521e+01
7115.0000 3.328097e+01
7116.2500 3.668653e+01
7117.5000 3.717564e+01
7118.7500 3.605143e+01
7120.0000 3.375343e+01
7121.2500 3.310762e+01
7122.5000 3.485104e+01
7123.7500 3.407022e+01
7125.0000 3.732418e+01
7126.2500 4.424261e+01
7127.5000 4.815273e+01
7128.7500 4.155614e+01
7130.0000 3.600935e+01
7131.2500 4.060367e+01
7132.5000 4.956993e+01
7133.7500 4.384848e+01
7135.0000 3.592045e+01
7136.2500 3.426346e+01
7137.5000 3.453310e+01
7138.7500 3.289880e+01
7140.0000 3.880463e+01
7141.2500 4.612561e+01
7142.5000 5.604516e+01
7143.7500 5.894673e+01
7145.0000 5.858990e+01
7146.2500 5.412296e+01
7147.5000 4.963311e+01
7148.7500 4.659612e+01
7150.0000 4.194235e+01
7151.2500 3.927014e+01
7152.5000 3.641785e+01
7153.7500 3.447700e+01
7155.0000 3.724494e+01
7156.2500 3.825257e+01
7157.5000 4.028050e+01
7158.7500 4.386627e+01
7160.0000 4.212370e+01
7161.2500 4.556159e+01
7162.5000 4.670131e+01
7163.7500 4.291405e+01
7165.0000 4.770941e+01
7166.2500 4.970573e+01
7167.5000 4.407294e+01
7168.7500 4.869258e+01
7170.0000 5.076991e+01
7171.2500 4.786356e+01
7172.5000 4.888502e+01
7173.7500 6.167227e+01
7175.0000 7.122012e+01
7176.2500 6.762151e+01
7177.5000 6.586392e+01
7178.7500 6.241000e+01
7180.0000 5.994265e+01
7181.2500 5.946478e+01
7182.5000 5.154854e+01
7183.7500 4.726730e+01
7185.0000 4.447722e+01
7186.2500 3.849754e+01
7187.5000 3.899198e+01
7188.7500 4.027582e+01
7190.0000 3.817415e+01
7191.2500 3.537474e+01
7192.5000 3.865750e+01
7193.7500 3.795102e+01
7195.0000 3.584210e+01
7196.2500 3.349340e+01
7197.5000 3.619147e+01
7198.7500 3.776610e+01
7200.0000 3.959077e+01
7201.2500 4.015192e+01
7202.5000 3.764687e+01
7203.7500 3.615980e+01
7205.0000 3.360253e+01
7206.2500 3.301405e+01
7207.5000 3.640887e+01
7208.7500 3.565857e+01
7210.0000 3.535281e+01
7211.2500 3.390424e+01
7212.5000 3.381473e+01
7213.7500 3.364429e+01
7215.0000 3.225381e+01
7216.2500 3.428135e+01
7217.5000 3.366732e+01
7218.7500 3.343705e+01
7220.0000 3.652427e+01
7221.2500 4.069879e+01
7222.5000 4.351222e+01
7223.7500 4.102094e+01
7225.0000 3.899559e+01
7226.2500 3.744064e+01
7227.5000 3.950990e+01
7228.7500 4.330322e+01
7230.0000 4.055945e+01
7231.2500 3.877885e+01
7232.5000 4.576042e+01
7233.7500 5.420229e+01
7235.0000 4.675135e+01
7236.2500 4.878098e+01
7237.5000 1.692342e+02
7238.7500 4.436430e+02
7240.0000 6.954196e+02
7241.2500 5.033261e+02
7242.5000 1.963835e+02
7243.7500 4.755788e+02
7245.0000 7.029058e+02
7246.2500 3.178464e+02
7247.5000 9.382215e+01
7248.7500 5.122648e+01
7250.0000 4.924968e+01
7251.2500 8.097189e+01
7252.5000 1.743006e+02
7253.7500 1.647805e+02
7255.0000 8.393154e+01
7256.2500 6.691423e+01
7257.5000 4.168060e+01
7258.7500 4.259397e+01
7260.0000 4.203411e+01
7261.2500 4.146129e+01
7262.5000 4.479587e+01
7263.7500 4.526153e+01
7265.0000 4.339733e+01
7266.2500 5.156105e+01
7267.5000 6.090462e+01
7268.7500 6.010735e+01
7270.0000 5.352518e+01
7271.2500 4.851508e+01
7272.5000 4.745712e+01
7273.7500 1.357745e+02
7275.0000 8.189463e+02
7276.2500 1.687531e+03
7277.5000 7.378730e+02
7278.7500 5.932080e+01
7280.0000 5.958063e+01
7281.2500 7.177667e+01
7282.5000 1.330449e+02
7283.7500 3.498297e+02
7285.0000 3.233572e+02
7286.2500 9.246832e+01
7287.5000 4.307689e+01
7288.7500 4.506452e+01
7290.0000 5.185717e+01
7291.2500 5.515775e+01
7292.5000 4.905221e+01
7293.7500 5.373528e+01
7295.0000 1.219688e+02
7296.2500 1.331328e+02
7297.5000 5.582335e+01
7298.7500 3.437542e+01
7300.0000 3.425388e+01
7301.2500 4.826154e+01
7302.5000 1.830397e+02
7303.7500 2.714641e+02
7305.0000 1.209359e+02
7306.2500 4.679548e+01
7307.5000 4.319742e+01
7308.7500 4.013722e+01
7310.0000 5.854406e+01
7311.2500 6.449404e+01
7312.5000 4.455024e+01
7313.7500 7.460497e+01
7315.0000 5.501107e+02
7316.2500 8.951498e+02
7317.5000 3.564313e+02
7318.7500 4.558442e+01
7320.0000 3.851118e+01
7321.2500 3.570604e+01
7322.5000 3.437655e+01
7323.7500 3.502919e+01
7325.0000 3.628852e+01
7326.2500 3.740685e+01
7327.5000 1.533279e+02
7328.7500 3.468241e+02
7330.0000 2.340344e+02
7331.2500 5.839364e+01
7332.5000 4.354502e+01
7333.7500 3.762366e+01
7335.0000 3.493053e+01
7336.2500 3.641429e+01
7337.5000 4.231171e+01
7338.7500 1.719415e+02
7340.0000 8.473475e+02
7341.2500 9.075410e+02
7342.5000 1.968954e+02
7343.7500 4.798180e+01
7345.0000 4.814106e+01
7346.2500 4.806569e+01
7347.5000 4.554548e+01
7348.7500 4.239434e+01
7350.0000 4.973240e+01
7351.2500 5.453114e+01
7352.5000 5.071330e+01
7353.7500 4.305274e+01
7355.0000 4.323686e+01
7356.2500 6.123471e+01
7357.5000 2.329654e+02
7358.7500 3.138817e+02
7360.0000 1.249196e+02
7361.2500 4.429949e+01
7362.5000 4.340360e+01
7363.7500 4.707694e+01
7365.0000 4.638448e+01
7366.2500 5.045020e+01
7367.5000 2.236961e+02
7368.7500 7.129085e+02
7370.0000 5.832047e+02
7371.2500 9.529250e+01
7372.5000 4.725633e+01
7373.7500 5.600867e+01
7375.0000 4.802283e+01
7376.2500 3.983792e+01
7377.5000 4.175861e+01
7378.7500 4.216698e+01
7380.0000 3.845584e+01
7381.2500 3.790837e+01
7382.5000 3.982228e+01
7383.7500 4.001398e+01
7385.0000 3.616180e+01
7386.2500 3.997025e+01
7387.5000 4.246530e+01
7388.7500 4.669339e+01
7390.0000 7.211111e+01
7391.2500 1.948152e+02
7392.5000 2.195644e+02
7393.7500 7.652404e+01
7395.0000 3.931739e+01
7396.2500 3.691224e+01
7397.5000 3.767282e+01
7398.7500 4.129366e+01
7400.0000 1.524275e+02
7401.2500 4.408625e+02
7402.5000 3.653560e+02
7403.7500 7.106442e+01
7405.0000 3.681915e+01
7406.2500 3.625625e+01
7407.5000 3.471129e+01
7408.7500 3.415262e+01
7410.0000 3.636088e+01
7411.2500 4.678029e+01
7412.5000 5.067838e+01
7413.7500 4.124649e+01
7415.0000 4.144669e+01
7416.2500 4.356245e+01
7417.5000 4.115365e+01
7418.7500 3.931016e+01
7420.0000 3.559200e+01
7421.2500 3.722604e+01
7422.5000 4.260175e+01
7423.7500 4.010707e+01
7425.0000 3.590889e+01
7426.2500 3.708718e+01
7427.5000 4.724317e+01
7428.7500 1.208604e+02
7430.0000 1.431909e+02
7431.2500 6.003431e+01
7432.5000 3.623492e+01
7433.7500 3.822570e+01
7435.0000 3.687133e+01
7436.2500 6.367385e+01
7437.5000 2.111760e+02
7438.7500 2.391868e+02
7440.0000 8.595065e+01
7441.2500 3.589215e+01
7442.5000 3.838796e+01
7443.7500 3.880988e+01
7445.0000 3.565902e+01
7446.2500 3.759331e+01
7447.5000 3.469369e+01
7448.7500 3.471364e+01
7450.0000 3.598365e+01
7451.2500 3.828261e+01
7452.5000 3.746968e+01
7453.7500 3.596333e+01
7455.0000 3.613191e+01
7456.2500 3.676569e+01
7457.5000 4.392760e+01
7458.7500 4.330600e+01
7460.0000 4.233894e+01
7461.2500 6.154702e+01
7462.5000 6.813248e+01
7463.7500 6.075379e+01
7465.0000 7.441233e+01
7466.2500 1.064853e+02
7467.5000 8.002751e+01
7468.7500 5.409315e+01
7470.0000 9.948819e+01
7471.2500 1.399493e+02
7472.5000 1.703481e+02
7473.7500 1.761044e+02
7475.0000 8.395606e+01
7476.2500 4.812154e+01
7477.5000 8.450328e+01
7478.7500 1.757592e+02
7480.0000 1.753217e+02
7481.2500 9.536279e+01
7482.5000 1.815055e+02
7483.7500 2.048916e+02
7485.0000 7.868225e+01
7486.2500 4.494099e+01
7487.5000 4.606682e+01
7488.7500 4.302942e+01
7490.0000 3.760841e+01
7491.2500 3.887215e+01
7492.5000 7.531471e+01
7493.7500 9.434608e+01
7495.0000 5.662741e+01
7496.2500 3.514054e+01
7497.5000 3.728563e+01
7498.7500 3.881413e+01
7500.0000 4.407836e+01
7501.2500 3.994296e+01
7502.5000 3.795813e+01
7503.7500 3.852253e+01
7505.0000 3.696264e+01
7506.2500 3.619958e+01
7507.5000 3.662228e+01
7508.7500 3.727957e+01
7510.0000 3.731171e+01
7511.2500 3.410476e+01
7512.5000 3.341032e+01
7513.7500 3.495523e+01
7515.0000 3.914212e+01
7516.2500 6.301634e+01
7517.5000 7.321194e+01
7518.7500 4.606541e+01
7520.0000 4.055567e+01
7521.2500 7.382500e+01
7522.5000 3.062831e+02
7523.7500 5.884604e+02
7525.0000 3.309188e+02
7526.2500 5.841867e+01
7527.5000 4.827533e+01
7528.7500 7.636430e+01
7530.0000 1.662520e+02
7531.2500 1.623908e+02
7532.5000 5.429876e+01
7533.7500 3.865233e+01
7535.0000 3.747495e+01
7536.2500 3.958653e+01
7537.5000 4.006522e+01
7538.7500 5.056419e+01
7540.0000 7.461445e+01
7541.2500 5.946819e+01
7542.5000 4.040720e+01
7543.7500 3.482061e+01
7545.0000 3.713350e+01
7546.2500 3.784674e+01
7547.5000 3.764385e+01
7548.7500 3.502592e+01
7550.0000 3.439838e+01
7551.2500 3.817196e+01
7552.5000 4.308018e+01
7553.7500 4.125623e+01
7555.0000 4.096282e+01
7556.2500 9.559975e+01
7557.5000 1.385199e+02
7558.7500 7.310078e+01
7560.0000 3.944664e+01
7561.2500 3.917992e+01
7562.5000 3.826025e+01
7563.7500 3.669242e+01
7565.0000 3.713723e+01
7566.2500 5.230186e+01
7567.5000 6.592654e+01
7568.7500 5.341202e+01
7570.0000 1.554456e+02
7571.2500 3.965440e+02
7572.5000 3.062349e+02
7573.7500 9.231162e+01
7575.0000 5.924107e+01
7576.2500 3.593134e+01
7577.5000 3.504936e+01
7578.7500 3.836024e+01
7580.0000 3.906112e+01
7581.2500 3.829053e+01
7582.5000 4.181636e+01
7583.7500 5.922678e+01
7585.0000 1.976772e+02
7586.2500 2.677091e+02
7587.5000 1.093306e+02
7588.7500 5.308841e+01
7590.0000 5.432146e+01
7591.2500 5.445338e+01
7592.5000 5.694524e+01
7593.7500 6.552502e+01
7595.0000 8.741688e+01
7596.2500 2.344676e+02
7597.5000 8.872188e+02
7598.7500 1.023833e+03
7600.0000 3.563221e+02
7601.2500 1.740708e+02
7602.5000 2.109229e+02
7603.7500 2.400110e+02
7605.0000 2.476351e+02
7606.2500 2.160824e+02
7607.5000 2.210184e+02
7608.7500 1.955686e+02
7610.0000 1.879170e+02
7611.2500 1.616078e+02
7612.5000 1.375558e+02
7613.7500 1.036468e+02
7615.0000 7.885813e+01
7616.2500 1.375352e+02
7617.5000 2.297626e+02
7618.7500 1.466414e+02
7620.0000 7.868049e+01
7621.2500 1.132594e+02
7622.5000 1.351125e+02
7623.7500 1.071927e+02
7625.0000 1.033709e+02
7626.2500 1.445910e+02
7627.5000 5.998848e+02
7628.7500 7.109789e+02
7630.0000 2.326625e+02
7631.2500 1.008664e+02
7632.5000 1.083975e+02
7633.7500 9.069490e+01
7635.0000 7.404317e+01
7636.2500 9.227179e+01
7637.5000 8.375343e+01
7638.7500 7.373524e+01
7640.0000 8.181556e+01
7641.2500 9.029309e+01
7642.5000 7.457397e+01
7643.7500 6.808376e+01
7645.0000 7.512503e+01
7646.2500 7.402193e+01
7647.5000 6.190524e+01
7648.7500 6.528352e+01
7650.0000 7.104736e+01
7651.2500 8.400346e+01
7652.5000 1.366937e+02
7653.7500 1.486834e+02
7655.0000 7.330216e+01
7656.2500 5.736351e+01
7657.5000 4.610692e+01
7658.7500 4.799547e+01
7660.0000 7.713965e+01
7661.2500 2.451218e+02
7662.5000 2.047862e+02
7663.7500 8.324266e+01
7665.0000 4.973357e+01
7666.2500 5.320995e+01
7667.5000 4.319931e+01
7668.7500 4.082108e+01
7670.0000 4.286917e+01
7671.2500 5.079601e+01
7672.5000 5.322855e+01
7673.7500 4.256324e+01
7675.0000 3.968856e+01
7676.2500 4.098328e+01
7677.5000 4.251583e+01
7678.7500 4.359850e+01
7680.0000 4.552703e+01
7681.2500 5.991661e+01
7682.5000 5.504886e+01
7683.7500 4.899024e+01
7685.0000 5.145003e+01
7686.2500 6.381066e+01
7687.5000 6.639765e+01
7688.7500 5.463067e+01
7690.0000 5.870310e+01
7691.2500 7.946944e+01
7692.5000 6.801464e+01
7693.7500 4.889141e+01
7695.0000 4.757520e+01
7696.2500 4.612405e+01
7697.5000 6.420469e+01
7698.7500 1.087045e+02
7700.0000 1.011082e+02
7701.2500 5.305085e+01
7702.5000 4.549417e+01
7703.7500 4.548977e+01
7705.0000 4.175388e+01
7706.2500 4.084283e+01
7707.5000 4.005815e+01
7708.7500 4.662105e+01
7710.0000 9.717862e+01
7711.2500 6.987488e+02
7712.5000 9.836745e+02
7713.7500 4.481532e+02
7715.0000 5.516312e+02
7716.2500 1.040775e+03
7717.5000 8.265417e+02
7718.7500 2.371853e+02
7720.0000 5.971186e+01
7721.2500 5.737860e+01
7722.5000 1.312608e+02
7723.7500 1.736063e+02
7725.0000 2.548484e+02
7726.2500 2.487507e+02
7727.5000 9.395310e+01
7728.7500 5.421959e+01
7730.0000 5.355326e+01
7731.2500 5.028297e+01
7732.5000 5.597138e+01
7733.7500 8.097685e+01
7735.0000 1.036548e+02
7736.2500 8.211297e+01
7737.5000 5.371992e+01
7738.7500 5.507907e+01
7740.0000 6.557278e+01
7741.2500 5.848523e+01
7742.5000 4.722372e+01
7743.7500 4.917942e+01
7745.0000 5.973055e+01
7746.2500 6.524976e+01
7747.5000 9.164693e+01
7748.7500 5.419563e+02
7750.0000 1.830473e+03
7751.2500 1.290369e+03
7752.5000 1.687238e+02
7753.7500 5.236460e+01
7755.0000 5.544573e+01
7756.2500 8.419837e+01
7757.5000 1.006093e+02
7758.7500 4.066158e+02
7760.0000 6.011053e+02
7761.2500 2.212692e+02
7762.5000 4.593372e+01
7763.7500 4.748756e+01
7765.0000 4.613230e+01
7766.2500 4.402213e+01
7767.5000 5.019118e+01
7768.7500 5.884937e+01
7770.0000 7.995015e+01
7771.2500 2.172846e+02
7772.5000 3.792639e+02
7773.7500 3.643036e+02
7775.0000 2.004234e+02
7776.2500 8.303662e+01
7777.5000 5.140264e+01
7778.7500 1.583707e+02
7780.0000 3.831152e+02
7781.2500 2.524496e+02
7782.5000 6.027248e+01
7783.7500 5.803580e+01
7785.0000 6.756336e+01
7786.2500 6.929195e+01
7787.5000 6.095425e+01
7788.7500 6.832089e+01
7790.0000 1.049348e+02
7791.2500 1.262202e+02
7792.5000 5.180853e+02
7793.7500 1.344391e+03
7795.0000 7.498604e+02
7796.2500 8.454845e+01
7797.5000 5.034712e+01
7798.7500 5.022350e+01
7800.0000 4.398522e+01
7801.2500 4.316558e+01
7802.5000 4.432837e+01
7803.7500 5.062115e+01
7805.0000 4.975982e+01
7806.2500 9.964822e+01
7807.5000 4.224002e+02
7808.7500 4.648227e+02
7810.0000 1.410222e+02
7811.2500 6.585931e+01
7812.5000 6.252844e+01
7813.7500 6.849590e+01
7815.0000 7.750536e+01
7816.2500 6.307143e+01
7817.5000 5.633346e+01
7818.7500 1.038185e+02
7820.0000 7.322831e+02
7821.2500 1.568343e+03
7822.5000 7.672307e+02
7823.7500 8.176058e+01
7825.0000 5.434200e+01
7826.2500 4.668521e+01
7827.5000 5.978464e+01
7828.7500 6.979498e+01
7830.0000 5.286744e+01
7831.2500 4.243242e+01
7832.5000 5.014340e+01
7833.7500 5.887667e+01
7835.0000 5.084587e+01
7836.2500 4.216459e+01
7837.5000 4.527217e+01
7838.7500 7.069450e+01
7840.0000 3.068143e+02
7841.2500 4.582401e+02
7842.5000 1.752736e+02
7843.7500 4.505405e+01
7845.0000 4.506792e+01
7846.2500 4.554911e+01
7847.5000 6.906119e+01
7848.7500 1.657883e+02
7850.0000 1.861788e+02
7851.2500 3.612487e+02
7852.5000 1.422385e+03
7853.7500 1.452733e+03
7855.0000 2.772064e+02
7856.2500 9.518398e+01
7857.5000 1.863072e+02
7858.7500 2.664838e+02
7860.0000 5.748956e+02
7861.2500 4.297580e+02
7862.5000 8.127731e+01
7863.7500 5.060210e+01
7865.0000 5.267669e+01
7866.2500 1.582790e+02
7867.5000 2.839629e+02
7868.7500 2.863527e+02
7870.0000 6.742946e+02
7871.2500 5.665341e+02
7872.5000 1.044908e+02
7873.7500 4.878397e+01
7875.0000 4.715690e+01
7876.2500 6.362484e+01
7877.5000 2.535854e+02
7878.7500 3.822484e+02
7880.0000 2.509994e+02
7881.2500 3.207824e+02
7882.5000 2.081583e+02
7883.7500 7.541309e+01
7885.0000 8.082683e+01
7886.2500 8.469439e+01
7887.5000 1.425171e+02
7888.7500 6.299787e+02
7890.0000 7.997986e+02
7891.2500 2.520672e+02
7892.5000 8.610656e+01
7893.7500 8.435816e+01
7895.0000 7.676366e+01
7896.2500 6.756092e+01
7897.5000 7.040799e+01
7898.7500 6.673643e+01
7900.0000 4.765772e+01
7901.2500 5.237237e+01
7902.5000 6.841977e+01
7903.7500 6.424799e+01
7905.0000 6.310579e+01
7906.2500 7.201165e+01
7907.5000 6.630975e+01
7908.7500 6.447341e+01
7910.0000 1.048914e+02
7911.2500 3.106421e+02
7912.5000 1.626641e+03
7913.7500 2.263679e+03
7915.0000 6.514083e+02
7916.2500 7.764476e+01
7917.5000 1.211694e+02
7918.7500 1.977334e+02
7920.0000 6.780428e+02
7921.2500 8.616511e+02
7922.5000 2.534855e+02
7923.7500 7.774776e+01
7925.0000 6.054274e+01
7926.2500 4.920671e+01
7927.5000 7.091835e+01
7928.7500 1.108322e+02
7930.0000 3.797763e+02
7931.2500 5.957184e+02
7932.5000 2.931896e+02
7933.7500 7.969040e+01
7935.0000 5.990334e+01
7936.2500 5.186070e+01
7937.5000 5.350894e+01
7938.7500 5.582478e+01
7940.0000 5.373510e+01
7941.2500 5.719177e+01
7942.5000 6.369529e+01
7943.7500 6.964335e+01
7945.0000 9.024140e+01
7946.2500 8.565590e+01
7947.5000 1.819783e+02
7948.7500 4.484505e+02
7950.0000 3.168642e+02
7951.2500 7.039873e+01
7952.5000 6.024584e+01
7953.7500 4.896218e+01
7955.0000 4.262793e+01
7956.2500 4.237988e+01
7957.5000 4.433503e+01
7958.7500 4.291377e+01
7960.0000 4.557670e+01
7961.2500 5.191788e+01
7962.5000 2.200247e+02
7963.7500 1.259172e+03
7965.0000 1.423245e+03
7966.2500 2.984047e+02
7967.5000 1.284387e+02
7968.7500 1.139538e+02
7970.0000 5.616871e+01
7971.2500 5.096972e+01
7972.5000 5.149189e+01
7973.7500 4.922596e+01
7975.0000 6.526968e+01
7976.2500 1.599603e+02
7977.5000 2.377489e+02
7978.7500 4.632437e+02
7980.0000 5.013719e+02
7981.2500 1.482196e+02
7982.5000 4.362457e+01
7983.7500 4.282014e+01
7985.0000 4.802929e+01
7986.2500 5.619241e+01
7987.5000 6.492639e+01
7988.7500 6.070340e+01
7990.0000 6.966734e+01
7991.2500 3.080918e+02
7992.5000 1.455292e+03
7993.7500 1.451627e+03
7995.0000 2.798571e+02
7996.2500 6.792785e+01
7997.5000 7.431299e+01
7998.7500 7.051640e+01
8000.0000 6.467365e+01
8001.2500 6.631515e+01
8002.5000 6.215020e+01
8003.7500 5.622568e+01
8005.0000 5.001041e+01
8006.2500 4.709348e+01
8007.5000 4.715600e+01
8008.7500 4.972145e+01
8010.0000 5.301462e+01
8011.2500 6.821109e+01
8012.5000 2.351400e+02
8013.7500 4.384400e+02
8015.0000 2.714192e+02
8016.2500 7.118637e+01
8017.5000 5.447476e+01
8018.7500 9.074653e+01
8020.0000 1.146743e+02
8021.2500 7.681539e+01
8022.5000 5.990464e+01
8023.7500 2.607832e+02
8025.0000 1.023986e+03
8026.2500 9.060837e+02
8027.5000 2.359147e+02
8028.7500 1.333511e+02
8030.0000 9.471576e+01
8031.2500 7.472806e+01
8032.5000 6.325587e+01
8033.7500 5.886093e+01
8035.0000 6.028945e+01
8036.2500 4.834550e+01
8037.5000 4.684080e+01
8038.7500 4.734036e+01
8040.0000 5.483493e+01
8041.2500 5.575695e+01
8042.5000 4.901988e+01
8043.7500 4.440624e+01
8045.0000 4.681847e+01
8046.2500 4.879897e+01
8047.5000 4.801225e+01
8048.7500 6.911465e+01
8050.0000 1.244414e+02
8051.2500 2.824886e+02
8052.5000 2.457279e+02
8053.7500 7.111952e+01
8055.0000 4.882092e+01
8056.2500 4.967447e+01
8057.5000 4.785165e+01
8058.7500 5.242431e+01
8060.0000 1.286610e+02
8061.2500 5.170488e+02
8062.5000 5.258352e+02
8063.7500 1.408686e+02
8065.0000 5.603840e+01
8066.2500 5.627934e+01
8067.5000 5.259562e+01
8068.7500 4.951543e+01
8070.0000 4.633414e+01
8071.2500 4.518682e+01
8072.5000 4.985448e+01
8073.7500 5.835708e+01
8075.0000 6.043082e+01
8076.2500 6.841202e+01
8077.5000 7.257734e+01
8078.7500 5.419386e+01
8080.0000 4.718269e+01
8081.2500 4.891111e+01
8082.5000 5.452055e+01
8083.7500 7.797533e+01
8085.0000 8.902398e+01
8086.2500 6.404208e+01
8087.5000 4.746991e+01
8088.7500 4.464675e+01
8090.0000 4.577223e+01
8091.2500 5.421120e+01
8092.5000 1.252346e+02
8093.7500 1.605915e+02
8095.0000 8.739173e+01
8096.2500 5.029559e+01
8097.5000 4.731768e+01
8098.7500 5.177909e+01
8100.0000 6.843572e+01
8101.2500 1.980880e+02
8102.5000 2.764128e+02
8103.7500 1.311245e+02
8105.0000 6.515047e+01
8106.2500 5.871453e+01
8107.5000 5.841170e+01
8108.7500 6.001489e+01
8110.0000 5.658160e+01
8111.2500 5.506284e+01
8112.5000 5.223434e+01
8113.7500 4.825623e+01
8115.0000 5.028160e+01
8116.2500 4.809994e+01
8117.5000 4.612426e+01
8118.7500 4.875751e+01
8120.0000 4.951925e+01
8121.2500 5.271309e+01
8122.5000 5.659634e+01
8123.7500 5.418055e+01
8125.0000 5.166896e+01
8126.2500 5.822227e+01
8127.5000 6.067597e+01
8128.7500 5.674446e+01
8130.0000 5.609242e+01
8131.2500 6.511679e+01
8132.5000 6.056219e+01
8133.7500 5.316423e+01
8135.0000 6.299098e+01
8136.2500 6.585271e+01
8137.5000 8.981455e+01
8138.7500 1.200530e+02
8140.0000 9.464380e+01
8141.2500 6.244262e+01
8142.5000 5.235425e+01
8143.7500 5.151336e+01
8145.0000 8.869382e+01
8146.2500 1.502412e+02
8147.5000 1.311320e+02
8148.7500 6.070095e+01
8150.0000 5.123903e+01
8151.2500 5.131977e+01
8152.5000 5.003294e+01
8153.7500 4.942604e+01
8155.0000 5.067244e+01
8156.2500 5.010142e+01
8157.5000 4.639574e+01
8158.7500 4.934933e+01
8160.0000 5.453123e+01
8161.2500 5.530061e+01
8162.5000 6.030496e+01
8163.7500 5.953080e+01
8165.0000 5.531283e+01
8166.2500 4.866448e+01
8167.5000 4.840152e+01
8168.7500 4.934458e+01
8170.0000 5.445419e+01
8171.2500 5.379044e+01
8172.5000 5.026363e+01
8173.7500 5.102342e+01
8175.0000 5.204801e+01
8176.2500 5.031043e+01
8177.5000 6.084766e+01
8178.7500 5.793753e+01
8180.0000 5.174874e+01
8181.2500 5.027022e+01
8182.5000 4.643153e+01
8183.7500 4.531575e+01
8185.0000 5.109556e+01
8186.2500 5.571373e+01
8187.5000 7.839515e+01
8188.7500 8.972663e+01
8190.0000 5.773038e+01
8191.2500 4.889220e+01
8192.5000 4.708521e+01
8193.7500 6.872911e+01
8195.0000 9.355762e+01
8196.2500 6.759052e+01
8197.5000 5.068491e+01
8198.7500 4.651204e+01
8200.0000 4.731634e+01
8201.2500 5.042912e+01
8202.5000 4.792963e+01
8203.7500 5.132310e+01
8205.0000 5.288973e+01
8206.2500 5.613878e+01
8207.5000 5.957074e+01
8208.7500 5.356411e+01
8210.0000 4.918243e+01
8211.2500 4.652296e+01
8212.5000 4.765886e+01
8213.7500 5.199459e+01
8215.0000 5.511553e+01
8216.2500 4.949287e+01
8217.5000 4.889541e+01
8218.7500 5.085934e+01
8220.0000 4.463510e+01
8221.2500 4.654495e+01
8222.5000 5.824110e+01
8223.7500 6.308259e+01
8225.0000 6.078067e+01
8226.2500 5.935862e+01
8227.5000 5.412328e+01
8228.7500 6.466011e+01
8230.0000 6.397891e+01
8231.2500 6.233568e+01
8232.5000 6.547222e+01
8233.7500 6.425396e+01
8235.0000 6.704334e+01
8236.2500 7.058507e+01
8237.5000 6.984495e+01
8238.7500 6.247069e+01
8240.0000 7.297826e+01
8241.2500 8.846294e+01
8242.5000 7.163354e+01
8243.7500 5.814531e+01
8245.0000 5.457380e+01
8246.2500 6.961179e+01
8247.5000 7.670497e+01
8248.7500 6.792520e+01
8250.0000 5.267077e+01
8251.2500 4.819509e+01
8252.5000 4.842436e+01
8253.7500 5.760972e+01
8255.0000 6.532989e+01
8256.2500 5.568032e+01
8257.5000 4.689310e+01
8258.7500 4.952359e+01
8260.0000 5.075185e+01
8261.2500 4.949534e+01
8262.5000 4.722279e+01
8263.7500 4.788791e+01
8265.0000 4.963726e+01
8266.2500 4.655071e+01
8267.5000 4.813242e+01
8268.7500 5.254951e+01
8270.0000 5.118536e+01
8271.2500 5.355115e+01
8272.5000 5.574683e+01
8273.7500 5.538924e+01
8275.0000 6.345465e+01
8276.2500 1.399789e+02
8277.5000 4.275461e+02
8278.7500 4.727972e+02
8280.0000 5.897648e+02
8281.2500 1.136912e+03
8282.5000 7.063863e+02
8283.7500 1.430585e+02
8285.0000 2.435100e+02
8286.2500 5.021990e+02
8287.5000 1.630785e+03
8288.7500 2.177865e+03
8290.0000 4.695573e+02
8291.2500 1.076935e+02
8292.5000 6.255458e+01
8293.7500 8.242262e+01
8295.0000 4.211134e+02
8296.2500 6.293643e+02
8297.5000 1.101331e+03
8298.7500 1.820199e+03
8300.0000 7.642545e+02
8301.2500 1.132804e+02
8302.5000 1.186900e+02
8303.7500 9.977647e+01
8305.0000 7.955585e+01
8306.2500 6.366835e+01
8307.5000 6.000292e+01
8308.7500 1.536298e+02
8310.0000 5.142278e+02
8311.2500 4.641532e+02
8312.5000 9.767318e+01
8313.7500 5.040142e+01
8315.0000 4.879397e+01
8316.2500 6.392171e+01
8317.5000 9.197360e+01
8318.7500 9.030333e+01
8320.0000 5.857697e+01
8321.2500 5.224140e+01
8322.5000 5.511978e+01
8323.7500 5.000746e+01
8325.0000 4.518634e+01
8326.2500 4.413776e+01
8327.5000 4.632904e+01
8328.7500 4.748354e+01
8330.0000 4.595117e+01
8331.2500 4.758378e+01
8332.5000 4.448593e+01
8333.7500 4.406873e+01
8335.0000 4.595287e+01
8336.2500 6.452691e+01
8337.5000 8.811229e+01
8338.7500 8.162107e+01
8340.0000 6.699995e+01
8341.2500 1.838225e+02
8342.5000 1.088100e+03
8343.7500 4.200634e+03
8345.0000 3.753240e+03
8346.2500 5.666671e+02
8347.5000 7.428902e+01
8348.7500 1.342546e+02
8350.0000 1.710199e+02
8351.2500 6.108099e+02
8352.5000 1.348791e+03
8353.7500 7.413460e+02
8355.0000 9.125687e+01
8356.2500 5.627132e+01
8357.5000 5.117138e+01
8358.7500 6.336382e+01
8360.0000 1.124045e+02
8361.2500 1.291470e+02
8362.5000 1.536142e+02
8363.7500 4.118283e+02
8365.0000 4.304043e+02
8366.2500 1.565462e+02
8367.5000 6.158094e+01
8368.7500 4.905207e+01
8370.0000 4.930396e+01
8371.2500 4.797265e+01
8372.5000 5.320197e+01
8373.7500 5.267393e+01
8375.0000 5.324798e+01
8376.2500 5.932335e+01
8377.5000 5.697637e+01
8378.7500 1.030901e+02
8380.0000 2.236066e+02
8381.2500 7.622643e+02
8382.5000 9.062970e+02
8383.7500 2.638806e+02
8385.0000 5.374353e+01
8386.2500 5.657451e+01
8387.5000 5.675655e+01
8388.7500 6.129948e+01
8390.0000 7.587379e+01
8391.2500 7.973500e+01
8392.5000 5.871456e+01
8393.7500 5.385295e+01
8395.0000 5.969665e+01
8396.2500 1.103714e+02
8397.5000 1.329249e+03
8398.7500 3.918382e+03
8400.0000 2.222776e+03
8401.2500 1.694039e+02
8402.5000 6.265130e+01
8403.7500 5.327122e+01
8405.0000 5.097251e+01
8406.2500 4.753131e+01
8407.5000 5.358955e+01
8408.7500 5.324550e+01
8410.0000 5.567866e+01
8411.2500 5.229916e+01
8412.5000 7.746615e+01
8413.7500 5.668541e+02
8415.0000 1.204482e+03
8416.2500 5.961241e+02
8417.5000 6.776247e+01
8418.7500 5.364056e+01
8420.0000 5.551861e+01
8421.2500 5.377661e+01
8422.5000 6.639170e+01
8423.7500 7.979730e+01
8425.0000 7.703813e+01
8426.2500 9.319362e+01
8427.5000 2.088002e+02
8428.7500 1.865056e+03
8430.0000 3.986244e+03
8431.2500 1.692713e+03
8432.5000 1.392740e+02
8433.7500 1.009269e+02
8435.0000 8.351083e+01
8436.2500 5.115187e+01
8437.5000 4.570925e+01
8438.7500 4.315365e+01
8440.0000 4.406484e+01
8441.2500 4.885953e+01
8442.5000 4.640108e+01
8443.7500 5.057286e+01
8445.0000 1.165572e+02
8446.2500 1.785096e+02
8447.5000 1.088471e+02
8448.7500 5.685145e+01
8450.0000 1.615504e+02
8451.2500 7.612288e+02
8452.5000 8.633513e+02
8453.7500 2.187469e+02
8455.0000 5.431270e+01
8456.2500 5.052088e+01
8457.5000 4.788470e+01
8458.7500 4.874723e+01
8460.0000 6.248468e+01
8461.2500 6.800497e+01
8462.5000 1.261328e+02
8463.7500 1.167262e+03
8465.0000 2.630594e+03
8466.2500 1.316453e+03
8467.5000 1.165320e+02
8468.7500 5.346058e+01
8470.0000 4.883041e+01
8471.2500 4.974138e+01
8472.5000 6.203850e+01
8473.7500 1.023248e+02
8475.0000 9.915352e+01
8476.2500 5.612822e+01
8477.5000 5.104636e+01
8478.7500 5.040645e+01
8480.0000 4.769027e+01
8481.2500 4.706524e+01
8482.5000 4.686899e+01
8483.7500 4.882243e+01
8485.0000 5.074507e+01
8486.2500 5.365942e+01
8487.5000 4.781861e+01
8488.7500 4.924228e+01
8490.0000 5.419484e+01
8491.2500 1.394985e+02
8492.5000 5.713914e+02
8493.7500 6.064661e+02
8495.0000 1.759151e+02
8496.2500 7.417290e+01
8497.5000 7.180218e+01
8498.7500 6.199601e+01
8500.0000 7.521099e+01
8501.2500 9.752999e+01
8502.5000 2.122635e+02
8503.7500 1.061745e+03
8505.0000 1.373709e+03
8506.2500 3.937851e+02
8507.5000 6.106245e+01
8508.7500 5.580914e+01
8510.0000 4.986562e+01
8511.2500 4.932778e+01
8512.5000 5.336691e+01
8513.7500 5.287129e+01
8515.0000 5.006419e+01
8516.2500 4.935039e+01
8517.5000 4.800055e+01
8518.7500 5.262788e+01
8520.0000 7.442710e+01
8521.2500 7.313811e+01
8522.5000 4.952516e+01
8523.7500 4.662935e+01
8525.0000 4.687469e+01
8526.2500 4.573049e+01
8527.5000 4.402461e+01
8528.7500 4.630093e+01
8530.0000 4.197085e+01
8531.2500 4.267850e+01
8532.5000 4.289131e+01
8533.7500 4.260070e+01
8535.0000 4.319515e+01
8536.2500 6.303102e+01
8537.5000 2.122124e+02
8538.7500 2.760283e+02
8540.0000 1.196253e+02
8541.2500 5.262414e+01
8542.5000 5.167624e+01
8543.7500 4.751637e+01
8545.0000 4.904401e+01
8546.2500 9.685564e+01
8547.5000 3.801194e+02
8548.7500 5.108575e+02
8550.0000 2.101702e+02
8551.2500 6.317060e+01
8552.5000 5.730601e+01
8553.7500 5.727947e+01
8555.0000 4.655416e+01
8556.2500 4.421988e+01
8557.5000 4.725864e+01
8558.7500 4.511229e+01
8560.0000 4.388921e+01
8561.2500 4.399716e+01
8562.5000 4.454316e+01
8563.7500 4.608069e+01
8565.0000 4.593647e+01
8566.2500 4.774193e+01
8567.5000 4.630777e+01
8568.7500 4.609361e+01
8570.0000 5.189974e+01
8571.2500 6.308178e+01
8572.5000 6.776396e+01
8573.7500 6.524213e+01
8575.0000 7.043203e+01
8576.2500 7.124788e+01
8577.5000 6.776688e+01
8578.7500 5.580726e+01
8580.0000 4.974925e+01
8581.2500 4.917106e+01
8582.5000 4.725719e+01
8583.7500 4.899737e+01
8585.0000 4.961714e+01
8586.2500 8.490428e+01
8587.5000 1.909276e+02
8588.7500 1.610096e+02
8590.0000 6.619528e+01
8591.2500 5.441605e+01
8592.5000 5.329645e+01
8593.7500 5.219607e+01
8595.0000 1.034542e+02
8596.2500 2.361241e+02
8597.5000 2.168358e+02
8598.7500 8.047522e+01
8600.0000 5.221693e+01
8601.2500 5.681390e+01
8602.5000 5.413124e+01
8603.7500 5.506056e+01
8605.0000 5.166692e+01
8606.2500 5.129177e+01
8607.5000 6.150962e+01
8608.7500 6.441064e+01
8610.0000 7.178075e+01
8611.2500 8.432922e+01
8612.5000 1.025761e+02
8613.7500 1.207765e+02
8615.0000 1.495273e+02
8616.2500 1.697645e+02
8617.5000 2.097245e+02
8618.7500 2.322695e+02
8620.0000 2.755127e+02
8621.2500 3.273282e+02
8622.5000 3.424259e+02
8623.7500 4.069804e+02
8625.0000 4.444728e+02
8626.2500 4.132891e+02
8627.5000 4.933228e+02
8628.7500 5.062262e+02
8630.0000 4.365295e+02
8631.2500 4.966765e+02
8632.5000 4.905124e+02
8633.7500 3.632527e+02
8635.0000 4.330300e+02
8636.2500 3.932095e+02
8637.5000 2.459438e+02
8638.7500 2.600578e+02
8640.0000 2.618013e+02
8641.2500 2.059567e+02
8642.5000 1.317490e+02
8643.7500 7.135328e+01
8645.0000 9.851480e+01
8646.2500 2.113765e+02
8647.5000 2.139981e+02
8648.7500 3.282772e+02
8650.0000 5.341426e+02
8651.2500 4.473290e+02
8652.5000 2.784013e+02
8653.7500 4.390079e+02
8655.0000 6.399991e+02
8656.2500 4.397217e+02
8657.5000 2.686260e+02
8658.7500 5.268054e+02
8660.0000 6.734494e+02
8661.2500 3.712376e+02
8662.5000 2.112256e+02
8663.7500 4.777656e+02
8665.0000 6.101887e+02
8666.2500 3.352940e+02
8667.5000 1.755627e+02
8668.7500 3.782389e+02
8670.0000 4.889010e+02
8671.2500 2.929770e+02
8672.5000 1.107569e+02
8673.7500 2.182845e+02
8675.0000 3.584543e+02
8676.2500 2.581852e+02
8677.5000 1.094658e+02
8678.7500 1.234394e+02
8680.0000 2.193575e+02
8681.2500 2.228817e+02
8682.5000 1.240099e+02
8683.7500 7.089628e+01
8685.0000 1.135499e+02
8686.2500 1.621925e+02
8687.5000 1.219934e+02
8688.7500 6.819292e+01
8690.0000 6.559512e+01
8691.2500 8.992024e+01
8692.5000 1.130885e+02
8693.7500 8.896143e+01
8695.0000 5.801315e+01
8696.2500 6.157642e+01
8697.5000 8.638731e+01
8698.7500 1.049397e+02
8700.0000 1.203746e+02
8701.2500 9.127480e+01
8702.5000 6.624240e+01
8703.7500 6.970679e+01
8705.0000 8.527878e+01
8706.2500 1.238053e+02
8707.5000 1.302022e+02
8708.7500 8.538660e+01
8710.0000 6.217679e+01
8711.2500 6.119929e+01
8712.5000 5.812925e+01
8713.7500 5.800325e+01
8715.0000 5.957510e+01
8716.2500 5.873322e+01
8717.5000 5.838201e+01
8718.7500 5.964817e+01
8720.0000 5.665823e+01
8721.2500 5.594500e+01
8722.5000 6.017649e+01
8723.7500 5.832034e+01
8725.0000 6.852573e+01
8726.2500 9.241745e+01
8727.5000 7.914199e+01
8728.7500 6.009688e+01
8730.0000 5.739827e+01
8731.2500 5.528799e+01
8732.5000 5.839264e+01
8733.7500 5.752382e+01
8735.0000 6.292825e+01
8736.2500 7.572606e+01
8737.5000 8.101936e+01
8738.7500 8.453486e+01
8740.0000 8.894889e+01
8741.2500 7.789455e+01
8742.5000 7.019452e+01
8743.7500 7.135446e+01
8745.0000 6.707239e+01
8746.2500 6.568346e+01
8747.5000 6.674208e+01
8748.7500 7.428796e+01
8750.0000 8.370152e+01
8751.2500 6.796921e+01
8752.5000 5.946622e+01
8753.7500 6.036789e+01
8755.0000 6.841722e+01
8756.2500 1.011914e+02
8757.5000 4.127057e+02
8758.7500 7.810317e+02
8760.0000 1.381232e+03
8761.2500 1.950485e+03
8762.5000 8.960886e+02
8763.7500 1.962890e+02
8765.0000 5.485552e+02
8766.2500 1.715949e+03
8767.5000 2.799099e+03
8768.7500 1.540120e+03
8770.0000 2.305317e+02
8771.2500 9.532605e+01
8772.5000 7.571714e+01
8773.7500 1.648508e+02
8775.0000 7.639391e+02
8776.2500 1.563072e+03
8777.5000 2.707518e+03
8778.7500 2.207783e+03
8780.0000 4.186864e+02
8781.2500 7.762577e+01
8782.5000 6.302195e+01
8783.7500 6.178359e+01
8785.0000 5.704026e+01
8786.2500 6.589037e+01
8787.5000 7.273934e+01
8788.7500 1.739989e+02
8790.0000 7.800807e+02
8791.2500 9.533601e+02
8792.5000 2.932444e+02
8793.7500 6.684953e+01
8795.0000 5.705131e+01
8796.2500 5.939867e+01
8797.5000 5.682784e+01
8798.7500 6.032507e+01
8800.0000 6.248515e+01
8801.2500 6.824992e+01
8802.5000 6.175399e+01
8803.7500 5.747304e+01
8805.0000 5.760807e+01
8806.2500 5.533821e+01
8807.5000 8.462744e+01
8808.7500 1.482417e+02
8810.0000 1.755109e+02
8811.2500 9.874128e+01
8812.5000 6.410905e+01
8813.7500 5.867617e+01
8815.0000 5.718247e+01
8816.2500 6.271821e+01
8817.5000 6.246392e+01
8818.7500 6.648473e+01
8820.0000 7.247813e+01
8821.2500 7.685051e+01
8822.5000 1.030465e+02
8823.7500 3.898244e+02
8825.0000 2.125834e+03
8826.2500 8.921564e+03
8827.5000 8.147802e+03
8828.7500 1.159458e+03
8830.0000 2.042860e+02
8831.2500 2.609394e+02
8832.5000 3.796889e+02
8833.7500 4.216958e+02
8835.0000 1.425914e+03
8836.2500 2.807248e+03
8837.5000 1.313328e+03
8838.7500 1.417035e+02
8840.0000 6.990457e+01
8841.2500 6.342110e+01
8842.5000 6.270494e+01
8843.7500 8.063217e+01
8845.0000 1.249224e+02
8846.2500 1.140852e+02
8847.5000 1.652366e+02
8848.7500 5.810215e+02
8850.0000 7.409055e+02
8851.2500 2.543522e+02
8852.5000 6.767702e+01
8853.7500 6.914946e+01
8855.0000 7.290807e+01
8856.2500 6.844414e+01
8857.5000 6.305831e+01
8858.7500 6.804055e+01
8860.0000 8.323555e+01
8861.2500 1.302033e+02
8862.5000 1.526417e+02
8863.7500 1.224911e+02
8865.0000 1.984863e+02
8866.2500 1.113981e+03
8867.5000 1.745866e+03
8868.7500 6.911046e+02
8870.0000 9.350687e+01
8871.2500 6.549296e+01
8872.5000 6.576749e+01
8873.7500 5.830289e+01
8875.0000 6.116239e+01
8876.2500 6.089237e+01
8877.5000 5.687230e+01
8878.7500 6.137255e+01
8880.0000 6.000297e+01
8881.2500 7.605306e+01
8882.5000 1.271222e+02
8883.7500 1.138137e+03
8885.0000 5.786017e+03
8886.2500 5.326639e+03
8887.5000 9.084088e+02
8888.7500 1.539850e+02
8890.0000 1.104513e+02
8891.2500 8.294339e+01
8892.5000 7.006763e+01
8893.7500 8.024004e+01
8895.0000 1.084880e+02
8896.2500 1.157720e+02
8897.5000 9.551761e+01
8898.7500 7.669617e+01
8900.0000 1.089875e+02
8901.2500 6.559948e+02
8902.5000 2.214525e+03
8903.7500 1.679222e+03
8905.0000 2.681898e+02
8906.2500 9.487565e+01
8907.5000 1.215365e+02
8908.7500 1.403845e+02
8910.0000 1.135624e+02
8911.2500 7.738979e+01
8912.5000 6.838789e+01
8913.7500 7.394628e+01
8915.0000 8.895710e+01
8916.2500 1.496695e+02
8917.5000 1.197247e+03
8918.7500 6.532861e+03
8920.0000 6.721111e+03
8921.2500 1.134614e+03
8922.5000 1.362924e+02
8923.7500 1.077749e+02
8925.0000 9.742698e+01
8926.2500 1.299219e+02
8927.5000 1.685024e+02
8928.7500 1.402280e+02
8930.0000 9.335661e+01
8931.2500 7.814227e+01
8932.5000 8.341950e+01
8933.7500 9.751128e+01
8935.0000 1.028123e+02
8936.2500 9.631898e+01
8937.5000 8.398762e+01
8938.7500 9.526666e+01
8940.0000 1.053638e+02
8941.2500 3.940440e+02
8942.5000 1.696969e+03
8943.7500 1.756000e+03
8945.0000 3.826295e+02
8946.2500 8.800130e+01
8947.5000 7.820872e+01
8948.7500 7.587811e+01
8950.0000 6.784867e+01
8951.2500 6.703349e+01
8952.5000 7.654062e+01
8953.7500 9.208744e+01
8955.0000 1.811180e+02
8956.2500 1.738707e+03
8957.5000 5.329795e+03
8958.7500 4.012513e+03
8960.0000 4.967499e+02
8961.2500 1.062908e+02
8962.5000 9.146748e+01
8963.7500 9.418877e+01
8965.0000 8.688229e+01
8966.2500 6.940514e+01
8967.5000 7.648917e+01
8968.7500 9.359415e+01
8970.0000 1.447131e+02
8971.2500 1.821520e+02
8972.5000 1.059310e+02
8973.7500 8.265361e+01
8975.0000 7.558061e+01
8976.2500 7.486015e+01
8977.5000 8.513763e+01
8978.7500 9.668877e+01
8980.0000 1.338685e+02
8981.2500 1.490008e+02
8982.5000 1.052602e+02
8983.7500 8.610138e+01
8985.0000 1.367441e+02
8986.2500 4.886064e+02
8987.5000 2.547972e+03
8988.7500 2.350970e+03
8990.0000 3.754673e+02
8991.2500 2.017576e+02
8992.5000 2.028808e+02
8993.7500 9.561826e+01
8995.0000 6.489233e+01
8996.2500 6.640804e+01
8997.5000 8.373936e+01
8998.7500 3.450035e+02
9000.0000 4.231061e+03
9001.2500 8.172744e+03
9002.5000 1.698740e+03
9003.7500 1.481543e+02
9005.0000 8.907434e+01
9006.2500 7.790253e+01
9007.5000 7.461874e+01
9008.7500 6.903692e+01
9010.0000 6.532156e+01
9011.2500 6.878816e+01
9012.5000 6.773473e+01
9013.7500 6.686456e+01
9015.0000 6.429053e+01
9016.2500 7.403237e+01
9017.5000 7.928728e+01
9018.7500 8.170609e+01
9020.0000 1.257028e+02
9021.2500 1.355537e+02
9022.5000 8.804354e+01
9023.7500 7.380912e+01
9025.0000 7.551991e+01
9026.2500 8.417622e+01
9027.5000 1.239377e+02
9028.7500 1.152076e+02
9030.0000 8.970208e+01
9031.2500 8.052565e+01
9032.5000 7.263242e+01
9033.7500 6.392113e+01
9035.0000 8.430807e+01
9036.2500 2.416866e+02
9037.5000 6.629222e+02
9038.7500 5.290072e+02
9040.0000 1.169231e+02
9041.2500 7.058383e+01
9042.5000 9.117480e+01
9043.7500 9.840474e+01
9045.0000 8.439973e+01
9046.2500 8.931670e+01
9047.5000 3.338228e+02
9048.7500 1.058342e+03
9050.0000 1.034607e+03
9051.2500 2.751852e+02
9052.5000 7.781291e+01
9053.7500 7.683714e+01
9055.0000 8.104289e+01
9056.2500 9.273579e+01
9057.5000 8.020778e+01
9058.7500 6.388433e+01
9060.0000 6.206863e+01
9061.2500 6.129906e+01
9062.5000 7.205415e+01
9063.7500 1.061924e+02
9065.0000 1.096052e+02
9066.2500 9.055750e+01
9067.5000 1.063958e+02
9068.7500 1.149465e+02
9070.0000 1.078503e+02
9071.2500 8.837658e+01
9072.5000 6.236337e+01
9073.7500 6.519146e+01
9075.0000 6.935732e+01
9076.2500 6.759713e+01
9077.5000 6.342083e+01
9078.7500 6.786667e+01
9080.0000 7.232233e+01
9081.2500 7.158908e+01
9082.5000 7.972780e+01
9083.7500 9.979166e+01
9085.0000 9.702833e+01
9086.2500 8.357352e+01
9087.5000 6.841113e+01
9088.7500 7.730000e+01
9090.0000 1.152206e+02
9091.2500 3.091871e+02
9092.5000 4.704676e+02
9093.7500 2.487061e+02
9095.0000 1.004936e+02
9096.2500 9.144092e+01
9097.5000 9.675018e+01
9098.7500 8.755631e+01
9100.0000 1.212311e+02
9101.2500 3.771482e+02
9102.5000 6.902242e+02
9103.7500 4.190744e+02
9105.0000 1.129168e+02
9106.2500 7.205225e+01
9107.5000 6.616676e+01
9108.7500 6.841058e+01
9110.0000 7.437611e+01
9111.2500 7.396096e+01
9112.5000 6.850832e+01
9113.7500 6.613710e+01
9115.0000 7.222488e+01
9116.2500 6.369278e+01
9117.5000 6.390484e+01
9118.7500 5.787184e+01
9120.0000 6.198121e+01
9121.2500 6.684196e+01
9122.5000 6.875158e+01
9123.7500 6.476165e+01
9125.0000 5.633257e+01
9126.2500 5.765566e+01
9127.5000 6.332986e+01
9128.7500 5.875402e+01
9130.0000 6.085661e+01
9131.2500 5.879257e+01
9132.5000 6.762382e+01
9133.7500 7.494772e+01
9135.0000 7.153742e+01
9136.2500 7.152669e+01
9137.5000 6.932952e+01
9138.7500 7.758577e+01
9140.0000 7.930004e+01
9141.2500 7.027344e+01
9142.5000 7.154073e+01
9143.7500 7.917030e+01
9145.0000 7.518240e+01
9146.2500 8.321899e+01
9147.5000 7.658447e+01
9148.7500 8.086245e+01
9150.0000 1.505223e+02
9151.2500 3.205829e+02
9152.5000 2.890745e+02
9153.7500 1.462888e+02
9155.0000 1.101255e+02
9156.2500 1.265880e+02
9157.5000 1.359286e+02
9158.7500 1.804813e+02
9160.0000 3.785396e+02
9161.2500 4.251566e+02
9162.5000 2.026895e+02
9163.7500 8.961147e+01
9165.0000 8.610593e+01
9166.2500 8.178101e+01
9167.5000 8.459594e+01
9168.7500 8.359155e+01
9170.0000 9.029340e+01
9171.2500 8.662675e+01
9172.5000 7.977502e+01
9173.7500 7.933984e+01
9175.0000 7.510876e+01
9176.2500 8.248371e+01
9177.5000 8.161680e+01
9178.7500 8.464971e+01
9180.0000 8.047233e+01
9181.2500 7.855497e+01
9182.5000 7.575098e+01
9183.7500 7.516769e+01
9185.0000 7.255901e+01
9186.2500 7.455431e+01
9187.5000 7.748002e+01
9188.7500 6.605652e+01
9190.0000 7.104808e+01
9191.2500 6.508585e+01
9192.5000 6.456059e+01
9193.7500 7.077628e+01
9195.0000 6.763579e+01
9196.2500 6.231601e+01
9197.5000 7.087492e+01
9198.7500 7.875691e+01
9200.0000 7.992986e+01
9201.2500 7.499581e+01
9202.5000 7.778523e+01
9203.7500 9.027766e+01
9205.0000 7.733813e+01
9206.2500 7.538331e+01
9207.5000 7.495586e+01
9208.7500 8.571766e+01
9210.0000 9.337575e+01
9211.2500 7.573138e+01
9212.5000 7.755634e+01
9213.7500 9.287776e+01
9215.0000 2.047402e+02
9216.2500 2.941920e+02
9217.5000 1.793229e+02
9218.7500 9.295916e+01
9220.0000 9.494118e+01
9221.2500 1.023360e+02
9222.5000 1.431502e+02
9223.7500 3.017961e+02
9225.0000 3.276099e+02
9226.2500 1.884864e+02
9227.5000 1.117211e+02
9228.7500 9.815770e+01
9230.0000 8.843208e+01
9231.2500 7.798862e+01
9232.5000 8.555911e+01
9233.7500 9.043920e+01
9235.0000 8.438380e+01
9236.2500 7.807459e+01
9237.5000 7.192754e+01
9238.7500 7.730813e+01
9240.0000 7.314704e+01
9241.2500 7.342715e+01
9242.5000 7.444358e+01
9243.7500 7.529095e+01
9245.0000 7.306863e+01
9246.2500 9.601536e+01
9247.5000 1.285276e+02
9248.7500 1.271165e+02
9250.0000 1.374611e+02
9251.2500 1.438399e+02
9252.5000 1.094742e+02
9253.7500 1.130872e+02
9255.0000 9.060519e+01
9256.2500 7.245377e+01
9257.5000 7.588667e+01
9258.7500 8.363152e+01
9260.0000 1.126243e+02
9261.2500 1.910448e+02
9262.5000 2.167085e+02
9263.7500 1.514888e+02
9265.0000 1.911503e+02
9266.2500 1.825710e+02
9267.5000 9.742661e+01
9268.7500 8.293076e+01
9270.0000 7.750482e+01
9271.2500 7.454132e+01
9272.5000 7.503471e+01
9273.7500 7.887653e+01
9275.0000 8.221832e+01
9276.2500 7.418883e+01
9277.5000 8.053106e+01
9278.7500 8.358144e+01
9280.0000 7.999054e+01
9281.2500 8.568022e+01
9282.5000 7.644949e+01
9283.7500 1.025300e+02
9285.0000 2.130078e+02
9286.2500 3.238360e+02
9287.5000 2.341498e+02
9288.7500 1.526224e+02
9290.0000 1.082682e+02
9291.2500 1.258531e+02
9292.5000 2.496924e+02
9293.7500 3.495688e+02
9295.0000 2.157656e+02
9296.2500 1.102886e+02
9297.5000 1.021678e+02
9298.7500 1.056658e+02
9300.0000 1.097834e+02
9301.2500 1.281224e+02
9302.5000 1.666141e+02
9303.7500 4.907433e+02
9305.0000 2.675834e+03
9306.2500 1.043379e+04
9307.5000 1.623466e+04
9308.7500 6.188191e+03
9310.0000 2.694480e+03
9311.2500 5.529429e+03
9312.5000 1.142344e+04
9313.7500 1.219845e+04
9315.0000 3.134123e+03
9316.2500 1.388004e+03
9317.5000 1.978484e+03
9318.7500 9.181676e+02
9320.0000 5.526513e+02
9321.2500 3.674209e+03
9322.5000 2.676723e+04
9323.7500 3.762084e+04
9325.0000 8.006100e+03
9326.2500 4.697582e+02
9327.5000 2.404420e+02
9328.7500 3.177595e+02
9330.0000 6.498268e+02
9331.2500 7.447220e+02
9332.5000 3.193557e+02
9333.7500 2.244155e+02
9335.0000 4.166616e+02
9336.2500 2.380598e+03
9337.5000 6.465380e+03
9338.7500 3.506194e+03
9340.0000 4.136833e+02
9341.2500 3.013117e+02
9342.5000 3.647202e+02
9343.7500 4.335728e+02
9345.0000 3.799279e+02
9346.2500 4.385687e+02
9347.5000 5.713281e+02
9348.7500 8.267332e+02
9350.0000 2.680990e+03
