4750.0000 9.881268e+02
4751.2500 4.545916e+02
4752.5000 3.944854e+02
4753.7500 3.932907e+02
4755.0000 3.327012e+02
4756.2500 2.824548e+02
4757.5000 2.735630e+02
4758.7500 2.521582e+02
4760.0000 2.532204e+02
4761.2500 2.206580e+02
4762.5000 2.086408e+02
4763.7500 2.022876e+02
4765.0000 1.877721e+02
4766.2500 2.004846e+02
4767.5000 2.010733e+02
4768.7500 2.113425e+02
4770.0000 2.084608e+02
4771.2500 1.968690e+02
4772.5000 1.982209e+02
4773.7500 1.919386e+02
4775.0000 2.165979e+02
4776.2500 2.056504e+02
4777.5000 1.991865e+02
4778.7500 1.988208e+02
4780.0000 2.120719e+02
4781.2500 1.824495e+02
4782.5000 1.924535e+02
4783.7500 1.900562e+02
4785.0000 1.781194e+02
4786.2500 1.865256e+02
4787.5000 1.833411e+02
4788.7500 1.896320e+02
4790.0000 1.888786e+02
4791.2500 1.905986e+02
4792.5000 1.863907e+02
4793.7500 1.986108e+02
4795.0000 2.020836e+02
4796.2500 1.897588e+02
4797.5000 1.811045e+02
4798.7500 1.730060e+02
4800.0000 1.735224e+02
4801.2500 1.694908e+02
4802.5000 1.892976e+02
4803.7500 1.813604e+02
4805.0000 1.758742e+02
4806.2500 1.669293e+02
4807.5000 1.801055e+02
4808.7500 1.543757e+02
4810.0000 1.520212e+02
4811.2500 1.603866e+02
4812.5000 1.745737e+02
4813.7500 1.668477e+02
4815.0000 1.742534e+02
4816.2500 1.935982e+02
4817.5000 1.862980e+02
4818.7500 1.894738e+02
4820.0000 1.950155e+02
4821.2500 2.050316e+02
4822.5000 1.898899e+02
4823.7500 1.848140e+02
4825.0000 1.898878e+02
4826.2500 1.922156e+02
4827.5000 1.882365e+02
4828.7500 2.167334e+02
4830.0000 1.790612e+02
4831.2500 1.929883e+02
4832.5000 2.076455e+02
4833.7500 2.219263e+02
4835.0000 1.864474e+02
4836.2500 2.029204e+02
4837.5000 1.926402e+02
4838.7500 1.864368e+02
4840.0000 1.881758e+02
4841.2500 1.872850e+02
4842.5000 1.929901e+02
4843.7500 1.950998e+02
4845.0000 1.803624e+02
4846.2500 1.907077e+02
4847.5000 1.723432e+02
4848.7500 1.567821e+02
4850.0000 1.684323e+02
4851.2500 1.696874e+02
4852.5000 1.746220e+02
4853.7500 1.598115e+02
4855.0000 1.479101e+02
4856.2500 1.375324e+02
4857.5000 1.369757e+02
4858.7500 1.436115e+02
4860.0000 1.925848e+02
4861.2500 2.266827e+02
4862.5000 2.109328e+02
4863.7500 1.479998e+02
4865.0000 1.378234e+02
4866.2500 1.647665e+02
4867.5000 1.548962e+02
4868.7500 1.627947e+02
4870.0000 1.539192e+02
4871.2500 1.446329e+02
4872.5000 1.484161e+02
4873.7500 1.533488e+02
4875.0000 1.514946e+02
4876.2500 1.562725e+02
4877.5000 1.609174e+02
4878.7500 1.798696e+02
4880.0000 1.788805e+02
4881.2500 1.848078e+02
4882.5000 1.645627e+02
4883.7500 1.498129e+02
4885.0000 1.656052e+02
4886.2500 1.685203e+02
4887.5000 1.684083e+02
4888.7500 1.603911e+02
4890.0000 1.781864e+02
4891.2500 1.709809e+02
4892.5000 1.755359e+02
4893.7500 1.545878e+02
4895.0000 1.744166e+02
4896.2500 1.801021e+02
4897.5000 1.675969e+02
4898.7500 1.642540e+02
4900.0000 1.661936e+02
4901.2500 1.625654e+02
4902.5000 1.583071e+02
4903.7500 1.527274e+02
4905.0000 1.669769e+02
4906.2500 1.681083e+02
4907.5000 1.455489e+02
4908.7500 1.465437e+02
4910.0000 1.433546e+02
4911.2500 1.363658e+02
4912.5000 1.391709e+02
4913.7500 1.431042e+02
4915.0000 1.507574e+02
4916.2500 1.404006e+02
4917.5000 1.415018e+02
4918.7500 1.332714e+02
4920.0000 1.223171e+02
4921.2500 1.356100e+02
4922.5000 1.484441e+02
4923.7500 1.474492e+02
4925.0000 1.515141e+02
4926.2500 1.495963e+02
4927.5000 1.409442e+02
4928.7500 1.450188e+02
4930.0000 1.571966e+02
4931.2500 1.588464e+02
4932.5000 1.447140e+02
4933.7500 1.477122e+02
4935.0000 1.560118e+02
4936.2500 1.553491e+02
4937.5000 1.692858e+02
4938.7500 1.541804e+02
4940.0000 1.310877e+02
4941.2500 1.600694e+02
4942.5000 1.581834e+02
4943.7500 1.456853e+02
4945.0000 1.426679e+02
4946.2500 1.450194e+02
4947.5000 1.513129e+02
4948.7500 1.460471e+02
4950.0000 1.432721e+02
4951.2500 1.566867e+02
4952.5000 1.627696e+02
4953.7500 1.608292e+02
4955.0000 1.520253e+02
4956.2500 1.401956e+02
4957.5000 1.351084e+02
4958.7500 1.383611e+02
4960.0000 1.478155e+02
4961.2500 1.452902e+02
4962.5000 1.428491e+02
4963.7500 1.366442e+02
4965.0000 1.397067e+02
4966.2500 1.542896e+02
4967.5000 1.559235e+02
4968.7500 1.505600e+02
4970.0000 1.469073e+02
4971.2500 1.477571e+02
4972.5000 1.355584e+02
4973.7500 1.385296e+02
4975.0000 1.424425e+02
4976.2500 1.301206e+02
4977.5000 1.490957e+02
4978.7500 1.442019e+02
4980.0000 1.382097e+02
4981.2500 1.338071e+02
4982.5000 1.361121e+02
4983.7500 1.345061e+02
4985.0000 1.431029e+02
4986.2500 1.470971e+02
4987.5000 1.540860e+02
4988.7500 1.631956e+02
4990.0000 1.679760e+02
4991.2500 1.576574e+02
4992.5000 1.593322e+02
4993.7500 1.534728e+02
4995.0000 1.565755e+02
4996.2500 1.602499e+02
4997.5000 1.499271e+02
4998.7500 1.386771e+02
5000.0000 1.498296e+02
5001.2500 1.488298e+02
5002.5000 1.388217e+02
5003.7500 1.322625e+02
5005.0000 1.380490e+02
5006.2500 1.484319e+02
5007.5000 1.507737e+02
5008.7500 1.337461e+02
5010.0000 1.391848e+02
5011.2500 1.362265e+02
5012.5000 1.192751e+02
5013.7500 1.280602e+02
5015.0000 1.192992e+02
5016.2500 1.203999e+02
5017.5000 1.259934e+02
5018.7500 1.316758e+02
5020.0000 1.264743e+02
5021.2500 1.210686e+02
5022.5000 1.176755e+02
5023.7500 1.206280e+02
5025.0000 1.193318e+02
5026.2500 1.188521e+02
5027.5000 1.232798e+02
5028.7500 1.232994e+02
5030.0000 1.220379e+02
5031.2500 1.321115e+02
5032.5000 1.287088e+02
5033.7500 1.268904e+02
5035.0000 1.191091e+02
5036.2500 1.168739e+02
5037.5000 1.204054e+02
5038.7500 1.207659e+02
5040.0000 1.122987e+02
5041.2500 1.156120e+02
5042.5000 1.281158e+02
5043.7500 1.320401e+02
5045.0000 1.318839e+02
5046.2500 1.386428e+02
5047.5000 1.329994e+02
5048.7500 1.373331e+02
5050.0000 1.325185e+02
5051.2500 1.306726e+02
5052.5000 1.398141e+02
5053.7500 1.355758e+02
5055.0000 1.401443e+02
5056.2500 1.368421e+02
5057.5000 1.448908e+02
5058.7500 1.467604e+02
5060.0000 1.410627e+02
5061.2500 1.449296e+02
5062.5000 1.396824e+02
5063.7500 1.272691e+02
5065.0000 1.284933e+02
5066.2500 1.273886e+02
5067.5000 1.283226e+02
5068.7500 1.231128e+02
5070.0000 1.325143e+02
5071.2500 1.210132e+02
5072.5000 1.276458e+02
5073.7500 1.261159e+02
5075.0000 1.186544e+02
5076.2500 1.283275e+02
5077.5000 1.106140e+02
5078.7500 1.105171e+02
5080.0000 1.098104e+02
5081.2500 1.081277e+02
5082.5000 1.098467e+02
5083.7500 1.124327e+02
5085.0000 1.117378e+02
5086.2500 1.169110e+02
5087.5000 1.090766e+02
5088.7500 1.030176e+02
5090.0000 1.085457e+02
5091.2500 1.178979e+02
5092.5000 1.161869e+02
5093.7500 1.138144e+02
5095.0000 1.094891e+02
5096.2500 1.106895e+02
5097.5000 1.123649e+02
5098.7500 1.129265e+02
5100.0000 1.144585e+02
5101.2500 1.282410e+02
5102.5000 1.171765e+02
5103.7500 1.237491e+02
5105.0000 1.187898e+02
5106.2500 1.174317e+02
5107.5000 1.203406e+02
5108.7500 1.206003e+02
5110.0000 1.214645e+02
5111.2500 1.169128e+02
5112.5000 1.254443e+02
5113.7500 1.321606e+02
5115.0000 1.252607e+02
5116.2500 1.216487e+02
5117.5000 1.305227e+02
5118.7500 1.315119e+02
5120.0000 1.312137e+02
5121.2500 1.322546e+02
5122.5000 1.161792e+02
5123.7500 1.283101e+02
5125.0000 1.215609e+02
5126.2500 1.193092e+02
5127.5000 1.343655e+02
5128.7500 1.226054e+02
5130.0000 1.269239e+02
5131.2500 1.357844e+02
5132.5000 1.356026e+02
5133.7500 1.275131e+02
5135.0000 1.243869e+02
5136.2500 1.317454e+02
5137.5000 1.236279e+02
5138.7500 1.158219e+02
5140.0000 1.133238e+02
5141.2500 1.176436e+02
5142.5000 1.187759e+02
5143.7500 1.120743e+02
5145.0000 1.089200e+02
5146.2500 1.079446e+02
5147.5000 1.092641e+02
5148.7500 1.002360e+02
5150.0000 1.043052e+02
5151.2500 9.932664e+01
5152.5000 9.857603e+01
5153.7500 1.058953e+02
5155.0000 1.006687e+02
5156.2500 1.036172e+02
5157.5000 1.062026e+02
5158.7500 1.056487e+02
5160.0000 1.063357e+02
5161.2500 1.052267e+02
5162.5000 1.092835e+02
5163.7500 1.064477e+02
5165.0000 9.971041e+01
5166.2500 9.499326e+01
5167.5000 9.377050e+01
5168.7500 1.061538e+02
5170.0000 1.016848e+02
5171.2500 9.839697e+01
5172.5000 1.010422e+02
5173.7500 1.120975e+02
5175.0000 1.259527e+02
5176.2500 1.203234e+02
5177.5000 1.218456e+02
5178.7500 1.211860e+02
5180.0000 1.258415e+02
5181.2500 1.188675e+02
5182.5000 1.061739e+02
5183.7500 9.501053e+01
5185.0000 1.020476e+02
5186.2500 1.230800e+02
5187.5000 1.440475e+02
5188.7500 1.388154e+02
5190.0000 1.337564e+02
5191.2500 1.232831e+02
5192.5000 1.209862e+02
5193.7500 1.204632e+02
5195.0000 1.234912e+02
5196.2500 1.439147e+02
5197.5000 1.957355e+02
5198.7500 1.992437e+02
5200.0000 1.766104e+02
5201.2500 1.506080e+02
5202.5000 1.526561e+02
5203.7500 1.373452e+02
5205.0000 1.164995e+02
5206.2500 1.068134e+02
5207.5000 1.116760e+02
5208.7500 1.120432e+02
5210.0000 1.132840e+02
5211.2500 1.137417e+02
5212.5000 1.101082e+02
5213.7500 1.040448e+02
5215.0000 1.020971e+02
5216.2500 1.052489e+02
5217.5000 1.082350e+02
5218.7500 1.046010e+02
5220.0000 9.985365e+01
5221.2500 9.985751e+01
5222.5000 1.095153e+02
5223.7500 1.171967e+02
5225.0000 1.080117e+02
5226.2500 8.789189e+01
5227.5000 8.983672e+01
5228.7500 9.715418e+01
5230.0000 1.039398e+02
5231.2500 1.089207e+02
5232.5000 1.047209e+02
5233.7500 9.250143e+01
5235.0000 9.947997e+01
5236.2500 1.064607e+02
5237.5000 1.289670e+02
5238.7500 1.357524e+02
5240.0000 1.275346e+02
5241.2500 1.060698e+02
5242.5000 1.076815e+02
5243.7500 1.140700e+02
5245.0000 1.090386e+02
5246.2500 1.123523e+02
5247.5000 1.039134e+02
5248.7500 1.203911e+02
5250.0000 1.189968e+02
5251.2500 1.139565e+02
5252.5000 1.154573e+02
5253.7500 1.225599e+02
5255.0000 1.323910e+02
5256.2500 1.479246e+02
5257.5000 1.227803e+02
5258.7500 1.230402e+02
5260.0000 1.205281e+02
5261.2500 1.127948e+02
5262.5000 1.001563e+02
5263.7500 1.072706e+02
5265.0000 1.014278e+02
5266.2500 9.999124e+01
5267.5000 1.030322e+02
5268.7500 1.032953e+02
5270.0000 1.059681e+02
5271.2500 1.109517e+02
5272.5000 1.112659e+02
5273.7500 1.196205e+02
5275.0000 1.321764e+02
5276.2500 1.382116e+02
5277.5000 1.192233e+02
5278.7500 1.098675e+02
5280.0000 1.042598e+02
5281.2500 1.037678e+02
5282.5000 9.252331e+01
5283.7500 9.979712e+01
5285.0000 1.005446e+02
5286.2500 1.075554e+02
5287.5000 1.067135e+02
5288.7500 9.981490e+01
5290.0000 9.963548e+01
5291.2500 9.772408e+01
5292.5000 9.871041e+01
5293.7500 1.002103e+02
5295.0000 9.712531e+01
5296.2500 8.960599e+01
5297.5000 9.336624e+01
5298.7500 1.025057e+02
5300.0000 9.446724e+01
5301.2500 9.037344e+01
5302.5000 9.173135e+01
5303.7500 9.320763e+01
5305.0000 9.946114e+01
5306.2500 9.344343e+01
5307.5000 9.665593e+01
5308.7500 9.139436e+01
5310.0000 9.744374e+01
5311.2500 9.997051e+01
5312.5000 1.080589e+02
5313.7500 1.127122e+02
5315.0000 1.037759e+02
5316.2500 1.024977e+02
5317.5000 1.075900e+02
5318.7500 1.039363e+02
5320.0000 1.113514e+02
5321.2500 1.121096e+02
5322.5000 1.189480e+02
5323.7500 1.081383e+02
5325.0000 1.122869e+02
5326.2500 1.164545e+02
5327.5000 1.116471e+02
5328.7500 1.232172e+02
5330.0000 1.394249e+02
5331.2500 1.348939e+02
5332.5000 1.094138e+02
5333.7500 1.098483e+02
5335.0000 1.178518e+02
5336.2500 1.162925e+02
5337.5000 1.142802e+02
5338.7500 1.108140e+02
5340.0000 1.062081e+02
5341.2500 1.074141e+02
5342.5000 1.132018e+02
5343.7500 1.088111e+02
5345.0000 1.162311e+02
5346.2500 1.138139e+02
5347.5000 1.162540e+02
5348.7500 1.158834e+02
5350.0000 1.165576e+02
5351.2500 1.124575e+02
5352.5000 1.172633e+02
5353.7500 1.139300e+02
5355.0000 1.195260e+02
5356.2500 1.055043e+02
5357.5000 1.038800e+02
5358.7500 1.017761e+02
5360.0000 1.035851e+02
5361.2500 1.043497e+02
5362.5000 1.034060e+02
5363.7500 9.697515e+01
5365.0000 9.249238e+01
5366.2500 9.597986e+01
5367.5000 9.643708e+01
5368.7500 9.811628e+01
5370.0000 9.407308e+01
5371.2500 9.236686e+01
5372.5000 9.572001e+01
5373.7500 8.902348e+01
5375.0000 9.580458e+01
5376.2500 9.225085e+01
5377.5000 8.880140e+01
5378.7500 8.855166e+01
5380.0000 8.968513e+01
5381.2500 8.882781e+01
5382.5000 9.033878e+01
5383.7500 8.960090e+01
5385.0000 8.935111e+01
5386.2500 9.048562e+01
5387.5000 9.292776e+01
5388.7500 8.800343e+01
5390.0000 8.848426e+01
5391.2500 9.201363e+01
5392.5000 9.306267e+01
5393.7500 9.589575e+01
5395.0000 9.543226e+01
5396.2500 9.671081e+01
5397.5000 1.018531e+02
5398.7500 9.700188e+01
5400.0000 1.019327e+02
5401.2500 9.676923e+01
5402.5000 1.016274e+02
5403.7500 9.024190e+01
5405.0000 1.007633e+02
5406.2500 1.007246e+02
5407.5000 9.836816e+01
5408.7500 1.006325e+02
5410.0000 1.027405e+02
5411.2500 1.026816e+02
5412.5000 9.988352e+01
5413.7500 9.584311e+01
5415.0000 9.602673e+01
5416.2500 1.059489e+02
5417.5000 1.020123e+02
5418.7500 9.781706e+01
5420.0000 1.047017e+02
5421.2500 9.803098e+01
5422.5000 1.080487e+02
5423.7500 9.628600e+01
5425.0000 9.986454e+01
5426.2500 9.725364e+01
5427.5000 1.024237e+02
5428.7500 1.008028e+02
5430.0000 1.037223e+02
5431.2500 1.048288e+02
5432.5000 1.042783e+02
5433.7500 1.045830e+02
5435.0000 1.052502e+02
5436.2500 9.942234e+01
5437.5000 1.023581e+02
5438.7500 1.051267e+02
5440.0000 1.010878e+02
5441.2500 9.625065e+01
5442.5000 9.887911e+01
5443.7500 9.869998e+01
5445.0000 9.141544e+01
5446.2500 9.607425e+01
5447.5000 8.816424e+01
5448.7500 9.189053e+01
5450.0000 9.960915e+01
5451.2500 9.093372e+01
5452.5000 9.252218e+01
5453.7500 9.071069e+01
5455.0000 8.463255e+01
5456.2500 8.952935e+01
5457.5000 9.340568e+01
5458.7500 9.847861e+01
5460.0000 1.002130e+02
5461.2500 1.078438e+02
5462.5000 9.322615e+01
5463.7500 8.991332e+01
5465.0000 9.265622e+01
5466.2500 9.658707e+01
5467.5000 9.155169e+01
5468.7500 9.167405e+01
5470.0000 9.020976e+01
5471.2500 9.311331e+01
5472.5000 9.233313e+01
5473.7500 8.841124e+01
5475.0000 9.436711e+01
5476.2500 8.786298e+01
5477.5000 8.974733e+01
5478.7500 9.254003e+01
5480.0000 9.713052e+01
5481.2500 9.933226e+01
5482.5000 9.388405e+01
5483.7500 1.050288e+02
5485.0000 1.015758e+02
5486.2500 9.635603e+01
5487.5000 9.704922e+01
5488.7500 9.715247e+01
5490.0000 9.466029e+01
5491.2500 1.000284e+02
5492.5000 1.043953e+02
5493.7500 9.656618e+01
5495.0000 9.726593e+01
5496.2500 9.939830e+01
5497.5000 9.789444e+01
5498.7500 1.032854e+02
5500.0000 1.045548e+02
5501.2500 9.962804e+01
5502.5000 1.031106e+02
5503.7500 1.004405e+02
5505.0000 1.060551e+02
5506.2500 9.846771e+01
5507.5000 1.027121e+02
5508.7500 1.032238e+02
5510.0000 1.009639e+02
5511.2500 9.862278e+01
5512.5000 1.034063e+02
5513.7500 1.059537e+02
5515.0000 9.899448e+01
5516.2500 9.765040e+01
5517.5000 1.009720e+02
5518.7500 1.001450e+02
5520.0000 9.979745e+01
5521.2500 1.036903e+02
5522.5000 9.933723e+01
5523.7500 9.669242e+01
5525.0000 9.812348e+01
5526.2500 9.463180e+01
5527.5000 9.082200e+01
5528.7500 8.513286e+01
5530.0000 9.834253e+01
5531.2500 9.689055e+01
5532.5000 9.310896e+01
5533.7500 9.102633e+01
5535.0000 8.871626e+01
5536.2500 9.392711e+01
5537.5000 9.725813e+01
5538.7500 9.668278e+01
5540.0000 9.448938e+01
5541.2500 1.116734e+02
5542.5000 1.176356e+02
5543.7500 1.199576e+02
5545.0000 1.207339e+02
5546.2500 9.515772e+01
5547.5000 9.486240e+01
5548.7500 9.895559e+01
5550.0000 9.887507e+01
5551.2500 9.466988e+01
5552.5000 8.942165e+01
5553.7500 8.847599e+01
5555.0000 8.868540e+01
5556.2500 9.314509e+01
5557.5000 9.127141e+01
5558.7500 9.408604e+01
5560.0000 9.328519e+01
5561.2500 9.687788e+01
5562.5000 1.161803e+02
5563.7500 1.424180e+02
5565.0000 1.219633e+02
5566.2500 9.612631e+01
5567.5000 9.800070e+01
5568.7500 1.093255e+02
5570.0000 1.126451e+02
5571.2500 1.064266e+02
5572.5000 1.056264e+02
5573.7500 1.303813e+02
5575.0000 8.054692e+02
5576.2500 6.397344e+03
5577.5000 9.759021e+03
5578.7500 2.843854e+03
5580.0000 2.216676e+02
5581.2500 1.261706e+02
5582.5000 1.078566e+02
5583.7500 1.095984e+02
5585.0000 9.716254e+01
5586.2500 9.675705e+01
5587.5000 1.084734e+02
5588.7500 1.399305e+02
5590.0000 1.246375e+02
5591.2500 1.035732e+02
5592.5000 9.407173e+01
5593.7500 9.938265e+01
5595.0000 9.433639e+01
5596.2500 1.039984e+02
5597.5000 1.093910e+02
5598.7500 1.067633e+02
5600.0000 9.379490e+01
5601.2500 9.021525e+01
5602.5000 9.720906e+01
5603.7500 1.278271e+02
5605.0000 1.419532e+02
5606.2500 1.243797e+02
5607.5000 9.757122e+01
5608.7500 9.612875e+01
5610.0000 9.412594e+01
5611.2500 8.698914e+01
5612.5000 9.435360e+01
5613.7500 9.237782e+01
5615.0000 8.554665e+01
5616.2500 1.001983e+02
5617.5000 1.028422e+02
5618.7500 9.477421e+01
5620.0000 8.741338e+01
5621.2500 9.337625e+01
5622.5000 1.125745e+02
5623.7500 1.209493e+02
5625.0000 1.047470e+02
5626.2500 8.886976e+01
5627.5000 8.700626e+01
5628.7500 8.469096e+01
5630.0000 9.177210e+01
5631.2500 8.872511e+01
5632.5000 9.234048e+01
5633.7500 9.018567e+01
5635.0000 8.770314e+01
5636.2500 8.303298e+01
5637.5000 8.849900e+01
5638.7500 9.522568e+01
5640.0000 9.326467e+01
5641.2500 8.586401e+01
5642.5000 8.857327e+01
5643.7500 9.656487e+01
5645.0000 1.092243e+02
5646.2500 1.000848e+02
5647.5000 9.037486e+01
5648.7500 8.708543e+01
5650.0000 8.778779e+01
5651.2500 8.870059e+01
5652.5000 8.590513e+01
5653.7500 9.218771e+01
5655.0000 9.182442e+01
5656.2500 8.300092e+01
5657.5000 8.743241e+01
5658.7500 8.665921e+01
5660.0000 8.775784e+01
5661.2500 8.778966e+01
5662.5000 9.007468e+01
5663.7500 9.790315e+01
5665.0000 9.283029e+01
5666.2500 9.315928e+01
5667.5000 9.825608e+01
5668.7500 1.009467e+02
5670.0000 1.009978e+02
5671.2500 1.000321e+02
5672.5000 9.672105e+01
5673.7500 1.042341e+02
5675.0000 9.878688e+01
5676.2500 9.815975e+01
5677.5000 1.004783e+02
5678.7500 9.871912e+01
5680.0000 1.043548e+02
5681.2500 1.041085e+02
5682.5000 1.003286e+02
5683.7500 1.064979e+02
5685.0000 1.014312e+02
5686.2500 1.014951e+02
5687.5000 1.007911e+02
5688.7500 1.018886e+02
5690.0000 1.005568e+02
5691.2500 1.024328e+02
5692.5000 1.061028e+02
5693.7500 9.638522e+01
5695.0000 1.018302e+02
5696.2500 1.136274e+02
5697.5000 1.055034e+02
5698.7500 1.003762e+02
5700.0000 1.049781e+02
5701.2500 1.014684e+02
5702.5000 1.062440e+02
5703.7500 1.053802e+02
5705.0000 1.076229e+02
5706.2500 1.030335e+02
5707.5000 9.879428e+01
5708.7500 9.644086e+01
5710.0000 9.925816e+01
5711.2500 9.683040e+01
5712.5000 1.021452e+02
5713.7500 9.854636e+01
5715.0000 9.343489e+01
5716.2500 9.794657e+01
5717.5000 9.997707e+01
5718.7500 9.627621e+01
5720.0000 1.005177e+02
5721.2500 9.351283e+01
5722.5000 1.002873e+02
5723.7500 9.880243e+01
5725.0000 9.927522e+01
5726.2500 9.276857e+01
5727.5000 9.065669e+01
5728.7500 9.228280e+01
5730.0000 8.902623e+01
5731.2500 8.802261e+01
5732.5000 8.960857e+01
5733.7500 8.867823e+01
5735.0000 8.823895e+01
5736.2500 8.986090e+01
5737.5000 8.799948e+01
5738.7500 8.576825e+01
5740.0000 8.681862e+01
5741.2500 7.925226e+01
5742.5000 8.334417e+01
5743.7500 8.623946e+01
5745.0000 8.384174e+01
5746.2500 8.202731e+01
5747.5000 8.231984e+01
5748.7500 8.472369e+01
5750.0000 8.748732e+01
5751.2500 8.515997e+01
5752.5000 7.775584e+01
5753.7500 8.575536e+01
5755.0000 8.715157e+01
5756.2500 9.134286e+01
5757.5000 9.243751e+01
5758.7500 9.271210e+01
5760.0000 8.953974e+01
5761.2500 9.095763e+01
5762.5000 8.663471e+01
5763.7500 9.245050e+01
5765.0000 9.337431e+01
5766.2500 9.824026e+01
5767.5000 9.765283e+01
5768.7500 9.511735e+01
5770.0000 9.872473e+01
5771.2500 9.437839e+01
5772.5000 9.640630e+01
5773.7500 9.877207e+01
5775.0000 9.176117e+01
5776.2500 9.986397e+01
5777.5000 9.605706e+01
5778.7500 1.025345e+02
5780.0000 9.249915e+01
5781.2500 9.041407e+01
5782.5000 9.596143e+01
5783.7500 9.513687e+01
5785.0000 8.876964e+01
5786.2500 9.434468e+01
5787.5000 1.002452e+02
5788.7500 1.036269e+02
5790.0000 1.021113e+02
5791.2500 1.012184e+02
5792.5000 1.021286e+02
5793.7500 1.016387e+02
5795.0000 1.008385e+02
5796.2500 1.023490e+02
5797.5000 1.002175e+02
5798.7500 9.497125e+01
5800.0000 9.624073e+01
5801.2500 9.364470e+01
5802.5000 1.031665e+02
5803.7500 1.004315e+02
5805.0000 9.867040e+01
5806.2500 1.011674e+02
5807.5000 9.991994e+01
5808.7500 9.926808e+01
5810.0000 9.666931e+01
5811.2500 9.775039e+01
5812.5000 9.631622e+01
5813.7500 1.013062e+02
5815.0000 9.834703e+01
5816.2500 9.399947e+01
5817.5000 1.003055e+02
5818.7500 1.024908e+02
5820.0000 9.751645e+01
5821.2500 9.814470e+01
5822.5000 9.416911e+01
5823.7500 9.489435e+01
5825.0000 9.707214e+01
5826.2500 9.539503e+01
5827.5000 9.438775e+01
5828.7500 9.285777e+01
5830.0000 9.377540e+01
5831.2500 9.123632e+01
5832.5000 9.104552e+01
5833.7500 9.134583e+01
5835.0000 9.345804e+01
5836.2500 9.016414e+01
5837.5000 8.670808e+01
5838.7500 9.012035e+01
5840.0000 8.409290e+01
5841.2500 8.907135e+01
5842.5000 8.684547e+01
5843.7500 8.740632e+01
5845.0000 7.770049e+01
5846.2500 7.792511e+01
5847.5000 7.725706e+01
5848.7500 7.937889e+01
5850.0000 8.120578e+01
5851.2500 7.661249e+01
5852.5000 7.670399e+01
5853.7500 7.876923e+01
5855.0000 7.426344e+01
5856.2500 7.273011e+01
5857.5000 7.381190e+01
5858.7500 7.370448e+01
5860.0000 7.527155e+01
5861.2500 7.760893e+01
5862.5000 7.761172e+01
5863.7500 9.870467e+01
5865.0000 1.432862e+02
5866.2500 1.719107e+02
5867.5000 1.668473e+02
5868.7500 1.412589e+02
5870.0000 1.026297e+02
5871.2500 9.270686e+01
5872.5000 1.009560e+02
5873.7500 9.613124e+01
5875.0000 9.312106e+01
5876.2500 8.810013e+01
5877.5000 8.547462e+01
5878.7500 8.672498e+01
5880.0000 8.378720e+01
5881.2500 8.269314e+01
5882.5000 8.349767e+01
5883.7500 9.493162e+01
5885.0000 1.014195e+02
5886.2500 1.331236e+02
5887.5000 2.611503e+02
5888.7500 5.657361e+02
5890.0000 7.380292e+02
5891.2500 3.873365e+02
5892.5000 1.248081e+02
5893.7500 1.770658e+02
5895.0000 4.135271e+02
5896.2500 4.659139e+02
5897.5000 2.041183e+02
5898.7500 1.007154e+02
5900.0000 1.006050e+02
5901.2500 1.003024e+02
5902.5000 1.097649e+02
5903.7500 1.167775e+02
5905.0000 1.208612e+02
5906.2500 1.453123e+02
5907.5000 1.381666e+02
5908.7500 1.140035e+02
5910.0000 1.034399e+02
5911.2500 9.722633e+01
5912.5000 9.802230e+01
5913.7500 1.534103e+02
5915.0000 2.484568e+02
5916.2500 1.890656e+02
5917.5000 1.062742e+02
5918.7500 9.995755e+01
5920.0000 9.779419e+01
5921.2500 1.032039e+02
5922.5000 1.085050e+02
5923.7500 1.437850e+02
5925.0000 1.507421e+02
5926.2500 1.162786e+02
5927.5000 1.020478e+02
5928.7500 1.012859e+02
5930.0000 9.973375e+01
5931.2500 1.646656e+02
5932.5000 2.790182e+02
5933.7500 2.120278e+02
5935.0000 1.087562e+02
5936.2500 9.758789e+01
5937.5000 1.053331e+02
5938.7500 9.967001e+01
5940.0000 9.733454e+01
5941.2500 9.843391e+01
5942.5000 9.152277e+01
5943.7500 1.040023e+02
5945.0000 1.433997e+02
5946.2500 1.473779e+02
5947.5000 1.056768e+02
5948.7500 9.843944e+01
5950.0000 9.299456e+01
5951.2500 1.207055e+02
5952.5000 2.152361e+02
5953.7500 2.181777e+02
5955.0000 1.185257e+02
5956.2500 9.424532e+01
5957.5000 1.011664e+02
5958.7500 1.014160e+02
5960.0000 8.866893e+01
5961.2500 9.085543e+01
5962.5000 9.280800e+01
5963.7500 9.144855e+01
5965.0000 9.421191e+01
5966.2500 9.311095e+01
5967.5000 9.202918e+01
5968.7500 1.049261e+02
5970.0000 1.243644e+02
5971.2500 1.059156e+02
5972.5000 9.479912e+01
5973.7500 8.641035e+01
5975.0000 1.014756e+02
5976.2500 1.452290e+02
5977.5000 1.464280e+02
5978.7500 9.632770e+01
5980.0000 8.474757e+01
5981.2500 8.832292e+01
5982.5000 8.337943e+01
5983.7500 8.150983e+01
5985.0000 7.735860e+01
5986.2500 7.719396e+01
5987.5000 7.968764e+01
5988.7500 7.812050e+01
5990.0000 7.573403e+01
5991.2500 7.908793e+01
5992.5000 7.703606e+01
5993.7500 7.715311e+01
5995.0000 7.666208e+01
5996.2500 8.508984e+01
5997.5000 9.114452e+01
5998.7500 8.711487e+01
6000.0000 7.833943e+01
6001.2500 7.745757e+01
6002.5000 9.294584e+01
6003.7500 1.067215e+02
6005.0000 9.521006e+01
6006.2500 7.457274e+01
6007.5000 7.462772e+01
6008.7500 7.335851e+01
6010.0000 7.579419e+01
6011.2500 7.723037e+01
6012.5000 7.449572e+01
6013.7500 7.183638e+01
6015.0000 7.544791e+01
6016.2500 7.294124e+01
6017.5000 7.258839e+01
6018.7500 7.537640e+01
6020.0000 7.208434e+01
6021.2500 7.590783e+01
6022.5000 7.594395e+01
6023.7500 7.255872e+01
6025.0000 7.494275e+01
6026.2500 7.593187e+01
6027.5000 8.316281e+01
6028.7500 8.230536e+01
6030.0000 7.941499e+01
6031.2500 8.064506e+01
6032.5000 8.607511e+01
6033.7500 9.863869e+01
6035.0000 8.824092e+01
6036.2500 8.022630e+01
6037.5000 7.698466e+01
6038.7500 8.337580e+01
6040.0000 8.431799e+01
6041.2500 8.295335e+01
6042.5000 8.198183e+01
6043.7500 8.129802e+01
6045.0000 8.208614e+01
6046.2500 8.545772e+01
6047.5000 8.327560e+01
6048.7500 8.150323e+01
6050.0000 8.107775e+01
6051.2500 8.087669e+01
6052.5000 8.549596e+01
6053.7500 8.507495e+01
6055.0000 7.680067e+01
6056.2500 8.495779e+01
6057.5000 8.453651e+01
6058.7500 8.476837e+01
6060.0000 8.002045e+01
6061.2500 9.037524e+01
6062.5000 9.846533e+01
6063.7500 9.229500e+01
6065.0000 8.432146e+01
6066.2500 9.484460e+01
6067.5000 1.008609e+02
6068.7500 9.516246e+01
6070.0000 8.328128e+01
6071.2500 8.446974e+01
6072.5000 9.072053e+01
6073.7500 8.522550e+01
6075.0000 8.608699e+01
6076.2500 8.439550e+01
6077.5000 8.748991e+01
6078.7500 8.002238e+01
6080.0000 8.451376e+01
6081.2500 8.342153e+01
6082.5000 8.478725e+01
6083.7500 8.422086e+01
6085.0000 7.901139e+01
6086.2500 8.157970e+01
6087.5000 7.878540e+01
6088.7500 7.930946e+01
6090.0000 7.497484e+01
6091.2500 8.000671e+01
6092.5000 7.715741e+01
6093.7500 7.962280e+01
6095.0000 8.104012e+01
6096.2500 8.064941e+01
6097.5000 8.428109e+01
6098.7500 8.283028e+01
6100.0000 8.669928e+01
6101.2500 7.962462e+01
6102.5000 7.823066e+01
6103.7500 8.621288e+01
6105.0000 8.689101e+01
6106.2500 8.113177e+01
6107.5000 7.769365e+01
6108.7500 7.766678e+01
6110.0000 7.867673e+01
6111.2500 8.387009e+01
6112.5000 8.230238e+01
6113.7500 8.522984e+01
6115.0000 7.950847e+01
6116.2500 7.952541e+01
6117.5000 7.828880e+01
6118.7500 8.107326e+01
6120.0000 7.722256e+01
6121.2500 7.744660e+01
6122.5000 7.365836e+01
6123.7500 7.674177e+01
6125.0000 7.555462e+01
6126.2500 7.521313e+01
6127.5000 7.959991e+01
6128.7500 7.736209e+01
6130.0000 7.425032e+01
6131.2500 7.529959e+01
6132.5000 7.448435e+01
6133.7500 7.635481e+01
6135.0000 7.829381e+01
6136.2500 8.595591e+01
6137.5000 8.888472e+01
6138.7500 1.010770e+02
6140.0000 9.742954e+01
6141.2500 8.057461e+01
6142.5000 8.751437e+01
6143.7500 1.123198e+02
6145.0000 9.445207e+01
6146.2500 7.823364e+01
6147.5000 7.181824e+01
6148.7500 7.334113e+01
6150.0000 7.689645e+01
6151.2500 8.054234e+01
6152.5000 7.324668e+01
6153.7500 7.393800e+01
6155.0000 7.862894e+01
6156.2500 9.357990e+01
6157.5000 9.476795e+01
6158.7500 8.364468e+01
6160.0000 7.200362e+01
6161.2500 6.843731e+01
6162.5000 6.217035e+01
6163.7500 6.565668e+01
6165.0000 6.638851e+01
6166.2500 6.712027e+01
6167.5000 6.568854e+01
6168.7500 8.693961e+01
6170.0000 1.245498e+02
6171.2500 1.146964e+02
6172.5000 7.255944e+01
6173.7500 6.768079e+01
6175.0000 7.860230e+01
6176.2500 7.938924e+01
6177.5000 7.408234e+01
6178.7500 6.444930e+01
6180.0000 6.401004e+01
6181.2500 6.840820e+01
6182.5000 6.571105e+01
6183.7500 7.306544e+01
6185.0000 7.647562e+01
6186.2500 7.127495e+01
6187.5000 6.850130e+01
6188.7500 6.749496e+01
6190.0000 6.849216e+01
6191.2500 6.638649e+01
6192.5000 7.852721e+01
6193.7500 8.038594e+01
6195.0000 6.854477e+01
6196.2500 6.311404e+01
6197.5000 6.625942e+01
6198.7500 6.810316e+01
6200.0000 6.642825e+01
6201.2500 9.240649e+01
6202.5000 1.231082e+02
6203.7500 9.663362e+01
6205.0000 7.057146e+01
6206.2500 6.971785e+01
6207.5000 7.317070e+01
6208.7500 6.992042e+01
6210.0000 6.757367e+01
6211.2500 7.514900e+01
6212.5000 8.870046e+01
6213.7500 8.302191e+01
6215.0000 7.490434e+01
6216.2500 6.688844e+01
6217.5000 6.760236e+01
6218.7500 6.900688e+01
6220.0000 8.781689e+01
6221.2500 1.299288e+02
6222.5000 1.151347e+02
6223.7500 7.619364e+01
6225.0000 7.048283e+01
6226.2500 6.864716e+01
6227.5000 6.744616e+01
6228.7500 6.568938e+01
6230.0000 6.783995e+01
6231.2500 6.938161e+01
6232.5000 9.096648e+01
6233.7500 1.773298e+02
6235.0000 2.874456e+02
6236.2500 2.767019e+02
6237.5000 1.668670e+02
6238.7500 1.004560e+02
6240.0000 1.189419e+02
6241.2500 1.238257e+02
6242.5000 1.244641e+02
6243.7500 1.202788e+02
6245.0000 8.372405e+01
6246.2500 7.136836e+01
6247.5000 7.783060e+01
6248.7500 7.751690e+01
6250.0000 7.332536e+01
6251.2500 6.738485e+01
6252.5000 6.721309e+01
6253.7500 7.078562e+01
6255.0000 7.749100e+01
6256.2500 1.656967e+02
6257.5000 3.364631e+02
6258.7500 2.610570e+02
6260.0000 9.402223e+01
6261.2500 8.282236e+01
6262.5000 8.718147e+01
6263.7500 1.180715e+02
6265.0000 1.568506e+02
6266.2500 1.145037e+02
6267.5000 9.423166e+01
6268.7500 9.295956e+01
6270.0000 7.342207e+01
6271.2500 7.425990e+01
6272.5000 7.304932e+01
6273.7500 8.367122e+01
6275.0000 1.040055e+02
6276.2500 1.104774e+02
6277.5000 1.264568e+02
6278.7500 1.124462e+02
6280.0000 7.867372e+01
6281.2500 7.356329e+01
6282.5000 7.383505e+01
6283.7500 7.829829e+01
6285.0000 8.854443e+01
6286.2500 2.206382e+02
6287.5000 2.918337e+02
6288.7500 1.547786e+02
6290.0000 9.308702e+01
6291.2500 7.298595e+01
6292.5000 7.002464e+01
6293.7500 7.453143e+01
6295.0000 8.483504e+01
6296.2500 1.201481e+02
6297.5000 1.915011e+02
6298.7500 8.417878e+02
6300.0000 1.984848e+03
6301.2500 1.237754e+03
6302.5000 1.272477e+02
6303.7500 8.228798e+01
6305.0000 1.464727e+02
6306.2500 3.408634e+02
6307.5000 3.258503e+02
6308.7500 1.125392e+02
6310.0000 7.586278e+01
6311.2500 7.456321e+01
6312.5000 7.637733e+01
6313.7500 7.634415e+01
6315.0000 6.615562e+01
6316.2500 6.706059e+01
6317.5000 6.707450e+01
6318.7500 6.880472e+01
6320.0000 1.169419e+02
6321.2500 1.396048e+02
6322.5000 9.997076e+01
6323.7500 6.989192e+01
6325.0000 6.919419e+01
6326.2500 7.028505e+01
6327.5000 8.517944e+01
6328.7500 2.227950e+02
6330.0000 2.542349e+02
6331.2500 1.186074e+02
6332.5000 6.760167e+01
6333.7500 6.550994e+01
6335.0000 6.963622e+01
6336.2500 6.287154e+01
6337.5000 5.962936e+01
6338.7500 6.429715e+01
6340.0000 6.694978e+01
6341.2500 6.560942e+01
6342.5000 6.983012e+01
6343.7500 6.992505e+01
6345.0000 6.596026e+01
6346.2500 6.947119e+01
6347.5000 1.064357e+02
6348.7500 1.186057e+02
6350.0000 7.896949e+01
6351.2500 6.553566e+01
6352.5000 6.404118e+01
6353.7500 7.158821e+01
6355.0000 1.403873e+02
6356.2500 1.879475e+02
6357.5000 1.078044e+02
6358.7500 6.997888e+01
6360.0000 6.886519e+01
6361.2500 9.305778e+01
6362.5000 3.509453e+02
6363.7500 5.165778e+02
6365.0000 2.295587e+02
6366.2500 7.275768e+01
6367.5000 6.236964e+01
6368.7500 5.992996e+01
6370.0000 6.281036e+01
6371.2500 6.138612e+01
6372.5000 6.370158e+01
6373.7500 6.201112e+01
6375.0000 6.066985e+01
6376.2500 5.988136e+01
6377.5000 7.037376e+01
6378.7500 8.717558e+01
6380.0000 7.836528e+01
6381.2500 6.074411e+01
6382.5000 6.178429e+01
6383.7500 6.218476e+01
6385.0000 8.942873e+01
6386.2500 1.172559e+02
6387.5000 8.476283e+01
6388.7500 5.836527e+01
6390.0000 5.831196e+01
6391.2500 5.705263e+01
6392.5000 5.818936e+01
6393.7500 5.885639e+01
6395.0000 5.664788e+01
6396.2500 6.081197e+01
6397.5000 5.975062e+01
6398.7500 5.295142e+01
6400.0000 5.206257e+01
6401.2500 5.313373e+01
6402.5000 5.516362e+01
6403.7500 5.607386e+01
6405.0000 5.134285e+01
6406.2500 5.346067e+01
6407.5000 5.149136e+01
6408.7500 4.962733e+01
6410.0000 5.391401e+01
6411.2500 5.528515e+01
6412.5000 5.828049e+01
6413.7500 6.429048e+01
6415.0000 5.546828e+01
6416.2500 5.224587e+01
6417.5000 5.108429e+01
6418.7500 6.369824e+01
6420.0000 7.828484e+01
6421.2500 6.917323e+01
6422.5000 5.359939e+01
6423.7500 5.402380e+01
6425.0000 5.538265e+01
6426.2500 5.493636e+01
6427.5000 5.266755e+01
6428.7500 5.250024e+01
6430.0000 5.056181e+01
6431.2500 4.936269e+01
6432.5000 5.434229e+01
6433.7500 5.451763e+01
6435.0000 5.385657e+01
6436.2500 5.191463e+01
6437.5000 5.188295e+01
6438.7500 5.066182e+01
6440.0000 5.449694e+01
6441.2500 5.396935e+01
6442.5000 5.463643e+01
6443.7500 5.380844e+01
6445.0000 5.690345e+01
6446.2500 5.413229e+01
6447.5000 5.868061e+01
6448.7500 5.978313e+01
6450.0000 5.982664e+01
6451.2500 6.605507e+01
6452.5000 6.874267e+01
6453.7500 6.368756e+01
6455.0000 6.241950e+01
6456.2500 6.276246e+01
6457.5000 6.689137e+01
6458.7500 6.536710e+01
6460.0000 5.702646e+01
6461.2500 5.943495e+01
6462.5000 9.168780e+01
6463.7500 1.206564e+02
6465.0000 1.486543e+02
6466.2500 1.479790e+02
6467.5000 8.653537e+01
6468.7500 8.055328e+01
6470.0000 1.586720e+02
6471.2500 1.539861e+02
6472.5000 8.174103e+01
6473.7500 5.817020e+01
6475.0000 5.438991e+01
6476.2500 6.377766e+01
6477.5000 8.548051e+01
6478.7500 7.654696e+01
6480.0000 5.694231e+01
6481.2500 5.798814e+01
6482.5000 5.660688e+01
6483.7500 5.333381e+01
6485.0000 5.397327e+01
6486.2500 5.343009e+01
6487.5000 5.379388e+01
6488.7500 5.302243e+01
6490.0000 5.314889e+01
6491.2500 5.216174e+01
6492.5000 5.552076e+01
6493.7500 5.314329e+01
6495.0000 5.495771e+01
6496.2500 7.617570e+01
6497.5000 2.206457e+02
6498.7500 2.921575e+02
6500.0000 1.457018e+02
6501.2500 6.025208e+01
6502.5000 6.025084e+01
6503.7500 1.016402e+02
6505.0000 1.264265e+02
6506.2500 7.971694e+01
6507.5000 5.489777e+01
6508.7500 5.484498e+01
6510.0000 5.231746e+01
6511.2500 5.373714e+01
6512.5000 6.000655e+01
6513.7500 7.191776e+01
6515.0000 6.334845e+01
6516.2500 5.102933e+01
6517.5000 5.237527e+01
6518.7500 5.056443e+01
6520.0000 5.449959e+01
6521.2500 8.460973e+01
6522.5000 1.044844e+02
6523.7500 7.163762e+01
6525.0000 5.866989e+01
6526.2500 5.654737e+01
6527.5000 5.658379e+01
6528.7500 5.211986e+01
6530.0000 5.470349e+01
6531.2500 1.089871e+02
6532.5000 2.402078e+02
6533.7500 1.999014e+02
6535.0000 6.786607e+01
6536.2500 5.223810e+01
6537.5000 5.064220e+01
6538.7500 5.664162e+01
6540.0000 5.883185e+01
6541.2500 6.377620e+01
6542.5000 8.951707e+01
6543.7500 1.317782e+02
6545.0000 9.863075e+01
6546.2500 5.870494e+01
6547.5000 6.027205e+01
6548.7500 6.471227e+01
6550.0000 6.011327e+01
6551.2500 7.325027e+01
6552.5000 2.125514e+02
6553.7500 2.819814e+02
6555.0000 1.151948e+02
6556.2500 5.255801e+01
6557.5000 5.147491e+01
6558.7500 5.031097e+01
6560.0000 5.318283e+01
6561.2500 1.365544e+02
6562.5000 3.113797e+02
6563.7500 2.494772e+02
6565.0000 8.257788e+01
6566.2500 5.607220e+01
6567.5000 8.636854e+01
6568.7500 1.156528e+02
6570.0000 7.884966e+01
6571.2500 5.658036e+01
6572.5000 5.625368e+01
6573.7500 5.238426e+01
6575.0000 6.889537e+01
6576.2500 1.716775e+02
6577.5000 2.111303e+02
6578.7500 9.431327e+01
6580.0000 5.380976e+01
6581.2500 5.116507e+01
6582.5000 6.448543e+01
6583.7500 8.245638e+01
6585.0000 7.157526e+01
6586.2500 5.149434e+01
6587.5000 5.055780e+01
6588.7500 5.100774e+01
6590.0000 5.414589e+01
6591.2500 5.576566e+01
6592.5000 4.985967e+01
6593.7500 4.936865e+01
6595.0000 6.162029e+01
6596.2500 8.570982e+01
6597.5000 7.096371e+01
6598.7500 5.225366e+01
6600.0000 5.145514e+01
6601.2500 5.250624e+01
6602.5000 8.270972e+01
6603.7500 1.371070e+02
6605.0000 1.020176e+02
6606.2500 5.539511e+01
6607.5000 5.026624e+01
6608.7500 4.915668e+01
6610.0000 4.939518e+01
6611.2500 4.586469e+01
6612.5000 4.898756e+01
6613.7500 4.776132e+01
6615.0000 4.846906e+01
6616.2500 4.762183e+01
6617.5000 4.996341e+01
6618.7500 5.187445e+01
6620.0000 4.893526e+01
6621.2500 5.060752e+01
6622.5000 4.928913e+01
6623.7500 4.970536e+01
6625.0000 4.788069e+01
6626.2500 5.877054e+01
6627.5000 6.710564e+01
6628.7500 5.515009e+01
6630.0000 5.148705e+01
6631.2500 4.924432e+01
6632.5000 5.829425e+01
6633.7500 8.202827e+01
6635.0000 6.935433e+01
6636.2500 5.050986e+01
6637.5000 4.935380e+01
6638.7500 4.982577e+01
6640.0000 4.862344e+01
6641.2500 4.791001e+01
6642.5000 4.884393e+01
6643.7500 4.878247e+01
6645.0000 5.008724e+01
6646.2500 4.612891e+01
6647.5000 4.830699e+01
6648.7500 5.055955e+01
6650.0000 5.323027e+01
6651.2500 5.222342e+01
6652.5000 5.028689e+01
6653.7500 4.901752e+01
6655.0000 4.840710e+01
6656.2500 5.062519e+01
6657.5000 4.821944e+01
6658.7500 4.989413e+01
6660.0000 5.187541e+01
6661.2500 5.816693e+01
6662.5000 5.088589e+01
6663.7500 5.016111e+01
6665.0000 5.065173e+01
6666.2500 5.951716e+01
6667.5000 6.393399e+01
6668.7500 5.666125e+01
6670.0000 4.991875e+01
6671.2500 4.955870e+01
6672.5000 4.961136e+01
6673.7500 4.906315e+01
6675.0000 4.798598e+01
6676.2500 4.622181e+01
6677.5000 4.985900e+01
6678.7500 4.546867e+01
6680.0000 4.850365e+01
6681.2500 4.639663e+01
6682.5000 4.910596e+01
6683.7500 4.662159e+01
6685.0000 5.049990e+01
6686.2500 4.841571e+01
6687.5000 4.739621e+01
6688.7500 5.106037e+01
6690.0000 4.704676e+01
6691.2500 4.634271e+01
6692.5000 4.550439e+01
6693.7500 4.905486e+01
6695.0000 4.735808e+01
6696.2500 4.601543e+01
6697.5000 5.047892e+01
6698.7500 5.671608e+01
6700.0000 5.379465e+01
6701.2500 4.650280e+01
6702.5000 4.703692e+01
6703.7500 5.140039e+01
6705.0000 5.455841e+01
6706.2500 4.716259e+01
6707.5000 4.829087e+01
6708.7500 4.670261e+01
6710.0000 4.797028e+01
6711.2500 4.366795e+01
6712.5000 4.603560e+01
6713.7500 4.616832e+01
6715.0000 4.995660e+01
6716.2500 6.662549e+01
6717.5000 6.732352e+01
6718.7500 4.951247e+01
6720.0000 4.545018e+01
6721.2500 4.404208e+01
6722.5000 4.556133e+01
6723.7500 4.267405e+01
6725.0000 4.279951e+01
6726.2500 4.502020e+01
6727.5000 4.489113e+01
6728.7500 4.491454e+01
6730.0000 5.173310e+01
6731.2500 6.157203e+01
6732.5000 5.527213e+01
6733.7500 4.474284e+01
6735.0000 4.200506e+01
6736.2500 4.253701e+01
6737.5000 4.213721e+01
6738.7500 4.567515e+01
6740.0000 4.833469e+01
6741.2500 4.621315e+01
6742.5000 4.426564e+01
6743.7500 4.781099e+01
6745.0000 4.978679e+01
6746.2500 4.670137e+01
6747.5000 4.344321e+01
6748.7500 4.208278e+01
6750.0000 4.314110e+01
6751.2500 4.094729e+01
6752.5000 4.156519e+01
6753.7500 4.273405e+01
6755.0000 4.385942e+01
6756.2500 4.310535e+01
6757.5000 4.276175e+01
6758.7500 4.080022e+01
6760.0000 4.367095e+01
6761.2500 4.161555e+01
6762.5000 4.137248e+01
6763.7500 4.056052e+01
6765.0000 4.208182e+01
6766.2500 4.226926e+01
6767.5000 3.994385e+01
6768.7500 4.130548e+01
6770.0000 4.093790e+01
6771.2500 4.004898e+01
6772.5000 4.183094e+01
6773.7500 4.085464e+01
6775.0000 4.109087e+01
6776.2500 4.124130e+01
6777.5000 4.110281e+01
6778.7500 4.009501e+01
6780.0000 4.032674e+01
6781.2500 4.190205e+01
6782.5000 4.137452e+01
6783.7500 4.288398e+01
6785.0000 4.298195e+01
6786.2500 4.186732e+01
6787.5000 4.487646e+01
6788.7500 4.396391e+01
6790.0000 4.226783e+01
6791.2500 4.048039e+01
6792.5000 3.905568e+01
6793.7500 4.002237e+01
6795.0000 3.766988e+01
6796.2500 4.028939e+01
6797.5000 4.012522e+01
6798.7500 3.995740e+01
6800.0000 3.954244e+01
6801.2500 3.912343e+01
6802.5000 4.151292e+01
6803.7500 4.195653e+01
6805.0000 4.078378e+01
6806.2500 4.092744e+01
6807.5000 4.113700e+01
6808.7500 4.098224e+01
6810.0000 4.048910e+01
6811.2500 4.055636e+01
6812.5000 4.037321e+01
6813.7500 4.046963e+01
6815.0000 3.897669e+01
6816.2500 4.097645e+01
6817.5000 4.091466e+01
6818.7500 4.192699e+01
6820.0000 4.094741e+01
6821.2500 4.035637e+01
6822.5000 4.061913e+01
6823.7500 4.137473e+01
6825.0000 4.679758e+01
6826.2500 9.968140e+01
6827.5000 1.938628e+02
6828.7500 2.928596e+02
6830.0000 2.417116e+02
6831.2500 9.933499e+01
6832.5000 1.447722e+02
6833.7500 2.930392e+02
6835.0000 2.365091e+02
6836.2500 7.225864e+01
6837.5000 4.384535e+01
6838.7500 5.053142e+01
6840.0000 6.974528e+01
6841.2500 1.005923e+02
6842.5000 9.299748e+01
6843.7500 5.024244e+01
6845.0000 3.978203e+01
6846.2500 3.960144e+01
6847.5000 3.991116e+01
6848.7500 4.460626e+01
6850.0000 5.082787e+01
6851.2500 4.531701e+01
6852.5000 3.946926e+01
6853.7500 4.156310e+01
6855.0000 4.064822e+01
6856.2500 4.090718e+01
6857.5000 4.011706e+01
6858.7500 4.240024e+01
6860.0000 4.413063e+01
6861.2500 7.602186e+01
6862.5000 3.190446e+02
6863.7500 5.653280e+02
6865.0000 3.095781e+02
6866.2500 6.150712e+01
6867.5000 6.791581e+01
6868.7500 8.983127e+01
6870.0000 1.662050e+02
6871.2500 1.834115e+02
6872.5000 9.501503e+01
6873.7500 5.482771e+01
6875.0000 5.312407e+01
6876.2500 5.353581e+01
6877.5000 5.799184e+01
6878.7500 6.067610e+01
6880.0000 1.045962e+02
6881.2500 1.072872e+02
6882.5000 7.114657e+01
6883.7500 5.153162e+01
6885.0000 5.398746e+01
6886.2500 6.318423e+01
6887.5000 1.158526e+02
6888.7500 2.693642e+02
6890.0000 2.289543e+02
6891.2500 7.282149e+01
6892.5000 6.128900e+01
6893.7500 7.871803e+01
6895.0000 7.124661e+01
6896.2500 5.448275e+01
6897.5000 5.383352e+01
6898.7500 7.583364e+01
6900.0000 2.347612e+02
6901.2500 2.227382e+02
6902.5000 7.159464e+01
6903.7500 5.010938e+01
6905.0000 4.815338e+01
6906.2500 4.218598e+01
6907.5000 4.334638e+01
6908.7500 4.636255e+01
6910.0000 5.306475e+01
6911.2500 1.251926e+02
6912.5000 2.122184e+02
6913.7500 1.314471e+02
6915.0000 4.423695e+01
6916.2500 4.019732e+01
6917.5000 4.235238e+01
6918.7500 4.186324e+01
6920.0000 4.493576e+01
6921.2500 1.020699e+02
6922.5000 3.157634e+02
6923.7500 3.098990e+02
6925.0000 7.960369e+01
6926.2500 4.276588e+01
6927.5000 4.479659e+01
6928.7500 4.147412e+01
6930.0000 4.322038e+01
6931.2500 4.038566e+01
6932.5000 4.009386e+01
6933.7500 3.965368e+01
6935.0000 4.094278e+01
6936.2500 4.201052e+01
6937.5000 6.286023e+01
6938.7500 1.541434e+02
6940.0000 1.553235e+02
6941.2500 6.295715e+01
6942.5000 4.313829e+01
6943.7500 3.923337e+01
6945.0000 3.828054e+01
6946.2500 4.679682e+01
6947.5000 1.747074e+02
6948.7500 3.749955e+02
6950.0000 2.230192e+02
6951.2500 5.911456e+01
6952.5000 4.596549e+01
6953.7500 4.148221e+01
6955.0000 4.368182e+01
6956.2500 4.660720e+01
6957.5000 4.841481e+01
6958.7500 4.605253e+01
6960.0000 4.633072e+01
6961.2500 4.428848e+01
6962.5000 4.243232e+01
6963.7500 4.297579e+01
6965.0000 4.792442e+01
6966.2500 4.794027e+01
6967.5000 5.028950e+01
6968.7500 9.740733e+01
6970.0000 1.199134e+02
6971.2500 7.043870e+01
6972.5000 4.434068e+01
6973.7500 4.180322e+01
6975.0000 4.301253e+01
6976.2500 6.943167e+01
6977.5000 1.929388e+02
6978.7500 2.106431e+02
6980.0000 7.734513e+01
6981.2500 4.157876e+01
6982.5000 4.496315e+01
6983.7500 4.264056e+01
6985.0000 4.474692e+01
6986.2500 4.730399e+01
6987.5000 4.453603e+01
6988.7500 4.281790e+01
6990.0000 4.088282e+01
6991.2500 4.423749e+01
6992.5000 3.962249e+01
6993.7500 4.006992e+01
6995.0000 4.296458e+01
6996.2500 4.693343e+01
6997.5000 4.611008e+01
6998.7500 4.417574e+01
7000.0000 4.349694e+01
7001.2500 5.117262e+01
7002.5000 7.285957e+01
7003.7500 8.317617e+01
7005.0000 5.668619e+01
7006.2500 3.874129e+01
7007.5000 3.756351e+01
7008.7500 4.048885e+01
7010.0000 8.703682e+01
7011.2500 1.237359e+02
7012.5000 7.705048e+01
7013.7500 3.730790e+01
7015.0000 3.889896e+01
7016.2500 3.586186e+01
7017.5000 3.706884e+01
7018.7500 3.699832e+01
7020.0000 3.859782e+01
7021.2500 3.662151e+01
7022.5000 3.600113e+01
7023.7500 3.505140e+01
7025.0000 3.719217e+01
7026.2500 3.837646e+01
7027.5000 3.719093e+01
7028.7500 3.932240e+01
7030.0000 4.091088e+01
7031.2500 3.606073e+01
7032.5000 3.648607e+01
7033.7500 3.415270e+01
7035.0000 3.693015e+01
7036.2500 3.617467e+01
7037.5000 3.533020e+01
7038.7500 3.606881e+01
7040.0000 5.046184e+01
7041.2500 6.018708e+01
7042.5000 4.432486e+01
7043.7500 3.885943e+01
7045.0000 4.557439e+01
7046.2500 6.442371e+01
7047.5000 9.343134e+01
7048.7500 8.789056e+01
7050.0000 6.372979e+01
7051.2500 5.597742e+01
7052.5000 5.427833e+01
7053.7500 5.066987e+01
7055.0000 4.450520e+01
7056.2500 3.881734e+01
7057.5000 3.800727e+01
7058.7500 3.913931e+01
7060.0000 3.979168e+01
7061.2500 4.280982e+01
7062.5000 5.038235e+01
7063.7500 4.704633e+01
7065.0000 4.836584e+01
7066.2500 5.263316e+01
7067.5000 4.890322e+01
7068.7500 4.767950e+01
7070.0000 5.367772e+01
7071.2500 4.298338e+01
7072.5000 4.501129e+01
7073.7500 5.072015e+01
7075.0000 4.403533e+01
7076.2500 4.056879e+01
7077.5000 4.756564e+01
7078.7500 4.593481e+01
7080.0000 3.968779e+01
7081.2500 5.311078e+01
7082.5000 5.870130e+01
7083.7500 4.305943e+01
7085.0000 3.858519e+01
7086.2500 4.306819e+01
7087.5000 5.804570e+01
7088.7500 6.317499e+01
7090.0000 4.924283e+01
7091.2500 4.394365e+01
7092.5000 3.997515e+01
7093.7500 3.926437e+01
7095.0000 3.691479e+01
7096.2500 3.507756e+01
7097.5000 3.735940e+01
7098.7500 3.669670e+01
7100.0000 3.831745e+01
7101.2500 3.632254e+01
7102.5000 3.697968e+01
7103.7500 3.857120e+01
7105.0000 3.558834e+01
7106.2500 3.611885e+01
7107.5000 3.826273e+01
7108.7500 3.866524e+01
7110.0000 3.820414e+01
7111.2500 3.915652e+01
7112.5000 3.658151e+01
7113.7500 3.553093e+01
7115.0000 3.664664e+01
7116.2500 3.749662e+01
7117.5000 3.495777e+01
7118.7500 3.467337e+01
7120.0000 3.343222e+01
7121.2500 3.333112e+01
7122.5000 3.419074e+01
7123.7500 3.593695e+01
7125.0000 3.709695e+01
7126.2500 4.478100e+01
7127.5000 4.963051e+01
7128.7500 4.179830e+01
7130.0000 3.720084e+01
7131.2500 4.182503e+01
7132.5000 4.877880e+01
7133.7500 4.529670e+01
7135.0000 3.571009e+01
7136.2500 3.467106e+01
7137.5000 3.439463e+01
7138.7500 3.452104e+01
7140.0000 3.904572e+01
7141.2500 4.796941e+01
7142.5000 5.845717e+01
7143.7500 5.990679e+01
7145.0000 5.889534e+01
7146.2500 5.655075e+01
7147.5000 5.060334e+01
7148.7500 4.821902e+01
7150.0000 4.488604e+01
7151.2500 4.089994e+01
7152.5000 3.771589e+01
7153.7500 3.512713e+01
7155.0000 3.807843e+01
7156.2500 4.059496e+01
7157.5000 4.402388e+01
7158.7500 4.630604e+01
7160.0000 4.334029e+01
7161.2500 4.854596e+01
7162.5000 4.648412e+01
7163.7500 4.462651e+01
7165.0000 5.114590e+01
7166.2500 5.403965e+01
7167.5000 4.674666e+01
7168.7500 5.392898e+01
7170.0000 5.509666e+01
7171.2500 4.841968e+01
7172.5000 5.018014e+01
7173.7500 6.576302e+01
7175.0000 7.143760e+01
7176.2500 6.723536e+01
7177.5000 6.748782e+01
7178.7500 6.415450e+01
7180.0000 6.408703e+01
7181.2500 5.906967e+01
7182.5000 5.340969e+01
7183.7500 4.904298e+01
7185.0000 4.538827e+01
7186.2500 4.007019e+01
7187.5000 4.136906e+01
7188.7500 4.064683e+01
7190.0000 3.949205e+01
7191.2500 3.689166e+01
7192.5000 3.816198e+01
7193.7500 3.925752e+01
7195.0000 3.752240e+01
7196.2500 3.489854e+01
7197.5000 3.619651e+01
7198.7500 3.780538e+01
7200.0000 4.212819e+01
7201.2500 4.022649e+01
7202.5000 3.649924e+01
7203.7500 3.607472e+01
7205.0000 3.563220e+01
7206.2500 3.652405e+01
7207.5000 3.795595e+01
7208.7500 3.499449e+01
7210.0000 3.471482e+01
7211.2500 3.417522e+01
7212.5000 3.472880e+01
7213.7500 3.380804e+01
7215.0000 3.327423e+01
7216.2500 3.322160e+01
7217.5000 3.450639e+01
7218.7500 3.261584e+01
7220.0000 3.585996e+01
7221.2500 4.442479e+01
7222.5000 4.493041e+01
7223.7500 4.212508e+01
7225.0000 4.034781e+01
7226.2500 3.762709e+01
7227.5000 4.178429e+01
7228.7500 4.559620e+01
7230.0000 4.010846e+01
7231.2500 3.787631e+01
7232.5000 5.164879e+01
7233.7500 5.417286e+01
7235.0000 4.481504e+01
7236.2500 5.451421e+01
7237.5000 1.828434e+02
7238.7500 4.727324e+02
7240.0000 7.050860e+02
7241.2500 4.860212e+02
7242.5000 2.047383e+02
7243.7500 5.102717e+02
7245.0000 7.126161e+02
7246.2500 3.136616e+02
7247.5000 9.271891e+01
7248.7500 5.395507e+01
7250.0000 4.907871e+01
7251.2500 8.562439e+01
7252.5000 1.822387e+02
7253.7500 1.627962e+02
7255.0000 8.744346e+01
7256.2500 6.819093e+01
7257.5000 4.328193e+01
7258.7500 4.265739e+01
7260.0000 4.403584e+01
7261.2500 4.296660e+01
7262.5000 4.660563e+01
7263.7500 4.608397e+01
7265.0000 4.395976e+01
7266.2500 5.416830e+01
7267.5000 6.487817e+01
7268.7500 6.266468e+01
7270.0000 5.337215e+01
7271.2500 4.847272e+01
7272.5000 5.060355e+01
7273.7500 1.579099e+02
7275.0000 9.263878e+02
7276.2500 1.682907e+03
7277.5000 6.689908e+02
7278.7500 6.101654e+01
7280.0000 6.284664e+01
7281.2500 7.617369e+01
7282.5000 1.452901e+02
7283.7500 3.729318e+02
7285.0000 3.175143e+02
7286.2500 9.572774e+01
7287.5000 4.486380e+01
7288.7500 4.523651e+01
7290.0000 5.307121e+01
7291.2500 5.627295e+01
7292.5000 4.951618e+01
7293.7500 5.811004e+01
7295.0000 1.323887e+02
7296.2500 1.335029e+02
7297.5000 5.662406e+01
7298.7500 3.565597e+01
7300.0000 3.612501e+01
7301.2500 5.344293e+01
7302.5000 2.041159e+02
7303.7500 2.789634e+02
7305.0000 1.161118e+02
7306.2500 4.875863e+01
7307.5000 4.497662e+01
7308.7500 4.080408e+01
7310.0000 6.263050e+01
7311.2500 6.327777e+01
7312.5000 4.619095e+01
7313.7500 8.755299e+01
7315.0000 6.411107e+02
7316.2500 9.064041e+02
7317.5000 3.332394e+02
7318.7500 4.593134e+01
7320.0000 3.920698e+01
7321.2500 3.631359e+01
7322.5000 3.511629e+01
7323.7500 3.628724e+01
7325.0000 3.817477e+01
7326.2500 4.198354e+01
7327.5000 1.776279e+02
7328.7500 3.618349e+02
7330.0000 2.269571e+02
7331.2500 5.952626e+01
7332.5000 4.313196e+01
7333.7500 3.915828e+01
7335.0000 3.791584e+01
7336.2500 3.858868e+01
7337.5000 4.310480e+01
7338.7500 2.097011e+02
7340.0000 9.447232e+02
7341.2500 9.173476e+02
7342.5000 1.844622e+02
7343.7500 5.020385e+01
7345.0000 5.195862e+01
7346.2500 4.900822e+01
7347.5000 4.750696e+01
7348.7500 4.494789e+01
7350.0000 5.226376e+01
7351.2500 5.726963e+01
7352.5000 5.107940e+01
7353.7500 4.562004e+01
7355.0000 4.590790e+01
7356.2500 6.858826e+01
7357.5000 2.628517e+02
7358.7500 3.200646e+02
7360.0000 1.209632e+02
7361.2500 4.508778e+01
7362.5000 4.618109e+01
7363.7500 4.839217e+01
7365.0000 5.181315e+01
7366.2500 5.474060e+01
7367.5000 2.711556e+02
7368.7500 7.709163e+02
7370.0000 5.672321e+02
7371.2500 9.311702e+01
7372.5000 4.935997e+01
7373.7500 6.019375e+01
7375.0000 5.124872e+01
7376.2500 4.081751e+01
7377.5000 4.309335e+01
7378.7500 4.565281e+01
7380.0000 3.849295e+01
7381.2500 4.038504e+01
7382.5000 4.305019e+01
7383.7500 4.129696e+01
7385.0000 3.915187e+01
7386.2500 4.065585e+01
7387.5000 4.314518e+01
7388.7500 5.152755e+01
7390.0000 8.224826e+01
7391.2500 2.139547e+02
7392.5000 2.248476e+02
7393.7500 7.718969e+01
7395.0000 4.171896e+01
7396.2500 3.987091e+01
7397.5000 4.020132e+01
7398.7500 4.533041e+01
7400.0000 1.776783e+02
7401.2500 4.843484e+02
7402.5000 3.631941e+02
7403.7500 7.208578e+01
7405.0000 3.933928e+01
7406.2500 3.996545e+01
7407.5000 3.517950e+01
7408.7500 3.570573e+01
7410.0000 3.833433e+01
7411.2500 5.205515e+01
7412.5000 5.231860e+01
7413.7500 4.567398e+01
7415.0000 4.415447e+01
7416.2500 4.643967e+01
7417.5000 4.653244e+01
7418.7500 4.070299e+01
7420.0000 3.745284e+01
7421.2500 3.996278e+01
7422.5000 4.610385e+01
7423.7500 4.171537e+01
7425.0000 3.781385e+01
7426.2500 3.888591e+01
7427.5000 5.222970e+01
7428.7500 1.328140e+02
7430.0000 1.456188e+02
7431.2500 6.095670e+01
7432.5000 3.782647e+01
7433.7500 4.046630e+01
7435.0000 4.146266e+01
7436.2500 7.067794e+01
7437.5000 2.314950e+02
7438.7500 2.471385e+02
7440.0000 8.509431e+01
7441.2500 3.929322e+01
7442.5000 3.910885e+01
7443.7500 4.072476e+01
7445.0000 3.952380e+01
7446.2500 3.713171e+01
7447.5000 3.746391e+01
7448.7500 3.736923e+01
7450.0000 3.860231e+01
7451.2500 4.085902e+01
7452.5000 4.108444e+01
7453.7500 3.812923e+01
7455.0000 3.755750e+01
7456.2500 4.066556e+01
7457.5000 4.824566e+01
7458.7500 4.656108e+01
7460.0000 4.683968e+01
7461.2500 6.870657e+01
7462.5000 7.346655e+01
7463.7500 6.569402e+01
7465.0000 8.179863e+01
7466.2500 1.125541e+02
7467.5000 8.005296e+01
7468.7500 5.763925e+01
7470.0000 1.102469e+02
7471.2500 1.492336e+02
7472.5000 1.841391e+02
7473.7500 1.865132e+02
7475.0000 8.585636e+01
7476.2500 5.055910e+01
7477.5000 9.668045e+01
7478.7500 1.920669e+02
7480.0000 1.833017e+02
7481.2500 1.033901e+02
7482.5000 1.968939e+02
7483.7500 2.118164e+02
7485.0000 8.010346e+01
7486.2500 4.632938e+01
7487.5000 4.852472e+01
7488.7500 4.432220e+01
7490.0000 3.890374e+01
7491.2500 4.371704e+01
7492.5000 8.385901e+01
7493.7500 1.001474e+02
7495.0000 5.929906e+01
7496.2500 3.794331e+01
7497.5000 4.010152e+01
7498.7500 4.467610e+01
7500.0000 4.842767e+01
7501.2500 4.209091e+01
7502.5000 4.103500e+01
7503.7500 4.006093e+01
7505.0000 3.953373e+01
7506.2500 3.947104e+01
7507.5000 3.898956e+01
7508.7500 4.044331e+01
7510.0000 3.810494e+01
7511.2500 3.691357e+01
7512.5000 3.762604e+01
7513.7500 3.892438e+01
7515.0000 4.433405e+01
7516.2500 6.936028e+01
7517.5000 8.073141e+01
7518.7500 5.274883e+01
7520.0000 4.439994e+01
7521.2500 8.155898e+01
7522.5000 3.560210e+02
7523.7500 6.481689e+02
7525.0000 3.453099e+02
7526.2500 6.095982e+01
7527.5000 5.371486e+01
7528.7500 8.563992e+01
7530.0000 1.853683e+02
7531.2500 1.693388e+02
7532.5000 5.687381e+01
7533.7500 4.128400e+01
7535.0000 3.966145e+01
7536.2500 4.156624e+01
7537.5000 4.424606e+01
7538.7500 5.864985e+01
7540.0000 7.928072e+01
7541.2500 6.524312e+01
7542.5000 4.356339e+01
7543.7500 3.795658e+01
7545.0000 3.864770e+01
7546.2500 4.084171e+01
7547.5000 4.068527e+01
7548.7500 3.921663e+01
7550.0000 3.769617e+01
7551.2500 4.157146e+01
7552.5000 4.589491e+01
7553.7500 4.293802e+01
7555.0000 4.572873e+01
7556.2500 1.074835e+02
7557.5000 1.483316e+02
7558.7500 7.725497e+01
7560.0000 4.310412e+01
7561.2500 4.193219e+01
7562.5000 3.998765e+01
7563.7500 4.123086e+01
7565.0000 4.034451e+01
7566.2500 5.610228e+01
7567.5000 7.209024e+01
7568.7500 5.668243e+01
7570.0000 1.771100e+02
7571.2500 4.375094e+02
7572.5000 3.200298e+02
7573.7500 1.014250e+02
7575.0000 6.246355e+01
7576.2500 3.971987e+01
7577.5000 3.820743e+01
7578.7500 4.181269e+01
7580.0000 4.208554e+01
7581.2500 4.445296e+01
7582.5000 4.431399e+01
7583.7500 6.693886e+01
7585.0000 2.298234e+02
7586.2500 2.843687e+02
7587.5000 1.112207e+02
7588.7500 5.956480e+01
7590.0000 5.730482e+01
7591.2500 5.782755e+01
7592.5000 6.289273e+01
7593.7500 7.101027e+01
7595.0000 9.379599e+01
7596.2500 2.557831e+02
7597.5000 9.717142e+02
7598.7500 1.099548e+03
7600.0000 3.525636e+02
7601.2500 2.068021e+02
7602.5000 2.260349e+02
7603.7500 2.767444e+02
7605.0000 2.565240e+02
7606.2500 2.286777e+02
7607.5000 2.315469e+02
7608.7500 2.193787e+02
7610.0000 1.941249e+02
7611.2500 1.766636e+02
7612.5000 1.384328e+02
7613.7500 1.015660e+02
7615.0000 8.437589e+01
7616.2500 1.535144e+02
7617.5000 2.432582e+02
7618.7500 1.512387e+02
7620.0000 8.265481e+01
7621.2500 1.238024e+02
7622.5000 1.518564e+02
7623.7500 1.144353e+02
7625.0000 1.125860e+02
7626.2500 1.628932e+02
7627.5000 6.939965e+02
7628.7500 7.512795e+02
7630.0000 2.421592e+02
7631.2500 1.179040e+02
7632.5000 1.240029e+02
7633.7500 9.597752e+01
7635.0000 8.070967e+01
7636.2500 9.745602e+01
7637.5000 8.431378e+01
7638.7500 7.971786e+01
7640.0000 9.067651e+01
7641.2500 9.447971e+01
7642.5000 7.922350e+01
7643.7500 7.646038e+01
7645.0000 8.491953e+01
7646.2500 8.004553e+01
7647.5000 6.613010e+01
7648.7500 6.861777e+01
7650.0000 7.244660e+01
7651.2500 8.866723e+01
7652.5000 1.493076e+02
7653.7500 1.580519e+02
7655.0000 7.489912e+01
7656.2500 6.119601e+01
7657.5000 5.042993e+01
7658.7500 5.360365e+01
7660.0000 8.310704e+01
7661.2500 2.681806e+02
7662.5000 2.177113e+02
7663.7500 8.570782e+01
7665.0000 5.276741e+01
7666.2500 5.588601e+01
7667.5000 4.811960e+01
7668.7500 4.357103e+01
7670.0000 4.558790e+01
7671.2500 5.796101e+01
7672.5000 5.685871e+01
7673.7500 4.481478e+01
7675.0000 4.087742e+01
7676.2500 4.360278e+01
7677.5000 4.803312e+01
7678.7500 4.684933e+01
7680.0000 5.337946e+01
7681.2500 6.679304e+01
7682.5000 6.100463e+01
7683.7500 5.278153e+01
7685.0000 5.793800e+01
7686.2500 7.407423e+01
7687.5000 7.533372e+01
7688.7500 5.794041e+01
7690.0000 6.097086e+01
7691.2500 8.850316e+01
7692.5000 7.718555e+01
7693.7500 5.308713e+01
7695.0000 4.864233e+01
7696.2500 5.300040e+01
7697.5000 6.911092e+01
7698.7500 1.185241e+02
7700.0000 1.094844e+02
7701.2500 5.978410e+01
7702.5000 4.902250e+01
7703.7500 4.767083e+01
7705.0000 4.566630e+01
7706.2500 4.621568e+01
7707.5000 4.554960e+01
7708.7500 4.948542e+01
7710.0000 1.094782e+02
7711.2500 7.724655e+02
7712.5000 1.101878e+03
7713.7500 4.909818e+02
7715.0000 6.009830e+02
7716.2500 1.173626e+03
7717.5000 9.354421e+02
7718.7500 2.603724e+02
7720.0000 6.616729e+01
7721.2500 6.458214e+01
7722.5000 1.455857e+02
7723.7500 1.991779e+02
7725.0000 2.857704e+02
7726.2500 2.843563e+02
7727.5000 1.049264e+02
7728.7500 5.986473e+01
7730.0000 6.175533e+01
7731.2500 5.805247e+01
7732.5000 6.427865e+01
7733.7500 8.689063e+01
7735.0000 1.163038e+02
7736.2500 9.352173e+01
7737.5000 6.042401e+01
7738.7500 6.223294e+01
7740.0000 7.116371e+01
7741.2500 6.755948e+01
7742.5000 5.140739e+01
7743.7500 5.381911e+01
7745.0000 6.869977e+01
7746.2500 7.137696e+01
7747.5000 9.999938e+01
7748.7500 5.872003e+02
7750.0000 2.053364e+03
7751.2500 1.513081e+03
7752.5000 1.908369e+02
7753.7500 5.832571e+01
7755.0000 6.163821e+01
7756.2500 9.718790e+01
7757.5000 1.093256e+02
7758.7500 4.387493e+02
7760.0000 6.764856e+02
7761.2500 2.542288e+02
7762.5000 5.496683e+01
7763.7500 5.138681e+01
7765.0000 5.143892e+01
7766.2500 4.849819e+01
7767.5000 5.300463e+01
7768.7500 6.546906e+01
7770.0000 8.798583e+01
7771.2500 2.309388e+02
7772.5000 4.103453e+02
7773.7500 3.962961e+02
7775.0000 2.270680e+02
7776.2500 8.946464e+01
7777.5000 5.491122e+01
7778.7500 1.617044e+02
7780.0000 4.113739e+02
7781.2500 2.841277e+02
7782.5000 6.516586e+01
7783.7500 5.729903e+01
7785.0000 7.111968e+01
7786.2500 7.390990e+01
7787.5000 6.726537e+01
7788.7500 7.144872e+01
7790.0000 1.112112e+02
7791.2500 1.356859e+02
7792.5000 4.916599e+02
7793.7500 1.369016e+03
7795.0000 8.533562e+02
7796.2500 9.134521e+01
7797.5000 5.457811e+01
7798.7500 5.338619e+01
7800.0000 4.563425e+01
7801.2500 4.491447e+01
7802.5000 4.654108e+01
7803.7500 5.191058e+01
7805.0000 5.205858e+01
7806.2500 9.873083e+01
7807.5000 4.195079e+02
7808.7500 4.943438e+02
7810.0000 1.635574e+02
7811.2500 6.560857e+01
7812.5000 6.617961e+01
7813.7500 7.092589e+01
7815.0000 7.621447e+01
7816.2500 6.626701e+01
7817.5000 5.972435e+01
7818.7500 1.073477e+02
7820.0000 6.918875e+02
7821.2500 1.593866e+03
7822.5000 8.578409e+02
7823.7500 8.799052e+01
7825.0000 5.793853e+01
7826.2500 5.274946e+01
7827.5000 6.183241e+01
7828.7500 7.410651e+01
7830.0000 5.711359e+01
7831.2500 4.499798e+01
7832.5000 5.382172e+01
7833.7500 5.998119e+01
7835.0000 5.450459e+01
7836.2500 4.248376e+01
7837.5000 4.466330e+01
7838.7500 7.014026e+01
7840.0000 2.926206e+02
7841.2500 4.741601e+02
7842.5000 2.036950e+02
7843.7500 4.828017e+01
7845.0000 4.441135e+01
7846.2500 4.491704e+01
7847.5000 6.617534e+01
7848.7500 1.587237e+02
7850.0000 1.885470e+02
7851.2500 3.470308e+02
7852.5000 1.340758e+03
7853.7500 1.381623e+03
7855.0000 3.162919e+02
7856.2500 9.411958e+01
7857.5000 1.785435e+02
7858.7500 2.623621e+02
7860.0000 5.420631e+02
7861.2500 4.374259e+02
7862.5000 8.984984e+01
7863.7500 4.698120e+01
7865.0000 4.823100e+01
7866.2500 1.473156e+02
7867.5000 2.651068e+02
7868.7500 2.838528e+02
7870.0000 6.340772e+02
7871.2500 5.393802e+02
7872.5000 1.155114e+02
7873.7500 4.430758e+01
7875.0000 4.539676e+01
7876.2500 5.999699e+01
7877.5000 2.400038e+02
7878.7500 3.480372e+02
7880.0000 2.474590e+02
7881.2500 2.919077e+02
7882.5000 1.943871e+02
7883.7500 7.834564e+01
7885.0000 7.545262e+01
7886.2500 8.203431e+01
7887.5000 1.471801e+02
7888.7500 5.896948e+02
7890.0000 7.342413e+02
7891.2500 2.494600e+02
7892.5000 8.520476e+01
7893.7500 8.401968e+01
7895.0000 7.280049e+01
7896.2500 6.462936e+01
7897.5000 6.527168e+01
7898.7500 6.235363e+01
7900.0000 4.516190e+01
7901.2500 5.120785e+01
7902.5000 6.606125e+01
7903.7500 6.138797e+01
7905.0000 5.960272e+01
7906.2500 6.793076e+01
7907.5000 5.834859e+01
7908.7500 6.412572e+01
7910.0000 1.058533e+02
7911.2500 3.305491e+02
7912.5000 1.571989e+03
7913.7500 2.019634e+03
7915.0000 5.870756e+02
7916.2500 8.010773e+01
7917.5000 1.156488e+02
7918.7500 2.012890e+02
7920.0000 6.626127e+02
7921.2500 7.740009e+02
7922.5000 2.276203e+02
7923.7500 7.351802e+01
7925.0000 5.471454e+01
7926.2500 4.856213e+01
7927.5000 6.857542e+01
7928.7500 1.166303e+02
7930.0000 3.841664e+02
7931.2500 5.548542e+02
7932.5000 2.641615e+02
7933.7500 7.925086e+01
7935.0000 5.713431e+01
7936.2500 4.819157e+01
7937.5000 4.858014e+01
7938.7500 5.166835e+01
7940.0000 5.338462e+01
7941.2500 5.776495e+01
7942.5000 6.142203e+01
7943.7500 7.051395e+01
7945.0000 9.228065e+01
7946.2500 8.692807e+01
7947.5000 2.076121e+02
7948.7500 4.479134e+02
7950.0000 2.889109e+02
7951.2500 7.047083e+01
7952.5000 5.933169e+01
7953.7500 4.739916e+01
7955.0000 4.734278e+01
7956.2500 4.613318e+01
7957.5000 4.690253e+01
7958.7500 4.436219e+01
7960.0000 4.624881e+01
7961.2500 5.489290e+01
7962.5000 2.868570e+02
7963.7500 1.418792e+03
7965.0000 1.404270e+03
7966.2500 2.774341e+02
7967.5000 1.357965e+02
7968.7500 1.140047e+02
7970.0000 5.779292e+01
7971.2500 5.629502e+01
7972.5000 5.752579e+01
7973.7500 5.243874e+01
7975.0000 7.529758e+01
7976.2500 1.823236e+02
7977.5000 2.644414e+02
7978.7500 5.287847e+02
7980.0000 5.281245e+02
7981.2500 1.423658e+02
7982.5000 4.891771e+01
7983.7500 4.978439e+01
7985.0000 5.309846e+01
7986.2500 6.608794e+01
7987.5000 7.422021e+01
7988.7500 6.860431e+01
7990.0000 7.556648e+01
7991.2500 3.721503e+02
7992.5000 1.724821e+03
7993.7500 1.587521e+03
7995.0000 2.728690e+02
7996.2500 7.475368e+01
7997.5000 8.458532e+01
7998.7500 7.987582e+01
8000.0000 7.225959e+01
8001.2500 7.677396e+01
8002.5000 7.240388e+01
8003.7500 6.242609e+01
8005.0000 5.576580e+01
8006.2500 5.443995e+01
8007.5000 5.063635e+01
8008.7500 5.333863e+01
8010.0000 6.210450e+01
8011.2500 7.531658e+01
8012.5000 2.652926e+02
8013.7500 5.160922e+02
8015.0000 3.068243e+02
8016.2500 7.928490e+01
8017.5000 6.256488e+01
8018.7500 1.038850e+02
8020.0000 1.321911e+02
8021.2500 8.689555e+01
8022.5000 7.006323e+01
8023.7500 2.691380e+02
8025.0000 1.187481e+03
8026.2500 1.080168e+03
8027.5000 2.750935e+02
8028.7500 1.556750e+02
8030.0000 1.084134e+02
8031.2500 8.645999e+01
8032.5000 7.426413e+01
8033.7500 6.502074e+01
8035.0000 6.877011e+01
8036.2500 5.673318e+01
8037.5000 5.285061e+01
8038.7500 5.620822e+01
8040.0000 6.073111e+01
8041.2500 6.276776e+01
8042.5000 5.426444e+01
8043.7500 5.092051e+01
8045.0000 5.066158e+01
8046.2500 5.203481e+01
8047.5000 5.233197e+01
8048.7500 6.826632e+01
8050.0000 1.222585e+02
8051.2500 2.960111e+02
8052.5000 2.767033e+02
8053.7500 8.299632e+01
8055.0000 5.429733e+01
8056.2500 5.096893e+01
8057.5000 5.119938e+01
8058.7500 5.393723e+01
8060.0000 1.177890e+02
8061.2500 4.966744e+02
8062.5000 5.703619e+02
8063.7500 1.625303e+02
8065.0000 5.736589e+01
8066.2500 5.687897e+01
8067.5000 5.355830e+01
8068.7500 4.752900e+01
8070.0000 4.559623e+01
8071.2500 4.484010e+01
8072.5000 4.826770e+01
8073.7500 5.800305e+01
8075.0000 6.155832e+01
8076.2500 6.459348e+01
8077.5000 7.035974e+01
8078.7500 5.509152e+01
8080.0000 4.737856e+01
8081.2500 4.840242e+01
8082.5000 5.484417e+01
8083.7500 7.411710e+01
8085.0000 8.373599e+01
8086.2500 6.126095e+01
8087.5000 4.437305e+01
8088.7500 4.268987e+01
8090.0000 4.323331e+01
8091.2500 5.151139e+01
8092.5000 1.110646e+02
8093.7500 1.459697e+02
8095.0000 8.496865e+01
8096.2500 4.548870e+01
8097.5000 4.509603e+01
8098.7500 4.923867e+01
8100.0000 6.825350e+01
8101.2500 1.768894e+02
8102.5000 2.467815e+02
8103.7500 1.255425e+02
8105.0000 6.168572e+01
8106.2500 5.209441e+01
8107.5000 5.200236e+01
8108.7500 5.295737e+01
8110.0000 5.250566e+01
8111.2500 5.066634e+01
8112.5000 4.602802e+01
8113.7500 4.709312e+01
8115.0000 4.730380e+01
8116.2500 4.281849e+01
8117.5000 4.266589e+01
8118.7500 4.672008e+01
8120.0000 4.565334e+01
8121.2500 4.837170e+01
8122.5000 5.370257e+01
8123.7500 5.118116e+01
8125.0000 5.125468e+01
8126.2500 5.530392e+01
8127.5000 5.675198e+01
8128.7500 5.186523e+01
8130.0000 5.436685e+01
8131.2500 6.298911e+01
8132.5000 5.663855e+01
8133.7500 5.382626e+01
8135.0000 6.038414e+01
8136.2500 6.247073e+01
8137.5000 8.720012e+01
8138.7500 1.176053e+02
8140.0000 9.109718e+01
8141.2500 5.836148e+01
8142.5000 5.018232e+01
8143.7500 5.165967e+01
8145.0000 8.812863e+01
8146.2500 1.556045e+02
8147.5000 1.250970e+02
8148.7500 6.348560e+01
8150.0000 5.000166e+01
8151.2500 5.473277e+01
8152.5000 5.056040e+01
8153.7500 5.079687e+01
8155.0000 5.283066e+01
8156.2500 5.123991e+01
8157.5000 4.951891e+01
8158.7500 5.102865e+01
8160.0000 5.526183e+01
8161.2500 5.614730e+01
8162.5000 6.158476e+01
8163.7500 5.369589e+01
8165.0000 5.243704e+01
8166.2500 5.187695e+01
8167.5000 5.091503e+01
8168.7500 5.317845e+01
8170.0000 5.418861e+01
8171.2500 5.613577e+01
8172.5000 5.392649e+01
8173.7500 4.949577e+01
8175.0000 5.302686e+01
8176.2500 5.372425e+01
8177.5000 6.151310e+01
8178.7500 6.076842e+01
8180.0000 5.591607e+01
8181.2500 5.146497e+01
8182.5000 4.884181e+01
8183.7500 4.984084e+01
8185.0000 5.475169e+01
8186.2500 5.603839e+01
8187.5000 8.816277e+01
8188.7500 8.726718e+01
8190.0000 6.090015e+01
8191.2500 5.479467e+01
8192.5000 4.863266e+01
8193.7500 6.832951e+01
8195.0000 9.118588e+01
8196.2500 7.045720e+01
8197.5000 5.412341e+01
8198.7500 4.855338e+01
8200.0000 4.900071e+01
8201.2500 4.931117e+01
8202.5000 4.870003e+01
8203.7500 5.215638e+01
8205.0000 5.513778e+01
8206.2500 5.889745e+01
8207.5000 5.996855e+01
8208.7500 5.495634e+01
8210.0000 4.932754e+01
8211.2500 4.769833e+01
8212.5000 5.246556e+01
8213.7500 5.324447e+01
8215.0000 5.431177e+01
8216.2500 5.196329e+01
8217.5000 4.898141e+01
8218.7500 5.185970e+01
8220.0000 4.631350e+01
8221.2500 4.808860e+01
8222.5000 5.669367e+01
8223.7500 6.495837e+01
8225.0000 6.188329e+01
8226.2500 6.035678e+01
8227.5000 5.953678e+01
8228.7500 6.433393e+01
8230.0000 6.499091e+01
8231.2500 6.720995e+01
8232.5000 7.167496e+01
8233.7500 6.757665e+01
8235.0000 7.364640e+01
8236.2500 6.800234e+01
8237.5000 6.682877e+01
8238.7500 6.018409e+01
8240.0000 7.054734e+01
8241.2500 8.591022e+01
8242.5000 7.547210e+01
8243.7500 6.115787e+01
8245.0000 5.678167e+01
8246.2500 6.988535e+01
8247.5000 7.919702e+01
8248.7500 6.732958e+01
8250.0000 5.101740e+01
8251.2500 4.625253e+01
8252.5000 4.482471e+01
8253.7500 5.650262e+01
8255.0000 6.219876e+01
8256.2500 5.578142e+01
8257.5000 4.807417e+01
8258.7500 4.870500e+01
8260.0000 5.244818e+01
8261.2500 5.153139e+01
8262.5000 4.973677e+01
8263.7500 4.711460e+01
8265.0000 4.675255e+01
8266.2500 4.755939e+01
8267.5000 4.932082e+01
8268.7500 5.201948e+01
8270.0000 5.074522e+01
8271.2500 5.348826e+01
8272.5000 5.491806e+01
8273.7500 5.586854e+01
8275.0000 6.508328e+01
8276.2500 1.330155e+02
8277.5000 4.097532e+02
8278.7500 4.496962e+02
8280.0000 5.747566e+02
8281.2500 1.072956e+03
8282.5000 7.085443e+02
8283.7500 1.448414e+02
8285.0000 2.279758e+02
8286.2500 4.956515e+02
8287.5000 1.551509e+03
8288.7500 2.045707e+03
8290.0000 4.713218e+02
8291.2500 1.040077e+02
8292.5000 6.177808e+01
8293.7500 8.466320e+01
8295.0000 4.086328e+02
8296.2500 6.121591e+02
8297.5000 1.083664e+03
8298.7500 1.716194e+03
8300.0000 7.618450e+02
8301.2500 1.168637e+02
8302.5000 1.142222e+02
8303.7500 9.310607e+01
8305.0000 7.293220e+01
8306.2500 5.838834e+01
8307.5000 5.998407e+01
8308.7500 1.640963e+02
8310.0000 5.028329e+02
8311.2500 4.453975e+02
8312.5000 9.950225e+01
8313.7500 4.835402e+01
8315.0000 4.723012e+01
8316.2500 6.301878e+01
8317.5000 9.127518e+01
8318.7500 8.891047e+01
8320.0000 6.027352e+01
8321.2500 5.416798e+01
8322.5000 5.327821e+01
8323.7500 5.063414e+01
8325.0000 4.630294e+01
8326.2500 4.427938e+01
8327.5000 4.625466e+01
8328.7500 4.549527e+01
8330.0000 4.679472e+01
8331.2500 4.728571e+01
8332.5000 4.585372e+01
8333.7500 4.531739e+01
8335.0000 4.820119e+01
8336.2500 6.439558e+01
8337.5000 8.659435e+01
8338.7500 7.811143e+01
8340.0000 6.779656e+01
8341.2500 1.962456e+02
8342.5000 1.130481e+03
8343.7500 4.316716e+03
8345.0000 3.712358e+03
8346.2500 5.806442e+02
8347.5000 7.716203e+01
8348.7500 1.358357e+02
8350.0000 1.724938e+02
8351.2500 6.376769e+02
8352.5000 1.362572e+03
8353.7500 7.471957e+02
8355.0000 9.503503e+01
8356.2500 5.769257e+01
8357.5000 5.285000e+01
8358.7500 6.570474e+01
8360.0000 1.140167e+02
8361.2500 1.296031e+02
8362.5000 1.571791e+02
8363.7500 4.167444e+02
8365.0000 4.446627e+02
8366.2500 1.585893e+02
8367.5000 6.385113e+01
8368.7500 5.470173e+01
8370.0000 5.107895e+01
8371.2500 5.021720e+01
8372.5000 5.470898e+01
8373.7500 5.444740e+01
8375.0000 6.074402e+01
8376.2500 6.325405e+01
8377.5000 6.536166e+01
8378.7500 1.060366e+02
8380.0000 2.287486e+02
8381.2500 7.641086e+02
8382.5000 9.302316e+02
8383.7500 2.873584e+02
8385.0000 5.617550e+01
8386.2500 5.941253e+01
8387.5000 5.710070e+01
8388.7500 5.877070e+01
8390.0000 7.882139e+01
8391.2500 7.982136e+01
8392.5000 6.144967e+01
8393.7500 5.264456e+01
8395.0000 6.270486e+01
8396.2500 1.100137e+02
8397.5000 1.261157e+03
8398.7500 3.842247e+03
8400.0000 2.221547e+03
8401.2500 1.797511e+02
8402.5000 5.859079e+01
8403.7500 5.288088e+01
8405.0000 4.740804e+01
8406.2500 4.901964e+01
8407.5000 5.181841e+01
8408.7500 5.298614e+01
8410.0000 4.976334e+01
8411.2500 5.000634e+01
8412.5000 8.504465e+01
8413.7500 5.523099e+02
8415.0000 1.183302e+03
8416.2500 6.010540e+02
8417.5000 6.963420e+01
8418.7500 5.242760e+01
8420.0000 5.405310e+01
8421.2500 5.528600e+01
8422.5000 6.842573e+01
8423.7500 8.200822e+01
8425.0000 7.628967e+01
8426.2500 9.461196e+01
8427.5000 2.350730e+02
8428.7500 1.928926e+03
8430.0000 3.885264e+03
8431.2500 1.700489e+03
8432.5000 1.382845e+02
8433.7500 9.819608e+01
8435.0000 8.557027e+01
8436.2500 5.084056e+01
8437.5000 4.920071e+01
8438.7500 4.591929e+01
8440.0000 4.534232e+01
8441.2500 4.970784e+01
8442.5000 4.721641e+01
8443.7500 5.332046e+01
8445.0000 1.238003e+02
8446.2500 1.816248e+02
8447.5000 1.159476e+02
8448.7500 5.849766e+01
8450.0000 1.815455e+02
8451.2500 8.053372e+02
8452.5000 8.947482e+02
8453.7500 2.279864e+02
8455.0000 5.612704e+01
8456.2500 5.344210e+01
8457.5000 5.323795e+01
8458.7500 5.437799e+01
8460.0000 6.430131e+01
8461.2500 7.044442e+01
8462.5000 1.271961e+02
8463.7500 1.225395e+03
8465.0000 2.730117e+03
8466.2500 1.383803e+03
8467.5000 1.311911e+02
8468.7500 5.432711e+01
8470.0000 4.985992e+01
8471.2500 5.439708e+01
8472.5000 6.226255e+01
8473.7500 1.045865e+02
8475.0000 1.013178e+02
8476.2500 5.787753e+01
8477.5000 5.018226e+01
8478.7500 5.203555e+01
8480.0000 5.148120e+01
8481.2500 4.866988e+01
8482.5000 4.959018e+01
8483.7500 5.127439e+01
8485.0000 5.517411e+01
8486.2500 5.582964e+01
8487.5000 5.152258e+01
8488.7500 4.850133e+01
8490.0000 5.700375e+01
8491.2500 1.425723e+02
8492.5000 5.878813e+02
8493.7500 6.259887e+02
8495.0000 1.884285e+02
8496.2500 7.462711e+01
8497.5000 7.431418e+01
8498.7500 6.128989e+01
8500.0000 7.352050e+01
8501.2500 9.483716e+01
8502.5000 2.125406e+02
8503.7500 1.042484e+03
8505.0000 1.344594e+03
8506.2500 3.987269e+02
8507.5000 5.997322e+01
8508.7500 5.325652e+01
8510.0000 4.659191e+01
8511.2500 5.006686e+01
8512.5000 4.991158e+01
8513.7500 4.891323e+01
8515.0000 4.990908e+01
8516.2500 4.814064e+01
8517.5000 4.842518e+01
8518.7500 5.290064e+01
8520.0000 7.257759e+01
8521.2500 6.974960e+01
8522.5000 4.864579e+01
8523.7500 4.835659e+01
8525.0000 4.819843e+01
8526.2500 4.822139e+01
8527.5000 4.498516e+01
8528.7500 4.736201e+01
8530.0000 4.453698e+01
8531.2500 4.570063e+01
8532.5000 4.242727e+01
8533.7500 4.590593e+01
8535.0000 4.747477e+01
8536.2500 6.682870e+01
8537.5000 2.303929e+02
8538.7500 2.947603e+02
8540.0000 1.222637e+02
8541.2500 5.967533e+01
8542.5000 5.758579e+01
8543.7500 5.056643e+01
8545.0000 5.714650e+01
8546.2500 1.063199e+02
8547.5000 4.076787e+02
8548.7500 5.471395e+02
8550.0000 2.263658e+02
8551.2500 6.898325e+01
8552.5000 6.211819e+01
8553.7500 5.922489e+01
8555.0000 4.850591e+01
8556.2500 4.635806e+01
8557.5000 4.507759e+01
8558.7500 4.763482e+01
8560.0000 4.822628e+01
8561.2500 4.555298e+01
8562.5000 4.502110e+01
8563.7500 4.459931e+01
8565.0000 4.777856e+01
8566.2500 5.021819e+01
8567.5000 5.077283e+01
8568.7500 4.742821e+01
8570.0000 5.076468e+01
8571.2500 6.460403e+01
8572.5000 7.042386e+01
8573.7500 6.634618e+01
8575.0000 7.239468e+01
8576.2500 7.466858e+01
8577.5000 6.642311e+01
8578.7500 5.897117e+01
8580.0000 4.822344e+01
8581.2500 4.938469e+01
8582.5000 5.001179e+01
8583.7500 4.974535e+01
8585.0000 4.943654e+01
8586.2500 8.370337e+01
8587.5000 1.893996e+02
8588.7500 1.669472e+02
8590.0000 6.708466e+01
8591.2500 5.607904e+01
8592.5000 5.374833e+01
8593.7500 5.402275e+01
8595.0000 1.030965e+02
8596.2500 2.364210e+02
8597.5000 2.199724e+02
8598.7500 8.070513e+01
8600.0000 5.131145e+01
8601.2500 5.450672e+01
8602.5000 5.611698e+01
8603.7500 5.655338e+01
8605.0000 5.239651e+01
8606.2500 5.090942e+01
8607.5000 5.685596e+01
8608.7500 6.355258e+01
8610.0000 7.285028e+01
8611.2500 8.321619e+01
8612.5000 1.001719e+02
8613.7500 1.254321e+02
8615.0000 1.508472e+02
8616.2500 1.678062e+02
8617.5000 2.198284e+02
8618.7500 2.422602e+02
8620.0000 2.835396e+02
8621.2500 3.344265e+02
8622.5000 3.490757e+02
8623.7500 4.144498e+02
8625.0000 4.674015e+02
8626.2500 4.450759e+02
8627.5000 5.211754e+02
8628.7500 5.367267e+02
8630.0000 4.632079e+02
8631.2500 5.438019e+02
8632.5000 5.188863e+02
8633.7500 4.000133e+02
8635.0000 4.629342e+02
8636.2500 4.238015e+02
8637.5000 2.603559e+02
8638.7500 2.759805e+02
8640.0000 2.834627e+02
8641.2500 2.145317e+02
8642.5000 1.403460e+02
8643.7500 7.525676e+01
8645.0000 1.039828e+02
8646.2500 2.249955e+02
8647.5000 2.269536e+02
8648.7500 3.483797e+02
8650.0000 5.690389e+02
8651.2500 4.841546e+02
8652.5000 2.923456e+02
8653.7500 4.588667e+02
8655.0000 6.656894e+02
8656.2500 4.661123e+02
8657.5000 2.804710e+02
8658.7500 5.517747e+02
8660.0000 6.842689e+02
8661.2500 3.920720e+02
8662.5000 2.196322e+02
8663.7500 4.973188e+02
8665.0000 6.111657e+02
8666.2500 3.504327e+02
8667.5000 1.758494e+02
8668.7500 3.769135e+02
8670.0000 4.953240e+02
8671.2500 3.057801e+02
8672.5000 1.187635e+02
8673.7500 2.148554e+02
8675.0000 3.552124e+02
8676.2500 2.616295e+02
8677.5000 1.094963e+02
8678.7500 1.261645e+02
8680.0000 2.193684e+02
8681.2500 2.180753e+02
8682.5000 1.230602e+02
8683.7500 7.201140e+01
8685.0000 1.154002e+02
8686.2500 1.626161e+02
8687.5000 1.218335e+02
8688.7500 6.757595e+01
8690.0000 6.395599e+01
8691.2500 9.177400e+01
8692.5000 1.101031e+02
8693.7500 8.466185e+01
8695.0000 6.032788e+01
8696.2500 6.581376e+01
8697.5000 8.242408e+01
8698.7500 1.053405e+02
8700.0000 1.168450e+02
8701.2500 9.194000e+01
8702.5000 6.659810e+01
8703.7500 6.902352e+01
8705.0000 8.857529e+01
8706.2500 1.261277e+02
8707.5000 1.343458e+02
8708.7500 8.779861e+01
8710.0000 6.543959e+01
8711.2500 6.164509e+01
8712.5000 5.997633e+01
8713.7500 6.015818e+01
8715.0000 6.209163e+01
8716.2500 6.228341e+01
8717.5000 6.598746e+01
8718.7500 6.081488e+01
8720.0000 5.991666e+01
8721.2500 5.561364e+01
8722.5000 6.348222e+01
8723.7500 6.464917e+01
8725.0000 7.515679e+01
8726.2500 9.290555e+01
8727.5000 8.114510e+01
8728.7500 6.312370e+01
8730.0000 5.702010e+01
8731.2500 6.071078e+01
8732.5000 6.067794e+01
8733.7500 5.814412e+01
8735.0000 6.160562e+01
8736.2500 7.925488e+01
8737.5000 8.059929e+01
8738.7500 8.507815e+01
8740.0000 9.225562e+01
8741.2500 7.908652e+01
8742.5000 7.381259e+01
8743.7500 7.200592e+01
8745.0000 6.675342e+01
8746.2500 6.452013e+01
8747.5000 6.755812e+01
8748.7500 7.092052e+01
8750.0000 8.322207e+01
8751.2500 6.541091e+01
8752.5000 5.686221e+01
8753.7500 6.068677e+01
8755.0000 6.473407e+01
8756.2500 1.015117e+02
8757.5000 3.974873e+02
8758.7500 7.665182e+02
8760.0000 1.343286e+03
8761.2500 1.864286e+03
8762.5000 8.719145e+02
8763.7500 1.992419e+02
8765.0000 5.404424e+02
8766.2500 1.686430e+03
8767.5000 2.691900e+03
8768.7500 1.483832e+03
8770.0000 2.360860e+02
8771.2500 9.268815e+01
8772.5000 7.254945e+01
8773.7500 1.710584e+02
8775.0000 7.663919e+02
8776.2500 1.597619e+03
8777.5000 2.697122e+03
8778.7500 2.166365e+03
8780.0000 3.969850e+02
8781.2500 7.689852e+01
8782.5000 6.614751e+01
8783.7500 6.669110e+01
8785.0000 6.285637e+01
8786.2500 6.325904e+01
8787.5000 7.547796e+01
8788.7500 1.981045e+02
8790.0000 8.439113e+02
8791.2500 1.002343e+03
8792.5000 3.102453e+02
8793.7500 6.682926e+01
8795.0000 6.041432e+01
8796.2500 6.325592e+01
8797.5000 5.941666e+01
8798.7500 6.268111e+01
8800.0000 6.446297e+01
8801.2500 7.536503e+01
8802.5000 6.651081e+01
8803.7500 5.975501e+01
8805.0000 6.037382e+01
8806.2500 5.789462e+01
8807.5000 8.364594e+01
8808.7500 1.500122e+02
8810.0000 1.734482e+02
8811.2500 1.116268e+02
8812.5000 6.632861e+01
8813.7500 6.111316e+01
8815.0000 5.975649e+01
8816.2500 6.404794e+01
8817.5000 6.678112e+01
8818.7500 6.700971e+01
8820.0000 7.329048e+01
8821.2500 7.931055e+01
8822.5000 9.986383e+01
8823.7500 3.813418e+02
8825.0000 2.092262e+03
8826.2500 8.829500e+03
8827.5000 8.353524e+03
8828.7500 1.359327e+03
8830.0000 2.004383e+02
8831.2500 2.502885e+02
8832.5000 3.712163e+02
8833.7500 4.150654e+02
8835.0000 1.321817e+03
8836.2500 2.649643e+03
8837.5000 1.288310e+03
8838.7500 1.464309e+02
8840.0000 6.463476e+01
8841.2500 5.937355e+01
8842.5000 5.867077e+01
8843.7500 7.737387e+01
8845.0000 1.172446e+02
8846.2500 1.090396e+02
8847.5000 1.674214e+02
8848.7500 5.686048e+02
8850.0000 6.959544e+02
8851.2500 2.506616e+02
8852.5000 7.039359e+01
8853.7500 6.459428e+01
8855.0000 6.816067e+01
8856.2500 6.845963e+01
8857.5000 6.778230e+01
8858.7500 6.910201e+01
8860.0000 8.564787e+01
8861.2500 1.361365e+02
8862.5000 1.576135e+02
8863.7500 1.270585e+02
8865.0000 2.220872e+02
8866.2500 1.198013e+03
8867.5000 1.831252e+03
8868.7500 6.913375e+02
8870.0000 9.886301e+01
8871.2500 7.093266e+01
8872.5000 6.464403e+01
8873.7500 5.873310e+01
8875.0000 6.327909e+01
8876.2500 6.352631e+01
8877.5000 6.147808e+01
8878.7500 6.627068e+01
8880.0000 6.879974e+01
8881.2500 8.228014e+01
8882.5000 1.330066e+02
8883.7500 1.198970e+03
8885.0000 6.201299e+03
8886.2500 5.805910e+03
8887.5000 9.796237e+02
8888.7500 1.587428e+02
8890.0000 1.206359e+02
8891.2500 8.842012e+01
8892.5000 7.347739e+01
8893.7500 8.363078e+01
8895.0000 1.110863e+02
8896.2500 1.222077e+02
8897.5000 9.789832e+01
8898.7500 7.869019e+01
8900.0000 1.077982e+02
8901.2500 6.486570e+02
8902.5000 2.230161e+03
8903.7500 1.763595e+03
8905.0000 3.046016e+02
8906.2500 9.998235e+01
8907.5000 1.214128e+02
8908.7500 1.433320e+02
8910.0000 1.186868e+02
8911.2500 8.119439e+01
8912.5000 6.283173e+01
8913.7500 7.547591e+01
8915.0000 9.134821e+01
8916.2500 1.500261e+02
8917.5000 1.210625e+03
8918.7500 6.234396e+03
8920.0000 6.433442e+03
8921.2500 1.233825e+03
8922.5000 1.363314e+02
8923.7500 1.018731e+02
8925.0000 9.531198e+01
8926.2500 1.286884e+02
8927.5000 1.609118e+02
8928.7500 1.331826e+02
8930.0000 9.017517e+01
8931.2500 7.577512e+01
8932.5000 8.010664e+01
8933.7500 9.959758e+01
8935.0000 1.076652e+02
8936.2500 1.012745e+02
8937.5000 8.851035e+01
8938.7500 9.959740e+01
8940.0000 1.157901e+02
8941.2500 4.220640e+02
8942.5000 1.777608e+03
8943.7500 1.793532e+03
8945.0000 3.794640e+02
8946.2500 9.546650e+01
8947.5000 8.555844e+01
8948.7500 7.854733e+01
8950.0000 7.330084e+01
8951.2500 6.895674e+01
8952.5000 7.976321e+01
8953.7500 9.540731e+01
8955.0000 2.063761e+02
8956.2500 1.870344e+03
8957.5000 5.673182e+03
8958.7500 4.112891e+03
8960.0000 5.205181e+02
8961.2500 1.098545e+02
8962.5000 9.821542e+01
8963.7500 9.775950e+01
8965.0000 9.184785e+01
8966.2500 7.940237e+01
8967.5000 7.963441e+01
8968.7500 9.136739e+01
8970.0000 1.524565e+02
8971.2500 1.964880e+02
8972.5000 1.164630e+02
8973.7500 8.423100e+01
8975.0000 7.993160e+01
8976.2500 7.776629e+01
8977.5000 8.746597e+01
8978.7500 1.011195e+02
8980.0000 1.337458e+02
8981.2500 1.548896e+02
8982.5000 1.141078e+02
8983.7500 9.149548e+01
8985.0000 1.428907e+02
8986.2500 5.055260e+02
8987.5000 2.571167e+03
8988.7500 2.486873e+03
8990.0000 4.009119e+02
8991.2500 2.017457e+02
8992.5000 2.087289e+02
8993.7500 9.524039e+01
8995.0000 6.707127e+01
8996.2500 6.935835e+01
8997.5000 8.890640e+01
8998.7500 3.601193e+02
9000.0000 4.241773e+03
9001.2500 8.495806e+03
9002.5000 1.834917e+03
9003.7500 1.547784e+02
9005.0000 9.541523e+01
9006.2500 7.781274e+01
9007.5000 8.060915e+01
9008.7500 7.274522e+01
9010.0000 7.067912e+01
9011.2500 6.832697e+01
9012.5000 7.585126e+01
9013.7500 6.600345e+01
9015.0000 7.067247e+01
9016.2500 7.765406e+01
9017.5000 7.842239e+01
9018.7500 8.239649e+01
9020.0000 1.281448e+02
9021.2500 1.358868e+02
9022.5000 9.054879e+01
9023.7500 7.137648e+01
9025.0000 8.204691e+01
9026.2500 9.220364e+01
9027.5000 1.182872e+02
9028.7500 1.219474e+02
9030.0000 9.204502e+01
9031.2500 8.449083e+01
9032.5000 7.831920e+01
9033.7500 7.411397e+01
9035.0000 8.252913e+01
9036.2500 2.564385e+02
9037.5000 6.747403e+02
9038.7500 5.507096e+02
9040.0000 1.347079e+02
9041.2500 7.757449e+01
9042.5000 9.932811e+01
9043.7500 1.000076e+02
9045.0000 8.612309e+01
9046.2500 9.822287e+01
9047.5000 3.522215e+02
9048.7500 1.068639e+03
9050.0000 1.011544e+03
9051.2500 2.767641e+02
9052.5000 8.122047e+01
9053.7500 7.299449e+01
9055.0000 8.171286e+01
9056.2500 9.455943e+01
9057.5000 8.113188e+01
9058.7500 6.840370e+01
9060.0000 6.644885e+01
9061.2500 6.266500e+01
9062.5000 7.637547e+01
9063.7500 1.148424e+02
9065.0000 1.160490e+02
9066.2500 9.369512e+01
9067.5000 1.122334e+02
9068.7500 1.260496e+02
9070.0000 1.176173e+02
9071.2500 9.877092e+01
9072.5000 7.275701e+01
9073.7500 7.125584e+01
9075.0000 7.895181e+01
9076.2500 8.170287e+01
9077.5000 7.201148e+01
9078.7500 7.402684e+01
9080.0000 7.846913e+01
9081.2500 7.399225e+01
9082.5000 9.315844e+01
9083.7500 9.791766e+01
9085.0000 1.056675e+02
9086.2500 8.697730e+01
9087.5000 7.092301e+01
9088.7500 7.832281e+01
9090.0000 1.149108e+02
9091.2500 3.172086e+02
9092.5000 4.802916e+02
9093.7500 2.644622e+02
9095.0000 1.031353e+02
9096.2500 9.177271e+01
9097.5000 9.592631e+01
9098.7500 9.458720e+01
9100.0000 1.116964e+02
9101.2500 3.576149e+02
9102.5000 6.729860e+02
9103.7500 4.249931e+02
9105.0000 1.129043e+02
9106.2500 6.730888e+01
9107.5000 6.864146e+01
9108.7500 7.524406e+01
9110.0000 7.262382e+01
9111.2500 6.471323e+01
9112.5000 6.723300e+01
9113.7500 6.776083e+01
9115.0000 6.656653e+01
9116.2500 6.331245e+01
9117.5000 6.012310e+01
9118.7500 5.352825e+01
9120.0000 5.597893e+01
9121.2500 6.442533e+01
9122.5000 6.765384e+01
9123.7500 6.202502e+01
9125.0000 5.900602e+01
9126.2500 5.788204e+01
9127.5000 6.263100e+01
9128.7500 5.809642e+01
9130.0000 5.761384e+01
9131.2500 5.995367e+01
9132.5000 6.853414e+01
9133.7500 8.014072e+01
9135.0000 7.158424e+01
9136.2500 7.412102e+01
9137.5000 7.796851e+01
9138.7500 8.345949e+01
9140.0000 7.973309e+01
9141.2500 7.663429e+01
9142.5000 8.010912e+01
9143.7500 8.513012e+01
9145.0000 9.210201e+01
9146.2500 9.455727e+01
9147.5000 9.009638e+01
9148.7500 9.122047e+01
9150.0000 1.677013e+02
9151.2500 3.542780e+02
9152.5000 3.188053e+02
9153.7500 1.647484e+02
9155.0000 1.300173e+02
9156.2500 1.348910e+02
9157.5000 1.424010e+02
9158.7500 1.853043e+02
9160.0000 3.767371e+02
9161.2500 4.408232e+02
9162.5000 2.248532e+02
9163.7500 9.505985e+01
9165.0000 9.134805e+01
9166.2500 8.444016e+01
9167.5000 8.831474e+01
9168.7500 8.285217e+01
9170.0000 8.602856e+01
9171.2500 8.659673e+01
9172.5000 7.949324e+01
9173.7500 7.344182e+01
9175.0000 7.921468e+01
9176.2500 7.803072e+01
9177.5000 7.390284e+01
9178.7500 7.691019e+01
9180.0000 8.069743e+01
9181.2500 7.830290e+01
9182.5000 7.656975e+01
9183.7500 7.171535e+01
9185.0000 7.102933e+01
9186.2500 6.804351e+01
9187.5000 7.047271e+01
9188.7500 6.094104e+01
9190.0000 6.606685e+01
9191.2500 6.257011e+01
9192.5000 6.282146e+01
9193.7500 6.220558e+01
9195.0000 6.607075e+01
9196.2500 5.897098e+01
9197.5000 6.628535e+01
9198.7500 7.261511e+01
9200.0000 7.717353e+01
9201.2500 6.915015e+01
9202.5000 7.510544e+01
9203.7500 8.857574e+01
9205.0000 8.432810e+01
9206.2500 8.188385e+01
9207.5000 7.912728e+01
9208.7500 8.836089e+01
9210.0000 9.461291e+01
9211.2500 8.512541e+01
9212.5000 8.082426e+01
9213.7500 1.067344e+02
9215.0000 2.291019e+02
9216.2500 3.178486e+02
9217.5000 2.101671e+02
9218.7500 9.808015e+01
9220.0000 1.031163e+02
9221.2500 1.078955e+02
9222.5000 1.535495e+02
9223.7500 3.213070e+02
9225.0000 3.624538e+02
9226.2500 2.142821e+02
9227.5000 1.231756e+02
9228.7500 1.033493e+02
9230.0000 9.170551e+01
9231.2500 8.031969e+01
9232.5000 8.927953e+01
9233.7500 9.100892e+01
9235.0000 8.609454e+01
9236.2500 7.432438e+01
9237.5000 6.741106e+01
9238.7500 7.714497e+01
9240.0000 7.886433e+01
9241.2500 7.768613e+01
9242.5000 7.117990e+01
9243.7500 7.129697e+01
9245.0000 7.052886e+01
9246.2500 9.274977e+01
9247.5000 1.250342e+02
9248.7500 1.247314e+02
9250.0000 1.283235e+02
9251.2500 1.339518e+02
9252.5000 1.034089e+02
9253.7500 1.131238e+02
9255.0000 9.028379e+01
9256.2500 6.911077e+01
9257.5000 6.906348e+01
9258.7500 7.943368e+01
9260.0000 1.170470e+02
9261.2500 1.876284e+02
9262.5000 2.035921e+02
9263.7500 1.541879e+02
9265.0000 1.820945e+02
9266.2500 1.794158e+02
9267.5000 1.002089e+02
9268.7500 8.413142e+01
9270.0000 8.048418e+01
9271.2500 8.603412e+01
9272.5000 7.243211e+01
9273.7500 8.565538e+01
9275.0000 8.246014e+01
9276.2500 7.987398e+01
9277.5000 8.070933e+01
9278.7500 9.376335e+01
9280.0000 8.027550e+01
9281.2500 8.446914e+01
9282.5000 8.708270e+01
9283.7500 1.055750e+02
9285.0000 2.149638e+02
9286.2500 3.313109e+02
9287.5000 2.467736e+02
9288.7500 1.690184e+02
9290.0000 1.224287e+02
9291.2500 1.431751e+02
9292.5000 2.597490e+02
9293.7500 3.690836e+02
9295.0000 2.270111e+02
9296.2500 1.157186e+02
9297.5000 9.492310e+01
9298.7500 1.043117e+02
9300.0000 1.181286e+02
9301.2500 1.278693e+02
9302.5000 1.608945e+02
9303.7500 4.722140e+02
9305.0000 2.592416e+03
9306.2500 1.003444e+04
9307.5000 1.616939e+04
9308.7500 6.528178e+03
9310.0000 2.742215e+03
9311.2500 5.263120e+03
9312.5000 1.107990e+04
9313.7500 1.215963e+04
9315.0000 3.315801e+03
9316.2500 1.310720e+03
9317.5000 1.964824e+03
9318.7500 9.716604e+02
9320.0000 5.425090e+02
9321.2500 3.617940e+03
9322.5000 2.572619e+04
9323.7500 3.872007e+04
9325.0000 8.984956e+03
9326.2500 4.975883e+02
9327.5000 2.442263e+02
9328.7500 3.146874e+02
9330.0000 6.484265e+02
9331.2500 7.426038e+02
9332.5000 3.282895e+02
9333.7500 2.134593e+02
9335.0000 3.922877e+02
9336.2500 2.247163e+03
9337.5000 6.253267e+03
9338.7500 3.555011e+03
9340.0000 4.491290e+02
9341.2500 2.825803e+02
9342.5000 3.200606e+02
9343.7500 3.908187e+02
9345.0000 3.895901e+02
9346.2500 4.002979e+02
9347.5000 5.619791e+02
9348.7500 7.949260e+02
9350.0000 2.480744e+03
