4750.0000 9.355070e+02
4751.2500 5.703843e+02
4752.5000 4.813514e+02
4753.7500 4.566053e+02
4755.0000 4.249111e+02
4756.2500 3.388629e+02
4757.5000 3.156184e+02
4758.7500 3.160331e+02
4760.0000 2.756650e+02
4761.2500 2.603490e+02
4762.5000 2.603808e+02
4763.7500 2.208761e+02
4765.0000 2.361365e+02
4766.2500 2.098062e+02
4767.5000 2.035559e+02
4768.7500 2.031312e+02
4770.0000 2.000833e+02
4771.2500 1.764028e+02
4772.5000 1.816551e+02
4773.7500 1.870282e+02
4775.0000 1.842065e+02
4776.2500 1.787157e+02
4777.5000 1.761283e+02
4778.7500 1.734463e+02
4780.0000 1.846834e+02
4781.2500 1.824597e+02
4782.5000 1.907390e+02
4783.7500 1.929987e+02
4785.0000 1.857095e+02
4786.2500 1.966644e+02
4787.5000 1.741750e+02
4788.7500 1.979003e+02
4790.0000 2.073391e+02
4791.2500 1.983337e+02
4792.5000 2.089277e+02
4793.7500 2.219150e+02
4795.0000 2.099246e+02
4796.2500 2.337976e+02
4797.5000 2.181863e+02
4798.7500 2.211263e+02
4800.0000 2.041997e+02
4801.2500 2.114037e+02
4802.5000 2.152474e+02
4803.7500 2.151788e+02
4805.0000 2.064296e+02
4806.2500 1.970820e+02
4807.5000 2.050263e+02
4808.7500 2.093318e+02
4810.0000 1.871544e+02
4811.2500 1.937113e+02
4812.5000 1.933274e+02
4813.7500 1.777522e+02
4815.0000 1.937879e+02
4816.2500 1.940638e+02
4817.5000 1.952805e+02
4818.7500 1.893555e+02
4820.0000 1.748104e+02
4821.2500 1.936874e+02
4822.5000 1.683805e+02
4823.7500 1.746425e+02
4825.0000 1.668190e+02
4826.2500 1.841579e+02
4827.5000 1.664081e+02
4828.7500 1.784310e+02
4830.0000 1.676085e+02
4831.2500 1.755375e+02
4832.5000 1.826425e+02
4833.7500 1.910923e+02
4835.0000 1.918346e+02
4836.2500 2.080217e+02
4837.5000 2.101290e+02
4838.7500 2.146800e+02
4840.0000 2.089058e+02
4841.2500 1.864003e+02
4842.5000 1.948198e+02
4843.7500 1.881223e+02
4845.0000 1.917810e+02
4846.2500 1.954972e+02
4847.5000 2.157803e+02
4848.7500 1.852527e+02
4850.0000 1.874852e+02
4851.2500 1.744211e+02
4852.5000 1.768199e+02
4853.7500 1.874077e+02
4855.0000 1.574442e+02
4856.2500 1.586596e+02
4857.5000 1.557834e+02
4858.7500 1.569835e+02
4860.0000 2.030910e+02
4861.2500 2.888012e+02
4862.5000 2.293480e+02
4863.7500 1.523072e+02
4865.0000 1.528972e+02
4866.2500 1.502812e+02
4867.5000 1.525766e+02
4868.7500 1.462962e+02
4870.0000 1.424978e+02
4871.2500 1.335416e+02
4872.5000 1.275409e+02
4873.7500 1.395505e+02
4875.0000 1.440964e+02
4876.2500 1.507993e+02
4877.5000 1.407066e+02
4878.7500 1.510156e+02
4880.0000 1.531803e+02
4881.2500 1.600434e+02
4882.5000 1.541486e+02
4883.7500 1.658182e+02
4885.0000 1.615022e+02
4886.2500 1.506356e+02
4887.5000 1.671616e+02
4888.7500 1.619483e+02
4890.0000 1.745961e+02
4891.2500 1.744375e+02
4892.5000 1.723576e+02
4893.7500 1.737086e+02
4895.0000 1.752876e+02
4896.2500 1.938039e+02
4897.5000 1.834782e+02
4898.7500 1.791342e+02
4900.0000 1.615553e+02
4901.2500 1.696795e+02
4902.5000 1.556448e+02
4903.7500 1.753647e+02
4905.0000 2.004455e+02
4906.2500 1.771003e+02
4907.5000 1.713837e+02
4908.7500 1.620995e+02
4910.0000 1.688979e+02
4911.2500 1.628018e+02
4912.5000 1.583837e+02
4913.7500 1.622333e+02
4915.0000 1.657094e+02
4916.2500 1.529034e+02
4917.5000 1.457158e+02
4918.7500 1.313173e+02
4920.0000 1.340804e+02
4921.2500 1.488496e+02
4922.5000 1.352316e+02
4923.7500 1.439331e+02
4925.0000 1.479922e+02
4926.2500 1.350249e+02
4927.5000 1.302825e+02
4928.7500 1.358138e+02
4930.0000 1.384590e+02
4931.2500 1.407695e+02
4932.5000 1.388962e+02
4933.7500 1.371622e+02
4935.0000 1.355159e+02
4936.2500 1.465929e+02
4937.5000 1.556823e+02
4938.7500 1.387139e+02
4940.0000 1.339990e+02
4941.2500 1.465787e+02
4942.5000 1.541107e+02
4943.7500 1.462281e+02
4945.0000 1.510215e+02
4946.2500 1.565598e+02
4947.5000 1.598147e+02
4948.7500 1.562667e+02
4950.0000 1.582200e+02
4951.2500 1.612364e+02
4952.5000 1.588492e+02
4953.7500 1.732404e+02
4955.0000 1.808983e+02
4956.2500 1.570370e+02
4957.5000 1.577528e+02
4958.7500 1.642059e+02
4960.0000 1.592723e+02
4961.2500 1.569808e+02
4962.5000 1.647415e+02
4963.7500 1.702450e+02
4965.0000 1.712303e+02
4966.2500 1.682173e+02
4967.5000 1.760930e+02
4968.7500 1.604938e+02
4970.0000 1.690046e+02
4971.2500 1.648834e+02
4972.5000 1.572097e+02
4973.7500 1.514059e+02
4975.0000 1.501781e+02
4976.2500 1.413326e+02
4977.5000 1.409639e+02
4978.7500 1.349536e+02
4980.0000 1.311113e+02
4981.2500 1.155065e+02
4982.5000 1.200380e+02
4983.7500 1.157446e+02
4985.0000 1.116475e+02
4986.2500 1.261079e+02
4987.5000 1.323817e+02
4988.7500 1.334936e+02
4990.0000 1.461241e+02
4991.2500 1.329263e+02
4992.5000 1.355952e+02
4993.7500 1.378534e+02
4995.0000 1.437859e+02
4996.2500 1.385390e+02
4997.5000 1.399870e+02
4998.7500 1.344055e+02
5000.0000 1.386293e+02
5001.2500 1.346387e+02
5002.5000 1.404488e+02
5003.7500 1.550981e+02
5005.0000 1.509799e+02
5006.2500 1.498635e+02
5007.5000 1.574484e+02
5008.7500 1.617658e+02
5010.0000 1.581907e+02
5011.2500 1.516666e+02
5012.5000 1.383120e+02
5013.7500 1.387453e+02
5015.0000 1.439944e+02
5016.2500 1.589361e+02
5017.5000 1.470348e+02
5018.7500 1.400555e+02
5020.0000 1.524400e+02
5021.2500 1.567599e+02
5022.5000 1.398508e+02
5023.7500 1.497245e+02
5025.0000 1.441745e+02
5026.2500 1.321771e+02
5027.5000 1.365202e+02
5028.7500 1.436547e+02
5030.0000 1.384932e+02
5031.2500 1.375337e+02
5032.5000 1.410688e+02
5033.7500 1.317338e+02
5035.0000 1.216385e+02
5036.2500 1.178289e+02
5037.5000 1.273515e+02
5038.7500 1.139723e+02
5040.0000 1.075089e+02
5041.2500 1.045246e+02
5042.5000 1.113894e+02
5043.7500 1.171589e+02
5045.0000 1.158493e+02
5046.2500 1.121969e+02
5047.5000 1.159674e+02
5048.7500 1.176325e+02
5050.0000 1.113670e+02
5051.2500 1.208791e+02
5052.5000 1.206697e+02
5053.7500 1.181152e+02
5055.0000 1.219360e+02
5056.2500 1.180222e+02
5057.5000 1.276831e+02
5058.7500 1.321018e+02
5060.0000 1.335659e+02
5061.2500 1.314753e+02
5062.5000 1.332491e+02
5063.7500 1.289135e+02
5065.0000 1.304440e+02
5066.2500 1.443637e+02
5067.5000 1.399088e+02
5068.7500 1.397935e+02
5070.0000 1.320330e+02
5071.2500 1.379479e+02
5072.5000 1.367347e+02
5073.7500 1.422939e+02
5075.0000 1.389380e+02
5076.2500 1.511129e+02
5077.5000 1.354413e+02
5078.7500 1.515642e+02
5080.0000 1.296492e+02
5081.2500 1.236518e+02
5082.5000 1.367476e+02
5083.7500 1.385716e+02
5085.0000 1.392142e+02
5086.2500 1.315477e+02
5087.5000 1.347304e+02
5088.7500 1.410003e+02
5090.0000 1.374307e+02
5091.2500 1.375875e+02
5092.5000 1.304780e+02
5093.7500 1.280386e+02
5095.0000 1.236822e+02
5096.2500 1.222296e+02
5097.5000 1.081442e+02
5098.7500 1.083104e+02
5100.0000 1.092887e+02
5101.2500 1.105153e+02
5102.5000 1.191917e+02
5103.7500 1.116824e+02
5105.0000 1.126587e+02
5106.2500 1.181076e+02
5107.5000 1.078366e+02
5108.7500 1.025727e+02
5110.0000 1.044577e+02
5111.2500 1.083576e+02
5112.5000 1.151715e+02
5113.7500 1.127427e+02
5115.0000 1.177946e+02
5116.2500 1.116684e+02
5117.5000 1.122468e+02
5118.7500 1.220537e+02
5120.0000 1.120723e+02
5121.2500 1.156245e+02
5122.5000 1.223296e+02
5123.7500 1.078672e+02
5125.0000 1.118977e+02
5126.2500 1.221753e+02
5127.5000 1.181928e+02
5128.7500 1.228902e+02
5130.0000 1.307922e+02
5131.2500 1.331105e+02
5132.5000 1.325806e+02
5133.7500 1.449588e+02
5135.0000 1.418149e+02
5136.2500 1.449305e+02
5137.5000 1.388081e+02
5138.7500 1.346344e+02
5140.0000 1.386275e+02
5141.2500 1.412405e+02
5142.5000 1.370302e+02
5143.7500 1.406504e+02
5145.0000 1.372502e+02
5146.2500 1.284939e+02
5147.5000 1.308119e+02
5148.7500 1.263499e+02
5150.0000 1.333760e+02
5151.2500 1.371092e+02
5152.5000 1.253516e+02
5153.7500 1.286127e+02
5155.0000 1.295398e+02
5156.2500 1.261548e+02
5157.5000 1.305708e+02
5158.7500 1.184777e+02
5160.0000 1.224087e+02
5161.2500 1.177726e+02
5162.5000 1.197694e+02
5163.7500 1.106511e+02
5165.0000 1.024172e+02
5166.2500 9.136176e+01
5167.5000 9.255873e+01
5168.7500 9.916727e+01
5170.0000 1.029082e+02
5171.2500 9.088168e+01
5172.5000 8.328391e+01
5173.7500 9.212708e+01
5175.0000 1.008122e+02
5176.2500 9.963268e+01
5177.5000 9.894109e+01
5178.7500 9.835398e+01
5180.0000 1.022727e+02
5181.2500 9.812125e+01
5182.5000 9.207976e+01
5183.7500 8.555997e+01
5185.0000 9.035239e+01
5186.2500 1.074706e+02
5187.5000 1.324842e+02
5188.7500 1.295459e+02
5190.0000 1.294928e+02
5191.2500 1.204600e+02
5192.5000 1.090283e+02
5193.7500 1.141145e+02
5195.0000 1.175750e+02
5196.2500 1.345597e+02
5197.5000 1.939830e+02
5198.7500 1.961691e+02
5200.0000 1.815483e+02
5201.2500 1.615310e+02
5202.5000 1.671242e+02
5203.7500 1.508040e+02
5205.0000 1.191148e+02
5206.2500 1.284626e+02
5207.5000 1.405771e+02
5208.7500 1.454710e+02
5210.0000 1.331402e+02
5211.2500 1.279027e+02
5212.5000 1.318190e+02
5213.7500 1.256193e+02
5215.0000 1.263937e+02
5216.2500 1.363857e+02
5217.5000 1.379169e+02
5218.7500 1.346561e+02
5220.0000 1.353717e+02
5221.2500 1.345258e+02
5222.5000 1.466990e+02
5223.7500 1.630961e+02
5225.0000 1.362141e+02
5226.2500 1.127986e+02
5227.5000 1.099356e+02
5228.7500 1.105126e+02
5230.0000 1.147505e+02
5231.2500 1.216525e+02
5232.5000 1.073102e+02
5233.7500 1.060968e+02
5235.0000 1.117347e+02
5236.2500 1.046620e+02
5237.5000 1.373852e+02
5238.7500 1.391007e+02
5240.0000 1.228288e+02
5241.2500 1.091888e+02
5242.5000 1.033101e+02
5243.7500 9.706705e+01
5245.0000 9.714069e+01
5246.2500 9.971241e+01
5247.5000 1.001379e+02
5248.7500 9.815858e+01
5250.0000 1.081228e+02
5251.2500 1.008583e+02
5252.5000 9.736523e+01
5253.7500 1.034141e+02
5255.0000 1.262373e+02
5256.2500 1.446645e+02
5257.5000 1.254603e+02
5258.7500 1.104202e+02
5260.0000 1.041782e+02
5261.2500 1.051362e+02
5262.5000 1.034240e+02
5263.7500 1.031428e+02
5265.0000 9.972453e+01
5266.2500 9.858441e+01
5267.5000 1.035118e+02
5268.7500 1.044098e+02
5270.0000 1.091241e+02
5271.2500 1.104233e+02
5272.5000 1.172280e+02
5273.7500 1.232292e+02
5275.0000 1.394095e+02
5276.2500 1.435872e+02
5277.5000 1.268044e+02
5278.7500 1.255701e+02
5280.0000 1.234604e+02
5281.2500 1.213141e+02
5282.5000 1.180807e+02
5283.7500 1.154692e+02
5285.0000 1.319222e+02
5286.2500 1.254526e+02
5287.5000 1.254889e+02
5288.7500 1.243102e+02
5290.0000 1.334582e+02
5291.2500 1.281352e+02
5292.5000 1.360325e+02
5293.7500 1.311745e+02
5295.0000 1.353054e+02
5296.2500 1.215287e+02
5297.5000 1.262621e+02
5298.7500 1.406080e+02
5300.0000 1.268936e+02
5301.2500 1.196991e+02
5302.5000 1.148383e+02
5303.7500 1.171192e+02
5305.0000 1.195076e+02
5306.2500 1.215212e+02
5307.5000 1.188218e+02
5308.7500 1.062885e+02
5310.0000 1.049323e+02
5311.2500 1.164675e+02
5312.5000 1.169211e+02
5313.7500 1.096043e+02
5315.0000 1.089213e+02
5316.2500 1.064530e+02
5317.5000 1.067446e+02
5318.7500 1.041254e+02
5320.0000 1.021179e+02
5321.2500 9.836051e+01
5322.5000 1.016874e+02
5323.7500 1.022849e+02
5325.0000 1.009393e+02
5326.2500 9.826543e+01
5327.5000 9.545190e+01
5328.7500 1.006854e+02
5330.0000 1.277169e+02
5331.2500 1.242033e+02
5332.5000 1.072691e+02
5333.7500 1.052111e+02
5335.0000 1.125361e+02
5336.2500 1.056112e+02
5337.5000 1.135244e+02
5338.7500 9.968896e+01
5340.0000 1.030421e+02
5341.2500 1.086242e+02
5342.5000 1.164438e+02
5343.7500 1.188569e+02
5345.0000 1.166435e+02
5346.2500 1.114511e+02
5347.5000 1.136842e+02
5348.7500 1.290611e+02
5350.0000 1.230584e+02
5351.2500 1.226257e+02
5352.5000 1.115785e+02
5353.7500 1.235847e+02
5355.0000 1.210972e+02
5356.2500 1.286439e+02
5357.5000 1.245460e+02
5358.7500 1.317109e+02
5360.0000 1.277345e+02
5361.2500 1.234820e+02
5362.5000 1.294449e+02
5363.7500 1.207451e+02
5365.0000 1.176632e+02
5366.2500 1.197807e+02
5367.5000 1.296075e+02
5368.7500 1.219541e+02
5370.0000 1.167138e+02
5371.2500 1.128893e+02
5372.5000 1.167075e+02
5373.7500 1.229781e+02
5375.0000 1.212910e+02
5376.2500 1.253967e+02
5377.5000 1.214706e+02
5378.7500 1.233764e+02
5380.0000 1.112624e+02
5381.2500 1.121460e+02
5382.5000 1.117630e+02
5383.7500 1.010678e+02
5385.0000 1.083673e+02
5386.2500 1.136186e+02
5387.5000 1.183766e+02
5388.7500 1.072101e+02
5390.0000 1.024306e+02
5391.2500 9.883167e+01
5392.5000 9.892010e+01
5393.7500 9.562048e+01
5395.0000 9.583973e+01
5396.2500 9.235696e+01
5397.5000 8.489243e+01
5398.7500 8.790550e+01
5400.0000 8.844517e+01
5401.2500 9.448129e+01
5402.5000 8.695233e+01
5403.7500 8.013705e+01
5405.0000 8.355789e+01
5406.2500 8.421378e+01
5407.5000 9.091176e+01
5408.7500 8.803787e+01
5410.0000 9.077691e+01
5411.2500 9.328485e+01
5412.5000 9.624722e+01
5413.7500 9.877374e+01
5415.0000 9.767955e+01
5416.2500 9.546851e+01
5417.5000 1.002257e+02
5418.7500 9.862268e+01
5420.0000 1.002944e+02
5421.2500 1.012729e+02
5422.5000 1.004067e+02
5423.7500 1.058310e+02
5425.0000 9.967155e+01
5426.2500 1.068228e+02
5427.5000 1.096502e+02
5428.7500 1.034333e+02
5430.0000 1.043359e+02
5431.2500 1.142851e+02
5432.5000 1.105681e+02
5433.7500 1.177810e+02
5435.0000 1.139976e+02
5436.2500 1.205683e+02
5437.5000 1.188444e+02
5438.7500 1.222071e+02
5440.0000 1.216169e+02
5441.2500 1.220826e+02
5442.5000 1.188442e+02
5443.7500 1.144582e+02
5445.0000 1.213377e+02
5446.2500 1.110821e+02
5447.5000 1.095969e+02
5448.7500 1.207945e+02
5450.0000 1.163407e+02
5451.2500 1.196215e+02
5452.5000 1.174684e+02
5453.7500 1.106434e+02
5455.0000 1.076811e+02
5456.2500 1.138170e+02
5457.5000 1.262179e+02
5458.7500 1.140046e+02
5460.0000 1.247018e+02
5461.2500 1.220048e+02
5462.5000 1.133337e+02
5463.7500 1.118682e+02
5465.0000 1.092003e+02
5466.2500 1.083590e+02
5467.5000 1.147130e+02
5468.7500 1.097562e+02
5470.0000 1.078705e+02
5471.2500 1.030733e+02
5472.5000 1.023295e+02
5473.7500 9.895745e+01
5475.0000 9.725950e+01
5476.2500 9.409473e+01
5477.5000 9.178707e+01
5478.7500 1.058683e+02
5480.0000 9.850739e+01
5481.2500 9.306090e+01
5482.5000 9.522621e+01
5483.7500 9.021619e+01
5485.0000 8.782533e+01
5486.2500 8.956467e+01
5487.5000 8.434769e+01
5488.7500 8.797492e+01
5490.0000 9.211247e+01
5491.2500 8.858237e+01
5492.5000 8.676921e+01
5493.7500 9.144088e+01
5495.0000 8.963165e+01
5496.2500 9.329725e+01
5497.5000 9.496996e+01
5498.7500 1.014196e+02
5500.0000 1.021705e+02
5501.2500 9.330784e+01
5502.5000 9.962979e+01
5503.7500 9.493190e+01
5505.0000 1.017753e+02
5506.2500 9.678166e+01
5507.5000 1.000199e+02
5508.7500 9.787567e+01
5510.0000 1.005362e+02
5511.2500 9.903934e+01
5512.5000 1.056889e+02
5513.7500 1.024412e+02
5515.0000 1.031556e+02
5516.2500 1.064174e+02
5517.5000 1.135274e+02
5518.7500 1.073871e+02
5520.0000 1.149687e+02
5521.2500 1.083595e+02
5522.5000 1.184147e+02
5523.7500 1.134578e+02
5525.0000 1.118058e+02
5526.2500 1.084111e+02
5527.5000 1.045647e+02
5528.7500 1.051877e+02
5530.0000 1.101156e+02
5531.2500 1.205677e+02
5532.5000 1.170612e+02
5533.7500 1.152305e+02
5535.0000 1.098542e+02
5536.2500 1.131869e+02
5537.5000 1.139074e+02
5538.7500 1.202676e+02
5540.0000 1.112034e+02
5541.2500 1.237573e+02
5542.5000 1.512062e+02
5543.7500 1.543284e+02
5545.0000 1.454531e+02
5546.2500 1.249819e+02
5547.5000 1.125032e+02
5548.7500 1.249799e+02
5550.0000 1.132925e+02
5551.2500 1.094783e+02
5552.5000 1.134587e+02
5553.7500 1.126449e+02
5555.0000 1.090016e+02
5556.2500 1.091317e+02
5557.5000 1.101536e+02
5558.7500 1.069263e+02
5560.0000 1.006890e+02
5561.2500 1.106940e+02
5562.5000 1.383230e+02
5563.7500 1.512544e+02
5565.0000 1.259539e+02
5566.2500 1.018912e+02
5567.5000 1.008994e+02
5568.7500 1.123936e+02
5570.0000 1.117996e+02
5571.2500 9.237028e+01
5572.5000 1.047035e+02
5573.7500 1.229596e+02
5575.0000 9.604787e+02
5576.2500 6.359964e+03
5577.5000 8.283057e+03
5578.7500 2.499734e+03
5580.0000 2.139395e+02
5581.2500 1.124582e+02
5582.5000 9.885208e+01
5583.7500 9.079510e+01
5585.0000 8.885145e+01
5586.2500 8.475029e+01
5587.5000 1.052976e+02
5588.7500 1.265681e+02
5590.0000 1.223263e+02
5591.2500 9.733841e+01
5592.5000 9.042571e+01
5593.7500 9.152176e+01
5595.0000 9.157772e+01
5596.2500 1.029265e+02
5597.5000 1.065276e+02
5598.7500 1.076664e+02
5600.0000 9.352563e+01
5601.2500 9.253382e+01
5602.5000 9.056721e+01
5603.7500 1.166833e+02
5605.0000 1.475228e+02
5606.2500 1.284899e+02
5607.5000 1.059089e+02
5608.7500 1.062233e+02
5610.0000 1.060915e+02
5611.2500 1.026118e+02
5612.5000 1.016665e+02
5613.7500 1.028759e+02
5615.0000 9.750285e+01
5616.2500 1.141266e+02
5617.5000 1.215290e+02
5618.7500 1.038863e+02
5620.0000 1.121951e+02
5621.2500 1.159306e+02
5622.5000 1.406375e+02
5623.7500 1.473371e+02
5625.0000 1.247554e+02
5626.2500 1.106381e+02
5627.5000 1.123460e+02
5628.7500 1.091558e+02
5630.0000 1.063216e+02
5631.2500 1.087487e+02
5632.5000 1.068281e+02
5633.7500 1.013356e+02
5635.0000 1.037308e+02
5636.2500 9.668970e+01
5637.5000 1.061373e+02
5638.7500 1.135044e+02
5640.0000 1.123065e+02
5641.2500 1.028472e+02
5642.5000 1.009319e+02
5643.7500 1.154991e+02
5645.0000 1.247377e+02
5646.2500 1.139912e+02
5647.5000 1.046625e+02
5648.7500 1.015348e+02
5650.0000 9.884744e+01
5651.2500 1.003773e+02
5652.5000 9.677151e+01
5653.7500 9.933687e+01
5655.0000 9.120213e+01
5656.2500 9.572659e+01
5657.5000 9.486092e+01
5658.7500 9.218921e+01
5660.0000 9.743569e+01
5661.2500 9.849711e+01
5662.5000 9.101707e+01
5663.7500 9.807516e+01
5665.0000 9.901553e+01
5666.2500 8.979987e+01
5667.5000 9.222639e+01
5668.7500 9.743873e+01
5670.0000 1.005438e+02
5671.2500 9.309791e+01
5672.5000 8.849559e+01
5673.7500 8.359962e+01
5675.0000 9.348547e+01
5676.2500 8.667434e+01
5677.5000 8.946207e+01
5678.7500 8.625690e+01
5680.0000 8.544269e+01
5681.2500 8.731303e+01
5682.5000 9.438300e+01
5683.7500 8.988913e+01
5685.0000 9.212006e+01
5686.2500 9.498618e+01
5687.5000 9.318808e+01
5688.7500 9.379839e+01
5690.0000 1.027178e+02
5691.2500 9.963762e+01
5692.5000 9.880894e+01
5693.7500 9.851804e+01
5695.0000 9.552958e+01
5696.2500 9.774184e+01
5697.5000 9.759379e+01
5698.7500 9.742551e+01
5700.0000 9.519140e+01
5701.2500 9.901834e+01
5702.5000 1.033980e+02
5703.7500 1.031150e+02
5705.0000 9.390696e+01
5706.2500 9.913375e+01
5707.5000 1.007167e+02
5708.7500 9.170221e+01
5710.0000 9.672861e+01
5711.2500 1.069379e+02
5712.5000 1.025933e+02
5713.7500 1.013323e+02
5715.0000 1.071545e+02
5716.2500 1.039697e+02
5717.5000 1.039390e+02
5718.7500 1.035856e+02
5720.0000 1.090095e+02
5721.2500 1.066307e+02
5722.5000 1.120648e+02
5723.7500 1.092080e+02
5725.0000 1.075572e+02
5726.2500 1.093420e+02
5727.5000 1.130735e+02
5728.7500 1.078867e+02
5730.0000 1.084090e+02
5731.2500 1.071106e+02
5732.5000 1.043811e+02
5733.7500 1.095076e+02
5735.0000 1.061219e+02
5736.2500 1.083650e+02
5737.5000 1.062701e+02
5738.7500 1.038393e+02
5740.0000 1.055865e+02
5741.2500 1.036399e+02
5742.5000 1.072035e+02
5743.7500 1.009434e+02
5745.0000 1.006623e+02
5746.2500 9.987256e+01
5747.5000 1.027588e+02
5748.7500 9.897227e+01
5750.0000 8.958604e+01
5751.2500 9.310263e+01
5752.5000 9.802631e+01
5753.7500 9.465583e+01
5755.0000 9.925851e+01
5756.2500 9.896282e+01
5757.5000 1.063399e+02
5758.7500 9.939854e+01
5760.0000 1.026192e+02
5761.2500 9.276437e+01
5762.5000 9.281518e+01
5763.7500 9.774657e+01
5765.0000 9.675191e+01
5766.2500 9.667937e+01
5767.5000 9.591148e+01
5768.7500 9.415004e+01
5770.0000 9.319624e+01
5771.2500 8.989325e+01
5772.5000 9.112041e+01
5773.7500 9.094501e+01
5775.0000 9.009925e+01
5776.2500 8.575216e+01
5777.5000 8.786062e+01
5778.7500 8.981689e+01
5780.0000 8.562794e+01
5781.2500 8.312852e+01
5782.5000 8.627441e+01
5783.7500 8.608665e+01
5785.0000 8.426186e+01
5786.2500 8.218122e+01
5787.5000 8.646365e+01
5788.7500 9.167330e+01
5790.0000 8.981368e+01
5791.2500 9.467913e+01
5792.5000 9.272522e+01
5793.7500 8.613037e+01
5795.0000 9.217138e+01
5796.2500 8.708543e+01
5797.5000 8.259199e+01
5798.7500 8.689494e+01
5800.0000 8.930916e+01
5801.2500 9.347936e+01
5802.5000 9.028651e+01
5803.7500 8.637208e+01
5805.0000 8.430043e+01
5806.2500 9.145744e+01
5807.5000 9.015855e+01
5808.7500 9.409661e+01
5810.0000 9.270739e+01
5811.2500 8.952675e+01
5812.5000 9.126728e+01
5813.7500 8.753281e+01
5815.0000 9.011468e+01
5816.2500 9.021170e+01
5817.5000 9.047682e+01
5818.7500 9.375013e+01
5820.0000 9.454733e+01
5821.2500 9.578120e+01
5822.5000 9.641692e+01
5823.7500 1.015519e+02
5825.0000 9.519544e+01
5826.2500 9.937046e+01
5827.5000 9.650767e+01
5828.7500 1.029464e+02
5830.0000 9.725898e+01
5831.2500 1.039759e+02
5832.5000 9.725906e+01
5833.7500 9.514891e+01
5835.0000 1.000321e+02
5836.2500 1.021289e+02
5837.5000 9.964450e+01
5838.7500 9.871790e+01
5840.0000 9.439390e+01
5841.2500 9.772994e+01
5842.5000 9.846162e+01
5843.7500 9.508373e+01
5845.0000 9.241336e+01
5846.2500 9.674294e+01
5847.5000 9.490188e+01
5848.7500 9.376881e+01
5850.0000 9.303388e+01
5851.2500 8.939584e+01
5852.5000 9.327998e+01
5853.7500 9.038811e+01
5855.0000 9.183089e+01
5856.2500 8.778941e+01
5857.5000 8.964824e+01
5858.7500 8.750248e+01
5860.0000 9.109683e+01
5861.2500 8.635002e+01
5862.5000 9.107145e+01
5863.7500 1.107875e+02
5865.0000 1.713979e+02
5866.2500 1.990519e+02
5867.5000 1.942719e+02
5868.7500 1.499136e+02
5870.0000 1.112178e+02
5871.2500 1.027756e+02
5872.5000 1.111110e+02
5873.7500 1.098116e+02
5875.0000 1.004356e+02
5876.2500 9.900192e+01
5877.5000 9.578316e+01
5878.7500 9.150979e+01
5880.0000 8.634637e+01
5881.2500 8.882621e+01
5882.5000 9.434614e+01
5883.7500 9.553657e+01
5885.0000 9.300977e+01
5886.2500 1.350885e+02
5887.5000 2.718605e+02
5888.7500 5.865811e+02
5890.0000 6.744698e+02
5891.2500 3.047126e+02
5892.5000 1.145104e+02
5893.7500 1.794010e+02
5895.0000 3.963726e+02
5896.2500 3.985105e+02
5897.5000 1.710149e+02
5898.7500 9.133972e+01
5900.0000 8.935496e+01
5901.2500 8.912489e+01
5902.5000 9.924802e+01
5903.7500 1.016299e+02
5905.0000 1.031554e+02
5906.2500 1.238552e+02
5907.5000 1.133323e+02
5908.7500 9.275648e+01
5910.0000 9.085510e+01
5911.2500 8.613365e+01
5912.5000 9.605969e+01
5913.7500 1.437140e+02
5915.0000 2.203752e+02
5916.2500 1.739943e+02
5917.5000 9.836446e+01
5918.7500 8.674305e+01
5920.0000 9.294511e+01
5921.2500 9.378241e+01
5922.5000 9.650285e+01
5923.7500 1.328196e+02
5925.0000 1.377451e+02
5926.2500 1.038421e+02
5927.5000 9.194044e+01
5928.7500 9.102449e+01
5930.0000 9.408147e+01
5931.2500 1.507231e+02
5932.5000 2.503918e+02
5933.7500 2.028623e+02
5935.0000 9.698167e+01
5936.2500 9.449998e+01
5937.5000 9.568129e+01
5938.7500 9.481667e+01
5940.0000 9.614512e+01
5941.2500 9.134232e+01
5942.5000 9.625843e+01
5943.7500 9.959071e+01
5945.0000 1.333763e+02
5946.2500 1.471336e+02
5947.5000 1.093670e+02
5948.7500 9.655437e+01
5950.0000 9.386053e+01
5951.2500 1.134293e+02
5952.5000 2.037586e+02
5953.7500 2.162842e+02
5955.0000 1.236015e+02
5956.2500 9.713233e+01
5957.5000 9.686347e+01
5958.7500 9.855132e+01
5960.0000 9.523782e+01
5961.2500 9.621471e+01
5962.5000 9.763258e+01
5963.7500 9.711983e+01
5965.0000 9.524243e+01
5966.2500 9.459659e+01
5967.5000 9.344644e+01
5968.7500 1.054535e+02
5970.0000 1.254891e+02
5971.2500 1.129642e+02
5972.5000 9.237232e+01
5973.7500 8.839127e+01
5975.0000 1.068386e+02
5976.2500 1.552417e+02
5977.5000 1.550934e+02
5978.7500 9.985825e+01
5980.0000 9.034232e+01
5981.2500 9.179230e+01
5982.5000 9.043279e+01
5983.7500 9.006738e+01
5985.0000 8.999235e+01
5986.2500 9.143690e+01
5987.5000 9.528525e+01
5988.7500 8.919319e+01
5990.0000 8.961591e+01
5991.2500 9.341027e+01
5992.5000 8.749939e+01
5993.7500 8.414363e+01
5995.0000 8.817731e+01
5996.2500 9.926337e+01
5997.5000 1.019895e+02
5998.7500 9.130873e+01
6000.0000 9.086514e+01
6001.2500 8.016212e+01
6002.5000 1.055691e+02
6003.7500 1.161793e+02
6005.0000 9.951822e+01
6006.2500 7.649529e+01
6007.5000 7.390359e+01
6008.7500 7.595773e+01
6010.0000 7.908389e+01
6011.2500 7.848503e+01
6012.5000 7.347618e+01
6013.7500 7.210960e+01
6015.0000 7.226380e+01
6016.2500 7.365407e+01
6017.5000 7.513066e+01
6018.7500 7.548008e+01
6020.0000 7.228372e+01
6021.2500 7.655819e+01
6022.5000 7.629849e+01
6023.7500 7.705114e+01
6025.0000 7.944073e+01
6026.2500 7.883954e+01
6027.5000 8.337310e+01
6028.7500 8.519315e+01
6030.0000 8.209363e+01
6031.2500 7.730774e+01
6032.5000 8.690112e+01
6033.7500 9.694661e+01
6035.0000 8.828218e+01
6036.2500 7.703647e+01
6037.5000 7.903759e+01
6038.7500 7.797757e+01
6040.0000 8.227296e+01
6041.2500 8.141265e+01
6042.5000 8.047271e+01
6043.7500 8.302214e+01
6045.0000 8.175291e+01
6046.2500 8.352235e+01
6047.5000 7.831553e+01
6048.7500 7.741882e+01
6050.0000 7.544679e+01
6051.2500 7.811894e+01
6052.5000 7.905479e+01
6053.7500 7.909495e+01
6055.0000 8.261991e+01
6056.2500 7.961155e+01
6057.5000 7.638237e+01
6058.7500 7.794422e+01
6060.0000 7.909335e+01
6061.2500 9.023715e+01
6062.5000 8.648792e+01
6063.7500 8.320582e+01
6065.0000 8.195805e+01
6066.2500 8.852303e+01
6067.5000 8.924675e+01
6068.7500 9.160737e+01
6070.0000 8.109049e+01
6071.2500 7.866503e+01
6072.5000 8.013609e+01
6073.7500 8.288522e+01
6075.0000 8.653457e+01
6076.2500 8.606747e+01
6077.5000 7.998331e+01
6078.7500 8.075385e+01
6080.0000 8.540701e+01
6081.2500 8.386282e+01
6082.5000 8.422879e+01
6083.7500 8.320454e+01
6085.0000 8.053387e+01
6086.2500 8.019425e+01
6087.5000 8.532495e+01
6088.7500 8.119329e+01
6090.0000 8.211589e+01
6091.2500 8.195565e+01
6092.5000 7.856555e+01
6093.7500 8.086228e+01
6095.0000 8.382979e+01
6096.2500 8.369913e+01
6097.5000 7.996928e+01
6098.7500 8.144452e+01
6100.0000 8.498032e+01
6101.2500 7.962871e+01
6102.5000 8.029078e+01
6103.7500 8.406249e+01
6105.0000 8.802425e+01
6106.2500 7.799337e+01
6107.5000 7.747116e+01
6108.7500 7.776666e+01
6110.0000 8.108197e+01
6111.2500 7.613837e+01
6112.5000 8.300546e+01
6113.7500 8.300555e+01
6115.0000 7.865149e+01
6116.2500 7.659035e+01
6117.5000 7.705791e+01
6118.7500 7.938126e+01
6120.0000 7.565973e+01
6121.2500 7.243193e+01
6122.5000 7.128706e+01
6123.7500 7.362893e+01
6125.0000 7.707307e+01
6126.2500 7.291766e+01
6127.5000 7.513067e+01
6128.7500 7.216442e+01
6130.0000 7.174107e+01
6131.2500 7.230507e+01
6132.5000 7.004072e+01
6133.7500 7.337663e+01
6135.0000 8.152878e+01
6136.2500 8.426440e+01
6137.5000 8.780519e+01
6138.7500 9.561613e+01
6140.0000 9.600225e+01
6141.2500 7.471797e+01
6142.5000 8.685609e+01
6143.7500 1.045692e+02
6145.0000 9.477328e+01
6146.2500 7.300993e+01
6147.5000 6.780458e+01
6148.7500 6.579630e+01
6150.0000 7.267245e+01
6151.2500 7.478933e+01
6152.5000 6.669155e+01
6153.7500 6.671954e+01
6155.0000 7.789792e+01
6156.2500 9.031309e+01
6157.5000 8.975858e+01
6158.7500 8.033807e+01
6160.0000 7.124208e+01
6161.2500 6.526204e+01
6162.5000 6.327280e+01
6163.7500 5.973999e+01
6165.0000 6.364846e+01
6166.2500 6.328243e+01
6167.5000 6.555740e+01
6168.7500 8.675815e+01
6170.0000 1.239257e+02
6171.2500 1.117087e+02
6172.5000 6.929325e+01
6173.7500 6.809286e+01
6175.0000 7.950684e+01
6176.2500 8.449460e+01
6177.5000 7.307115e+01
6178.7500 6.633030e+01
6180.0000 6.532292e+01
6181.2500 6.941414e+01
6182.5000 7.026614e+01
6183.7500 7.642645e+01
6185.0000 7.656609e+01
6186.2500 6.904378e+01
6187.5000 6.840926e+01
6188.7500 7.513100e+01
6190.0000 6.818529e+01
6191.2500 6.860992e+01
6192.5000 8.072482e+01
6193.7500 7.995738e+01
6195.0000 7.085506e+01
6196.2500 7.136127e+01
6197.5000 6.895622e+01
6198.7500 7.281540e+01
6200.0000 6.822769e+01
6201.2500 9.826616e+01
6202.5000 1.288179e+02
6203.7500 1.038834e+02
6205.0000 7.234713e+01
6206.2500 7.497266e+01
6207.5000 7.278333e+01
6208.7500 7.311889e+01
6210.0000 7.657887e+01
6211.2500 7.569244e+01
6212.5000 9.405276e+01
6213.7500 9.075764e+01
6215.0000 7.371072e+01
6216.2500 7.231807e+01
6217.5000 7.491232e+01
6218.7500 7.358562e+01
6220.0000 9.881956e+01
6221.2500 1.455589e+02
6222.5000 1.223014e+02
6223.7500 7.871432e+01
6225.0000 7.704835e+01
6226.2500 7.277829e+01
6227.5000 7.699545e+01
6228.7500 7.048273e+01
6230.0000 7.663159e+01
6231.2500 7.008918e+01
6232.5000 1.016173e+02
6233.7500 1.853584e+02
6235.0000 3.083431e+02
6236.2500 2.940636e+02
6237.5000 1.611103e+02
6238.7500 1.055171e+02
6240.0000 1.282909e+02
6241.2500 1.356740e+02
6242.5000 1.342825e+02
6243.7500 1.202883e+02
6245.0000 8.632702e+01
6246.2500 7.709624e+01
6247.5000 8.912012e+01
6248.7500 8.097182e+01
6250.0000 6.981731e+01
6251.2500 7.315958e+01
6252.5000 6.895918e+01
6253.7500 6.725844e+01
6255.0000 7.643114e+01
6256.2500 1.811914e+02
6257.5000 3.415616e+02
6258.7500 2.293498e+02
6260.0000 8.969744e+01
6261.2500 8.556030e+01
6262.5000 8.901096e+01
6263.7500 1.172752e+02
6265.0000 1.570390e+02
6266.2500 1.105376e+02
6267.5000 9.585883e+01
6268.7500 8.790164e+01
6270.0000 7.600664e+01
6271.2500 7.688947e+01
6272.5000 7.172442e+01
6273.7500 7.927357e+01
6275.0000 1.000323e+02
6276.2500 1.013766e+02
6277.5000 1.161844e+02
6278.7500 1.003809e+02
6280.0000 7.191496e+01
6281.2500 7.179139e+01
6282.5000 7.418449e+01
6283.7500 6.890880e+01
6285.0000 8.737666e+01
6286.2500 2.124799e+02
6287.5000 2.623354e+02
6288.7500 1.378296e+02
6290.0000 8.271548e+01
6291.2500 6.791847e+01
6292.5000 6.891108e+01
6293.7500 6.851714e+01
6295.0000 7.432819e+01
6296.2500 1.114418e+02
6297.5000 1.705291e+02
6298.7500 8.051441e+02
6300.0000 1.759535e+03
6301.2500 9.914617e+02
6302.5000 1.181355e+02
6303.7500 7.199964e+01
6305.0000 1.323424e+02
6306.2500 3.006453e+02
6307.5000 2.710118e+02
6308.7500 1.020029e+02
6310.0000 6.864075e+01
6311.2500 6.811537e+01
6312.5000 7.019276e+01
6313.7500 6.362556e+01
6315.0000 6.159840e+01
6316.2500 6.112276e+01
6317.5000 5.888664e+01
6318.7500 6.597449e+01
6320.0000 1.014818e+02
6321.2500 1.302393e+02
6322.5000 9.113140e+01
6323.7500 6.027868e+01
6325.0000 6.219987e+01
6326.2500 6.506364e+01
6327.5000 7.852847e+01
6328.7500 1.891114e+02
6330.0000 2.319786e+02
6331.2500 1.181888e+02
6332.5000 6.454041e+01
6333.7500 6.231907e+01
6335.0000 6.042122e+01
6336.2500 6.169994e+01
6337.5000 5.671278e+01
6338.7500 6.042181e+01
6340.0000 6.300927e+01
6341.2500 6.363333e+01
6342.5000 6.648530e+01
6343.7500 6.760554e+01
6345.0000 6.284665e+01
6346.2500 6.319836e+01
6347.5000 9.643928e+01
6348.7500 1.122423e+02
6350.0000 7.586189e+01
6351.2500 6.060920e+01
6352.5000 5.947912e+01
6353.7500 6.527689e+01
6355.0000 1.230057e+02
6356.2500 1.768164e+02
6357.5000 1.154926e+02
6358.7500 6.427974e+01
6360.0000 6.576250e+01
6361.2500 8.562915e+01
6362.5000 3.105879e+02
6363.7500 5.092647e+02
6365.0000 2.531148e+02
6366.2500 7.150340e+01
6367.5000 6.091787e+01
6368.7500 6.188388e+01
6370.0000 6.354909e+01
6371.2500 6.141010e+01
6372.5000 6.325977e+01
6373.7500 6.614805e+01
6375.0000 6.394180e+01
6376.2500 6.140014e+01
6377.5000 7.194087e+01
6378.7500 9.136649e+01
6380.0000 8.358076e+01
6381.2500 6.649132e+01
6382.5000 6.895492e+01
6383.7500 7.005624e+01
6385.0000 9.887756e+01
6386.2500 1.262230e+02
6387.5000 9.567404e+01
6388.7500 6.347690e+01
6390.0000 6.241312e+01
6391.2500 6.143760e+01
6392.5000 6.541872e+01
6393.7500 6.543841e+01
6395.0000 6.515630e+01
6396.2500 6.487498e+01
6397.5000 6.318826e+01
6398.7500 6.074423e+01
6400.0000 5.762684e+01
6401.2500 6.036908e+01
6402.5000 6.258882e+01
6403.7500 6.170818e+01
6405.0000 6.064492e+01
6406.2500 5.880424e+01
6407.5000 6.042604e+01
6408.7500 6.211721e+01
6410.0000 6.031977e+01
6411.2500 6.088194e+01
6412.5000 6.967178e+01
6413.7500 7.474079e+01
6415.0000 6.116879e+01
6416.2500 5.414052e+01
6417.5000 5.861866e+01
6418.7500 6.918683e+01
6420.0000 8.689981e+01
6421.2500 7.055902e+01
6422.5000 5.634900e+01
6423.7500 5.626712e+01
6425.0000 5.890734e+01
6426.2500 5.939804e+01
6427.5000 6.014108e+01
6428.7500 5.561027e+01
6430.0000 5.586900e+01
6431.2500 5.909803e+01
6432.5000 5.319780e+01
6433.7500 5.925074e+01
6435.0000 6.199520e+01
6436.2500 5.817822e+01
6437.5000 5.682849e+01
6438.7500 5.363400e+01
6440.0000 5.558528e+01
6441.2500 5.768693e+01
6442.5000 5.561433e+01
6443.7500 5.726820e+01
6445.0000 5.733541e+01
6446.2500 5.695221e+01
6447.5000 6.232990e+01
6448.7500 5.952457e+01
6450.0000 6.074437e+01
6451.2500 6.670517e+01
6452.5000 7.061636e+01
6453.7500 6.592852e+01
6455.0000 6.556213e+01
6456.2500 6.719309e+01
6457.5000 7.294437e+01
6458.7500 6.645896e+01
6460.0000 5.445209e+01
6461.2500 6.014753e+01
6462.5000 9.323697e+01
6463.7500 1.166300e+02
6465.0000 1.501741e+02
6466.2500 1.393704e+02
6467.5000 7.703522e+01
6468.7500 7.930530e+01
6470.0000 1.500655e+02
6471.2500 1.386875e+02
6472.5000 7.473677e+01
6473.7500 5.304685e+01
6475.0000 5.324851e+01
6476.2500 6.249598e+01
6477.5000 7.794164e+01
6478.7500 6.794453e+01
6480.0000 5.369393e+01
6481.2500 5.449426e+01
6482.5000 5.149372e+01
6483.7500 4.831352e+01
6485.0000 5.112143e+01
6486.2500 4.904566e+01
6487.5000 4.978883e+01
6488.7500 4.814260e+01
6490.0000 5.048473e+01
6491.2500 4.821379e+01
6492.5000 5.349968e+01
6493.7500 5.121786e+01
6495.0000 4.767188e+01
6496.2500 7.256036e+01
6497.5000 2.083787e+02
6498.7500 2.809520e+02
6500.0000 1.293532e+02
6501.2500 5.713169e+01
6502.5000 5.864142e+01
6503.7500 9.477666e+01
6505.0000 1.170111e+02
6506.2500 7.582224e+01
6507.5000 5.056792e+01
6508.7500 4.984689e+01
6510.0000 5.131598e+01
6511.2500 4.864434e+01
6512.5000 5.951190e+01
6513.7500 6.973323e+01
6515.0000 6.094326e+01
6516.2500 4.981898e+01
6517.5000 4.988196e+01
6518.7500 4.752650e+01
6520.0000 4.971415e+01
6521.2500 8.255850e+01
6522.5000 1.037540e+02
6523.7500 6.690617e+01
6525.0000 5.674474e+01
6526.2500 5.609148e+01
6527.5000 5.431871e+01
6528.7500 4.923418e+01
6530.0000 5.072465e+01
6531.2500 1.013671e+02
6532.5000 2.355681e+02
6533.7500 1.961397e+02
6535.0000 6.543696e+01
6536.2500 4.908855e+01
6537.5000 5.214860e+01
6538.7500 5.209317e+01
6540.0000 6.004151e+01
6541.2500 5.966402e+01
6542.5000 8.575438e+01
6543.7500 1.250050e+02
6545.0000 9.297440e+01
6546.2500 5.749609e+01
6547.5000 5.984956e+01
6548.7500 6.538708e+01
6550.0000 5.672770e+01
6551.2500 6.882668e+01
6552.5000 2.084960e+02
6553.7500 2.768408e+02
6555.0000 1.212609e+02
6556.2500 5.369763e+01
6557.5000 5.543915e+01
6558.7500 5.499765e+01
6560.0000 5.001826e+01
6561.2500 1.358052e+02
6562.5000 3.142762e+02
6563.7500 2.631800e+02
6565.0000 8.749384e+01
6566.2500 5.467665e+01
6567.5000 8.827454e+01
6568.7500 1.205994e+02
6570.0000 8.362442e+01
6571.2500 6.034748e+01
6572.5000 5.772623e+01
6573.7500 5.569590e+01
6575.0000 6.669256e+01
6576.2500 1.850130e+02
6577.5000 2.242668e+02
6578.7500 9.917478e+01
6580.0000 5.794232e+01
6581.2500 5.659127e+01
6582.5000 6.884498e+01
6583.7500 9.001480e+01
6585.0000 7.607310e+01
6586.2500 5.483863e+01
6587.5000 5.286043e+01
6588.7500 5.487914e+01
6590.0000 5.923092e+01
6591.2500 5.691093e+01
6592.5000 5.555199e+01
6593.7500 5.213995e+01
6595.0000 6.646033e+01
6596.2500 9.276412e+01
6597.5000 7.368494e+01
6598.7500 5.259770e+01
6600.0000 5.264270e+01
6601.2500 5.198377e+01
6602.5000 8.152354e+01
6603.7500 1.366744e+02
6605.0000 9.778876e+01
6606.2500 5.533975e+01
6607.5000 5.052168e+01
6608.7500 4.927559e+01
6610.0000 5.196017e+01
6611.2500 5.083600e+01
6612.5000 4.954746e+01
6613.7500 5.108799e+01
6615.0000 4.864805e+01
6616.2500 4.990429e+01
6617.5000 4.905636e+01
6618.7500 5.070924e+01
6620.0000 5.112775e+01
6621.2500 4.941118e+01
6622.5000 4.811235e+01
6623.7500 5.064957e+01
6625.0000 4.945801e+01
6626.2500 5.829718e+01
6627.5000 6.807164e+01
6628.7500 5.436533e+01
6630.0000 4.881637e+01
6631.2500 4.837431e+01
6632.5000 6.022261e+01
6633.7500 8.051614e+01
6635.0000 6.878504e+01
6636.2500 5.171376e+01
6637.5000 5.196373e+01
6638.7500 4.905039e+01
6640.0000 4.947812e+01
6641.2500 4.963739e+01
6642.5000 4.797049e+01
6643.7500 4.413047e+01
6645.0000 4.731821e+01
6646.2500 4.583019e+01
6647.5000 4.547222e+01
6648.7500 4.842222e+01
6650.0000 4.954678e+01
6651.2500 4.974092e+01
6652.5000 4.722777e+01
6653.7500 4.506850e+01
6655.0000 4.838228e+01
6656.2500 4.684153e+01
6657.5000 4.611713e+01
6658.7500 4.643529e+01
6660.0000 5.004525e+01
6661.2500 5.241007e+01
6662.5000 5.076712e+01
6663.7500 4.597144e+01
6665.0000 4.799413e+01
6666.2500 5.314054e+01
6667.5000 6.044981e+01
6668.7500 5.003881e+01
6670.0000 4.606111e+01
6671.2500 4.495472e+01
6672.5000 4.423841e+01
6673.7500 4.616256e+01
6675.0000 4.297941e+01
6676.2500 4.243196e+01
6677.5000 4.156228e+01
6678.7500 4.216693e+01
6680.0000 4.308284e+01
6681.2500 4.196421e+01
6682.5000 4.436985e+01
6683.7500 4.361036e+01
6685.0000 4.347333e+01
6686.2500 4.544994e+01
6687.5000 4.502340e+01
6688.7500 4.232266e+01
6690.0000 4.410331e+01
6691.2500 4.245078e+01
6692.5000 4.333959e+01
6693.7500 4.242396e+01
6695.0000 4.272236e+01
6696.2500 4.133373e+01
6697.5000 4.654719e+01
6698.7500 5.112604e+01
6700.0000 4.796503e+01
6701.2500 4.583547e+01
6702.5000 4.563942e+01
6703.7500 5.200451e+01
6705.0000 4.816396e+01
6706.2500 4.354184e+01
6707.5000 4.459597e+01
6708.7500 4.520085e+01
6710.0000 4.496861e+01
6711.2500 4.427087e+01
6712.5000 4.253831e+01
6713.7500 4.557729e+01
6715.0000 4.844492e+01
6716.2500 6.408671e+01
6717.5000 6.931823e+01
6718.7500 5.343216e+01
6720.0000 4.409544e+01
6721.2500 4.462103e+01
6722.5000 4.662426e+01
6723.7500 4.518748e+01
6725.0000 4.453163e+01
6726.2500 4.295419e+01
6727.5000 4.408170e+01
6728.7500 4.476955e+01
6730.0000 5.159024e+01
6731.2500 6.262014e+01
6732.5000 5.618026e+01
6733.7500 4.601632e+01
6735.0000 4.386422e+01
6736.2500 4.369438e+01
6737.5000 4.388470e+01
6738.7500 4.877031e+01
6740.0000 4.771289e+01
6741.2500 4.682011e+01
6742.5000 4.675224e+01
6743.7500 5.109981e+01
6745.0000 4.923467e+01
6746.2500 4.747674e+01
6747.5000 4.562514e+01
6748.7500 4.687590e+01
6750.0000 4.822342e+01
6751.2500 4.440665e+01
6752.5000 4.286909e+01
6753.7500 4.466089e+01
6755.0000 4.501110e+01
6756.2500 4.637089e+01
6757.5000 4.922403e+01
6758.7500 4.583292e+01
6760.0000 4.678490e+01
6761.2500 4.505046e+01
6762.5000 4.618504e+01
6763.7500 4.589299e+01
6765.0000 4.769340e+01
6766.2500 4.527304e+01
6767.5000 4.793589e+01
6768.7500 4.804815e+01
6770.0000 4.589917e+01
6771.2500 4.683340e+01
6772.5000 4.769878e+01
6773.7500 4.707307e+01
6775.0000 4.906479e+01
6776.2500 4.985542e+01
6777.5000 5.317946e+01
6778.7500 5.027565e+01
6780.0000 4.729879e+01
6781.2500 4.704414e+01
6782.5000 4.926130e+01
6783.7500 5.596795e+01
6785.0000 5.229618e+01
6786.2500 5.070919e+01
6787.5000 5.579642e+01
6788.7500 5.514495e+01
6790.0000 5.020477e+01
6791.2500 4.940937e+01
6792.5000 4.957251e+01
6793.7500 4.713676e+01
6795.0000 4.809141e+01
6796.2500 4.784009e+01
6797.5000 4.845560e+01
6798.7500 4.837691e+01
6800.0000 4.955735e+01
6801.2500 5.165235e+01
6802.5000 5.323433e+01
6803.7500 5.000922e+01
6805.0000 4.774549e+01
6806.2500 5.239450e+01
6807.5000 4.753731e+01
6808.7500 4.954462e+01
6810.0000 5.006795e+01
6811.2500 4.992110e+01
6812.5000 5.081502e+01
6813.7500 4.943489e+01
6815.0000 4.911423e+01
6816.2500 5.009659e+01
6817.5000 5.137260e+01
6818.7500 5.056932e+01
6820.0000 5.106807e+01
6821.2500 4.963696e+01
6822.5000 4.880129e+01
6823.7500 4.940606e+01
6825.0000 5.504161e+01
6826.2500 1.247411e+02
6827.5000 2.296756e+02
6828.7500 3.756010e+02
6830.0000 3.061508e+02
6831.2500 1.052340e+02
6832.5000 1.706111e+02
6833.7500 3.703130e+02
6835.0000 2.869847e+02
6836.2500 8.016539e+01
6837.5000 5.284161e+01
6838.7500 5.995148e+01
6840.0000 8.087704e+01
6841.2500 1.263993e+02
6842.5000 1.138141e+02
6843.7500 5.643974e+01
6845.0000 4.997344e+01
6846.2500 4.814841e+01
6847.5000 4.876053e+01
6848.7500 5.295703e+01
6850.0000 6.365482e+01
6851.2500 5.778114e+01
6852.5000 5.040873e+01
6853.7500 4.918591e+01
6855.0000 4.945420e+01
6856.2500 4.910281e+01
6857.5000 5.113488e+01
6858.7500 4.884758e+01
6860.0000 5.145810e+01
6861.2500 8.927232e+01
6862.5000 4.036693e+02
6863.7500 7.068993e+02
6865.0000 3.379709e+02
6866.2500 6.954512e+01
6867.5000 8.036055e+01
6868.7500 1.055544e+02
6870.0000 2.112312e+02
6871.2500 2.249351e+02
6872.5000 9.218655e+01
6873.7500 6.730431e+01
6875.0000 6.552586e+01
6876.2500 6.677058e+01
6877.5000 6.949371e+01
6878.7500 6.999017e+01
6880.0000 1.250884e+02
6881.2500 1.290650e+02
6882.5000 8.301701e+01
6883.7500 6.000578e+01
6885.0000 6.675921e+01
6886.2500 7.611068e+01
6887.5000 1.396075e+02
6888.7500 3.260875e+02
6890.0000 2.413122e+02
6891.2500 8.131754e+01
6892.5000 7.676118e+01
6893.7500 9.238039e+01
6895.0000 7.630981e+01
6896.2500 6.128663e+01
6897.5000 6.091503e+01
6898.7500 9.186237e+01
6900.0000 2.873581e+02
6901.2500 2.310255e+02
6902.5000 7.611293e+01
6903.7500 5.595668e+01
6905.0000 5.631966e+01
6906.2500 4.926052e+01
6907.5000 4.627211e+01
6908.7500 5.010168e+01
6910.0000 5.884178e+01
6911.2500 1.594323e+02
6912.5000 2.433673e+02
6913.7500 1.201649e+02
6915.0000 4.826712e+01
6916.2500 4.541203e+01
6917.5000 4.410137e+01
6918.7500 4.803311e+01
6920.0000 5.096343e+01
6921.2500 1.283491e+02
6922.5000 3.763427e+02
6923.7500 3.120507e+02
6925.0000 7.063680e+01
6926.2500 4.576393e+01
6927.5000 4.817619e+01
6928.7500 4.716529e+01
6930.0000 4.381824e+01
6931.2500 4.719499e+01
6932.5000 4.146828e+01
6933.7500 4.242388e+01
6935.0000 4.177877e+01
6936.2500 4.451423e+01
6937.5000 7.430347e+01
6938.7500 1.719618e+02
6940.0000 1.579180e+02
6941.2500 5.857047e+01
6942.5000 4.427786e+01
6943.7500 3.934297e+01
6945.0000 4.047237e+01
6946.2500 4.786946e+01
6947.5000 2.049268e+02
6948.7500 3.955379e+02
6950.0000 2.021154e+02
6951.2500 5.865454e+01
6952.5000 4.538740e+01
6953.7500 4.169492e+01
6955.0000 4.654850e+01
6956.2500 4.772901e+01
6957.5000 4.796844e+01
6958.7500 4.630739e+01
6960.0000 4.478981e+01
6961.2500 4.393951e+01
6962.5000 4.368534e+01
6963.7500 4.306218e+01
6965.0000 4.788206e+01
6966.2500 4.777457e+01
6967.5000 4.818134e+01
6968.7500 9.867094e+01
6970.0000 1.215738e+02
6971.2500 6.350468e+01
6972.5000 4.105932e+01
6973.7500 4.247036e+01
6975.0000 4.348800e+01
6976.2500 6.780996e+01
6977.5000 1.972421e+02
6978.7500 2.057754e+02
6980.0000 7.169257e+01
6981.2500 4.060186e+01
6982.5000 4.440126e+01
6983.7500 4.364072e+01
6985.0000 4.484265e+01
6986.2500 4.633447e+01
6987.5000 4.319235e+01
6988.7500 4.056107e+01
6990.0000 4.258163e+01
6991.2500 4.101062e+01
6992.5000 3.973713e+01
6993.7500 3.907812e+01
6995.0000 4.318051e+01
6996.2500 4.770398e+01
6997.5000 4.623512e+01
6998.7500 4.441733e+01
7000.0000 4.513759e+01
7001.2500 5.103128e+01
7002.5000 7.165830e+01
7003.7500 8.632370e+01
7005.0000 5.480297e+01
7006.2500 3.811880e+01
7007.5000 3.882323e+01
7008.7500 3.811837e+01
7010.0000 8.630809e+01
7011.2500 1.259750e+02
7012.5000 7.682765e+01
7013.7500 3.958104e+01
7015.0000 3.613077e+01
7016.2500 3.516336e+01
7017.5000 3.541919e+01
7018.7500 3.841869e+01
7020.0000 3.850702e+01
7021.2500 3.672718e+01
7022.5000 3.563290e+01
7023.7500 3.670891e+01
7025.0000 3.826511e+01
7026.2500 3.792742e+01
7027.5000 3.742215e+01
7028.7500 4.321014e+01
7030.0000 4.066375e+01
7031.2500 3.702999e+01
7032.5000 3.672794e+01
7033.7500 3.830978e+01
7035.0000 3.896499e+01
7036.2500 3.820253e+01
7037.5000 3.624649e+01
7038.7500 3.873680e+01
7040.0000 5.192740e+01
7041.2500 6.213654e+01
7042.5000 4.829982e+01
7043.7500 4.014197e+01
7045.0000 4.857629e+01
7046.2500 6.668672e+01
7047.5000 9.823462e+01
7048.7500 9.200349e+01
7050.0000 6.443713e+01
7051.2500 5.927228e+01
7052.5000 5.397989e+01
7053.7500 5.265302e+01
7055.0000 4.621310e+01
7056.2500 4.304891e+01
7057.5000 4.205989e+01
7058.7500 4.061384e+01
7060.0000 4.652060e+01
7061.2500 4.863967e+01
7062.5000 5.314978e+01
7063.7500 5.437833e+01
7065.0000 5.204758e+01
7066.2500 5.962676e+01
7067.5000 5.208355e+01
7068.7500 5.083104e+01
7070.0000 5.687334e+01
7071.2500 5.023392e+01
7072.5000 4.749263e+01
7073.7500 5.663481e+01
7075.0000 5.016296e+01
7076.2500 4.521662e+01
7077.5000 5.113686e+01
7078.7500 5.030231e+01
7080.0000 4.583784e+01
7081.2500 5.610001e+01
7082.5000 6.522488e+01
7083.7500 4.970388e+01
7085.0000 3.991083e+01
7086.2500 4.699361e+01
7087.5000 6.525927e+01
7088.7500 7.228532e+01
7090.0000 5.748015e+01
7091.2500 4.996047e+01
7092.5000 4.486038e+01
7093.7500 4.457549e+01
7095.0000 4.107674e+01
7096.2500 4.229561e+01
7097.5000 4.335606e+01
7098.7500 4.287908e+01
7100.0000 4.265018e+01
7101.2500 4.068499e+01
7102.5000 4.305762e+01
7103.7500 4.393402e+01
7105.0000 4.241838e+01
7106.2500 4.172655e+01
7107.5000 4.423109e+01
7108.7500 4.606927e+01
7110.0000 4.393030e+01
7111.2500 4.414074e+01
7112.5000 4.419778e+01
7113.7500 4.129358e+01
7115.0000 4.175249e+01
7116.2500 4.470749e+01
7117.5000 4.414071e+01
7118.7500 4.383425e+01
7120.0000 3.959761e+01
7121.2500 4.282536e+01
7122.5000 4.150657e+01
7123.7500 4.314140e+01
7125.0000 4.358368e+01
7126.2500 5.501587e+01
7127.5000 6.023268e+01
7128.7500 4.909981e+01
7130.0000 4.460350e+01
7131.2500 4.979751e+01
7132.5000 5.908683e+01
7133.7500 5.372071e+01
7135.0000 4.179882e+01
7136.2500 4.225472e+01
7137.5000 4.159270e+01
7138.7500 4.406611e+01
7140.0000 4.764779e+01
7141.2500 5.810087e+01
7142.5000 7.022406e+01
7143.7500 7.376167e+01
7145.0000 7.186768e+01
7146.2500 6.726730e+01
7147.5000 6.316394e+01
7148.7500 6.115062e+01
7150.0000 5.775981e+01
7151.2500 5.120424e+01
7152.5000 4.491307e+01
7153.7500 4.208949e+01
7155.0000 4.570310e+01
7156.2500 4.998421e+01
7157.5000 5.181812e+01
7158.7500 5.503825e+01
7160.0000 5.455743e+01
7161.2500 5.974686e+01
7162.5000 6.025994e+01
7163.7500 5.243769e+01
7165.0000 6.062919e+01
7166.2500 6.166632e+01
7167.5000 5.526533e+01
7168.7500 6.381754e+01
7170.0000 6.754244e+01
7171.2500 5.891976e+01
7172.5000 6.497610e+01
7173.7500 8.372413e+01
7175.0000 9.204407e+01
7176.2500 8.795422e+01
7177.5000 8.547582e+01
7178.7500 8.460719e+01
7180.0000 8.457774e+01
7181.2500 7.751395e+01
7182.5000 6.869014e+01
7183.7500 5.925568e+01
7185.0000 5.784590e+01
7186.2500 5.283389e+01
7187.5000 5.073927e+01
7188.7500 5.072636e+01
7190.0000 4.460947e+01
7191.2500 4.625419e+01
7192.5000 4.616351e+01
7193.7500 4.905787e+01
7195.0000 4.697508e+01
7196.2500 4.630322e+01
7197.5000 4.793973e+01
7198.7500 5.293479e+01
7200.0000 5.440481e+01
7201.2500 4.920778e+01
7202.5000 5.134327e+01
7203.7500 4.763222e+01
7205.0000 4.498049e+01
7206.2500 5.018831e+01
7207.5000 4.705003e+01
7208.7500 4.582212e+01
7210.0000 4.307636e+01
7211.2500 4.396360e+01
7212.5000 4.402305e+01
7213.7500 4.137973e+01
7215.0000 4.511776e+01
7216.2500 4.318465e+01
7217.5000 4.199648e+01
7218.7500 4.497654e+01
7220.0000 4.894248e+01
7221.2500 5.496751e+01
7222.5000 5.967424e+01
7223.7500 5.289798e+01
7225.0000 5.453053e+01
7226.2500 4.986431e+01
7227.5000 5.075910e+01
7228.7500 5.860718e+01
7230.0000 5.374968e+01
7231.2500 5.078334e+01
7232.5000 6.492474e+01
7233.7500 6.669392e+01
7235.0000 5.456711e+01
7236.2500 6.156066e+01
7237.5000 2.216077e+02
7238.7500 5.860254e+02
7240.0000 9.463548e+02
7241.2500 6.706667e+02
7242.5000 2.245514e+02
7243.7500 6.505892e+02
7245.0000 9.886380e+02
7246.2500 3.851535e+02
7247.5000 1.192692e+02
7248.7500 6.725750e+01
7250.0000 6.230391e+01
7251.2500 9.640249e+01
7252.5000 2.556951e+02
7253.7500 2.264731e+02
7255.0000 1.114449e+02
7256.2500 8.954630e+01
7257.5000 5.476979e+01
7258.7500 5.466385e+01
7260.0000 5.645427e+01
7261.2500 5.433926e+01
7262.5000 5.705921e+01
7263.7500 5.982436e+01
7265.0000 5.546185e+01
7266.2500 6.950075e+01
7267.5000 8.190780e+01
7268.7500 8.172796e+01
7270.0000 6.594584e+01
7271.2500 6.370067e+01
7272.5000 5.703313e+01
7273.7500 1.649426e+02
7275.0000 1.080793e+03
7276.2500 2.317361e+03
7277.5000 8.199688e+02
7278.7500 6.663945e+01
7280.0000 7.716153e+01
7281.2500 9.589391e+01
7282.5000 1.566683e+02
7283.7500 4.844998e+02
7285.0000 4.362005e+02
7286.2500 1.061843e+02
7287.5000 5.478939e+01
7288.7500 5.735470e+01
7290.0000 6.927660e+01
7291.2500 7.536073e+01
7292.5000 5.949843e+01
7293.7500 6.334055e+01
7295.0000 1.745620e+02
7296.2500 1.744626e+02
7297.5000 6.904609e+01
7298.7500 4.349656e+01
7300.0000 4.514797e+01
7301.2500 5.811589e+01
7302.5000 2.512918e+02
7303.7500 3.703755e+02
7305.0000 1.422423e+02
7306.2500 6.277432e+01
7307.5000 5.845353e+01
7308.7500 5.146157e+01
7310.0000 7.622795e+01
7311.2500 8.276675e+01
7312.5000 5.783180e+01
7313.7500 7.633595e+01
7315.0000 7.233135e+02
7316.2500 1.195074e+03
7317.5000 4.075234e+02
7318.7500 5.326832e+01
7320.0000 5.145403e+01
7321.2500 4.510896e+01
7322.5000 4.530134e+01
7323.7500 4.663337e+01
7325.0000 4.454459e+01
7326.2500 4.877541e+01
7327.5000 1.917439e+02
7328.7500 4.668394e+02
7330.0000 2.923271e+02
7331.2500 6.892619e+01
7332.5000 5.465311e+01
7333.7500 4.758722e+01
7335.0000 4.466555e+01
7336.2500 4.455536e+01
7337.5000 5.270589e+01
7338.7500 1.850352e+02
7340.0000 1.138477e+03
7341.2500 1.160542e+03
7342.5000 1.996862e+02
7343.7500 5.881388e+01
7345.0000 6.185040e+01
7346.2500 5.872227e+01
7347.5000 5.686590e+01
7348.7500 5.357858e+01
7350.0000 6.378714e+01
7351.2500 6.738499e+01
7352.5000 6.284882e+01
7353.7500 5.309867e+01
7355.0000 5.146335e+01
7356.2500 6.966566e+01
7357.5000 2.954875e+02
7358.7500 3.998537e+02
7360.0000 1.426661e+02
7361.2500 5.350349e+01
7362.5000 5.221478e+01
7363.7500 5.808923e+01
7365.0000 5.762538e+01
7366.2500 5.906534e+01
7367.5000 2.516411e+02
7368.7500 9.334022e+02
7370.0000 7.016437e+02
7371.2500 9.800680e+01
7372.5000 5.704503e+01
7373.7500 6.787978e+01
7375.0000 5.872415e+01
7376.2500 4.513905e+01
7377.5000 4.862344e+01
7378.7500 5.242847e+01
7380.0000 4.543949e+01
7381.2500 4.567212e+01
7382.5000 4.850584e+01
7383.7500 4.885919e+01
7385.0000 4.361900e+01
7386.2500 4.395732e+01
7387.5000 4.750240e+01
7388.7500 5.436885e+01
7390.0000 8.124825e+01
7391.2500 2.407459e+02
7392.5000 2.576936e+02
7393.7500 8.486227e+01
7395.0000 4.424252e+01
7396.2500 4.385853e+01
7397.5000 4.350726e+01
7398.7500 4.816689e+01
7400.0000 1.761987e+02
7401.2500 5.446285e+02
7402.5000 4.150842e+02
7403.7500 7.302483e+01
7405.0000 4.577391e+01
7406.2500 4.222564e+01
7407.5000 4.003072e+01
7408.7500 4.031318e+01
7410.0000 4.125730e+01
7411.2500 5.553660e+01
7412.5000 5.916703e+01
7413.7500 4.826729e+01
7415.0000 4.745654e+01
7416.2500 5.286584e+01
7417.5000 4.864097e+01
7418.7500 4.216618e+01
7420.0000 4.011633e+01
7421.2500 4.177584e+01
7422.5000 4.778795e+01
7423.7500 4.488209e+01
7425.0000 3.941121e+01
7426.2500 3.969561e+01
7427.5000 5.167066e+01
7428.7500 1.368748e+02
7430.0000 1.517218e+02
7431.2500 6.437788e+01
7432.5000 4.012046e+01
7433.7500 4.192289e+01
7435.0000 4.165698e+01
7436.2500 7.138178e+01
7437.5000 2.388251e+02
7438.7500 2.592047e+02
7440.0000 8.632410e+01
7441.2500 4.077564e+01
7442.5000 4.172538e+01
7443.7500 4.108274e+01
7445.0000 4.078007e+01
7446.2500 3.881747e+01
7447.5000 3.879420e+01
7448.7500 3.931851e+01
7450.0000 3.903160e+01
7451.2500 4.079630e+01
7452.5000 3.983479e+01
7453.7500 3.895502e+01
7455.0000 3.854699e+01
7456.2500 3.989574e+01
7457.5000 4.708941e+01
7458.7500 4.784599e+01
7460.0000 4.698052e+01
7461.2500 6.787378e+01
7462.5000 7.522577e+01
7463.7500 6.302212e+01
7465.0000 8.460392e+01
7466.2500 1.123611e+02
7467.5000 8.010213e+01
7468.7500 5.703743e+01
7470.0000 1.116809e+02
7471.2500 1.488801e+02
7472.5000 1.877879e+02
7473.7500 1.872996e+02
7475.0000 7.658480e+01
7476.2500 5.368037e+01
7477.5000 9.794022e+01
7478.7500 1.988155e+02
7480.0000 1.783474e+02
7481.2500 9.610181e+01
7482.5000 2.073662e+02
7483.7500 2.114996e+02
7485.0000 7.085828e+01
7486.2500 4.802413e+01
7487.5000 5.239565e+01
7488.7500 4.485957e+01
7490.0000 4.070825e+01
7491.2500 4.397425e+01
7492.5000 8.952810e+01
7493.7500 1.040926e+02
7495.0000 5.476454e+01
7496.2500 3.710460e+01
7497.5000 4.270296e+01
7498.7500 4.566825e+01
7500.0000 4.670190e+01
7501.2500 4.198061e+01
7502.5000 4.276802e+01
7503.7500 4.072504e+01
7505.0000 3.962515e+01
7506.2500 4.025034e+01
7507.5000 4.019071e+01
7508.7500 4.041232e+01
7510.0000 3.955569e+01
7511.2500 3.786944e+01
7512.5000 3.985968e+01
7513.7500 4.118943e+01
7515.0000 4.670142e+01
7516.2500 7.415971e+01
7517.5000 8.291278e+01
7518.7500 5.257050e+01
7520.0000 4.826970e+01
7521.2500 9.043451e+01
7522.5000 4.274742e+02
7523.7500 6.975339e+02
7525.0000 3.116245e+02
7526.2500 5.917112e+01
7527.5000 5.637508e+01
7528.7500 9.939256e+01
7530.0000 2.133259e+02
7531.2500 1.673701e+02
7532.5000 5.201418e+01
7533.7500 4.221581e+01
7535.0000 4.249897e+01
7536.2500 4.846354e+01
7537.5000 4.932544e+01
7538.7500 6.726325e+01
7540.0000 9.174273e+01
7541.2500 6.864897e+01
7542.5000 4.486757e+01
7543.7500 4.196164e+01
7545.0000 4.691084e+01
7546.2500 4.676398e+01
7547.5000 4.538418e+01
7548.7500 4.460893e+01
7550.0000 4.577133e+01
7551.2500 4.779506e+01
7552.5000 5.553207e+01
7553.7500 5.162429e+01
7555.0000 4.906186e+01
7556.2500 1.335441e+02
7557.5000 1.744897e+02
7558.7500 7.985363e+01
7560.0000 4.787522e+01
7561.2500 4.728608e+01
7562.5000 4.479590e+01
7563.7500 4.669390e+01
7565.0000 4.576989e+01
7566.2500 6.992451e+01
7567.5000 8.363902e+01
7568.7500 6.018033e+01
7570.0000 2.173596e+02
7571.2500 5.305976e+02
7572.5000 3.535450e+02
7573.7500 1.065669e+02
7575.0000 7.107820e+01
7576.2500 4.809742e+01
7577.5000 4.638406e+01
7578.7500 4.829102e+01
7580.0000 5.025136e+01
7581.2500 5.184267e+01
7582.5000 5.229565e+01
7583.7500 6.884489e+01
7585.0000 2.843966e+02
7586.2500 3.673107e+02
7587.5000 1.142273e+02
7588.7500 6.646450e+01
7590.0000 7.101807e+01
7591.2500 7.102570e+01
7592.5000 7.569830e+01
7593.7500 8.393763e+01
7595.0000 1.040467e+02
7596.2500 2.886217e+02
7597.5000 1.282081e+03
7598.7500 1.325149e+03
7600.0000 3.528780e+02
7601.2500 2.342615e+02
7602.5000 2.656142e+02
7603.7500 3.098729e+02
7605.0000 3.105560e+02
7606.2500 2.956505e+02
7607.5000 2.777254e+02
7608.7500 2.749513e+02
7610.0000 2.323755e+02
7611.2500 1.968329e+02
7612.5000 1.633767e+02
7613.7500 1.292340e+02
7615.0000 9.708733e+01
7616.2500 1.708584e+02
7617.5000 3.023205e+02
7618.7500 1.741699e+02
7620.0000 8.589526e+01
7621.2500 1.415124e+02
7622.5000 1.727769e+02
7623.7500 1.348000e+02
7625.0000 1.287884e+02
7626.2500 1.674914e+02
7627.5000 7.696528e+02
7628.7500 9.440789e+02
7630.0000 2.749896e+02
7631.2500 1.264377e+02
7632.5000 1.497938e+02
7633.7500 1.120683e+02
7635.0000 8.885487e+01
7636.2500 1.192974e+02
7637.5000 1.082073e+02
7638.7500 9.015323e+01
7640.0000 9.937501e+01
7641.2500 1.147379e+02
7642.5000 9.426862e+01
7643.7500 8.279738e+01
7645.0000 9.999461e+01
7646.2500 8.601868e+01
7647.5000 7.133623e+01
7648.7500 7.772036e+01
7650.0000 9.151273e+01
7651.2500 9.597649e+01
7652.5000 1.701483e+02
7653.7500 1.933355e+02
7655.0000 8.804735e+01
7656.2500 6.917432e+01
7657.5000 5.635709e+01
7658.7500 5.662975e+01
7660.0000 8.008962e+01
7661.2500 2.865521e+02
7662.5000 2.603700e+02
7663.7500 1.020060e+02
7665.0000 5.877831e+01
7666.2500 6.073610e+01
7667.5000 5.223100e+01
7668.7500 4.542847e+01
7670.0000 5.153783e+01
7671.2500 5.860979e+01
7672.5000 6.493691e+01
7673.7500 5.227325e+01
7675.0000 4.377867e+01
7676.2500 4.573230e+01
7677.5000 5.044450e+01
7678.7500 4.943317e+01
7680.0000 5.201868e+01
7681.2500 6.917455e+01
7682.5000 6.532285e+01
7683.7500 5.811245e+01
7685.0000 5.957981e+01
7686.2500 7.405215e+01
7687.5000 8.002790e+01
7688.7500 6.073318e+01
7690.0000 6.164699e+01
7691.2500 9.423619e+01
7692.5000 8.795621e+01
7693.7500 5.601970e+01
7695.0000 5.143650e+01
7696.2500 5.317996e+01
7697.5000 6.233350e+01
7698.7500 1.152141e+02
7700.0000 1.142043e+02
7701.2500 5.905578e+01
7702.5000 4.891322e+01
7703.7500 4.699054e+01
7705.0000 4.351114e+01
7706.2500 4.474510e+01
7707.5000 4.599990e+01
7708.7500 4.980070e+01
7710.0000 8.951005e+01
7711.2500 6.470637e+02
7712.5000 1.050397e+03
7713.7500 5.011693e+02
7715.0000 5.179675e+02
7716.2500 1.067843e+03
7717.5000 9.061046e+02
7718.7500 2.709125e+02
7720.0000 6.736744e+01
7721.2500 5.975587e+01
7722.5000 1.246851e+02
7723.7500 1.780441e+02
7725.0000 2.482594e+02
7726.2500 2.610512e+02
7727.5000 1.004760e+02
7728.7500 5.356274e+01
7730.0000 5.696682e+01
7731.2500 5.233299e+01
7732.5000 5.554431e+01
7733.7500 8.258058e+01
7735.0000 1.029318e+02
7736.2500 8.292554e+01
7737.5000 5.251998e+01
7738.7500 5.671300e+01
7740.0000 6.518122e+01
7741.2500 6.006242e+01
7742.5000 4.648190e+01
7743.7500 4.877150e+01
7745.0000 5.915159e+01
7746.2500 6.190514e+01
7747.5000 9.120252e+01
7748.7500 5.260704e+02
7750.0000 1.775804e+03
7751.2500 1.344795e+03
7752.5000 1.801682e+02
7753.7500 5.458515e+01
7755.0000 5.475392e+01
7756.2500 8.437769e+01
7757.5000 9.913494e+01
7758.7500 4.006729e+02
7760.0000 6.213870e+02
7761.2500 2.305815e+02
7762.5000 4.915083e+01
7763.7500 4.638834e+01
7765.0000 4.764510e+01
7766.2500 4.260233e+01
7767.5000 4.814753e+01
7768.7500 5.808531e+01
7770.0000 8.622823e+01
7771.2500 2.162839e+02
7772.5000 3.810030e+02
7773.7500 3.764839e+02
7775.0000 2.061067e+02
7776.2500 8.548782e+01
7777.5000 5.103632e+01
7778.7500 1.695931e+02
7780.0000 3.863965e+02
7781.2500 2.559487e+02
7782.5000 6.244953e+01
7783.7500 5.425327e+01
7785.0000 6.987904e+01
7786.2500 6.946564e+01
7787.5000 6.466376e+01
7788.7500 6.773251e+01
7790.0000 1.092536e+02
7791.2500 1.287471e+02
7792.5000 5.483555e+02
7793.7500 1.377222e+03
7795.0000 7.972393e+02
7796.2500 8.306988e+01
7797.5000 5.463324e+01
7798.7500 5.440958e+01
7800.0000 4.766597e+01
7801.2500 4.420739e+01
7802.5000 4.857889e+01
7803.7500 5.201120e+01
7805.0000 5.380433e+01
7806.2500 1.031896e+02
7807.5000 4.490297e+02
7808.7500 4.999609e+02
7810.0000 1.484461e+02
7811.2500 7.002499e+01
7812.5000 6.558102e+01
7813.7500 7.309425e+01
7815.0000 8.108214e+01
7816.2500 6.795586e+01
7817.5000 6.192686e+01
7818.7500 1.061315e+02
7820.0000 7.746467e+02
7821.2500 1.710017e+03
7822.5000 8.462670e+02
7823.7500 8.555856e+01
7825.0000 5.987342e+01
7826.2500 5.007546e+01
7827.5000 6.298848e+01
7828.7500 7.343922e+01
7830.0000 6.135089e+01
7831.2500 4.461233e+01
7832.5000 5.411756e+01
7833.7500 6.705769e+01
7835.0000 5.476332e+01
7836.2500 4.558332e+01
7837.5000 4.924348e+01
7838.7500 6.990933e+01
7840.0000 3.194974e+02
7841.2500 4.808344e+02
7842.5000 2.030027e+02
7843.7500 4.880851e+01
7845.0000 4.791402e+01
7846.2500 4.501984e+01
7847.5000 6.734196e+01
7848.7500 1.680748e+02
7850.0000 1.982729e+02
7851.2500 3.164539e+02
7852.5000 1.432581e+03
7853.7500 1.496877e+03
7855.0000 3.216757e+02
7856.2500 9.043806e+01
7857.5000 1.836927e+02
7858.7500 2.618014e+02
7860.0000 5.794405e+02
7861.2500 4.871831e+02
7862.5000 8.938235e+01
7863.7500 4.989692e+01
7865.0000 5.257024e+01
7866.2500 1.450906e+02
7867.5000 2.734759e+02
7868.7500 2.754415e+02
7870.0000 6.487373e+02
7871.2500 5.770169e+02
7872.5000 1.191978e+02
7873.7500 4.763115e+01
7875.0000 4.506233e+01
7876.2500 6.140603e+01
7877.5000 2.282677e+02
7878.7500 3.528292e+02
7880.0000 2.494102e+02
7881.2500 2.919080e+02
7882.5000 2.062498e+02
7883.7500 7.551112e+01
7885.0000 7.685990e+01
7886.2500 8.293829e+01
7887.5000 1.326958e+02
7888.7500 5.702881e+02
7890.0000 7.255567e+02
7891.2500 2.614829e+02
7892.5000 7.865720e+01
7893.7500 7.571429e+01
7895.0000 7.264336e+01
7896.2500 6.289928e+01
7897.5000 6.438066e+01
7898.7500 5.663919e+01
7900.0000 4.363206e+01
7901.2500 4.896964e+01
7902.5000 6.418752e+01
7903.7500 5.887110e+01
7905.0000 5.832309e+01
7906.2500 6.871745e+01
7907.5000 5.525727e+01
7908.7500 5.973126e+01
7910.0000 9.781980e+01
7911.2500 3.043799e+02
7912.5000 1.472772e+03
7913.7500 1.928231e+03
7915.0000 5.994399e+02
7916.2500 7.217469e+01
7917.5000 1.079621e+02
7918.7500 1.932053e+02
7920.0000 6.301634e+02
7921.2500 7.359400e+02
7922.5000 2.252860e+02
7923.7500 6.726421e+01
7925.0000 5.278413e+01
7926.2500 4.747997e+01
7927.5000 6.864497e+01
7928.7500 1.099768e+02
7930.0000 3.734616e+02
7931.2500 5.319279e+02
7932.5000 2.403111e+02
7933.7500 7.415382e+01
7935.0000 5.479935e+01
7936.2500 4.651271e+01
7937.5000 4.916916e+01
7938.7500 5.381529e+01
7940.0000 5.365829e+01
7941.2500 5.664152e+01
7942.5000 6.191294e+01
7943.7500 6.801456e+01
7945.0000 8.842293e+01
7946.2500 8.179617e+01
7947.5000 2.036288e+02
7948.7500 4.527528e+02
7950.0000 2.765009e+02
7951.2500 6.881370e+01
7952.5000 6.280404e+01
7953.7500 4.577224e+01
7955.0000 4.513010e+01
7956.2500 4.223721e+01
7957.5000 4.755798e+01
7958.7500 4.496097e+01
7960.0000 4.648900e+01
7961.2500 5.335581e+01
7962.5000 2.720700e+02
7963.7500 1.469368e+03
7965.0000 1.416910e+03
7966.2500 2.624578e+02
7967.5000 1.401688e+02
7968.7500 1.181199e+02
7970.0000 6.113061e+01
7971.2500 5.423359e+01
7972.5000 6.079049e+01
7973.7500 5.284959e+01
7975.0000 7.024676e+01
7976.2500 1.795479e+02
7977.5000 2.631159e+02
7978.7500 5.279513e+02
7980.0000 5.440291e+02
7981.2500 1.408279e+02
7982.5000 4.757763e+01
7983.7500 4.686329e+01
7985.0000 5.170288e+01
7986.2500 6.394668e+01
7987.5000 7.083014e+01
7988.7500 6.876853e+01
7990.0000 7.180946e+01
7991.2500 3.438184e+02
7992.5000 1.679164e+03
7993.7500 1.584697e+03
7995.0000 2.712717e+02
7996.2500 7.762157e+01
7997.5000 8.283936e+01
7998.7500 7.726134e+01
8000.0000 6.822536e+01
8001.2500 7.254405e+01
8002.5000 6.530614e+01
8003.7500 5.854744e+01
8005.0000 5.692677e+01
8006.2500 5.116611e+01
8007.5000 5.153524e+01
8008.7500 5.328138e+01
8010.0000 5.656197e+01
8011.2500 7.026098e+01
8012.5000 2.452387e+02
8013.7500 4.925986e+02
8015.0000 2.960934e+02
8016.2500 7.426566e+01
8017.5000 5.670454e+01
8018.7500 9.186028e+01
8020.0000 1.225791e+02
8021.2500 8.334559e+01
8022.5000 5.820544e+01
8023.7500 2.629884e+02
8025.0000 1.073309e+03
8026.2500 9.818759e+02
8027.5000 2.442359e+02
8028.7500 1.443030e+02
8030.0000 9.664730e+01
8031.2500 8.118813e+01
8032.5000 6.893111e+01
8033.7500 6.238193e+01
8035.0000 5.863874e+01
8036.2500 5.026777e+01
8037.5000 4.704526e+01
8038.7500 5.055324e+01
8040.0000 5.823085e+01
8041.2500 5.813973e+01
8042.5000 5.149074e+01
8043.7500 4.525073e+01
8045.0000 4.790894e+01
8046.2500 5.191913e+01
8047.5000 5.366852e+01
8048.7500 7.028104e+01
8050.0000 1.302552e+02
8051.2500 2.875734e+02
8052.5000 2.378938e+02
8053.7500 6.846926e+01
8055.0000 4.722288e+01
8056.2500 4.842017e+01
8057.5000 5.209139e+01
8058.7500 5.461136e+01
8060.0000 1.406258e+02
8061.2500 5.568036e+02
8062.5000 5.600934e+02
8063.7500 1.361949e+02
8065.0000 5.724058e+01
8066.2500 5.742691e+01
8067.5000 5.383889e+01
8068.7500 5.003550e+01
8070.0000 4.970814e+01
8071.2500 4.984783e+01
8072.5000 5.139960e+01
8073.7500 6.426457e+01
8075.0000 6.471375e+01
8076.2500 7.772034e+01
8077.5000 7.880057e+01
8078.7500 5.556710e+01
8080.0000 5.441350e+01
8081.2500 5.544985e+01
8082.5000 6.263202e+01
8083.7500 8.554552e+01
8085.0000 9.829475e+01
8086.2500 7.199043e+01
8087.5000 5.327817e+01
8088.7500 4.991897e+01
8090.0000 5.364137e+01
8091.2500 6.024092e+01
8092.5000 1.416570e+02
8093.7500 1.848806e+02
8095.0000 1.011812e+02
8096.2500 5.846186e+01
8097.5000 5.584257e+01
8098.7500 5.814146e+01
8100.0000 7.557544e+01
8101.2500 2.291734e+02
8102.5000 3.121187e+02
8103.7500 1.587112e+02
8105.0000 7.355259e+01
8106.2500 6.384006e+01
8107.5000 6.200961e+01
8108.7500 6.738815e+01
8110.0000 6.294133e+01
8111.2500 6.120293e+01
8112.5000 5.644448e+01
8113.7500 5.549921e+01
8115.0000 5.095655e+01
8116.2500 5.105463e+01
8117.5000 5.015359e+01
8118.7500 5.523301e+01
8120.0000 5.324557e+01
8121.2500 5.357479e+01
8122.5000 5.943715e+01
8123.7500 5.399566e+01
8125.0000 5.534364e+01
8126.2500 6.148137e+01
8127.5000 6.377892e+01
8128.7500 5.558323e+01
8130.0000 5.640767e+01
8131.2500 6.483859e+01
8132.5000 6.063930e+01
8133.7500 5.678761e+01
8135.0000 6.391308e+01
8136.2500 6.616624e+01
8137.5000 8.004282e+01
8138.7500 1.193755e+02
8140.0000 1.022486e+02
8141.2500 6.213031e+01
8142.5000 4.886955e+01
8143.7500 4.737753e+01
8145.0000 7.617914e+01
8146.2500 1.411175e+02
8147.5000 1.325638e+02
8148.7500 6.685258e+01
8150.0000 4.743167e+01
8151.2500 4.760244e+01
8152.5000 4.861930e+01
8153.7500 4.906378e+01
8155.0000 4.555793e+01
8156.2500 4.194778e+01
8157.5000 4.327836e+01
8158.7500 4.405745e+01
8160.0000 4.516681e+01
8161.2500 4.718861e+01
8162.5000 5.059436e+01
8163.7500 4.838870e+01
8165.0000 4.590866e+01
8166.2500 4.258988e+01
8167.5000 3.967563e+01
8168.7500 4.123560e+01
8170.0000 4.346861e+01
8171.2500 4.435475e+01
8172.5000 3.965168e+01
8173.7500 3.836832e+01
8175.0000 4.101712e+01
8176.2500 4.204674e+01
8177.5000 4.582417e+01
8178.7500 4.938914e+01
8180.0000 4.315304e+01
8181.2500 4.016267e+01
8182.5000 4.110222e+01
8183.7500 4.301227e+01
8185.0000 4.141903e+01
8186.2500 4.692093e+01
8187.5000 7.188307e+01
8188.7500 7.264716e+01
8190.0000 5.147305e+01
8191.2500 4.436995e+01
8192.5000 4.521413e+01
8193.7500 6.604839e+01
8195.0000 8.146545e+01
8196.2500 6.030353e+01
8197.5000 4.797217e+01
8198.7500 4.684519e+01
8200.0000 4.500138e+01
8201.2500 4.695403e+01
8202.5000 4.897039e+01
8203.7500 5.050871e+01
8205.0000 5.248001e+01
8206.2500 5.914691e+01
8207.5000 5.873155e+01
8208.7500 5.638797e+01
8210.0000 5.095983e+01
8211.2500 4.904731e+01
8212.5000 5.263302e+01
8213.7500 5.939368e+01
8215.0000 6.089233e+01
8216.2500 5.682188e+01
8217.5000 5.326170e+01
8218.7500 5.289351e+01
8220.0000 5.222390e+01
8221.2500 5.578927e+01
8222.5000 6.656315e+01
8223.7500 7.005341e+01
8225.0000 6.918620e+01
8226.2500 6.619743e+01
8227.5000 6.531273e+01
8228.7500 7.240988e+01
8230.0000 7.332531e+01
8231.2500 7.197177e+01
8232.5000 7.968832e+01
8233.7500 7.840063e+01
8235.0000 7.777613e+01
8236.2500 8.095206e+01
8237.5000 8.115364e+01
8238.7500 7.812687e+01
8240.0000 8.887220e+01
8241.2500 1.034418e+02
8242.5000 8.652307e+01
8243.7500 6.625821e+01
8245.0000 6.966357e+01
8246.2500 7.860223e+01
8247.5000 9.371651e+01
8248.7500 7.757155e+01
8250.0000 6.008743e+01
8251.2500 5.841635e+01
8252.5000 5.842338e+01
8253.7500 6.933476e+01
8255.0000 7.839581e+01
8256.2500 6.741863e+01
8257.5000 5.221535e+01
8258.7500 5.536847e+01
8260.0000 5.819690e+01
8261.2500 5.393905e+01
8262.5000 5.180410e+01
8263.7500 5.801070e+01
8265.0000 5.523590e+01
8266.2500 5.514271e+01
8267.5000 5.514289e+01
8268.7500 5.479353e+01
8270.0000 5.218327e+01
8271.2500 5.682153e+01
8272.5000 5.494538e+01
8273.7500 5.199796e+01
8275.0000 6.176551e+01
8276.2500 1.218115e+02
8277.5000 3.952410e+02
8278.7500 4.532788e+02
8280.0000 5.364210e+02
8281.2500 1.045498e+03
8282.5000 7.562303e+02
8283.7500 1.521848e+02
8285.0000 2.163916e+02
8286.2500 4.632248e+02
8287.5000 1.469208e+03
8288.7500 1.987255e+03
8290.0000 4.934348e+02
8291.2500 9.765105e+01
8292.5000 5.607389e+01
8293.7500 7.664893e+01
8295.0000 3.673740e+02
8296.2500 5.588038e+02
8297.5000 1.005349e+03
8298.7500 1.581183e+03
8300.0000 7.322790e+02
8301.2500 1.157653e+02
8302.5000 1.117166e+02
8303.7500 9.078342e+01
8305.0000 7.343636e+01
8306.2500 5.923020e+01
8307.5000 5.749277e+01
8308.7500 1.595823e+02
8310.0000 5.163398e+02
8311.2500 4.237289e+02
8312.5000 9.749052e+01
8313.7500 4.826273e+01
8315.0000 4.791389e+01
8316.2500 6.179814e+01
8317.5000 9.391646e+01
8318.7500 8.822407e+01
8320.0000 6.209274e+01
8321.2500 5.363623e+01
8322.5000 5.720779e+01
8323.7500 5.229262e+01
8325.0000 4.780484e+01
8326.2500 4.569262e+01
8327.5000 4.689143e+01
8328.7500 4.832172e+01
8330.0000 4.937114e+01
8331.2500 4.877645e+01
8332.5000 5.462425e+01
8333.7500 4.753346e+01
8335.0000 5.123777e+01
8336.2500 6.680177e+01
8337.5000 9.302876e+01
8338.7500 8.767670e+01
8340.0000 7.102637e+01
8341.2500 1.908448e+02
8342.5000 1.072672e+03
8343.7500 4.586950e+03
8345.0000 4.053655e+03
8346.2500 5.987481e+02
8347.5000 7.836626e+01
8348.7500 1.410914e+02
8350.0000 1.721791e+02
8351.2500 6.007783e+02
8352.5000 1.424899e+03
8353.7500 8.104315e+02
8355.0000 9.310831e+01
8356.2500 5.555174e+01
8357.5000 5.252150e+01
8358.7500 6.363799e+01
8360.0000 1.156780e+02
8361.2500 1.314180e+02
8362.5000 1.536876e+02
8363.7500 3.960335e+02
8365.0000 4.510555e+02
8366.2500 1.665415e+02
8367.5000 6.188666e+01
8368.7500 5.280931e+01
8370.0000 5.118378e+01
8371.2500 5.100330e+01
8372.5000 5.209439e+01
8373.7500 5.170686e+01
8375.0000 5.700314e+01
8376.2500 5.719071e+01
8377.5000 5.609577e+01
8378.7500 9.459335e+01
8380.0000 2.128083e+02
8381.2500 6.825321e+02
8382.5000 8.296318e+02
8383.7500 2.568131e+02
8385.0000 5.452707e+01
8386.2500 5.082598e+01
8387.5000 5.002244e+01
8388.7500 5.799387e+01
8390.0000 7.452551e+01
8391.2500 7.301212e+01
8392.5000 5.482720e+01
8393.7500 4.676963e+01
8395.0000 5.375071e+01
8396.2500 1.052940e+02
8397.5000 1.425445e+03
8398.7500 3.501323e+03
8400.0000 1.764724e+03
8401.2500 1.543738e+02
8402.5000 5.406124e+01
8403.7500 5.168259e+01
8405.0000 4.874739e+01
8406.2500 4.839689e+01
8407.5000 4.806123e+01
8408.7500 5.189821e+01
8410.0000 5.571284e+01
8411.2500 5.422277e+01
8412.5000 8.112093e+01
8413.7500 7.144174e+02
8415.0000 1.287189e+03
8416.2500 5.233040e+02
8417.5000 6.826443e+01
8418.7500 5.864646e+01
8420.0000 6.070168e+01
8421.2500 6.445067e+01
8422.5000 8.207741e+01
8423.7500 8.709916e+01
8425.0000 8.845364e+01
8426.2500 1.176675e+02
8427.5000 2.166403e+02
8428.7500 2.506775e+03
8430.0000 4.842258e+03
8431.2500 1.806933e+03
8432.5000 1.408910e+02
8433.7500 1.189295e+02
8435.0000 9.984671e+01
8436.2500 5.945536e+01
8437.5000 5.373611e+01
8438.7500 5.365968e+01
8440.0000 5.359758e+01
8441.2500 5.635125e+01
8442.5000 5.310972e+01
8443.7500 5.666362e+01
8445.0000 1.307359e+02
8446.2500 2.170506e+02
8447.5000 1.358295e+02
8448.7500 6.348266e+01
8450.0000 1.447616e+02
8451.2500 8.798038e+02
8452.5000 1.057222e+03
8453.7500 2.881183e+02
8455.0000 6.393831e+01
8456.2500 5.835273e+01
8457.5000 5.362296e+01
8458.7500 5.565232e+01
8460.0000 6.293304e+01
8461.2500 7.371981e+01
8462.5000 1.141251e+02
8463.7500 9.264106e+02
8465.0000 2.766330e+03
8466.2500 1.722972e+03
8467.5000 1.552286e+02
8468.7500 5.311093e+01
8470.0000 4.826254e+01
8471.2500 4.591132e+01
8472.5000 5.417007e+01
8473.7500 8.936171e+01
8475.0000 9.713157e+01
8476.2500 5.862461e+01
8477.5000 4.304087e+01
8478.7500 4.362121e+01
8480.0000 4.142236e+01
8481.2500 4.150428e+01
8482.5000 4.090009e+01
8483.7500 4.220845e+01
8485.0000 4.615178e+01
8486.2500 4.620946e+01
8487.5000 4.479576e+01
8488.7500 4.216762e+01
8490.0000 4.561269e+01
8491.2500 1.272012e+02
8492.5000 4.685097e+02
8493.7500 4.931642e+02
8495.0000 1.522048e+02
8496.2500 6.220325e+01
8497.5000 5.780362e+01
8498.7500 5.113280e+01
8500.0000 6.390764e+01
8501.2500 7.907828e+01
8502.5000 2.270587e+02
8503.7500 9.810849e+02
8505.0000 1.099546e+03
8506.2500 2.895594e+02
8507.5000 5.579016e+01
8508.7500 4.784417e+01
8510.0000 4.830914e+01
8511.2500 4.865816e+01
8512.5000 4.863043e+01
8513.7500 4.729743e+01
8515.0000 4.550175e+01
8516.2500 4.827237e+01
8517.5000 4.888648e+01
8518.7500 5.966693e+01
8520.0000 8.159361e+01
8521.2500 7.189216e+01
8522.5000 5.362679e+01
8523.7500 4.938509e+01
8525.0000 5.284820e+01
8526.2500 4.975705e+01
8527.5000 4.804781e+01
8528.7500 5.290815e+01
8530.0000 4.873029e+01
8531.2500 5.140991e+01
8532.5000 4.827378e+01
8533.7500 4.658971e+01
8535.0000 5.203910e+01
8536.2500 7.445763e+01
8537.5000 2.592296e+02
8538.7500 3.392567e+02
8540.0000 1.243325e+02
8541.2500 6.717786e+01
8542.5000 6.197666e+01
8543.7500 5.335033e+01
8545.0000 5.859715e+01
8546.2500 1.089124e+02
8547.5000 4.412332e+02
8548.7500 6.377443e+02
8550.0000 2.585909e+02
8551.2500 7.053851e+01
8552.5000 6.727573e+01
8553.7500 6.370474e+01
8555.0000 4.990553e+01
8556.2500 4.777340e+01
8557.5000 4.748520e+01
8558.7500 5.153423e+01
8560.0000 4.947227e+01
8561.2500 4.828529e+01
8562.5000 4.774686e+01
8563.7500 4.800156e+01
8565.0000 4.867570e+01
8566.2500 5.237884e+01
8567.5000 4.730907e+01
8568.7500 5.022205e+01
8570.0000 4.934628e+01
8571.2500 6.187332e+01
8572.5000 7.015031e+01
8573.7500 6.399842e+01
8575.0000 7.045905e+01
8576.2500 7.019662e+01
8577.5000 6.467914e+01
8578.7500 5.606070e+01
8580.0000 4.671891e+01
8581.2500 4.306921e+01
8582.5000 4.610849e+01
8583.7500 4.592324e+01
8585.0000 4.882314e+01
8586.2500 8.399805e+01
8587.5000 1.768642e+02
8588.7500 1.634361e+02
8590.0000 6.791792e+01
8591.2500 5.488129e+01
8592.5000 5.023766e+01
8593.7500 5.341021e+01
8595.0000 1.040775e+02
8596.2500 2.368718e+02
8597.5000 2.122561e+02
8598.7500 8.236617e+01
8600.0000 5.644202e+01
8601.2500 5.612454e+01
8602.5000 6.164603e+01
8603.7500 5.776471e+01
8605.0000 5.772181e+01
8606.2500 5.727181e+01
8607.5000 6.190869e+01
8608.7500 6.630028e+01
8610.0000 7.533970e+01
8611.2500 8.655172e+01
8612.5000 1.024066e+02
8613.7500 1.269083e+02
8615.0000 1.525202e+02
8616.2500 1.694062e+02
8617.5000 2.159303e+02
8618.7500 2.371329e+02
8620.0000 2.789128e+02
8621.2500 3.265421e+02
8622.5000 3.304416e+02
8623.7500 4.060213e+02
8625.0000 4.484655e+02
8626.2500 4.073211e+02
8627.5000 4.880775e+02
8628.7500 5.168756e+02
8630.0000 4.399524e+02
8631.2500 5.232614e+02
8632.5000 5.048978e+02
8633.7500 3.762120e+02
8635.0000 4.356466e+02
8636.2500 4.088956e+02
8637.5000 2.553009e+02
8638.7500 2.664543e+02
8640.0000 2.695428e+02
8641.2500 2.044049e+02
8642.5000 1.329156e+02
8643.7500 6.953383e+01
8645.0000 9.668121e+01
8646.2500 1.972465e+02
8647.5000 2.081326e+02
8648.7500 3.170241e+02
8650.0000 5.008842e+02
8651.2500 4.255936e+02
8652.5000 2.676526e+02
8653.7500 4.236105e+02
8655.0000 5.841983e+02
8656.2500 4.004390e+02
8657.5000 2.646517e+02
8658.7500 5.073215e+02
8660.0000 5.989166e+02
8661.2500 3.243074e+02
8662.5000 2.254684e+02
8663.7500 4.823629e+02
8665.0000 5.528218e+02
8666.2500 2.955894e+02
8667.5000 1.861697e+02
8668.7500 3.862384e+02
8670.0000 4.710525e+02
8671.2500 2.680094e+02
8672.5000 1.138339e+02
8673.7500 2.498339e+02
8675.0000 3.804988e+02
8676.2500 2.603613e+02
8677.5000 1.023504e+02
8678.7500 1.410552e+02
8680.0000 2.573869e+02
8681.2500 2.505478e+02
8682.5000 1.307162e+02
8683.7500 8.139994e+01
8685.0000 1.381876e+02
8686.2500 1.924496e+02
8687.5000 1.393339e+02
8688.7500 7.439192e+01
8690.0000 7.611050e+01
8691.2500 1.162594e+02
8692.5000 1.359083e+02
8693.7500 1.054794e+02
8695.0000 7.083397e+01
8696.2500 7.359808e+01
8697.5000 9.899483e+01
8698.7500 1.267719e+02
8700.0000 1.478461e+02
8701.2500 1.134847e+02
8702.5000 7.878828e+01
8703.7500 7.775771e+01
8705.0000 9.587735e+01
8706.2500 1.410858e+02
8707.5000 1.584774e+02
8708.7500 1.018561e+02
8710.0000 6.736021e+01
8711.2500 7.055307e+01
8712.5000 6.434266e+01
8713.7500 6.368901e+01
8715.0000 6.427831e+01
8716.2500 6.460509e+01
8717.5000 6.130485e+01
8718.7500 5.589693e+01
8720.0000 5.877017e+01
8721.2500 5.670709e+01
8722.5000 5.821605e+01
8723.7500 6.034995e+01
8725.0000 6.510574e+01
8726.2500 7.997820e+01
8727.5000 6.777900e+01
8728.7500 5.210794e+01
8730.0000 4.891550e+01
8731.2500 4.691720e+01
8732.5000 4.787445e+01
8733.7500 4.757717e+01
8735.0000 5.028859e+01
8736.2500 5.607412e+01
8737.5000 6.714378e+01
8738.7500 6.684258e+01
8740.0000 7.103581e+01
8741.2500 6.312505e+01
8742.5000 5.686110e+01
8743.7500 5.779211e+01
8745.0000 5.226611e+01
8746.2500 5.402443e+01
8747.5000 5.152280e+01
8748.7500 6.320878e+01
8750.0000 6.654761e+01
8751.2500 5.771867e+01
8752.5000 5.570566e+01
8753.7500 5.277678e+01
8755.0000 5.757936e+01
8756.2500 1.213194e+02
8757.5000 4.670970e+02
8758.7500 7.998228e+02
8760.0000 1.574558e+03
8761.2500 1.868285e+03
8762.5000 6.459054e+02
8763.7500 2.027219e+02
8765.0000 7.057504e+02
8766.2500 2.171905e+03
8767.5000 3.020301e+03
8768.7500 1.346267e+03
8770.0000 1.951105e+02
8771.2500 1.027862e+02
8772.5000 7.989563e+01
8773.7500 1.962047e+02
8775.0000 1.018963e+03
8776.2500 1.924326e+03
8777.5000 3.500250e+03
8778.7500 2.661875e+03
8780.0000 3.591101e+02
8781.2500 9.285380e+01
8782.5000 8.227995e+01
8783.7500 7.871851e+01
8785.0000 7.721191e+01
8786.2500 7.485379e+01
8787.5000 8.778273e+01
8788.7500 1.890270e+02
8790.0000 9.639904e+02
8791.2500 1.300828e+03
8792.5000 4.171411e+02
8793.7500 7.804444e+01
8795.0000 7.457764e+01
8796.2500 7.085556e+01
8797.5000 7.193671e+01
8798.7500 7.247157e+01
8800.0000 6.939236e+01
8801.2500 7.366151e+01
8802.5000 7.086106e+01
8803.7500 5.755782e+01
8805.0000 5.490106e+01
8806.2500 6.135332e+01
8807.5000 7.495162e+01
8808.7500 1.330558e+02
8810.0000 1.720081e+02
8811.2500 1.028327e+02
8812.5000 5.861168e+01
8813.7500 5.275851e+01
8815.0000 5.365788e+01
8816.2500 5.246035e+01
8817.5000 5.585773e+01
8818.7500 5.840939e+01
8820.0000 6.071088e+01
8821.2500 6.359066e+01
8822.5000 8.642850e+01
8823.7500 3.304962e+02
8825.0000 1.882141e+03
8826.2500 6.984007e+03
8827.5000 6.531010e+03
8828.7500 1.231681e+03
8830.0000 1.735192e+02
8831.2500 2.259019e+02
8832.5000 3.199769e+02
8833.7500 3.864472e+02
8835.0000 1.364631e+03
8836.2500 2.328964e+03
8837.5000 1.013827e+03
8838.7500 1.258688e+02
8840.0000 6.070662e+01
8841.2500 6.148236e+01
8842.5000 5.867568e+01
8843.7500 8.658768e+01
8845.0000 1.181999e+02
8846.2500 1.055069e+02
8847.5000 1.779864e+02
8848.7500 6.365118e+02
8850.0000 6.839184e+02
8851.2500 2.101620e+02
8852.5000 6.806606e+01
8853.7500 6.832650e+01
8855.0000 7.446607e+01
8856.2500 7.153519e+01
8857.5000 6.962344e+01
8858.7500 6.999563e+01
8860.0000 9.241116e+01
8861.2500 1.447852e+02
8862.5000 1.748256e+02
8863.7500 1.309507e+02
8865.0000 2.159838e+02
8866.2500 1.293453e+03
8867.5000 1.980506e+03
8868.7500 7.051844e+02
8870.0000 9.944121e+01
8871.2500 7.778876e+01
8872.5000 7.240881e+01
8873.7500 7.190535e+01
8875.0000 6.598949e+01
8876.2500 6.759527e+01
8877.5000 6.634881e+01
8878.7500 6.656339e+01
8880.0000 6.749229e+01
8881.2500 7.429131e+01
8882.5000 1.309808e+02
8883.7500 1.127882e+03
8885.0000 6.029910e+03
8886.2500 5.898975e+03
8887.5000 9.744198e+02
8888.7500 1.582916e+02
8890.0000 1.237691e+02
8891.2500 8.487303e+01
8892.5000 6.891408e+01
8893.7500 8.017010e+01
8895.0000 1.036621e+02
8896.2500 1.159512e+02
8897.5000 9.866702e+01
8898.7500 7.756330e+01
8900.0000 1.019025e+02
8901.2500 6.140726e+02
8902.5000 2.166781e+03
8903.7500 1.729867e+03
8905.0000 2.858153e+02
8906.2500 9.470123e+01
8907.5000 1.160489e+02
8908.7500 1.383765e+02
8910.0000 1.161624e+02
8911.2500 8.282546e+01
8912.5000 6.801698e+01
8913.7500 7.280080e+01
8915.0000 9.149706e+01
8916.2500 1.473849e+02
8917.5000 1.113660e+03
8918.7500 6.368272e+03
8920.0000 6.609789e+03
8921.2500 1.242145e+03
8922.5000 1.336662e+02
8923.7500 1.032201e+02
8925.0000 9.662562e+01
8926.2500 1.245205e+02
8927.5000 1.578990e+02
8928.7500 1.363133e+02
8930.0000 8.819260e+01
8931.2500 7.295698e+01
8932.5000 7.721989e+01
8933.7500 1.006562e+02
8935.0000 9.966512e+01
8936.2500 9.113589e+01
8937.5000 8.217513e+01
8938.7500 8.718827e+01
8940.0000 9.705879e+01
8941.2500 3.710278e+02
8942.5000 1.557645e+03
8943.7500 1.541560e+03
8945.0000 3.626484e+02
8946.2500 7.609637e+01
8947.5000 7.309276e+01
8948.7500 6.889748e+01
8950.0000 6.370250e+01
8951.2500 5.902088e+01
8952.5000 6.850065e+01
8953.7500 9.039918e+01
8955.0000 1.965549e+02
8956.2500 1.837959e+03
8957.5000 5.242859e+03
8958.7500 3.422653e+03
8960.0000 4.172469e+02
8961.2500 9.955399e+01
8962.5000 9.374252e+01
8963.7500 1.011991e+02
8965.0000 8.609112e+01
8966.2500 7.519874e+01
8967.5000 8.010286e+01
8968.7500 9.713165e+01
8970.0000 1.599525e+02
8971.2500 1.860544e+02
8972.5000 1.137275e+02
8973.7500 8.169173e+01
8975.0000 8.521953e+01
8976.2500 8.538851e+01
8977.5000 9.822706e+01
8978.7500 1.144784e+02
8980.0000 1.528153e+02
8981.2500 1.683952e+02
8982.5000 1.229789e+02
8983.7500 9.341187e+01
8985.0000 1.519565e+02
8986.2500 4.813602e+02
8987.5000 2.995934e+03
8988.7500 3.019559e+03
8990.0000 3.952737e+02
8991.2500 2.196474e+02
8992.5000 2.544719e+02
8993.7500 1.088987e+02
8995.0000 6.691264e+01
8996.2500 6.975224e+01
8997.5000 8.598989e+01
8998.7500 2.714223e+02
9000.0000 3.754576e+03
9001.2500 1.057632e+04
9002.5000 2.266711e+03
9003.7500 1.637615e+02
9005.0000 9.273252e+01
9006.2500 7.260183e+01
9007.5000 7.180119e+01
9008.7500 6.887637e+01
9010.0000 6.435284e+01
9011.2500 6.517549e+01
9012.5000 6.215329e+01
9013.7500 6.288596e+01
9015.0000 5.632419e+01
9016.2500 6.032267e+01
9017.5000 7.260177e+01
9018.7500 7.185086e+01
9020.0000 1.002256e+02
9021.2500 1.125564e+02
9022.5000 7.676720e+01
9023.7500 6.142460e+01
9025.0000 5.915911e+01
9026.2500 7.315556e+01
9027.5000 9.557345e+01
9028.7500 9.362753e+01
9030.0000 7.640160e+01
9031.2500 7.004917e+01
9032.5000 5.976522e+01
9033.7500 5.919207e+01
9035.0000 7.461098e+01
9036.2500 2.690311e+02
9037.5000 6.362717e+02
9038.7500 4.281682e+02
9040.0000 1.025086e+02
9041.2500 7.681517e+01
9042.5000 9.561697e+01
9043.7500 1.090532e+02
9045.0000 8.537481e+01
9046.2500 1.017445e+02
9047.5000 4.338044e+02
9048.7500 1.285789e+03
9050.0000 1.084284e+03
9051.2500 2.382012e+02
9052.5000 9.614721e+01
9053.7500 8.709284e+01
9055.0000 9.345725e+01
9056.2500 1.091747e+02
9057.5000 1.010867e+02
9058.7500 8.119989e+01
9060.0000 8.081641e+01
9061.2500 7.246531e+01
9062.5000 8.563316e+01
9063.7500 1.283638e+02
9065.0000 1.338621e+02
9066.2500 1.064838e+02
9067.5000 1.150194e+02
9068.7500 1.375331e+02
9070.0000 1.271585e+02
9071.2500 1.088267e+02
9072.5000 7.180958e+01
9073.7500 6.806779e+01
9075.0000 7.708303e+01
9076.2500 7.921473e+01
9077.5000 6.282939e+01
9078.7500 6.894133e+01
9080.0000 6.850059e+01
9081.2500 7.262961e+01
9082.5000 7.607289e+01
9083.7500 8.656498e+01
9085.0000 8.910909e+01
9086.2500 7.596545e+01
9087.5000 6.896497e+01
9088.7500 6.594511e+01
9090.0000 1.022209e+02
9091.2500 2.543796e+02
9092.5000 3.947602e+02
9093.7500 2.237094e+02
9095.0000 9.032850e+01
9096.2500 7.732286e+01
9097.5000 7.929627e+01
9098.7500 7.485307e+01
9100.0000 9.700872e+01
9101.2500 3.395987e+02
9102.5000 5.850618e+02
9103.7500 3.455869e+02
9105.0000 9.959798e+01
9106.2500 6.410823e+01
9107.5000 6.503047e+01
9108.7500 6.755091e+01
9110.0000 6.767632e+01
9111.2500 6.763374e+01
9112.5000 6.831570e+01
9113.7500 7.016608e+01
9115.0000 6.960549e+01
9116.2500 6.440101e+01
9117.5000 5.860464e+01
9118.7500 5.845975e+01
9120.0000 5.969356e+01
9121.2500 7.123753e+01
9122.5000 7.559575e+01
9123.7500 6.737082e+01
9125.0000 6.946759e+01
9126.2500 7.078003e+01
9127.5000 7.152280e+01
9128.7500 6.670860e+01
9130.0000 6.341895e+01
9131.2500 7.002024e+01
9132.5000 8.099639e+01
9133.7500 8.339896e+01
9135.0000 7.924257e+01
9136.2500 7.745308e+01
9137.5000 8.342261e+01
9138.7500 8.782521e+01
9140.0000 8.178384e+01
9141.2500 7.916927e+01
9142.5000 7.630333e+01
9143.7500 7.964444e+01
9145.0000 7.891214e+01
9146.2500 8.228477e+01
9147.5000 7.764338e+01
9148.7500 8.292998e+01
9150.0000 1.429399e+02
9151.2500 3.069136e+02
9152.5000 2.855448e+02
9153.7500 1.390130e+02
9155.0000 9.976965e+01
9156.2500 1.175759e+02
9157.5000 1.262835e+02
9158.7500 1.602751e+02
9160.0000 3.325472e+02
9161.2500 3.791382e+02
9162.5000 1.909343e+02
9163.7500 8.421867e+01
9165.0000 7.787418e+01
9166.2500 7.263575e+01
9167.5000 7.187377e+01
9168.7500 8.156879e+01
9170.0000 8.294744e+01
9171.2500 8.135723e+01
9172.5000 7.708329e+01
9173.7500 7.505244e+01
9175.0000 7.786646e+01
9176.2500 8.312028e+01
9177.5000 7.828391e+01
9178.7500 8.818877e+01
9180.0000 7.729157e+01
9181.2500 7.703560e+01
9182.5000 7.656564e+01
9183.7500 7.731478e+01
9185.0000 7.439531e+01
9186.2500 7.857508e+01
9187.5000 7.432568e+01
9188.7500 7.192425e+01
9190.0000 6.986796e+01
9191.2500 7.101926e+01
9192.5000 6.932383e+01
9193.7500 6.848026e+01
9195.0000 6.346142e+01
9196.2500 6.429114e+01
9197.5000 7.541844e+01
9198.7500 7.608755e+01
9200.0000 7.126437e+01
9201.2500 7.247718e+01
9202.5000 7.406622e+01
9203.7500 8.103282e+01
9205.0000 7.411028e+01
9206.2500 6.948601e+01
9207.5000 7.228920e+01
9208.7500 7.706669e+01
9210.0000 7.904746e+01
9211.2500 7.811951e+01
9212.5000 7.424143e+01
9213.7500 8.720335e+01
9215.0000 1.795103e+02
9216.2500 2.730120e+02
9217.5000 1.807733e+02
9218.7500 8.846883e+01
9220.0000 8.787661e+01
9221.2500 8.911478e+01
9222.5000 1.467945e+02
9223.7500 2.897277e+02
9225.0000 3.032419e+02
9226.2500 1.752502e+02
9227.5000 1.028432e+02
9228.7500 9.476395e+01
9230.0000 8.773740e+01
9231.2500 7.727024e+01
9232.5000 8.552876e+01
9233.7500 8.759406e+01
9235.0000 7.892709e+01
9236.2500 7.733884e+01
9237.5000 7.108126e+01
9238.7500 7.101305e+01
9240.0000 8.094395e+01
9241.2500 8.447266e+01
9242.5000 7.811473e+01
9243.7500 7.950810e+01
9245.0000 7.848775e+01
9246.2500 1.088069e+02
9247.5000 1.396820e+02
9248.7500 1.424416e+02
9250.0000 1.578916e+02
9251.2500 1.487095e+02
9252.5000 1.276642e+02
9253.7500 1.257841e+02
9255.0000 1.023164e+02
9256.2500 8.295636e+01
9257.5000 7.721129e+01
9258.7500 8.661453e+01
9260.0000 1.250468e+02
9261.2500 1.772705e+02
9262.5000 2.158123e+02
9263.7500 1.543627e+02
9265.0000 1.590580e+02
9266.2500 1.668503e+02
9267.5000 9.442229e+01
9268.7500 6.882933e+01
9270.0000 6.621819e+01
9271.2500 6.485578e+01
9272.5000 6.456081e+01
9273.7500 7.313154e+01
9275.0000 6.884534e+01
9276.2500 6.519752e+01
9277.5000 6.321391e+01
9278.7500 7.390002e+01
9280.0000 6.633522e+01
9281.2500 6.971529e+01
9282.5000 7.464564e+01
9283.7500 9.470179e+01
9285.0000 1.965137e+02
9286.2500 2.726145e+02
9287.5000 1.922495e+02
9288.7500 1.399340e+02
9290.0000 9.653240e+01
9291.2500 1.326326e+02
9292.5000 2.603813e+02
9293.7500 3.373857e+02
9295.0000 2.120808e+02
9296.2500 1.116260e+02
9297.5000 1.035214e+02
9298.7500 1.119170e+02
9300.0000 1.140546e+02
9301.2500 1.439956e+02
9302.5000 1.742543e+02
9303.7500 5.344426e+02
9305.0000 2.979951e+03
9306.2500 1.140895e+04
9307.5000 1.736330e+04
9308.7500 6.237386e+03
9310.0000 2.995105e+03
9311.2500 6.285324e+03
9312.5000 1.313720e+04
9313.7500 1.430298e+04
9315.0000 3.353615e+03
9316.2500 1.454180e+03
9317.5000 2.375993e+03
9318.7500 1.172833e+03
9320.0000 5.509932e+02
9321.2500 3.296229e+03
9322.5000 2.632874e+04
9323.7500 4.812262e+04
9325.0000 1.194193e+04
9326.2500 4.928742e+02
9327.5000 2.421115e+02
9328.7500 2.691556e+02
9330.0000 6.070953e+02
9331.2500 7.671353e+02
9332.5000 3.248780e+02
9333.7500 2.053464e+02
9335.0000 3.700650e+02
9336.2500 1.872554e+03
9337.5000 5.476344e+03
9338.7500 3.415086e+03
9340.0000 4.246752e+02
9341.2500 2.482827e+02
9342.5000 2.940361e+02
9343.7500 3.522045e+02
9345.0000 3.058964e+02
9346.2500 3.412508e+02
9347.5000 4.811924e+02
9348.7500 6.446345e+02
9350.0000 1.819201e+03
