4750.0000 1.162707e+03
4751.2500 5.433495e+02
4752.5000 5.272926e+02
4753.7500 4.171016e+02
4755.0000 3.525558e+02
4756.2500 3.480464e+02
4757.5000 3.603039e+02
4758.7500 2.678828e+02
4760.0000 2.735833e+02
4761.2500 2.558851e+02
4762.5000 2.348603e+02
4763.7500 2.449591e+02
4765.0000 2.328153e+02
4766.2500 2.058221e+02
4767.5000 2.009749e+02
4768.7500 1.967978e+02
4770.0000 1.902394e+02
4771.2500 2.057473e+02
4772.5000 1.867006e+02
4773.7500 1.910422e+02
4775.0000 2.020501e+02
4776.2500 1.721208e+02
4777.5000 1.851466e+02
4778.7500 1.739093e+02
4780.0000 1.726419e+02
4781.2500 1.788966e+02
4782.5000 1.694800e+02
4783.7500 1.667575e+02
4785.0000 1.673138e+02
4786.2500 1.896128e+02
4787.5000 1.816875e+02
4788.7500 1.742073e+02
4790.0000 1.713971e+02
4791.2500 2.062362e+02
4792.5000 2.047994e+02
4793.7500 2.033530e+02
4795.0000 2.105790e+02
4796.2500 1.949499e+02
4797.5000 1.954375e+02
4798.7500 1.808418e+02
4800.0000 1.850180e+02
4801.2500 1.880885e+02
4802.5000 1.935086e+02
4803.7500 2.046246e+02
4805.0000 1.894676e+02
4806.2500 1.863889e+02
4807.5000 1.786339e+02
4808.7500 1.773705e+02
4810.0000 1.745103e+02
4811.2500 1.700556e+02
4812.5000 1.794492e+02
4813.7500 1.916396e+02
4815.0000 1.863053e+02
4816.2500 1.928277e+02
4817.5000 1.970230e+02
4818.7500 1.955420e+02
4820.0000 1.901977e+02
4821.2500 2.062626e+02
4822.5000 1.870442e+02
4823.7500 1.868516e+02
4825.0000 1.901021e+02
4826.2500 1.735302e+02
4827.5000 1.819875e+02
4828.7500 1.786659e+02
4830.0000 1.821295e+02
4831.2500 1.865748e+02
4832.5000 1.844341e+02
4833.7500 1.859733e+02
4835.0000 1.888586e+02
4836.2500 1.874443e+02
4837.5000 1.896256e+02
4838.7500 1.895191e+02
4840.0000 1.835780e+02
4841.2500 1.886425e+02
4842.5000 1.801809e+02
4843.7500 1.986483e+02
4845.0000 1.930151e+02
4846.2500 1.969993e+02
4847.5000 1.950540e+02
4848.7500 1.740715e+02
4850.0000 1.627866e+02
4851.2500 1.794848e+02
4852.5000 1.787507e+02
4853.7500 1.674156e+02
4855.0000 1.575969e+02
4856.2500 1.393880e+02
4857.5000 1.533226e+02
4858.7500 1.505469e+02
4860.0000 1.914346e+02
4861.2500 2.648397e+02
4862.5000 2.188875e+02
4863.7500 1.585341e+02
4865.0000 1.614960e+02
4866.2500 1.705048e+02
4867.5000 1.565185e+02
4868.7500 1.638507e+02
4870.0000 1.627670e+02
4871.2500 1.491790e+02
4872.5000 1.541089e+02
4873.7500 1.570214e+02
4875.0000 1.585798e+02
4876.2500 1.547181e+02
4877.5000 1.613874e+02
4878.7500 1.540957e+02
4880.0000 1.634812e+02
4881.2500 1.603807e+02
4882.5000 1.689724e+02
4883.7500 1.774780e+02
4885.0000 1.602691e+02
4886.2500 1.613829e+02
4887.5000 1.525456e+02
4888.7500 1.496397e+02
4890.0000 1.509138e+02
4891.2500 1.497686e+02
4892.5000 1.595238e+02
4893.7500 1.550004e+02
4895.0000 1.686150e+02
4896.2500 1.799643e+02
4897.5000 1.704739e+02
4898.7500 1.685516e+02
4900.0000 1.680083e+02
4901.2500 1.771678e+02
4902.5000 1.628920e+02
4903.7500 1.675596e+02
4905.0000 1.818464e+02
4906.2500 1.630172e+02
4907.5000 1.646651e+02
4908.7500 1.577557e+02
4910.0000 1.548348e+02
4911.2500 1.499560e+02
4912.5000 1.562641e+02
4913.7500 1.620205e+02
4915.0000 1.652812e+02
4916.2500 1.618073e+02
4917.5000 1.455065e+02
4918.7500 1.382575e+02
4920.0000 1.313641e+02
4921.2500 1.539025e+02
4922.5000 1.604949e+02
4923.7500 1.614857e+02
4925.0000 1.636394e+02
4926.2500 1.663764e+02
4927.5000 1.616541e+02
4928.7500 1.633537e+02
4930.0000 1.623136e+02
4931.2500 1.584659e+02
4932.5000 1.569527e+02
4933.7500 1.452505e+02
4935.0000 1.509533e+02
4936.2500 1.561179e+02
4937.5000 1.593179e+02
4938.7500 1.346441e+02
4940.0000 1.352891e+02
4941.2500 1.492679e+02
4942.5000 1.411118e+02
4943.7500 1.395766e+02
4945.0000 1.325451e+02
4946.2500 1.364142e+02
4947.5000 1.508729e+02
4948.7500 1.547059e+02
4950.0000 1.624211e+02
4951.2500 1.604714e+02
4952.5000 1.617077e+02
4953.7500 1.698956e+02
4955.0000 1.560550e+02
4956.2500 1.469461e+02
4957.5000 1.393595e+02
4958.7500 1.473351e+02
4960.0000 1.572485e+02
4961.2500 1.478262e+02
4962.5000 1.569444e+02
4963.7500 1.598484e+02
4965.0000 1.523889e+02
4966.2500 1.613799e+02
4967.5000 1.650157e+02
4968.7500 1.587516e+02
4970.0000 1.638930e+02
4971.2500 1.508924e+02
4972.5000 1.539883e+02
4973.7500 1.529626e+02
4975.0000 1.552945e+02
4976.2500 1.558215e+02
4977.5000 1.524353e+02
4978.7500 1.620612e+02
4980.0000 1.690798e+02
4981.2500 1.513957e+02
4982.5000 1.504497e+02
4983.7500 1.447253e+02
4985.0000 1.392897e+02
4986.2500 1.520523e+02
4987.5000 1.603725e+02
4988.7500 1.554790e+02
4990.0000 1.573520e+02
4991.2500 1.505032e+02
4992.5000 1.579729e+02
4993.7500 1.554726e+02
4995.0000 1.434057e+02
4996.2500 1.384429e+02
4997.5000 1.494157e+02
4998.7500 1.344830e+02
5000.0000 1.311071e+02
5001.2500 1.227543e+02
5002.5000 1.386019e+02
5003.7500 1.301795e+02
5005.0000 1.241476e+02
5006.2500 1.427177e+02
5007.5000 1.373104e+02
5008.7500 1.387967e+02
5010.0000 1.366246e+02
5011.2500 1.415905e+02
5012.5000 1.343076e+02
5013.7500 1.342629e+02
5015.0000 1.407757e+02
5016.2500 1.338582e+02
5017.5000 1.328688e+02
5018.7500 1.424283e+02
5020.0000 1.361359e+02
5021.2500 1.363917e+02
5022.5000 1.337384e+02
5023.7500 1.349333e+02
5025.0000 1.286492e+02
5026.2500 1.247680e+02
5027.5000 1.160532e+02
5028.7500 1.243603e+02
5030.0000 1.300935e+02
5031.2500 1.365847e+02
5032.5000 1.427894e+02
5033.7500 1.289676e+02
5035.0000 1.356080e+02
5036.2500 1.289241e+02
5037.5000 1.411244e+02
5038.7500 1.340727e+02
5040.0000 1.313686e+02
5041.2500 1.366584e+02
5042.5000 1.324116e+02
5043.7500 1.431092e+02
5045.0000 1.419663e+02
5046.2500 1.452490e+02
5047.5000 1.452143e+02
5048.7500 1.372003e+02
5050.0000 1.372336e+02
5051.2500 1.398651e+02
5052.5000 1.322128e+02
5053.7500 1.372630e+02
5055.0000 1.339357e+02
5056.2500 1.335265e+02
5057.5000 1.363380e+02
5058.7500 1.360333e+02
5060.0000 1.278752e+02
5061.2500 1.347939e+02
5062.5000 1.293265e+02
5063.7500 1.260206e+02
5065.0000 1.248008e+02
5066.2500 1.269650e+02
5067.5000 1.352556e+02
5068.7500 1.253272e+02
5070.0000 1.302153e+02
5071.2500 1.273253e+02
5072.5000 1.164240e+02
5073.7500 1.258756e+02
5075.0000 1.348876e+02
5076.2500 1.390606e+02
5077.5000 1.304289e+02
5078.7500 1.248515e+02
5080.0000 1.090705e+02
5081.2500 1.239815e+02
5082.5000 1.253163e+02
5083.7500 1.177278e+02
5085.0000 1.257696e+02
5086.2500 1.273957e+02
5087.5000 1.239897e+02
5088.7500 1.231455e+02
5090.0000 1.175463e+02
5091.2500 1.253810e+02
5092.5000 1.273784e+02
5093.7500 1.281933e+02
5095.0000 1.295414e+02
5096.2500 1.207847e+02
5097.5000 1.260023e+02
5098.7500 1.243275e+02
5100.0000 1.294016e+02
5101.2500 1.353746e+02
5102.5000 1.284227e+02
5103.7500 1.302699e+02
5105.0000 1.321460e+02
5106.2500 1.329950e+02
5107.5000 1.302224e+02
5108.7500 1.304494e+02
5110.0000 1.305729e+02
5111.2500 1.331485e+02
5112.5000 1.422114e+02
5113.7500 1.385216e+02
5115.0000 1.320307e+02
5116.2500 1.262498e+02
5117.5000 1.221758e+02
5118.7500 1.365622e+02
5120.0000 1.279710e+02
5121.2500 1.278791e+02
5122.5000 1.187572e+02
5123.7500 1.210929e+02
5125.0000 1.120225e+02
5126.2500 1.118279e+02
5127.5000 1.197050e+02
5128.7500 1.214557e+02
5130.0000 1.249815e+02
5131.2500 1.291404e+02
5132.5000 1.269994e+02
5133.7500 1.203999e+02
5135.0000 1.334250e+02
5136.2500 1.290122e+02
5137.5000 1.275638e+02
5138.7500 1.251989e+02
5140.0000 1.277208e+02
5141.2500 1.254292e+02
5142.5000 1.228520e+02
5143.7500 1.222670e+02
5145.0000 1.147654e+02
5146.2500 1.233875e+02
5147.5000 1.175433e+02
5148.7500 1.186680e+02
5150.0000 1.213400e+02
5151.2500 1.151999e+02
5152.5000 1.146423e+02
5153.7500 1.187690e+02
5155.0000 1.149444e+02
5156.2500 1.171368e+02
5157.5000 1.107951e+02
5158.7500 1.170603e+02
5160.0000 1.168529e+02
5161.2500 1.156573e+02
5162.5000 1.206018e+02
5163.7500 1.194884e+02
5165.0000 1.133566e+02
5166.2500 1.076235e+02
5167.5000 1.062833e+02
5168.7500 1.087017e+02
5170.0000 1.157871e+02
5171.2500 1.063018e+02
5172.5000 1.054606e+02
5173.7500 1.172009e+02
5175.0000 1.222382e+02
5176.2500 1.299790e+02
5177.5000 1.257963e+02
5178.7500 1.352699e+02
5180.0000 1.335248e+02
5181.2500 1.216355e+02
5182.5000 1.091887e+02
5183.7500 9.883819e+01
5185.0000 1.185718e+02
5186.2500 1.264907e+02
5187.5000 1.474729e+02
5188.7500 1.327153e+02
5190.0000 1.271550e+02
5191.2500 1.169485e+02
5192.5000 1.138207e+02
5193.7500 1.191789e+02
5195.0000 1.128517e+02
5196.2500 1.316483e+02
5197.5000 1.950746e+02
5198.7500 1.771465e+02
5200.0000 1.665170e+02
5201.2500 1.550376e+02
5202.5000 1.472257e+02
5203.7500 1.300770e+02
5205.0000 1.091548e+02
5206.2500 1.138548e+02
5207.5000 1.120125e+02
5208.7500 1.152267e+02
5210.0000 1.086345e+02
5211.2500 1.080049e+02
5212.5000 1.097561e+02
5213.7500 1.059647e+02
5215.0000 1.058217e+02
5216.2500 1.119279e+02
5217.5000 1.175585e+02
5218.7500 1.186098e+02
5220.0000 1.154472e+02
5221.2500 1.111242e+02
5222.5000 1.229955e+02
5223.7500 1.328844e+02
5225.0000 1.220902e+02
5226.2500 9.355659e+01
5227.5000 9.255317e+01
5228.7500 1.041816e+02
5230.0000 1.030514e+02
5231.2500 1.098811e+02
5232.5000 1.112763e+02
5233.7500 1.002247e+02
5235.0000 1.018919e+02
5236.2500 1.147273e+02
5237.5000 1.370540e+02
5238.7500 1.523960e+02
5240.0000 1.291857e+02
5241.2500 1.185964e+02
5242.5000 1.152051e+02
5243.7500 1.173641e+02
5245.0000 1.157817e+02
5246.2500 1.203157e+02
5247.5000 1.246143e+02
5248.7500 1.383576e+02
5250.0000 1.339446e+02
5251.2500 1.181466e+02
5252.5000 1.197155e+02
5253.7500 1.276548e+02
5255.0000 1.431804e+02
5256.2500 1.604061e+02
5257.5000 1.316459e+02
5258.7500 1.204802e+02
5260.0000 1.146518e+02
5261.2500 1.110209e+02
5262.5000 1.048440e+02
5263.7500 1.002636e+02
5265.0000 9.898080e+01
5266.2500 1.000956e+02
5267.5000 1.122996e+02
5268.7500 1.017200e+02
5270.0000 1.016957e+02
5271.2500 1.092402e+02
5272.5000 1.069671e+02
5273.7500 1.146450e+02
5275.0000 1.294894e+02
5276.2500 1.274491e+02
5277.5000 1.175273e+02
5278.7500 1.068685e+02
5280.0000 1.006121e+02
5281.2500 9.864663e+01
5282.5000 1.009192e+02
5283.7500 1.017982e+02
5285.0000 1.057673e+02
5286.2500 1.093667e+02
5287.5000 1.042551e+02
5288.7500 1.037643e+02
5290.0000 1.047974e+02
5291.2500 1.055184e+02
5292.5000 1.072896e+02
5293.7500 1.027143e+02
5295.0000 1.063231e+02
5296.2500 9.540882e+01
5297.5000 1.006486e+02
5298.7500 1.110914e+02
5300.0000 1.048756e+02
5301.2500 1.043633e+02
5302.5000 1.030590e+02
5303.7500 9.942274e+01
5305.0000 1.108226e+02
5306.2500 1.077592e+02
5307.5000 1.056412e+02
5308.7500 1.098796e+02
5310.0000 1.083386e+02
5311.2500 1.052281e+02
5312.5000 1.259469e+02
5313.7500 1.198702e+02
5315.0000 1.107668e+02
5316.2500 1.127611e+02
5317.5000 1.140216e+02
5318.7500 1.128408e+02
5320.0000 1.164167e+02
5321.2500 1.198769e+02
5322.5000 1.244168e+02
5323.7500 1.204613e+02
5325.0000 1.185457e+02
5326.2500 1.146515e+02
5327.5000 1.086373e+02
5328.7500 1.182657e+02
5330.0000 1.414688e+02
5331.2500 1.366474e+02
5332.5000 1.218998e+02
5333.7500 1.207269e+02
5335.0000 1.183752e+02
5336.2500 1.162290e+02
5337.5000 1.191143e+02
5338.7500 1.199296e+02
5340.0000 1.094319e+02
5341.2500 1.073078e+02
5342.5000 1.165293e+02
5343.7500 1.143883e+02
5345.0000 1.142061e+02
5346.2500 1.113654e+02
5347.5000 1.122937e+02
5348.7500 1.058652e+02
5350.0000 1.183487e+02
5351.2500 1.087068e+02
5352.5000 1.051630e+02
5353.7500 1.127589e+02
5355.0000 1.166645e+02
5356.2500 1.024086e+02
5357.5000 1.023650e+02
5358.7500 1.002566e+02
5360.0000 1.003178e+02
5361.2500 1.027756e+02
5362.5000 9.680494e+01
5363.7500 9.349061e+01
5365.0000 9.752887e+01
5366.2500 9.449537e+01
5367.5000 1.013965e+02
5368.7500 9.342737e+01
5370.0000 8.993864e+01
5371.2500 9.374234e+01
5372.5000 9.527995e+01
5373.7500 1.021985e+02
5375.0000 1.026244e+02
5376.2500 9.535049e+01
5377.5000 9.506969e+01
5378.7500 9.513261e+01
5380.0000 9.694554e+01
5381.2500 9.937431e+01
5382.5000 9.818629e+01
5383.7500 9.826222e+01
5385.0000 9.717300e+01
5386.2500 1.050226e+02
5387.5000 9.725421e+01
5388.7500 1.016545e+02
5390.0000 9.745565e+01
5391.2500 9.942622e+01
5392.5000 9.923067e+01
5393.7500 9.711777e+01
5395.0000 1.020350e+02
5396.2500 1.026051e+02
5397.5000 9.780064e+01
5398.7500 1.031307e+02
5400.0000 9.882024e+01
5401.2500 1.008140e+02
5402.5000 1.018142e+02
5403.7500 9.927705e+01
5405.0000 9.629459e+01
5406.2500 1.021863e+02
5407.5000 1.092427e+02
5408.7500 1.000141e+02
5410.0000 1.037044e+02
5411.2500 1.049181e+02
5412.5000 1.111349e+02
5413.7500 9.870536e+01
5415.0000 1.009640e+02
5416.2500 1.073979e+02
5417.5000 1.054962e+02
5418.7500 1.050115e+02
5420.0000 1.048563e+02
5421.2500 1.050170e+02
5422.5000 1.016239e+02
5423.7500 1.071913e+02
5425.0000 1.067918e+02
5426.2500 1.126607e+02
5427.5000 1.113949e+02
5428.7500 1.051963e+02
5430.0000 1.022303e+02
5431.2500 1.130946e+02
5432.5000 1.007470e+02
5433.7500 1.017972e+02
5435.0000 1.043279e+02
5436.2500 9.904219e+01
5437.5000 1.065208e+02
5438.7500 9.953609e+01
5440.0000 9.976985e+01
5441.2500 9.775879e+01
5442.5000 1.009271e+02
5443.7500 9.355705e+01
5445.0000 9.472845e+01
5446.2500 8.889401e+01
5447.5000 9.281480e+01
5448.7500 9.206499e+01
5450.0000 9.907011e+01
5451.2500 9.442270e+01
5452.5000 9.634303e+01
5453.7500 9.637627e+01
5455.0000 9.143353e+01
5456.2500 9.012714e+01
5457.5000 1.009297e+02
5458.7500 9.718362e+01
5460.0000 1.055656e+02
5461.2500 1.049594e+02
5462.5000 9.878472e+01
5463.7500 9.684092e+01
5465.0000 9.705921e+01
5466.2500 9.715813e+01
5467.5000 9.920607e+01
5468.7500 9.697556e+01
5470.0000 9.938694e+01
5471.2500 9.734632e+01
5472.5000 1.012674e+02
5473.7500 1.026317e+02
5475.0000 1.030154e+02
5476.2500 9.591814e+01
5477.5000 9.393411e+01
5478.7500 1.042867e+02
5480.0000 1.004002e+02
5481.2500 1.069035e+02
5482.5000 1.099158e+02
5483.7500 1.089826e+02
5485.0000 1.085538e+02
5486.2500 1.063512e+02
5487.5000 9.715027e+01
5488.7500 1.010833e+02
5490.0000 1.054471e+02
5491.2500 1.060192e+02
5492.5000 1.059245e+02
5493.7500 1.043316e+02
5495.0000 9.888586e+01
5496.2500 1.086846e+02
5497.5000 1.081107e+02
5498.7500 1.100455e+02
5500.0000 1.077747e+02
5501.2500 1.011024e+02
5502.5000 1.004315e+02
5503.7500 1.063806e+02
5505.0000 1.024107e+02
5506.2500 1.082114e+02
5507.5000 1.035967e+02
5508.7500 1.053195e+02
5510.0000 1.065493e+02
5511.2500 1.069192e+02
5512.5000 1.054413e+02
5513.7500 1.008740e+02
5515.0000 9.762291e+01
5516.2500 1.044604e+02
5517.5000 1.094134e+02
5518.7500 1.041078e+02
5520.0000 1.074079e+02
5521.2500 1.042656e+02
5522.5000 1.028138e+02
5523.7500 1.007326e+02
5525.0000 9.906013e+01
5526.2500 1.008585e+02
5527.5000 9.383073e+01
5528.7500 9.141957e+01
5530.0000 9.480219e+01
5531.2500 9.758615e+01
5532.5000 9.567789e+01
5533.7500 9.593354e+01
5535.0000 9.270520e+01
5536.2500 9.641309e+01
5537.5000 9.079240e+01
5538.7500 9.790662e+01
5540.0000 9.421678e+01
5541.2500 1.122907e+02
5542.5000 1.147985e+02
5543.7500 1.234139e+02
5545.0000 1.194250e+02
5546.2500 9.695518e+01
5547.5000 9.602592e+01
5548.7500 1.029314e+02
5550.0000 9.957652e+01
5551.2500 9.385438e+01
5552.5000 9.297614e+01
5553.7500 9.504244e+01
5555.0000 9.302533e+01
5556.2500 9.723384e+01
5557.5000 9.835404e+01
5558.7500 9.713680e+01
5560.0000 1.014287e+02
5561.2500 1.039448e+02
5562.5000 1.308220e+02
5563.7500 1.629012e+02
5565.0000 1.353540e+02
5566.2500 1.023628e+02
5567.5000 1.100683e+02
5568.7500 1.188799e+02
5570.0000 1.225355e+02
5571.2500 1.106109e+02
5572.5000 1.189495e+02
5573.7500 1.354959e+02
5575.0000 8.555944e+02
5576.2500 6.862368e+03
5577.5000 9.929428e+03
5578.7500 2.829648e+03
5580.0000 2.152965e+02
5581.2500 1.359529e+02
5582.5000 1.182246e+02
5583.7500 1.062327e+02
5585.0000 1.048189e+02
5586.2500 9.659430e+01
5587.5000 1.112034e+02
5588.7500 1.410944e+02
5590.0000 1.276421e+02
5591.2500 1.037720e+02
5592.5000 9.723444e+01
5593.7500 9.452723e+01
5595.0000 9.840311e+01
5596.2500 1.059263e+02
5597.5000 1.122608e+02
5598.7500 1.052493e+02
5600.0000 1.007309e+02
5601.2500 9.605631e+01
5602.5000 1.032368e+02
5603.7500 1.309074e+02
5605.0000 1.613853e+02
5606.2500 1.234504e+02
5607.5000 1.063224e+02
5608.7500 9.792150e+01
5610.0000 9.698853e+01
5611.2500 9.704642e+01
5612.5000 9.530099e+01
5613.7500 9.403542e+01
5615.0000 8.788446e+01
5616.2500 1.003967e+02
5617.5000 1.007232e+02
5618.7500 8.889494e+01
5620.0000 9.107403e+01
5621.2500 9.464167e+01
5622.5000 1.152273e+02
5623.7500 1.245054e+02
5625.0000 1.097101e+02
5626.2500 8.702514e+01
5627.5000 9.032290e+01
5628.7500 8.941314e+01
5630.0000 8.932672e+01
5631.2500 8.949179e+01
5632.5000 9.228052e+01
5633.7500 8.825124e+01
5635.0000 8.364165e+01
5636.2500 9.159376e+01
5637.5000 9.094022e+01
5638.7500 1.015565e+02
5640.0000 9.582747e+01
5641.2500 9.257883e+01
5642.5000 8.939058e+01
5643.7500 1.040711e+02
5645.0000 1.127182e+02
5646.2500 1.134497e+02
5647.5000 1.028847e+02
5648.7500 8.815105e+01
5650.0000 8.918230e+01
5651.2500 9.249803e+01
5652.5000 9.585001e+01
5653.7500 9.493392e+01
5655.0000 8.678294e+01
5656.2500 8.653232e+01
5657.5000 9.306197e+01
5658.7500 9.466676e+01
5660.0000 9.529041e+01
5661.2500 9.539389e+01
5662.5000 1.001283e+02
5663.7500 1.061249e+02
5665.0000 1.072626e+02
5666.2500 9.829469e+01
5667.5000 1.037168e+02
5668.7500 1.095678e+02
5670.0000 1.108640e+02
5671.2500 1.046184e+02
5672.5000 1.068976e+02
5673.7500 1.107316e+02
5675.0000 1.034968e+02
5676.2500 1.094689e+02
5677.5000 1.077966e+02
5678.7500 1.084852e+02
5680.0000 1.101584e+02
5681.2500 1.066316e+02
5682.5000 1.029453e+02
5683.7500 1.076389e+02
5685.0000 1.080466e+02
5686.2500 1.077158e+02
5687.5000 1.065824e+02
5688.7500 1.058876e+02
5690.0000 1.087317e+02
5691.2500 1.105796e+02
5692.5000 1.121095e+02
5693.7500 1.101453e+02
5695.0000 1.052239e+02
5696.2500 1.127532e+02
5697.5000 1.072895e+02
5698.7500 1.056176e+02
5700.0000 1.045332e+02
5701.2500 1.000855e+02
5702.5000 1.008908e+02
5703.7500 1.054220e+02
5705.0000 1.005234e+02
5706.2500 9.730943e+01
5707.5000 9.850857e+01
5708.7500 9.339854e+01
5710.0000 9.279131e+01
5711.2500 9.371278e+01
5712.5000 9.800806e+01
5713.7500 9.356738e+01
5715.0000 8.862849e+01
5716.2500 9.563725e+01
5717.5000 9.424144e+01
5718.7500 8.968719e+01
5720.0000 9.304014e+01
5721.2500 9.326167e+01
5722.5000 9.248849e+01
5723.7500 8.583274e+01
5725.0000 9.175133e+01
5726.2500 9.171010e+01
5727.5000 9.089880e+01
5728.7500 8.518530e+01
5730.0000 8.601243e+01
5731.2500 8.964561e+01
5732.5000 8.370174e+01
5733.7500 9.077460e+01
5735.0000 8.230634e+01
5736.2500 8.850453e+01
5737.5000 8.257861e+01
5738.7500 8.270826e+01
5740.0000 8.233226e+01
5741.2500 8.800756e+01
5742.5000 8.710285e+01
5743.7500 8.801240e+01
5745.0000 9.001498e+01
5746.2500 9.509744e+01
5747.5000 9.141924e+01
5748.7500 8.691903e+01
5750.0000 8.997735e+01
5751.2500 8.973827e+01
5752.5000 9.321868e+01
5753.7500 8.654360e+01
5755.0000 9.111021e+01
5756.2500 9.189681e+01
5757.5000 8.893690e+01
5758.7500 9.828358e+01
5760.0000 8.974548e+01
5761.2500 9.070224e+01
5762.5000 9.200847e+01
5763.7500 9.693173e+01
5765.0000 9.604664e+01
5766.2500 1.042882e+02
5767.5000 1.005491e+02
5768.7500 9.875083e+01
5770.0000 9.838505e+01
5771.2500 1.033624e+02
5772.5000 1.038748e+02
5773.7500 1.022350e+02
5775.0000 9.781961e+01
5776.2500 9.973433e+01
5777.5000 1.028451e+02
5778.7500 9.807087e+01
5780.0000 1.040971e+02
5781.2500 9.784840e+01
5782.5000 1.045994e+02
5783.7500 1.004531e+02
5785.0000 9.798964e+01
5786.2500 9.626913e+01
5787.5000 1.029464e+02
5788.7500 9.950389e+01
5790.0000 1.056106e+02
5791.2500 9.847160e+01
5792.5000 1.027458e+02
5793.7500 1.008613e+02
5795.0000 1.050103e+02
5796.2500 1.011798e+02
5797.5000 9.640927e+01
5798.7500 9.923539e+01
5800.0000 1.022633e+02
5801.2500 9.788074e+01
5802.5000 1.053457e+02
5803.7500 9.863450e+01
5805.0000 9.981019e+01
5806.2500 9.218178e+01
5807.5000 9.771419e+01
5808.7500 9.464459e+01
5810.0000 9.503526e+01
5811.2500 9.491577e+01
5812.5000 9.420032e+01
5813.7500 9.275411e+01
5815.0000 9.404891e+01
5816.2500 9.207372e+01
5817.5000 9.148631e+01
5818.7500 9.325290e+01
5820.0000 8.927978e+01
5821.2500 8.823743e+01
5822.5000 9.443137e+01
5823.7500 8.956791e+01
5825.0000 8.468346e+01
5826.2500 8.477028e+01
5827.5000 8.709054e+01
5828.7500 8.177825e+01
5830.0000 8.306919e+01
5831.2500 8.274272e+01
5832.5000 8.277110e+01
5833.7500 8.077912e+01
5835.0000 8.398047e+01
5836.2500 8.097417e+01
5837.5000 8.241074e+01
5838.7500 7.886403e+01
5840.0000 7.877722e+01
5841.2500 7.910859e+01
5842.5000 8.079622e+01
5843.7500 8.340884e+01
5845.0000 7.796416e+01
5846.2500 7.797341e+01
5847.5000 7.727194e+01
5848.7500 7.436456e+01
5850.0000 7.554001e+01
5851.2500 7.587518e+01
5852.5000 7.768642e+01
5853.7500 8.009444e+01
5855.0000 8.115076e+01
5856.2500 8.056464e+01
5857.5000 7.863487e+01
5858.7500 7.974459e+01
5860.0000 8.273196e+01
5861.2500 7.790821e+01
5862.5000 8.166741e+01
5863.7500 1.018684e+02
5865.0000 1.503253e+02
5866.2500 1.926677e+02
5867.5000 1.868341e+02
5868.7500 1.533751e+02
5870.0000 1.110803e+02
5871.2500 1.005851e+02
5872.5000 1.107068e+02
5873.7500 1.066504e+02
5875.0000 1.030400e+02
5876.2500 9.513187e+01
5877.5000 9.679169e+01
5878.7500 9.404462e+01
5880.0000 9.554908e+01
5881.2500 9.558540e+01
5882.5000 9.165381e+01
5883.7500 9.761251e+01
5885.0000 1.049717e+02
5886.2500 1.358438e+02
5887.5000 2.848289e+02
5888.7500 6.190870e+02
5890.0000 8.051321e+02
5891.2500 3.810685e+02
5892.5000 1.285499e+02
5893.7500 1.919987e+02
5895.0000 4.436036e+02
5896.2500 4.820943e+02
5897.5000 1.974302e+02
5898.7500 1.051689e+02
5900.0000 1.039167e+02
5901.2500 1.074814e+02
5902.5000 1.189537e+02
5903.7500 1.170220e+02
5905.0000 1.252029e+02
5906.2500 1.477454e+02
5907.5000 1.285559e+02
5908.7500 1.094058e+02
5910.0000 1.063959e+02
5911.2500 1.028760e+02
5912.5000 1.157052e+02
5913.7500 1.617720e+02
5915.0000 2.652676e+02
5916.2500 1.905479e+02
5917.5000 1.058072e+02
5918.7500 1.028723e+02
5920.0000 1.076790e+02
5921.2500 1.014588e+02
5922.5000 1.044585e+02
5923.7500 1.490305e+02
5925.0000 1.570964e+02
5926.2500 1.100760e+02
5927.5000 9.734995e+01
5928.7500 1.019726e+02
5930.0000 9.957994e+01
5931.2500 1.755589e+02
5932.5000 2.876089e+02
5933.7500 1.886553e+02
5935.0000 1.051429e+02
5936.2500 9.872321e+01
5937.5000 9.128006e+01
5938.7500 9.596131e+01
5940.0000 9.342972e+01
5941.2500 8.957436e+01
5942.5000 8.976719e+01
5943.7500 9.543246e+01
5945.0000 1.296742e+02
5946.2500 1.278310e+02
5947.5000 9.312431e+01
5948.7500 9.133286e+01
5950.0000 8.792930e+01
5951.2500 1.091853e+02
5952.5000 1.876253e+02
5953.7500 1.905864e+02
5955.0000 1.104177e+02
5956.2500 8.486686e+01
5957.5000 8.620602e+01
5958.7500 8.299640e+01
5960.0000 8.530712e+01
5961.2500 8.110609e+01
5962.5000 8.360323e+01
5963.7500 8.309071e+01
5965.0000 8.111626e+01
5966.2500 7.752924e+01
5967.5000 8.008168e+01
5968.7500 9.548597e+01
5970.0000 1.124942e+02
5971.2500 9.822418e+01
5972.5000 8.044853e+01
5973.7500 8.022647e+01
5975.0000 9.582649e+01
5976.2500 1.330176e+02
5977.5000 1.349559e+02
5978.7500 9.320428e+01
5980.0000 7.978761e+01
5981.2500 7.744074e+01
5982.5000 8.025262e+01
5983.7500 7.654006e+01
5985.0000 8.226168e+01
5986.2500 8.100905e+01
5987.5000 7.938555e+01
5988.7500 8.029124e+01
5990.0000 8.192327e+01
5991.2500 8.218459e+01
5992.5000 7.779632e+01
5993.7500 8.109645e+01
5995.0000 8.330209e+01
5996.2500 8.660540e+01
5997.5000 9.693520e+01
5998.7500 9.066727e+01
6000.0000 8.285602e+01
6001.2500 8.051239e+01
6002.5000 9.604667e+01
6003.7500 1.158311e+02
6005.0000 9.837276e+01
6006.2500 7.752585e+01
6007.5000 7.904470e+01
6008.7500 7.916975e+01
6010.0000 8.350295e+01
6011.2500 8.727782e+01
6012.5000 8.099931e+01
6013.7500 7.846442e+01
6015.0000 8.220389e+01
6016.2500 8.123331e+01
6017.5000 8.096131e+01
6018.7500 8.331202e+01
6020.0000 8.005483e+01
6021.2500 7.940211e+01
6022.5000 7.886826e+01
6023.7500 8.842086e+01
6025.0000 8.650078e+01
6026.2500 8.546140e+01
6027.5000 9.601045e+01
6028.7500 9.600969e+01
6030.0000 8.979070e+01
6031.2500 8.779877e+01
6032.5000 9.466840e+01
6033.7500 1.106338e+02
6035.0000 1.026138e+02
6036.2500 8.465382e+01
6037.5000 8.311568e+01
6038.7500 8.914449e+01
6040.0000 9.329736e+01
6041.2500 8.269426e+01
6042.5000 8.659994e+01
6043.7500 8.997124e+01
6045.0000 8.787569e+01
6046.2500 8.444469e+01
6047.5000 8.505951e+01
6048.7500 8.701560e+01
6050.0000 8.902567e+01
6051.2500 8.425600e+01
6052.5000 8.800007e+01
6053.7500 8.982659e+01
6055.0000 9.426754e+01
6056.2500 8.326919e+01
6057.5000 8.041665e+01
6058.7500 8.423597e+01
6060.0000 8.782495e+01
6061.2500 9.247030e+01
6062.5000 9.283981e+01
6063.7500 8.500098e+01
6065.0000 7.984689e+01
6066.2500 9.153979e+01
6067.5000 8.949217e+01
6068.7500 8.544034e+01
6070.0000 8.235329e+01
6071.2500 7.779470e+01
6072.5000 7.914837e+01
6073.7500 7.706660e+01
6075.0000 7.396571e+01
6076.2500 8.046659e+01
6077.5000 7.651205e+01
6078.7500 7.623010e+01
6080.0000 7.354303e+01
6081.2500 7.244428e+01
6082.5000 7.604787e+01
6083.7500 7.222947e+01
6085.0000 7.508343e+01
6086.2500 7.117177e+01
6087.5000 7.177730e+01
6088.7500 6.823709e+01
6090.0000 6.855514e+01
6091.2500 7.180463e+01
6092.5000 6.854384e+01
6093.7500 7.113128e+01
6095.0000 7.115186e+01
6096.2500 7.160576e+01
6097.5000 6.950422e+01
6098.7500 7.130578e+01
6100.0000 7.353283e+01
6101.2500 6.953543e+01
6102.5000 6.797753e+01
6103.7500 7.208700e+01
6105.0000 7.737596e+01
6106.2500 7.064622e+01
6107.5000 6.955677e+01
6108.7500 6.950580e+01
6110.0000 7.286940e+01
6111.2500 7.403332e+01
6112.5000 7.165226e+01
6113.7500 7.109549e+01
6115.0000 7.017774e+01
6116.2500 6.697358e+01
6117.5000 7.281608e+01
6118.7500 6.996909e+01
6120.0000 6.927560e+01
6121.2500 6.538723e+01
6122.5000 6.759511e+01
6123.7500 6.729706e+01
6125.0000 6.969919e+01
6126.2500 7.362250e+01
6127.5000 6.978745e+01
6128.7500 6.744674e+01
6130.0000 7.174988e+01
6131.2500 6.621980e+01
6132.5000 6.663107e+01
6133.7500 6.893831e+01
6135.0000 7.528313e+01
6136.2500 7.875517e+01
6137.5000 8.273703e+01
6138.7500 9.415382e+01
6140.0000 9.055070e+01
6141.2500 7.703254e+01
6142.5000 8.078220e+01
6143.7500 1.045389e+02
6145.0000 9.420898e+01
6146.2500 7.195451e+01
6147.5000 6.867908e+01
6148.7500 6.780414e+01
6150.0000 7.284501e+01
6151.2500 7.341303e+01
6152.5000 6.751372e+01
6153.7500 7.049464e+01
6155.0000 7.735526e+01
6156.2500 9.093963e+01
6157.5000 9.582709e+01
6158.7500 8.911463e+01
6160.0000 6.725691e+01
6161.2500 6.594167e+01
6162.5000 6.551057e+01
6163.7500 6.698193e+01
6165.0000 6.813050e+01
6166.2500 6.810944e+01
6167.5000 6.924316e+01
6168.7500 8.990458e+01
6170.0000 1.404656e+02
6171.2500 1.251858e+02
6172.5000 7.832231e+01
6173.7500 7.445546e+01
6175.0000 8.124277e+01
6176.2500 9.107675e+01
6177.5000 8.040736e+01
6178.7500 6.837856e+01
6180.0000 6.970493e+01
6181.2500 6.888663e+01
6182.5000 7.633521e+01
6183.7500 7.917750e+01
6185.0000 7.779031e+01
6186.2500 7.145987e+01
6187.5000 7.296297e+01
6188.7500 7.806513e+01
6190.0000 7.177316e+01
6191.2500 8.093295e+01
6192.5000 8.652847e+01
6193.7500 8.204728e+01
6195.0000 7.334089e+01
6196.2500 7.270966e+01
6197.5000 6.947506e+01
6198.7500 6.845980e+01
6200.0000 6.800680e+01
6201.2500 9.850746e+01
6202.5000 1.269842e+02
6203.7500 9.997084e+01
6205.0000 7.077970e+01
6206.2500 7.243466e+01
6207.5000 6.967580e+01
6208.7500 6.945952e+01
6210.0000 7.216584e+01
6211.2500 7.525927e+01
6212.5000 8.116612e+01
6213.7500 8.241040e+01
6215.0000 6.514729e+01
6216.2500 6.552312e+01
6217.5000 6.409561e+01
6218.7500 6.587563e+01
6220.0000 8.557922e+01
6221.2500 1.226198e+02
6222.5000 1.103641e+02
6223.7500 7.087740e+01
6225.0000 6.466089e+01
6226.2500 6.730082e+01
6227.5000 6.453806e+01
6228.7500 6.512033e+01
6230.0000 6.031718e+01
6231.2500 6.602574e+01
6232.5000 9.206541e+01
6233.7500 1.748281e+02
6235.0000 2.688330e+02
6236.2500 2.505848e+02
6237.5000 1.489639e+02
6238.7500 9.101823e+01
6240.0000 1.093649e+02
6241.2500 1.186011e+02
6242.5000 1.194152e+02
6243.7500 1.077872e+02
6245.0000 7.605578e+01
6246.2500 7.124506e+01
6247.5000 7.874097e+01
6248.7500 7.045541e+01
6250.0000 6.367662e+01
6251.2500 6.320409e+01
6252.5000 6.068438e+01
6253.7500 6.431609e+01
6255.0000 7.062607e+01
6256.2500 1.609999e+02
6257.5000 3.022513e+02
6258.7500 2.230222e+02
6260.0000 8.550033e+01
6261.2500 7.824451e+01
6262.5000 7.820278e+01
6263.7500 1.079105e+02
6265.0000 1.433119e+02
6266.2500 1.054776e+02
6267.5000 8.762651e+01
6268.7500 8.340218e+01
6270.0000 6.970672e+01
6271.2500 6.463952e+01
6272.5000 6.922036e+01
6273.7500 7.120380e+01
6275.0000 8.823080e+01
6276.2500 9.447025e+01
6277.5000 1.114698e+02
6278.7500 1.017475e+02
6280.0000 6.778284e+01
6281.2500 6.480609e+01
6282.5000 6.566737e+01
6283.7500 6.798775e+01
6285.0000 7.818543e+01
6286.2500 2.002090e+02
6287.5000 2.582872e+02
6288.7500 1.404860e+02
6290.0000 8.219924e+01
6291.2500 6.387883e+01
6292.5000 6.317747e+01
6293.7500 6.546510e+01
6295.0000 7.773689e+01
6296.2500 1.075173e+02
6297.5000 1.707499e+02
6298.7500 7.569547e+02
6300.0000 1.702975e+03
6301.2500 1.135083e+03
6302.5000 1.240544e+02
6303.7500 7.348892e+01
6305.0000 1.262462e+02
6306.2500 2.933015e+02
6307.5000 2.882288e+02
6308.7500 1.058829e+02
6310.0000 6.980110e+01
6311.2500 6.887691e+01
6312.5000 6.875073e+01
6313.7500 7.012789e+01
6315.0000 6.439188e+01
6316.2500 6.466904e+01
6317.5000 6.070090e+01
6318.7500 7.089587e+01
6320.0000 1.080462e+02
6321.2500 1.342844e+02
6322.5000 9.847856e+01
6323.7500 6.369492e+01
6325.0000 6.555626e+01
6326.2500 6.617792e+01
6327.5000 7.598021e+01
6328.7500 1.946108e+02
6330.0000 2.491879e+02
6331.2500 1.246956e+02
6332.5000 6.696236e+01
6333.7500 6.496269e+01
6335.0000 5.998413e+01
6336.2500 6.346181e+01
6337.5000 6.368882e+01
6338.7500 6.251324e+01
6340.0000 6.706328e+01
6341.2500 6.847416e+01
6342.5000 6.995425e+01
6343.7500 7.223161e+01
6345.0000 6.451758e+01
6346.2500 6.810143e+01
6347.5000 1.016737e+02
6348.7500 1.138439e+02
6350.0000 7.704372e+01
6351.2500 6.609674e+01
6352.5000 6.480241e+01
6353.7500 6.699066e+01
6355.0000 1.372486e+02
6356.2500 1.852835e+02
6357.5000 1.096746e+02
6358.7500 6.301395e+01
6360.0000 7.146972e+01
6361.2500 8.869511e+01
6362.5000 3.229357e+02
6363.7500 5.071050e+02
6365.0000 2.371415e+02
6366.2500 6.990733e+01
6367.5000 6.179607e+01
6368.7500 6.148334e+01
6370.0000 6.123637e+01
6371.2500 5.872786e+01
6372.5000 6.182501e+01
6373.7500 6.056386e+01
6375.0000 6.117923e+01
6376.2500 6.329078e+01
6377.5000 7.070747e+01
6378.7500 8.617554e+01
6380.0000 7.884274e+01
6381.2500 6.135115e+01
6382.5000 5.994466e+01
6383.7500 6.327647e+01
6385.0000 8.975616e+01
6386.2500 1.204353e+02
6387.5000 8.263143e+01
6388.7500 5.911142e+01
6390.0000 5.917551e+01
6391.2500 5.711082e+01
6392.5000 5.611072e+01
6393.7500 5.617871e+01
6395.0000 5.528986e+01
6396.2500 5.653485e+01
6397.5000 5.930674e+01
6398.7500 5.500097e+01
6400.0000 5.208063e+01
6401.2500 5.322124e+01
6402.5000 5.475230e+01
6403.7500 5.250542e+01
6405.0000 5.236021e+01
6406.2500 5.106099e+01
6407.5000 5.297198e+01
6408.7500 5.040400e+01
6410.0000 5.560548e+01
6411.2500 5.166206e+01
6412.5000 6.091168e+01
6413.7500 6.577738e+01
6415.0000 5.569503e+01
6416.2500 4.975846e+01
6417.5000 5.129582e+01
6418.7500 6.259934e+01
6420.0000 7.627185e+01
6421.2500 6.350921e+01
6422.5000 4.936670e+01
6423.7500 5.159841e+01
6425.0000 5.275151e+01
6426.2500 5.394572e+01
6427.5000 5.481739e+01
6428.7500 5.167563e+01
6430.0000 4.688276e+01
6431.2500 4.978690e+01
6432.5000 4.995463e+01
6433.7500 5.105054e+01
6435.0000 5.187741e+01
6436.2500 5.106524e+01
6437.5000 5.307109e+01
6438.7500 4.834763e+01
6440.0000 4.971982e+01
6441.2500 4.972356e+01
6442.5000 5.217044e+01
6443.7500 5.203736e+01
6445.0000 5.286971e+01
6446.2500 5.009998e+01
6447.5000 5.295248e+01
6448.7500 5.635342e+01
6450.0000 5.428593e+01
6451.2500 6.422740e+01
6452.5000 6.397227e+01
6453.7500 6.240497e+01
6455.0000 5.988897e+01
6456.2500 6.097180e+01
6457.5000 6.693552e+01
6458.7500 6.136808e+01
6460.0000 5.542016e+01
6461.2500 5.758860e+01
6462.5000 8.635797e+01
6463.7500 1.132120e+02
6465.0000 1.453402e+02
6466.2500 1.401213e+02
6467.5000 7.989427e+01
6468.7500 7.517327e+01
6470.0000 1.470916e+02
6471.2500 1.421324e+02
6472.5000 7.518837e+01
6473.7500 5.735018e+01
6475.0000 5.151331e+01
6476.2500 6.062070e+01
6477.5000 7.850902e+01
6478.7500 6.872147e+01
6480.0000 5.368999e+01
6481.2500 5.499585e+01
6482.5000 5.097485e+01
6483.7500 4.892428e+01
6485.0000 4.993185e+01
6486.2500 5.161885e+01
6487.5000 4.939448e+01
6488.7500 4.937184e+01
6490.0000 4.801932e+01
6491.2500 4.772503e+01
6492.5000 4.839408e+01
6493.7500 4.982413e+01
6495.0000 5.058928e+01
6496.2500 7.194334e+01
6497.5000 2.044959e+02
6498.7500 2.743971e+02
6500.0000 1.342378e+02
6501.2500 5.341605e+01
6502.5000 5.760346e+01
6503.7500 9.388686e+01
6505.0000 1.179531e+02
6506.2500 7.358939e+01
6507.5000 5.152312e+01
6508.7500 4.952533e+01
6510.0000 4.979419e+01
6511.2500 5.029665e+01
6512.5000 5.699580e+01
6513.7500 6.450101e+01
6515.0000 5.876329e+01
6516.2500 4.685684e+01
6517.5000 4.764553e+01
6518.7500 4.805711e+01
6520.0000 5.150979e+01
6521.2500 8.541840e+01
6522.5000 9.894127e+01
6523.7500 6.754994e+01
6525.0000 5.412589e+01
6526.2500 5.637717e+01
6527.5000 5.091373e+01
6528.7500 4.923631e+01
6530.0000 5.158984e+01
6531.2500 1.019999e+02
6532.5000 2.226131e+02
6533.7500 1.839951e+02
6535.0000 6.561214e+01
6536.2500 4.951625e+01
6537.5000 4.761961e+01
6538.7500 5.279129e+01
6540.0000 5.748099e+01
6541.2500 5.868470e+01
6542.5000 8.146172e+01
6543.7500 1.195849e+02
6545.0000 9.072449e+01
6546.2500 5.532386e+01
6547.5000 5.431754e+01
6548.7500 6.059283e+01
6550.0000 5.276215e+01
6551.2500 6.854723e+01
6552.5000 1.980737e+02
6553.7500 2.605823e+02
6555.0000 1.132100e+02
6556.2500 5.146461e+01
6557.5000 4.967689e+01
6558.7500 5.007141e+01
6560.0000 5.066469e+01
6561.2500 1.265112e+02
6562.5000 2.837170e+02
6563.7500 2.371668e+02
6565.0000 7.860706e+01
6566.2500 5.161951e+01
6567.5000 7.829217e+01
6568.7500 1.050163e+02
6570.0000 7.509972e+01
6571.2500 5.560670e+01
6572.5000 5.187103e+01
6573.7500 5.129264e+01
6575.0000 6.389583e+01
6576.2500 1.598134e+02
6577.5000 1.961115e+02
6578.7500 9.006966e+01
6580.0000 5.134424e+01
6581.2500 4.983854e+01
6582.5000 6.153231e+01
6583.7500 7.898778e+01
6585.0000 6.783098e+01
6586.2500 5.087340e+01
6587.5000 4.726394e+01
6588.7500 4.966473e+01
6590.0000 5.253520e+01
6591.2500 5.254601e+01
6592.5000 4.851584e+01
6593.7500 4.812727e+01
6595.0000 6.369582e+01
6596.2500 8.811814e+01
6597.5000 7.236353e+01
6598.7500 5.216082e+01
6600.0000 5.093515e+01
6601.2500 5.116965e+01
6602.5000 7.759117e+01
6603.7500 1.302652e+02
6605.0000 9.811065e+01
6606.2500 5.262928e+01
6607.5000 4.925850e+01
6608.7500 4.854346e+01
6610.0000 4.922308e+01
6611.2500 4.957844e+01
6612.5000 4.823899e+01
6613.7500 4.890273e+01
6615.0000 4.752882e+01
6616.2500 4.722864e+01
6617.5000 4.588178e+01
6618.7500 4.812329e+01
6620.0000 4.844464e+01
6621.2500 4.937542e+01
6622.5000 4.744875e+01
6623.7500 4.719011e+01
6625.0000 4.742773e+01
6626.2500 5.791973e+01
6627.5000 6.567558e+01
6628.7500 5.504694e+01
6630.0000 4.830221e+01
6631.2500 4.879746e+01
6632.5000 5.972169e+01
6633.7500 8.205136e+01
6635.0000 6.909641e+01
6636.2500 5.104884e+01
6637.5000 5.130293e+01
6638.7500 5.066307e+01
6640.0000 5.268153e+01
6641.2500 5.172565e+01
6642.5000 4.790090e+01
6643.7500 4.617668e+01
6645.0000 4.774447e+01
6646.2500 4.623798e+01
6647.5000 4.687344e+01
6648.7500 4.826955e+01
6650.0000 5.205839e+01
6651.2500 5.036393e+01
6652.5000 5.047980e+01
6653.7500 4.927719e+01
6655.0000 5.038261e+01
6656.2500 4.979031e+01
6657.5000 4.939485e+01
6658.7500 4.966203e+01
6660.0000 5.123092e+01
6661.2500 5.926035e+01
6662.5000 5.270396e+01
6663.7500 5.033249e+01
6665.0000 4.884632e+01
6666.2500 5.636306e+01
6667.5000 6.367939e+01
6668.7500 5.445308e+01
6670.0000 4.642239e+01
6671.2500 4.717057e+01
6672.5000 4.590574e+01
6673.7500 4.853610e+01
6675.0000 4.656646e+01
6676.2500 4.386885e+01
6677.5000 4.578267e+01
6678.7500 4.504578e+01
6680.0000 4.523510e+01
6681.2500 4.695857e+01
6682.5000 4.529353e+01
6683.7500 4.628772e+01
6685.0000 4.915255e+01
6686.2500 4.593904e+01
6687.5000 4.650443e+01
6688.7500 4.653481e+01
6690.0000 4.353934e+01
6691.2500 4.441563e+01
6692.5000 4.470321e+01
6693.7500 4.542889e+01
6695.0000 4.527753e+01
6696.2500 4.563174e+01
6697.5000 5.193580e+01
6698.7500 5.434307e+01
6700.0000 5.217487e+01
6701.2500 4.721949e+01
6702.5000 4.656357e+01
6703.7500 5.292017e+01
6705.0000 4.880349e+01
6706.2500 4.688670e+01
6707.5000 4.443278e+01
6708.7500 4.550209e+01
6710.0000 4.606972e+01
6711.2500 4.397923e+01
6712.5000 4.340352e+01
6713.7500 4.206149e+01
6715.0000 4.731228e+01
6716.2500 6.599218e+01
6717.5000 6.609583e+01
6718.7500 4.863467e+01
6720.0000 4.392374e+01
6721.2500 4.219482e+01
6722.5000 4.211725e+01
6723.7500 4.252419e+01
6725.0000 4.064885e+01
6726.2500 4.009535e+01
6727.5000 4.152310e+01
6728.7500 4.236402e+01
6730.0000 5.321134e+01
6731.2500 5.919110e+01
6732.5000 5.211682e+01
6733.7500 4.374044e+01
6735.0000 4.122165e+01
6736.2500 4.170812e+01
6737.5000 4.030130e+01
6738.7500 4.587011e+01
6740.0000 4.641532e+01
6741.2500 4.547018e+01
6742.5000 4.450990e+01
6743.7500 4.692978e+01
6745.0000 4.669576e+01
6746.2500 4.284251e+01
6747.5000 4.321400e+01
6748.7500 4.124760e+01
6750.0000 4.074439e+01
6751.2500 3.971799e+01
6752.5000 3.819224e+01
6753.7500 3.941451e+01
6755.0000 4.336669e+01
6756.2500 4.000640e+01
6757.5000 4.012948e+01
6758.7500 3.879501e+01
6760.0000 3.922979e+01
6761.2500 4.052657e+01
6762.5000 3.810510e+01
6763.7500 3.959185e+01
6765.0000 3.942318e+01
6766.2500 3.856033e+01
6767.5000 3.898336e+01
6768.7500 3.997641e+01
6770.0000 3.960883e+01
6771.2500 3.795868e+01
6772.5000 3.816249e+01
6773.7500 3.822009e+01
6775.0000 4.007249e+01
6776.2500 3.923698e+01
6777.5000 3.717382e+01
6778.7500 3.887084e+01
6780.0000 3.969751e+01
6781.2500 3.684877e+01
6782.5000 4.009081e+01
6783.7500 4.081964e+01
6785.0000 3.899234e+01
6786.2500 3.857379e+01
6787.5000 4.032855e+01
6788.7500 3.799252e+01
6790.0000 3.748903e+01
6791.2500 3.717076e+01
6792.5000 3.609686e+01
6793.7500 3.668374e+01
6795.0000 3.662497e+01
6796.2500 3.605598e+01
6797.5000 3.777117e+01
6798.7500 3.709555e+01
6800.0000 3.560173e+01
6801.2500 3.680562e+01
6802.5000 3.786498e+01
6803.7500 3.778814e+01
6805.0000 3.665594e+01
6806.2500 3.593290e+01
6807.5000 3.604812e+01
6808.7500 3.823811e+01
6810.0000 3.736082e+01
6811.2500 3.866713e+01
6812.5000 3.858364e+01
6813.7500 3.827986e+01
6815.0000 3.644641e+01
6816.2500 3.524758e+01
6817.5000 3.884415e+01
6818.7500 3.635033e+01
6820.0000 3.588895e+01
6821.2500 3.609592e+01
6822.5000 3.670633e+01
6823.7500 3.575422e+01
6825.0000 4.419116e+01
6826.2500 9.209027e+01
6827.5000 1.798590e+02
6828.7500 2.649676e+02
6830.0000 2.191111e+02
6831.2500 9.150941e+01
6832.5000 1.280974e+02
6833.7500 2.614823e+02
6835.0000 2.075740e+02
6836.2500 6.579907e+01
6837.5000 4.183008e+01
6838.7500 4.593462e+01
6840.0000 6.246619e+01
6841.2500 9.205093e+01
6842.5000 8.633659e+01
6843.7500 4.391334e+01
6845.0000 3.715022e+01
6846.2500 3.612070e+01
6847.5000 3.681400e+01
6848.7500 3.974482e+01
6850.0000 4.579286e+01
6851.2500 4.311301e+01
6852.5000 3.842533e+01
6853.7500 3.599646e+01
6855.0000 3.735253e+01
6856.2500 3.867672e+01
6857.5000 3.844236e+01
6858.7500 3.762458e+01
6860.0000 4.009573e+01
6861.2500 7.348051e+01
6862.5000 2.907762e+02
6863.7500 5.307237e+02
6865.0000 2.979703e+02
6866.2500 5.811958e+01
6867.5000 6.245720e+01
6868.7500 7.966155e+01
6870.0000 1.493818e+02
6871.2500 1.777211e+02
6872.5000 8.366289e+01
6873.7500 5.229508e+01
6875.0000 5.395179e+01
6876.2500 5.305824e+01
6877.5000 5.431293e+01
6878.7500 5.834280e+01
6880.0000 9.865002e+01
6881.2500 1.021968e+02
6882.5000 6.770025e+01
6883.7500 5.095188e+01
6885.0000 5.363660e+01
6886.2500 5.981836e+01
6887.5000 1.049660e+02
6888.7500 2.534637e+02
6890.0000 2.260170e+02
6891.2500 7.553963e+01
6892.5000 5.721326e+01
6893.7500 7.411685e+01
6895.0000 6.583472e+01
6896.2500 5.317315e+01
6897.5000 4.809173e+01
6898.7500 7.165311e+01
6900.0000 2.290325e+02
6901.2500 2.131440e+02
6902.5000 7.057471e+01
6903.7500 5.024318e+01
6905.0000 4.407528e+01
6906.2500 4.052105e+01
6907.5000 4.140012e+01
6908.7500 4.128487e+01
6910.0000 4.971265e+01
6911.2500 1.152871e+02
6912.5000 2.014979e+02
6913.7500 1.277478e+02
6915.0000 3.991724e+01
6916.2500 3.735236e+01
6917.5000 3.870424e+01
6918.7500 4.032275e+01
6920.0000 4.220778e+01
6921.2500 9.119960e+01
6922.5000 3.016735e+02
6923.7500 3.055240e+02
6925.0000 7.664951e+01
6926.2500 4.225294e+01
6927.5000 4.162344e+01
6928.7500 4.159035e+01
6930.0000 4.139400e+01
6931.2500 3.908582e+01
6932.5000 3.761930e+01
6933.7500 3.583754e+01
6935.0000 3.939586e+01
6936.2500 3.990136e+01
6937.5000 5.817816e+01
6938.7500 1.482921e+02
6940.0000 1.507803e+02
6941.2500 6.155971e+01
6942.5000 4.115384e+01
6943.7500 3.602598e+01
6945.0000 3.795612e+01
6946.2500 4.226448e+01
6947.5000 1.601507e+02
6948.7500 3.596058e+02
6950.0000 2.251605e+02
6951.2500 5.707214e+01
6952.5000 4.389288e+01
6953.7500 4.193192e+01
6955.0000 4.159851e+01
6956.2500 4.438856e+01
6957.5000 4.498549e+01
6958.7500 4.411808e+01
6960.0000 4.109069e+01
6961.2500 4.305902e+01
6962.5000 4.085439e+01
6963.7500 4.179087e+01
6965.0000 4.342165e+01
6966.2500 4.785377e+01
6967.5000 4.708311e+01
6968.7500 9.147925e+01
6970.0000 1.161831e+02
6971.2500 6.856956e+01
6972.5000 4.268304e+01
6973.7500 3.995827e+01
6975.0000 4.188432e+01
6976.2500 6.147509e+01
6977.5000 1.870573e+02
6978.7500 2.093576e+02
6980.0000 7.763599e+01
6981.2500 4.009228e+01
6982.5000 4.443785e+01
6983.7500 4.352639e+01
6985.0000 4.419925e+01
6986.2500 4.496597e+01
6987.5000 4.285270e+01
6988.7500 4.044524e+01
6990.0000 3.918448e+01
6991.2500 4.081588e+01
6992.5000 3.852882e+01
6993.7500 3.829271e+01
6995.0000 4.219755e+01
6996.2500 4.751135e+01
6997.5000 4.224338e+01
6998.7500 4.222300e+01
7000.0000 4.234502e+01
7001.2500 4.770190e+01
7002.5000 6.633612e+01
7003.7500 8.330609e+01
7005.0000 5.794027e+01
7006.2500 3.889219e+01
7007.5000 3.542197e+01
7008.7500 4.019818e+01
7010.0000 7.948248e+01
7011.2500 1.237825e+02
7012.5000 7.873409e+01
7013.7500 3.668534e+01
7015.0000 3.678341e+01
7016.2500 3.447013e+01
7017.5000 3.548378e+01
7018.7500 3.678214e+01
7020.0000 4.013349e+01
7021.2500 3.745425e+01
7022.5000 3.482830e+01
7023.7500 3.574224e+01
7025.0000 3.528760e+01
7026.2500 3.719203e+01
7027.5000 3.761088e+01
7028.7500 4.065361e+01
7030.0000 4.177757e+01
7031.2500 3.724206e+01
7032.5000 3.537896e+01
7033.7500 3.629713e+01
7035.0000 3.616497e+01
7036.2500 3.785824e+01
7037.5000 3.606889e+01
7038.7500 3.703826e+01
7040.0000 4.909429e+01
7041.2500 6.057260e+01
7042.5000 4.790134e+01
7043.7500 3.811288e+01
7045.0000 4.601852e+01
7046.2500 6.611047e+01
7047.5000 9.602285e+01
7048.7500 8.932986e+01
7050.0000 6.225964e+01
7051.2500 5.716931e+01
7052.5000 5.452428e+01
7053.7500 4.953858e+01
7055.0000 4.626246e+01
7056.2500 4.249899e+01
7057.5000 3.876591e+01
7058.7500 3.916919e+01
7060.0000 4.342407e+01
7061.2500 4.581991e+01
7062.5000 5.155545e+01
7063.7500 5.201170e+01
7065.0000 4.929137e+01
7066.2500 5.442839e+01
7067.5000 5.164978e+01
7068.7500 4.816954e+01
7070.0000 5.315364e+01
7071.2500 4.599019e+01
7072.5000 4.490888e+01
7073.7500 5.330234e+01
7075.0000 4.622156e+01
7076.2500 4.079846e+01
7077.5000 4.923356e+01
7078.7500 4.899567e+01
7080.0000 4.249352e+01
7081.2500 5.562174e+01
7082.5000 6.244733e+01
7083.7500 4.610532e+01
7085.0000 3.862623e+01
7086.2500 4.272466e+01
7087.5000 6.080873e+01
7088.7500 6.705143e+01
7090.0000 5.364575e+01
7091.2500 4.349258e+01
7092.5000 4.189938e+01
7093.7500 4.017696e+01
7095.0000 3.755509e+01
7096.2500 3.824344e+01
7097.5000 3.766486e+01
7098.7500 3.849789e+01
7100.0000 3.935315e+01
7101.2500 3.797475e+01
7102.5000 3.863763e+01
7103.7500 3.931591e+01
7105.0000 3.769359e+01
7106.2500 3.680159e+01
7107.5000 3.895082e+01
7108.7500 3.910501e+01
7110.0000 3.925947e+01
7111.2500 3.900404e+01
7112.5000 4.022952e+01
7113.7500 3.573941e+01
7115.0000 3.516817e+01
7116.2500 3.670939e+01
7117.5000 3.858613e+01
7118.7500 3.691218e+01
7120.0000 3.737602e+01
7121.2500 3.497630e+01
7122.5000 3.570971e+01
7123.7500 3.575378e+01
7125.0000 3.745982e+01
7126.2500 4.428634e+01
7127.5000 5.125448e+01
7128.7500 4.229125e+01
7130.0000 3.741777e+01
7131.2500 4.377129e+01
7132.5000 5.223553e+01
7133.7500 4.606146e+01
7135.0000 3.612189e+01
7136.2500 3.697864e+01
7137.5000 3.619957e+01
7138.7500 3.596792e+01
7140.0000 3.982566e+01
7141.2500 4.847367e+01
7142.5000 5.711635e+01
7143.7500 6.140326e+01
7145.0000 6.116402e+01
7146.2500 5.563852e+01
7147.5000 5.313520e+01
7148.7500 4.911689e+01
7150.0000 4.409857e+01
7151.2500 4.275496e+01
7152.5000 3.917528e+01
7153.7500 3.671798e+01
7155.0000 3.917130e+01
7156.2500 4.205605e+01
7157.5000 4.417979e+01
7158.7500 4.669313e+01
7160.0000 4.530560e+01
7161.2500 4.800617e+01
7162.5000 5.025894e+01
7163.7500 4.436798e+01
7165.0000 4.930258e+01
7166.2500 5.236167e+01
7167.5000 4.715632e+01
7168.7500 5.220587e+01
7170.0000 5.700789e+01
7171.2500 5.027755e+01
7172.5000 5.171485e+01
7173.7500 6.659357e+01
7175.0000 7.375922e+01
7176.2500 7.291505e+01
7177.5000 7.153835e+01
7178.7500 6.826907e+01
7180.0000 6.581503e+01
7181.2500 6.411478e+01
7182.5000 5.455008e+01
7183.7500 4.985859e+01
7185.0000 4.564141e+01
7186.2500 4.340192e+01
7187.5000 4.329007e+01
7188.7500 4.343336e+01
7190.0000 4.022564e+01
7191.2500 3.780865e+01
7192.5000 4.032028e+01
7193.7500 3.834051e+01
7195.0000 3.819389e+01
7196.2500 3.657932e+01
7197.5000 3.832091e+01
7198.7500 4.131472e+01
7200.0000 4.182563e+01
7201.2500 4.155463e+01
7202.5000 3.885535e+01
7203.7500 3.691971e+01
7205.0000 3.516387e+01
7206.2500 3.661327e+01
7207.5000 3.919545e+01
7208.7500 3.904244e+01
7210.0000 3.639837e+01
7211.2500 3.543352e+01
7212.5000 3.482655e+01
7213.7500 3.602430e+01
7215.0000 3.527803e+01
7216.2500 3.367101e+01
7217.5000 3.371409e+01
7218.7500 3.596948e+01
7220.0000 3.855151e+01
7221.2500 4.344594e+01
7222.5000 4.587643e+01
7223.7500 4.334874e+01
7225.0000 4.188028e+01
7226.2500 3.967284e+01
7227.5000 4.200358e+01
7228.7500 4.787481e+01
7230.0000 4.383852e+01
7231.2500 4.002105e+01
7232.5000 5.109058e+01
7233.7500 5.453534e+01
7235.0000 4.768888e+01
7236.2500 5.336720e+01
7237.5000 1.826352e+02
7238.7500 4.777072e+02
7240.0000 7.580999e+02
7241.2500 5.408428e+02
7242.5000 2.031980e+02
7243.7500 5.149464e+02
7245.0000 7.857635e+02
7246.2500 3.328301e+02
7247.5000 9.799319e+01
7248.7500 5.340578e+01
7250.0000 5.413492e+01
7251.2500 8.330019e+01
7252.5000 1.939403e+02
7253.7500 1.797144e+02
7255.0000 8.529866e+01
7256.2500 7.105314e+01
7257.5000 4.578090e+01
7258.7500 4.469533e+01
7260.0000 4.433187e+01
7261.2500 4.592224e+01
7262.5000 4.736472e+01
7263.7500 4.855455e+01
7265.0000 4.641334e+01
7266.2500 5.555027e+01
7267.5000 6.511684e+01
7268.7500 6.430717e+01
7270.0000 5.507189e+01
7271.2500 5.055350e+01
7272.5000 5.004663e+01
7273.7500 1.419815e+02
7275.0000 8.873994e+02
7276.2500 1.831472e+03
7277.5000 8.053214e+02
7278.7500 6.110886e+01
7280.0000 6.227030e+01
7281.2500 7.767571e+01
7282.5000 1.388065e+02
7283.7500 3.816704e+02
7285.0000 3.526400e+02
7286.2500 9.581034e+01
7287.5000 4.590953e+01
7288.7500 4.788523e+01
7290.0000 5.511359e+01
7291.2500 5.702657e+01
7292.5000 5.129515e+01
7293.7500 5.375629e+01
7295.0000 1.340495e+02
7296.2500 1.426626e+02
7297.5000 5.634937e+01
7298.7500 3.617129e+01
7300.0000 3.593698e+01
7301.2500 5.127599e+01
7302.5000 2.012046e+02
7303.7500 2.969654e+02
7305.0000 1.209575e+02
7306.2500 5.099865e+01
7307.5000 4.647517e+01
7308.7500 4.379515e+01
7310.0000 6.188840e+01
7311.2500 6.797456e+01
7312.5000 4.951284e+01
7313.7500 7.786929e+01
7315.0000 5.980648e+02
7316.2500 9.714000e+02
7317.5000 3.668524e+02
7318.7500 4.832424e+01
7320.0000 4.003925e+01
7321.2500 3.971427e+01
7322.5000 3.698530e+01
7323.7500 3.993365e+01
7325.0000 3.729007e+01
7326.2500 4.004910e+01
7327.5000 1.645393e+02
7328.7500 3.789865e+02
7330.0000 2.461584e+02
7331.2500 6.082531e+01
7332.5000 4.585515e+01
7333.7500 4.062634e+01
7335.0000 3.845908e+01
7336.2500 3.927668e+01
7337.5000 4.556356e+01
7338.7500 1.800996e+02
7340.0000 9.446659e+02
7341.2500 1.001115e+03
7342.5000 1.887191e+02
7343.7500 5.242331e+01
7345.0000 5.376009e+01
7346.2500 4.988788e+01
7347.5000 4.709529e+01
7348.7500 4.441569e+01
7350.0000 5.490884e+01
7351.2500 5.935664e+01
7352.5000 5.348385e+01
7353.7500 4.508894e+01
7355.0000 4.591289e+01
7356.2500 6.464247e+01
7357.5000 2.537245e+02
7358.7500 3.392691e+02
7360.0000 1.240584e+02
7361.2500 4.786563e+01
7362.5000 4.661873e+01
7363.7500 4.904625e+01
7365.0000 5.097221e+01
7366.2500 5.210342e+01
7367.5000 2.360091e+02
7368.7500 7.967079e+02
7370.0000 6.304641e+02
7371.2500 9.280300e+01
7372.5000 4.936245e+01
7373.7500 6.023571e+01
7375.0000 5.215294e+01
7376.2500 4.098561e+01
7377.5000 4.517400e+01
7378.7500 4.621972e+01
7380.0000 4.096064e+01
7381.2500 4.071818e+01
7382.5000 4.426809e+01
7383.7500 4.269992e+01
7385.0000 4.105678e+01
7386.2500 4.306686e+01
7387.5000 4.686489e+01
7388.7500 5.148531e+01
7390.0000 7.595150e+01
7391.2500 2.145087e+02
7392.5000 2.405438e+02
7393.7500 7.780699e+01
7395.0000 4.211288e+01
7396.2500 4.263832e+01
7397.5000 3.934002e+01
7398.7500 4.581154e+01
7400.0000 1.600788e+02
7401.2500 4.939444e+02
7402.5000 3.912855e+02
7403.7500 6.962075e+01
7405.0000 4.169545e+01
7406.2500 3.746340e+01
7407.5000 3.850784e+01
7408.7500 3.814711e+01
7410.0000 3.882387e+01
7411.2500 5.049659e+01
7412.5000 5.418851e+01
7413.7500 4.589571e+01
7415.0000 4.625981e+01
7416.2500 4.563614e+01
7417.5000 4.393269e+01
7418.7500 4.033556e+01
7420.0000 3.867121e+01
7421.2500 3.949563e+01
7422.5000 4.400355e+01
7423.7500 4.084579e+01
7425.0000 3.911806e+01
7426.2500 4.000009e+01
7427.5000 4.867814e+01
7428.7500 1.331011e+02
7430.0000 1.581013e+02
7431.2500 6.417436e+01
7432.5000 3.733068e+01
7433.7500 3.937522e+01
7435.0000 3.782859e+01
7436.2500 6.572802e+01
7437.5000 2.312543e+02
7438.7500 2.615969e+02
7440.0000 8.960098e+01
7441.2500 4.057684e+01
7442.5000 4.022593e+01
7443.7500 4.033225e+01
7445.0000 3.879876e+01
7446.2500 3.720144e+01
7447.5000 3.850883e+01
7448.7500 3.804605e+01
7450.0000 3.843731e+01
7451.2500 4.081116e+01
7452.5000 3.993575e+01
7453.7500 3.758364e+01
7455.0000 3.828058e+01
7456.2500 4.052305e+01
7457.5000 4.680040e+01
7458.7500 4.833235e+01
7460.0000 4.643050e+01
7461.2500 6.584875e+01
7462.5000 7.613129e+01
7463.7500 6.399261e+01
7465.0000 7.950042e+01
7466.2500 1.154042e+02
7467.5000 8.758473e+01
7468.7500 5.564035e+01
7470.0000 1.065887e+02
7471.2500 1.530958e+02
7472.5000 1.830972e+02
7473.7500 1.920321e+02
7475.0000 8.874516e+01
7476.2500 5.229620e+01
7477.5000 8.771389e+01
7478.7500 1.902027e+02
7480.0000 1.889389e+02
7481.2500 9.920329e+01
7482.5000 1.934933e+02
7483.7500 2.286547e+02
7485.0000 8.163053e+01
7486.2500 4.836655e+01
7487.5000 5.142071e+01
7488.7500 4.572697e+01
7490.0000 3.968454e+01
7491.2500 4.163723e+01
7492.5000 7.979050e+01
7493.7500 1.044359e+02
7495.0000 5.922152e+01
7496.2500 3.821450e+01
7497.5000 3.882859e+01
7498.7500 4.381730e+01
7500.0000 4.486407e+01
7501.2500 4.253365e+01
7502.5000 4.322490e+01
7503.7500 4.133551e+01
7505.0000 3.804058e+01
7506.2500 3.815945e+01
7507.5000 3.950518e+01
7508.7500 3.826447e+01
7510.0000 3.929992e+01
7511.2500 3.578958e+01
7512.5000 3.717974e+01
7513.7500 3.854277e+01
7515.0000 4.032940e+01
7516.2500 6.808208e+01
7517.5000 8.152438e+01
7518.7500 5.185428e+01
7520.0000 4.328071e+01
7521.2500 7.703580e+01
7522.5000 3.230478e+02
7523.7500 6.548677e+02
7525.0000 3.640572e+02
7526.2500 5.947002e+01
7527.5000 5.100055e+01
7528.7500 7.823344e+01
7530.0000 1.766501e+02
7531.2500 1.684767e+02
7532.5000 5.354564e+01
7533.7500 4.040528e+01
7535.0000 3.956971e+01
7536.2500 4.238510e+01
7537.5000 4.084171e+01
7538.7500 5.288363e+01
7540.0000 7.911408e+01
7541.2500 6.444710e+01
7542.5000 4.149068e+01
7543.7500 3.823768e+01
7545.0000 3.884769e+01
7546.2500 4.131768e+01
7547.5000 4.130193e+01
7548.7500 3.694354e+01
7550.0000 3.862297e+01
7551.2500 4.102186e+01
7552.5000 4.691506e+01
7553.7500 4.579235e+01
7555.0000 4.077297e+01
7556.2500 1.022987e+02
7557.5000 1.471323e+02
7558.7500 8.041022e+01
7560.0000 4.203325e+01
7561.2500 4.142259e+01
7562.5000 3.928337e+01
7563.7500 3.942270e+01
7565.0000 3.705009e+01
7566.2500 5.423891e+01
7567.5000 6.864931e+01
7568.7500 5.680683e+01
7570.0000 1.504081e+02
7571.2500 4.119589e+02
7572.5000 3.349477e+02
7573.7500 9.230167e+01
7575.0000 6.285456e+01
7576.2500 3.886826e+01
7577.5000 3.618183e+01
7578.7500 4.101409e+01
7580.0000 3.847499e+01
7581.2500 4.130817e+01
7582.5000 4.194904e+01
7583.7500 5.943801e+01
7585.0000 1.996070e+02
7586.2500 2.861208e+02
7587.5000 1.135005e+02
7588.7500 5.366690e+01
7590.0000 5.537373e+01
7591.2500 5.511974e+01
7592.5000 5.690959e+01
7593.7500 6.843150e+01
7595.0000 8.620626e+01
7596.2500 2.229796e+02
7597.5000 9.234334e+02
7598.7500 1.082132e+03
7600.0000 3.745995e+02
7601.2500 1.649996e+02
7602.5000 2.013360e+02
7603.7500 2.372083e+02
7605.0000 2.478627e+02
7606.2500 2.469073e+02
7607.5000 2.294821e+02
7608.7500 2.161368e+02
7610.0000 2.008517e+02
7611.2500 1.655911e+02
7612.5000 1.360746e+02
7613.7500 1.107581e+02
7615.0000 8.617763e+01
7616.2500 1.397234e+02
7617.5000 2.443628e+02
7618.7500 1.567932e+02
7620.0000 7.928445e+01
7621.2500 1.102701e+02
7622.5000 1.334928e+02
7623.7500 1.116993e+02
7625.0000 9.864239e+01
7626.2500 1.488336e+02
7627.5000 5.895770e+02
7628.7500 7.399735e+02
7630.0000 2.549774e+02
7631.2500 1.059706e+02
7632.5000 1.187277e+02
7633.7500 8.713091e+01
7635.0000 7.768612e+01
7636.2500 9.292326e+01
7637.5000 8.380567e+01
7638.7500 7.720287e+01
7640.0000 8.522623e+01
7641.2500 9.118241e+01
7642.5000 7.267165e+01
7643.7500 6.774395e+01
7645.0000 7.676712e+01
7646.2500 7.194360e+01
7647.5000 5.967965e+01
7648.7500 6.201753e+01
7650.0000 7.141574e+01
7651.2500 8.162670e+01
7652.5000 1.324430e+02
7653.7500 1.460502e+02
7655.0000 7.374863e+01
7656.2500 5.477001e+01
7657.5000 4.765433e+01
7658.7500 4.652357e+01
7660.0000 7.560412e+01
7661.2500 2.396256e+02
7662.5000 2.073642e+02
7663.7500 8.505247e+01
7665.0000 5.044290e+01
7666.2500 4.854372e+01
7667.5000 4.257421e+01
7668.7500 3.859834e+01
7670.0000 4.267131e+01
7671.2500 5.145251e+01
7672.5000 5.174338e+01
7673.7500 4.157602e+01
7675.0000 3.894786e+01
7676.2500 4.066683e+01
7677.5000 4.506844e+01
7678.7500 4.355121e+01
7680.0000 4.539911e+01
7681.2500 5.850232e+01
7682.5000 5.331069e+01
7683.7500 4.728113e+01
7685.0000 5.102490e+01
7686.2500 6.523272e+01
7687.5000 6.594732e+01
7688.7500 5.402311e+01
7690.0000 5.472259e+01
7691.2500 7.834889e+01
7692.5000 6.996432e+01
7693.7500 4.904494e+01
7695.0000 4.704932e+01
7696.2500 4.584477e+01
7697.5000 6.290116e+01
7698.7500 1.074253e+02
7700.0000 9.953054e+01
7701.2500 5.383235e+01
7702.5000 4.285546e+01
7703.7500 4.420177e+01
7705.0000 4.208835e+01
7706.2500 3.666724e+01
7707.5000 3.997187e+01
7708.7500 4.581359e+01
7710.0000 9.515067e+01
7711.2500 6.882700e+02
7712.5000 9.676178e+02
7713.7500 4.512476e+02
7715.0000 5.345285e+02
7716.2500 1.033950e+03
7717.5000 8.315437e+02
7718.7500 2.394957e+02
7720.0000 6.171114e+01
7721.2500 5.606752e+01
7722.5000 1.276753e+02
7723.7500 1.721834e+02
7725.0000 2.472914e+02
7726.2500 2.475394e+02
7727.5000 9.187912e+01
7728.7500 5.397301e+01
7730.0000 5.466665e+01
7731.2500 5.295690e+01
7732.5000 5.804641e+01
7733.7500 8.139150e+01
7735.0000 1.039895e+02
7736.2500 8.103687e+01
7737.5000 5.328307e+01
7738.7500 5.474282e+01
7740.0000 6.557834e+01
7741.2500 6.195087e+01
7742.5000 4.686980e+01
7743.7500 4.682704e+01
7745.0000 5.771462e+01
7746.2500 6.517360e+01
7747.5000 9.320739e+01
7748.7500 5.364295e+02
7750.0000 1.840272e+03
7751.2500 1.314772e+03
7752.5000 1.750049e+02
7753.7500 5.303370e+01
7755.0000 5.469972e+01
7756.2500 8.425853e+01
7757.5000 9.670719e+01
7758.7500 4.013876e+02
7760.0000 6.043797e+02
7761.2500 2.233713e+02
7762.5000 4.549962e+01
7763.7500 4.756829e+01
7765.0000 4.562596e+01
7766.2500 4.360538e+01
7767.5000 4.826856e+01
7768.7500 5.936919e+01
7770.0000 8.083273e+01
7771.2500 2.254500e+02
7772.5000 3.937286e+02
7773.7500 3.789882e+02
7775.0000 2.025813e+02
7776.2500 8.358628e+01
7777.5000 5.000462e+01
7778.7500 1.541019e+02
7780.0000 3.762312e+02
7781.2500 2.498633e+02
7782.5000 6.014748e+01
7783.7500 5.685434e+01
7785.0000 6.841766e+01
7786.2500 6.652594e+01
7787.5000 5.722580e+01
7788.7500 6.744005e+01
7790.0000 1.057942e+02
7791.2500 1.245469e+02
7792.5000 5.066222e+02
7793.7500 1.332444e+03
7795.0000 7.538788e+02
7796.2500 8.381516e+01
7797.5000 5.161108e+01
7798.7500 4.921243e+01
7800.0000 4.607748e+01
7801.2500 4.054440e+01
7802.5000 4.384541e+01
7803.7500 4.878190e+01
7805.0000 4.896930e+01
7806.2500 9.613071e+01
7807.5000 4.136705e+02
7808.7500 4.730248e+02
7810.0000 1.427109e+02
7811.2500 6.562099e+01
7812.5000 6.123188e+01
7813.7500 6.774335e+01
7815.0000 7.468111e+01
7816.2500 6.316108e+01
7817.5000 5.705812e+01
7818.7500 1.014479e+02
7820.0000 7.179233e+02
7821.2500 1.578668e+03
7822.5000 7.534348e+02
7823.7500 8.209547e+01
7825.0000 5.255230e+01
7826.2500 4.592385e+01
7827.5000 5.936195e+01
7828.7500 6.914909e+01
7830.0000 5.362108e+01
7831.2500 4.316854e+01
7832.5000 4.943233e+01
7833.7500 5.966084e+01
7835.0000 5.071583e+01
7836.2500 4.099436e+01
7837.5000 4.375478e+01
7838.7500 6.709493e+01
7840.0000 3.028676e+02
7841.2500 4.585999e+02
7842.5000 1.766245e+02
7843.7500 4.588585e+01
7845.0000 4.309969e+01
7846.2500 4.367571e+01
7847.5000 6.782684e+01
7848.7500 1.584012e+02
7850.0000 1.887536e+02
7851.2500 3.458544e+02
7852.5000 1.397431e+03
7853.7500 1.437635e+03
7855.0000 2.713651e+02
7856.2500 9.284980e+01
7857.5000 1.792318e+02
7858.7500 2.639875e+02
7860.0000 5.668580e+02
7861.2500 4.290152e+02
7862.5000 8.234151e+01
7863.7500 4.719508e+01
7865.0000 5.160654e+01
7866.2500 1.528443e+02
7867.5000 2.721267e+02
7868.7500 2.795886e+02
7870.0000 6.558575e+02
7871.2500 5.625482e+02
7872.5000 1.038071e+02
7873.7500 4.944100e+01
7875.0000 4.809435e+01
7876.2500 6.584238e+01
7877.5000 2.506878e+02
7878.7500 3.698373e+02
7880.0000 2.494993e+02
7881.2500 3.137343e+02
7882.5000 2.053155e+02
7883.7500 7.179165e+01
7885.0000 7.815032e+01
7886.2500 8.502486e+01
7887.5000 1.387075e+02
7888.7500 6.172650e+02
7890.0000 7.877186e+02
7891.2500 2.497823e+02
7892.5000 8.609092e+01
7893.7500 8.085345e+01
7895.0000 7.628385e+01
7896.2500 6.863629e+01
7897.5000 7.107991e+01
7898.7500 6.441119e+01
7900.0000 4.640230e+01
7901.2500 5.423929e+01
7902.5000 6.661622e+01
7903.7500 6.250968e+01
7905.0000 6.293850e+01
7906.2500 7.149753e+01
7907.5000 6.223088e+01
7908.7500 6.162635e+01
7910.0000 1.030243e+02
7911.2500 3.110485e+02
7912.5000 1.626417e+03
7913.7500 2.205607e+03
7915.0000 6.296883e+02
7916.2500 7.598965e+01
7917.5000 1.164848e+02
7918.7500 1.955110e+02
7920.0000 6.760322e+02
7921.2500 8.421226e+02
7922.5000 2.480442e+02
7923.7500 7.500612e+01
7925.0000 6.072662e+01
7926.2500 4.948920e+01
7927.5000 7.074291e+01
7928.7500 1.111435e+02
7930.0000 3.721824e+02
7931.2500 5.818083e+02
7932.5000 2.765672e+02
7933.7500 7.883624e+01
7935.0000 5.912473e+01
7936.2500 4.724755e+01
7937.5000 5.129529e+01
7938.7500 5.127674e+01
7940.0000 5.412582e+01
7941.2500 5.658549e+01
7942.5000 6.139017e+01
7943.7500 6.756181e+01
7945.0000 8.627892e+01
7946.2500 8.341481e+01
7947.5000 1.808945e+02
7948.7500 4.366158e+02
7950.0000 3.015503e+02
7951.2500 6.804087e+01
7952.5000 5.796951e+01
7953.7500 4.792192e+01
7955.0000 4.289604e+01
7956.2500 4.156088e+01
7957.5000 4.253564e+01
7958.7500 4.187813e+01
7960.0000 4.318719e+01
7961.2500 5.078932e+01
7962.5000 2.309029e+02
7963.7500 1.288294e+03
7965.0000 1.391658e+03
7966.2500 2.800801e+02
7967.5000 1.236099e+02
7968.7500 1.117859e+02
7970.0000 5.788673e+01
7971.2500 4.928556e+01
7972.5000 5.278564e+01
7973.7500 4.976172e+01
7975.0000 6.423349e+01
7976.2500 1.625392e+02
7977.5000 2.399753e+02
7978.7500 4.775355e+02
7980.0000 5.034029e+02
7981.2500 1.388659e+02
7982.5000 4.412323e+01
7983.7500 4.337083e+01
7985.0000 5.081690e+01
7986.2500 5.869376e+01
7987.5000 6.528783e+01
7988.7500 6.328057e+01
7990.0000 7.191846e+01
7991.2500 3.256855e+02
7992.5000 1.530246e+03
7993.7500 1.454431e+03
7995.0000 2.654112e+02
7996.2500 6.918260e+01
7997.5000 7.641681e+01
7998.7500 7.105807e+01
8000.0000 6.302089e+01
8001.2500 6.637140e+01
8002.5000 6.203841e+01
8003.7500 5.720198e+01
8005.0000 5.168398e+01
8006.2500 4.646244e+01
8007.5000 4.871346e+01
8008.7500 4.898449e+01
8010.0000 5.364827e+01
8011.2500 6.900944e+01
8012.5000 2.440933e+02
8013.7500 4.628743e+02
8015.0000 2.667006e+02
8016.2500 6.876629e+01
8017.5000 5.663353e+01
8018.7500 9.309353e+01
8020.0000 1.168535e+02
8021.2500 7.553316e+01
8022.5000 6.216433e+01
8023.7500 2.671068e+02
8025.0000 1.078324e+03
8026.2500 9.520045e+02
8027.5000 2.376484e+02
8028.7500 1.408456e+02
8030.0000 9.479381e+01
8031.2500 8.177016e+01
8032.5000 6.787477e+01
8033.7500 5.998784e+01
8035.0000 6.249821e+01
8036.2500 5.204570e+01
8037.5000 4.777291e+01
8038.7500 4.996191e+01
8040.0000 5.616081e+01
8041.2500 5.743236e+01
8042.5000 5.153302e+01
8043.7500 4.824398e+01
8045.0000 4.930713e+01
8046.2500 4.863062e+01
8047.5000 5.217496e+01
8048.7500 7.162923e+01
8050.0000 1.309786e+02
8051.2500 2.951856e+02
8052.5000 2.524746e+02
8053.7500 7.250723e+01
8055.0000 5.037346e+01
8056.2500 5.284142e+01
8057.5000 4.984729e+01
8058.7500 5.387795e+01
8060.0000 1.253392e+02
8061.2500 5.336031e+02
8062.5000 5.587336e+02
8063.7500 1.449810e+02
8065.0000 5.674955e+01
8066.2500 5.663062e+01
8067.5000 5.151364e+01
8068.7500 4.980480e+01
8070.0000 4.892534e+01
8071.2500 4.919670e+01
8072.5000 5.042027e+01
8073.7500 5.976039e+01
8075.0000 6.000202e+01
8076.2500 7.077155e+01
8077.5000 7.176584e+01
8078.7500 5.636271e+01
8080.0000 4.709319e+01
8081.2500 4.872623e+01
8082.5000 5.591782e+01
8083.7500 7.420779e+01
8085.0000 8.800047e+01
8086.2500 6.662682e+01
8087.5000 4.651354e+01
8088.7500 4.523344e+01
8090.0000 4.397466e+01
8091.2500 5.299049e+01
8092.5000 1.228310e+02
8093.7500 1.617205e+02
8095.0000 8.800803e+01
8096.2500 4.782315e+01
8097.5000 4.697595e+01
8098.7500 5.159937e+01
8100.0000 6.484451e+01
8101.2500 1.887650e+02
8102.5000 2.640105e+02
8103.7500 1.321472e+02
8105.0000 6.341413e+01
8106.2500 5.668801e+01
8107.5000 5.443169e+01
8108.7500 5.688664e+01
8110.0000 5.265009e+01
8111.2500 5.034942e+01
8112.5000 4.930326e+01
8113.7500 4.700378e+01
8115.0000 4.755168e+01
8116.2500 4.364180e+01
8117.5000 4.196158e+01
8118.7500 4.321533e+01
8120.0000 4.657166e+01
8121.2500 4.884588e+01
8122.5000 5.214579e+01
8123.7500 4.852982e+01
8125.0000 4.702479e+01
8126.2500 5.451938e+01
8127.5000 5.491832e+01
8128.7500 5.056503e+01
8130.0000 5.307392e+01
8131.2500 5.995432e+01
8132.5000 5.428822e+01
8133.7500 5.205978e+01
8135.0000 6.007383e+01
8136.2500 5.953162e+01
8137.5000 8.099031e+01
8138.7500 1.077369e+02
8140.0000 8.984410e+01
8141.2500 5.649027e+01
8142.5000 4.747274e+01
8143.7500 4.607713e+01
8145.0000 7.937620e+01
8146.2500 1.417717e+02
8147.5000 1.155478e+02
8148.7500 5.917088e+01
8150.0000 4.695202e+01
8151.2500 4.662850e+01
8152.5000 4.703266e+01
8153.7500 4.852190e+01
8155.0000 4.617341e+01
8156.2500 4.730022e+01
8157.5000 4.590421e+01
8158.7500 4.800283e+01
8160.0000 5.030581e+01
8161.2500 5.116786e+01
8162.5000 5.765447e+01
8163.7500 5.301444e+01
8165.0000 5.133630e+01
8166.2500 4.671428e+01
8167.5000 4.313022e+01
8168.7500 4.871744e+01
8170.0000 5.214212e+01
8171.2500 5.284705e+01
8172.5000 4.972626e+01
8173.7500 5.129816e+01
8175.0000 4.996602e+01
8176.2500 5.021018e+01
8177.5000 5.469327e+01
8178.7500 5.245196e+01
8180.0000 4.824939e+01
8181.2500 4.474667e+01
8182.5000 4.522532e+01
8183.7500 4.612229e+01
8185.0000 4.813120e+01
8186.2500 5.606779e+01
8187.5000 7.851263e+01
8188.7500 8.167159e+01
8190.0000 5.637392e+01
8191.2500 4.668314e+01
8192.5000 4.827381e+01
8193.7500 7.329866e+01
8195.0000 9.371971e+01
8196.2500 6.794855e+01
8197.5000 4.997187e+01
8198.7500 4.590019e+01
8200.0000 4.661683e+01
8201.2500 4.715215e+01
8202.5000 4.770636e+01
8203.7500 5.411548e+01
8205.0000 5.077074e+01
8206.2500 5.489390e+01
8207.5000 5.933841e+01
8208.7500 5.548415e+01
8210.0000 5.176639e+01
8211.2500 4.832748e+01
8212.5000 5.184303e+01
8213.7500 5.521638e+01
8215.0000 5.557702e+01
8216.2500 5.232691e+01
8217.5000 5.256301e+01
8218.7500 5.290725e+01
8220.0000 4.813348e+01
8221.2500 4.898633e+01
8222.5000 6.043344e+01
8223.7500 6.296676e+01
8225.0000 6.413144e+01
8226.2500 6.026826e+01
8227.5000 6.172092e+01
8228.7500 6.647978e+01
8230.0000 6.884583e+01
8231.2500 6.461311e+01
8232.5000 7.048131e+01
8233.7500 7.276373e+01
8235.0000 7.512059e+01
8236.2500 7.622034e+01
8237.5000 6.839993e+01
8238.7500 7.018715e+01
8240.0000 7.737054e+01
8241.2500 9.449889e+01
8242.5000 7.866127e+01
8243.7500 6.177423e+01
8245.0000 5.697382e+01
8246.2500 6.604436e+01
8247.5000 8.257455e+01
8248.7500 6.673998e+01
8250.0000 5.117031e+01
8251.2500 4.961214e+01
8252.5000 4.894218e+01
8253.7500 5.606721e+01
8255.0000 6.237973e+01
8256.2500 5.760282e+01
8257.5000 4.512983e+01
8258.7500 4.780709e+01
8260.0000 4.977163e+01
8261.2500 4.917729e+01
8262.5000 4.525503e+01
8263.7500 4.644654e+01
8265.0000 4.701992e+01
8266.2500 4.480898e+01
8267.5000 4.758842e+01
8268.7500 5.100093e+01
8270.0000 4.924754e+01
8271.2500 4.972857e+01
8272.5000 5.028531e+01
8273.7500 4.890981e+01
8275.0000 5.900754e+01
8276.2500 1.260413e+02
8277.5000 3.903785e+02
8278.7500 4.379084e+02
8280.0000 5.333365e+02
8281.2500 1.045848e+03
8282.5000 6.912819e+02
8283.7500 1.359799e+02
8285.0000 2.232635e+02
8286.2500 4.685399e+02
8287.5000 1.524819e+03
8288.7500 2.030310e+03
8290.0000 4.653266e+02
8291.2500 9.960803e+01
8292.5000 5.657198e+01
8293.7500 7.798707e+01
8295.0000 3.806199e+02
8296.2500 5.770496e+02
8297.5000 1.025972e+03
8298.7500 1.672912e+03
8300.0000 7.265563e+02
8301.2500 1.104028e+02
8302.5000 1.106363e+02
8303.7500 9.170374e+01
8305.0000 7.502135e+01
8306.2500 5.981445e+01
8307.5000 5.996940e+01
8308.7500 1.568267e+02
8310.0000 4.790223e+02
8311.2500 4.195980e+02
8312.5000 9.087571e+01
8313.7500 4.445963e+01
8315.0000 4.551702e+01
8316.2500 6.078309e+01
8317.5000 8.896230e+01
8318.7500 8.308994e+01
8320.0000 5.650843e+01
8321.2500 4.641096e+01
8322.5000 5.091793e+01
8323.7500 4.585182e+01
8325.0000 4.205008e+01
8326.2500 4.152647e+01
8327.5000 4.321410e+01
8328.7500 4.384652e+01
8330.0000 4.425781e+01
8331.2500 4.440419e+01
8332.5000 4.231477e+01
8333.7500 4.201051e+01
8335.0000 4.512517e+01
8336.2500 6.134760e+01
8337.5000 8.504305e+01
8338.7500 7.995680e+01
8340.0000 6.473129e+01
8341.2500 1.962687e+02
8342.5000 1.157580e+03
8343.7500 4.406943e+03
8345.0000 3.643919e+03
8346.2500 4.689073e+02
8347.5000 7.485567e+01
8348.7500 1.392486e+02
8350.0000 1.713352e+02
8351.2500 6.585220e+02
8352.5000 1.398125e+03
8353.7500 7.249186e+02
8355.0000 8.506372e+01
8356.2500 5.855023e+01
8357.5000 5.434947e+01
8358.7500 6.652091e+01
8360.0000 1.149934e+02
8361.2500 1.350392e+02
8362.5000 1.565512e+02
8363.7500 4.345345e+02
8365.0000 4.622443e+02
8366.2500 1.564170e+02
8367.5000 6.340426e+01
8368.7500 5.064174e+01
8370.0000 4.883693e+01
8371.2500 5.114297e+01
8372.5000 5.496198e+01
8373.7500 5.600053e+01
8375.0000 5.692442e+01
8376.2500 6.134708e+01
8377.5000 5.736824e+01
8378.7500 1.067107e+02
8380.0000 2.171104e+02
8381.2500 7.692574e+02
8382.5000 9.480243e+02
8383.7500 2.709703e+02
8385.0000 5.641457e+01
8386.2500 5.957224e+01
8387.5000 5.713229e+01
8388.7500 6.402725e+01
8390.0000 7.785197e+01
8391.2500 8.053774e+01
8392.5000 6.361636e+01
8393.7500 5.082765e+01
8395.0000 5.735695e+01
8396.2500 9.997878e+01
8397.5000 1.195380e+03
8398.7500 3.821797e+03
8400.0000 2.314762e+03
8401.2500 1.675295e+02
8402.5000 5.692575e+01
8403.7500 5.281459e+01
8405.0000 5.052995e+01
8406.2500 4.680546e+01
8407.5000 4.940011e+01
8408.7500 5.020795e+01
8410.0000 5.445432e+01
8411.2500 5.046614e+01
8412.5000 7.096304e+01
8413.7500 5.071420e+02
8415.0000 1.140778e+03
8416.2500 6.048321e+02
8417.5000 6.805707e+01
8418.7500 5.118223e+01
8420.0000 5.108980e+01
8421.2500 5.212223e+01
8422.5000 6.112959e+01
8423.7500 7.142163e+01
8425.0000 7.128760e+01
8426.2500 9.250818e+01
8427.5000 2.022335e+02
8428.7500 1.752676e+03
8430.0000 3.753984e+03
8431.2500 1.640438e+03
8432.5000 1.318851e+02
8433.7500 9.309746e+01
8435.0000 7.431442e+01
8436.2500 4.751593e+01
8437.5000 4.193076e+01
8438.7500 4.078922e+01
8440.0000 4.216899e+01
8441.2500 4.684104e+01
8442.5000 4.141911e+01
8443.7500 4.731467e+01
8445.0000 1.096262e+02
8446.2500 1.670562e+02
8447.5000 1.044220e+02
8448.7500 5.211489e+01
8450.0000 1.613081e+02
8451.2500 7.348460e+02
8452.5000 7.959628e+02
8453.7500 1.965362e+02
8455.0000 4.973698e+01
8456.2500 4.839441e+01
8457.5000 4.624500e+01
8458.7500 4.579340e+01
8460.0000 5.724649e+01
8461.2500 6.519638e+01
8462.5000 1.157448e+02
8463.7500 1.205558e+03
8465.0000 2.632979e+03
8466.2500 1.213052e+03
8467.5000 1.096871e+02
8468.7500 5.175449e+01
8470.0000 4.630065e+01
8471.2500 4.586239e+01
8472.5000 6.229438e+01
8473.7500 9.946067e+01
8475.0000 9.555452e+01
8476.2500 5.481424e+01
8477.5000 4.801459e+01
8478.7500 4.998876e+01
8480.0000 4.880067e+01
8481.2500 4.558695e+01
8482.5000 4.768436e+01
8483.7500 5.092308e+01
8485.0000 5.395087e+01
8486.2500 5.193879e+01
8487.5000 4.697007e+01
8488.7500 4.883339e+01
8490.0000 5.637111e+01
8491.2500 1.331548e+02
8492.5000 5.924343e+02
8493.7500 6.463098e+02
8495.0000 1.700551e+02
8496.2500 7.566257e+01
8497.5000 7.494676e+01
8498.7500 6.342665e+01
8500.0000 7.425027e+01
8501.2500 9.453783e+01
8502.5000 1.972825e+02
8503.7500 1.040396e+03
8505.0000 1.382942e+03
8506.2500 3.931047e+02
8507.5000 5.939652e+01
8508.7500 5.221785e+01
8510.0000 5.075590e+01
8511.2500 4.732828e+01
8512.5000 4.863564e+01
8513.7500 5.024054e+01
8515.0000 4.386472e+01
8516.2500 4.612711e+01
8517.5000 4.632106e+01
8518.7500 5.159659e+01
8520.0000 7.109555e+01
8521.2500 6.887570e+01
8522.5000 4.685693e+01
8523.7500 4.395607e+01
8525.0000 4.684615e+01
8526.2500 4.333022e+01
8527.5000 4.219569e+01
8528.7500 4.365982e+01
8530.0000 4.179839e+01
8531.2500 4.221384e+01
8532.5000 4.008057e+01
8533.7500 4.237093e+01
8535.0000 4.234640e+01
8536.2500 6.269966e+01
8537.5000 2.055544e+02
8538.7500 2.704518e+02
8540.0000 1.157929e+02
8541.2500 5.254475e+01
8542.5000 4.915046e+01
8543.7500 4.401056e+01
8545.0000 4.656695e+01
8546.2500 9.387979e+01
8547.5000 3.694727e+02
8548.7500 5.066298e+02
8550.0000 2.118591e+02
8551.2500 6.081641e+01
8552.5000 5.675052e+01
8553.7500 5.186779e+01
8555.0000 4.670161e+01
8556.2500 4.258920e+01
8557.5000 4.186295e+01
8558.7500 4.251466e+01
8560.0000 3.937179e+01
8561.2500 4.104834e+01
8562.5000 4.137165e+01
8563.7500 4.177436e+01
8565.0000 4.471501e+01
8566.2500 4.659800e+01
8567.5000 4.366955e+01
8568.7500 4.492764e+01
8570.0000 4.920907e+01
8571.2500 6.293319e+01
8572.5000 6.891459e+01
8573.7500 6.515257e+01
8575.0000 6.847540e+01
8576.2500 7.013238e+01
8577.5000 6.573906e+01
8578.7500 5.598335e+01
8580.0000 4.804395e+01
8581.2500 4.878369e+01
8582.5000 4.565172e+01
8583.7500 4.907833e+01
8585.0000 4.892814e+01
8586.2500 8.259184e+01
8587.5000 1.912164e+02
8588.7500 1.662474e+02
8590.0000 6.569673e+01
8591.2500 5.360386e+01
8592.5000 5.063744e+01
8593.7500 5.012019e+01
8595.0000 1.005686e+02
8596.2500 2.381931e+02
8597.5000 2.180773e+02
8598.7500 7.925719e+01
8600.0000 5.172562e+01
8601.2500 5.568907e+01
8602.5000 5.486920e+01
8603.7500 5.099173e+01
8605.0000 5.003051e+01
8606.2500 5.162030e+01
8607.5000 5.930008e+01
8608.7500 6.105191e+01
8610.0000 6.886410e+01
8611.2500 7.818633e+01
8612.5000 9.862249e+01
8613.7500 1.151028e+02
8615.0000 1.440860e+02
8616.2500 1.622381e+02
8617.5000 2.024171e+02
8618.7500 2.327229e+02
8620.0000 2.677104e+02
8621.2500 3.145134e+02
8622.5000 3.249094e+02
8623.7500 3.921993e+02
8625.0000 4.282309e+02
8626.2500 3.975637e+02
8627.5000 4.658146e+02
8628.7500 4.894211e+02
8630.0000 4.221496e+02
8631.2500 4.840881e+02
8632.5000 4.724213e+02
8633.7500 3.508172e+02
8635.0000 4.140668e+02
8636.2500 3.789987e+02
8637.5000 2.385998e+02
8638.7500 2.587170e+02
8640.0000 2.637518e+02
8641.2500 1.978322e+02
8642.5000 1.278991e+02
8643.7500 6.889941e+01
8645.0000 9.844392e+01
8646.2500 2.146375e+02
8647.5000 2.134534e+02
8648.7500 3.281501e+02
8650.0000 5.293794e+02
8651.2500 4.339741e+02
8652.5000 2.658652e+02
8653.7500 4.337777e+02
8655.0000 6.311298e+02
8656.2500 4.235959e+02
8657.5000 2.705139e+02
8658.7500 5.176906e+02
8660.0000 6.484490e+02
8661.2500 3.584252e+02
8662.5000 2.072891e+02
8663.7500 4.752028e+02
8665.0000 5.893877e+02
8666.2500 3.230585e+02
8667.5000 1.667270e+02
8668.7500 3.755256e+02
8670.0000 4.874548e+02
8671.2500 2.866555e+02
8672.5000 1.040189e+02
8673.7500 2.152945e+02
8675.0000 3.571066e+02
8676.2500 2.633026e+02
8677.5000 1.063938e+02
8678.7500 1.185026e+02
8680.0000 2.175312e+02
8681.2500 2.241065e+02
8682.5000 1.246632e+02
8683.7500 6.504140e+01
8685.0000 1.137422e+02
8686.2500 1.558155e+02
8687.5000 1.238597e+02
8688.7500 6.581448e+01
8690.0000 6.361551e+01
8691.2500 9.190831e+01
8692.5000 1.115583e+02
8693.7500 9.129252e+01
8695.0000 6.026182e+01
8696.2500 6.234557e+01
8697.5000 8.357880e+01
8698.7500 1.044415e+02
8700.0000 1.181138e+02
8701.2500 9.289949e+01
8702.5000 6.287915e+01
8703.7500 6.343615e+01
8705.0000 7.979323e+01
8706.2500 1.144964e+02
8707.5000 1.247116e+02
8708.7500 8.002113e+01
8710.0000 6.065628e+01
8711.2500 5.773076e+01
8712.5000 5.555870e+01
8713.7500 5.460451e+01
8715.0000 5.482926e+01
8716.2500 5.745310e+01
8717.5000 5.424203e+01
8718.7500 5.590479e+01
8720.0000 5.546745e+01
8721.2500 5.345380e+01
8722.5000 5.425807e+01
8723.7500 5.715450e+01
8725.0000 6.907020e+01
8726.2500 8.256602e+01
8727.5000 7.720699e+01
8728.7500 5.752156e+01
8730.0000 5.599009e+01
8731.2500 5.163643e+01
8732.5000 5.576327e+01
8733.7500 5.629046e+01
8735.0000 5.774882e+01
8736.2500 6.830798e+01
8737.5000 7.711512e+01
8738.7500 8.097691e+01
8740.0000 8.575970e+01
8741.2500 7.381290e+01
8742.5000 6.714305e+01
8743.7500 6.967126e+01
8745.0000 6.500018e+01
8746.2500 6.409590e+01
8747.5000 5.945908e+01
8748.7500 7.144054e+01
8750.0000 7.728343e+01
8751.2500 6.999007e+01
8752.5000 5.988034e+01
8753.7500 5.706649e+01
8755.0000 6.473021e+01
8756.2500 1.001902e+02
8757.5000 4.084059e+02
8758.7500 7.635107e+02
8760.0000 1.380536e+03
8761.2500 1.913778e+03
8762.5000 8.447323e+02
8763.7500 1.886192e+02
8765.0000 5.383096e+02
8766.2500 1.703547e+03
8767.5000 2.823861e+03
8768.7500 1.523736e+03
8770.0000 2.200618e+02
8771.2500 9.126735e+01
8772.5000 7.705141e+01
8773.7500 1.539773e+02
8775.0000 7.585601e+02
8776.2500 1.541968e+03
8777.5000 2.721038e+03
8778.7500 2.265534e+03
8780.0000 4.164046e+02
8781.2500 7.651849e+01
8782.5000 6.028081e+01
8783.7500 5.846415e+01
8785.0000 5.650787e+01
8786.2500 6.513459e+01
8787.5000 6.553243e+01
8788.7500 1.657230e+02
8790.0000 7.475623e+02
8791.2500 9.440563e+02
8792.5000 2.999482e+02
8793.7500 6.196383e+01
8795.0000 5.672998e+01
8796.2500 5.611703e+01
8797.5000 5.582366e+01
8798.7500 6.270284e+01
8800.0000 6.188742e+01
8801.2500 6.598267e+01
8802.5000 6.184281e+01
8803.7500 5.593126e+01
8805.0000 5.285099e+01
8806.2500 5.302608e+01
8807.5000 7.427162e+01
8808.7500 1.414077e+02
8810.0000 1.591715e+02
8811.2500 9.358569e+01
8812.5000 5.889973e+01
8813.7500 5.264684e+01
8815.0000 5.350961e+01
8816.2500 5.953015e+01
8817.5000 5.621467e+01
8818.7500 6.025342e+01
8820.0000 6.409457e+01
8821.2500 7.169205e+01
8822.5000 9.597987e+01
8823.7500 3.767522e+02
8825.0000 2.086270e+03
8826.2500 8.596727e+03
8827.5000 7.743261e+03
8828.7500 1.057588e+03
8830.0000 2.035368e+02
8831.2500 2.567980e+02
8832.5000 3.692366e+02
8833.7500 4.068519e+02
8835.0000 1.394535e+03
8836.2500 2.718143e+03
8837.5000 1.236477e+03
8838.7500 1.283716e+02
8840.0000 6.660895e+01
8841.2500 5.875437e+01
8842.5000 6.355303e+01
8843.7500 7.806306e+01
8845.0000 1.248829e+02
8846.2500 1.116277e+02
8847.5000 1.574055e+02
8848.7500 5.728218e+02
8850.0000 7.157006e+02
8851.2500 2.361473e+02
8852.5000 6.621806e+01
8853.7500 6.436794e+01
8855.0000 6.997264e+01
8856.2500 6.703835e+01
8857.5000 6.615315e+01
8858.7500 6.669282e+01
8860.0000 8.002151e+01
8861.2500 1.293814e+02
8862.5000 1.566663e+02
8863.7500 1.224181e+02
8865.0000 1.862148e+02
8866.2500 1.097293e+03
8867.5000 1.787602e+03
8868.7500 6.894348e+02
8870.0000 9.160037e+01
8871.2500 6.584961e+01
8872.5000 6.388100e+01
8873.7500 6.038466e+01
8875.0000 5.900542e+01
8876.2500 5.842839e+01
8877.5000 5.871500e+01
8878.7500 5.986171e+01
8880.0000 6.216278e+01
8881.2500 7.253356e+01
8882.5000 1.191828e+02
8883.7500 1.027406e+03
8885.0000 5.473514e+03
8886.2500 5.316797e+03
8887.5000 8.746531e+02
8888.7500 1.443424e+02
8890.0000 1.093499e+02
8891.2500 8.004458e+01
8892.5000 6.647776e+01
8893.7500 7.639570e+01
8895.0000 9.970049e+01
8896.2500 1.083539e+02
8897.5000 8.831588e+01
8898.7500 7.114701e+01
8900.0000 1.027497e+02
8901.2500 6.020077e+02
8902.5000 2.053716e+03
8903.7500 1.616848e+03
8905.0000 2.605476e+02
8906.2500 8.895995e+01
8907.5000 1.113590e+02
8908.7500 1.311918e+02
8910.0000 1.094795e+02
8911.2500 7.605640e+01
8912.5000 6.166922e+01
8913.7500 6.907524e+01
8915.0000 8.256747e+01
8916.2500 1.391558e+02
8917.5000 1.163520e+03
8918.7500 6.245941e+03
8920.0000 6.343399e+03
8921.2500 1.055745e+03
8922.5000 1.267679e+02
8923.7500 1.016015e+02
8925.0000 9.556792e+01
8926.2500 1.232355e+02
8927.5000 1.638513e+02
8928.7500 1.355570e+02
8930.0000 8.720205e+01
8931.2500 7.213699e+01
8932.5000 7.431824e+01
8933.7500 9.016415e+01
8935.0000 9.708062e+01
8936.2500 9.111763e+01
8937.5000 8.242344e+01
8938.7500 9.240955e+01
8940.0000 1.037454e+02
8941.2500 3.865147e+02
8942.5000 1.680712e+03
8943.7500 1.691855e+03
8945.0000 3.468151e+02
8946.2500 8.590244e+01
8947.5000 7.688051e+01
8948.7500 7.581335e+01
8950.0000 6.577220e+01
8951.2500 6.813661e+01
8952.5000 7.924969e+01
8953.7500 9.224475e+01
8955.0000 1.823026e+02
8956.2500 1.725534e+03
8957.5000 5.502700e+03
8958.7500 4.143874e+03
8960.0000 4.563407e+02
8961.2500 1.031643e+02
8962.5000 9.298528e+01
8963.7500 9.323260e+01
8965.0000 8.616290e+01
8966.2500 6.909924e+01
8967.5000 7.397375e+01
8968.7500 8.545998e+01
8970.0000 1.379535e+02
8971.2500 1.856053e+02
8972.5000 1.088320e+02
8973.7500 7.283350e+01
8975.0000 7.440971e+01
8976.2500 7.265276e+01
8977.5000 7.540303e+01
8978.7500 9.352794e+01
8980.0000 1.220209e+02
8981.2500 1.425854e+02
8982.5000 9.967319e+01
8983.7500 7.977082e+01
8985.0000 1.248418e+02
8986.2500 4.507241e+02
8987.5000 2.505996e+03
8988.7500 2.443418e+03
8990.0000 3.760280e+02
8991.2500 1.875308e+02
8992.5000 1.947755e+02
8993.7500 8.620610e+01
8995.0000 6.033623e+01
8996.2500 6.507006e+01
8997.5000 8.053514e+01
8998.7500 3.185699e+02
9000.0000 4.003461e+03
9001.2500 7.444806e+03
9002.5000 1.578565e+03
9003.7500 1.363923e+02
9005.0000 7.848820e+01
9006.2500 7.055791e+01
9007.5000 6.354472e+01
9008.7500 6.296641e+01
9010.0000 6.233850e+01
9011.2500 6.253251e+01
9012.5000 5.978134e+01
9013.7500 6.025154e+01
9015.0000 6.107746e+01
9016.2500 6.416544e+01
9017.5000 7.223659e+01
9018.7500 7.772724e+01
9020.0000 1.180888e+02
9021.2500 1.320518e+02
9022.5000 8.389831e+01
9023.7500 7.392645e+01
9025.0000 6.960710e+01
9026.2500 8.251904e+01
9027.5000 1.164461e+02
9028.7500 1.104506e+02
9030.0000 8.448082e+01
9031.2500 7.783807e+01
9032.5000 7.044196e+01
9033.7500 6.753191e+01
9035.0000 7.833675e+01
9036.2500 2.477049e+02
9037.5000 6.821553e+02
9038.7500 5.377015e+02
9040.0000 1.159321e+02
9041.2500 7.651154e+01
9042.5000 9.256836e+01
9043.7500 9.908681e+01
9045.0000 8.396306e+01
9046.2500 8.693372e+01
9047.5000 3.065223e+02
9048.7500 1.045917e+03
9050.0000 1.033684e+03
9051.2500 2.730401e+02
9052.5000 7.650749e+01
9053.7500 7.263476e+01
9055.0000 7.910313e+01
9056.2500 9.039970e+01
9057.5000 7.918779e+01
9058.7500 6.183992e+01
9060.0000 6.151283e+01
9061.2500 5.754407e+01
9062.5000 7.016785e+01
9063.7500 1.006591e+02
9065.0000 1.043012e+02
9066.2500 8.394698e+01
9067.5000 9.566917e+01
9068.7500 1.039863e+02
9070.0000 1.022746e+02
9071.2500 8.177213e+01
9072.5000 5.866013e+01
9073.7500 6.038985e+01
9075.0000 6.287204e+01
9076.2500 6.218149e+01
9077.5000 5.797942e+01
9078.7500 6.128831e+01
9080.0000 6.632568e+01
9081.2500 6.334959e+01
9082.5000 7.224557e+01
9083.7500 8.727284e+01
9085.0000 8.803950e+01
9086.2500 7.587962e+01
9087.5000 6.401408e+01
9088.7500 7.099422e+01
9090.0000 1.053563e+02
9091.2500 2.919355e+02
9092.5000 4.266779e+02
9093.7500 2.248100e+02
9095.0000 9.528815e+01
9096.2500 8.474274e+01
9097.5000 8.821624e+01
9098.7500 8.040215e+01
9100.0000 1.138712e+02
9101.2500 3.879671e+02
9102.5000 6.878245e+02
9103.7500 3.965210e+02
9105.0000 1.015680e+02
9106.2500 7.211214e+01
9107.5000 6.535955e+01
9108.7500 6.995288e+01
9110.0000 7.279844e+01
9111.2500 7.316513e+01
9112.5000 7.094569e+01
9113.7500 6.385593e+01
9115.0000 6.805272e+01
9116.2500 6.404094e+01
9117.5000 5.977699e+01
9118.7500 5.766061e+01
9120.0000 5.739759e+01
9121.2500 6.679453e+01
9122.5000 6.689169e+01
9123.7500 6.471488e+01
9125.0000 5.577581e+01
9126.2500 5.882858e+01
9127.5000 6.067102e+01
9128.7500 5.453381e+01
9130.0000 5.404049e+01
9131.2500 5.513293e+01
9132.5000 6.578460e+01
9133.7500 7.154121e+01
9135.0000 6.730634e+01
9136.2500 6.656380e+01
9137.5000 6.492177e+01
9138.7500 7.288572e+01
9140.0000 7.602298e+01
9141.2500 6.553446e+01
9142.5000 6.371544e+01
9143.7500 7.072062e+01
9145.0000 7.044213e+01
9146.2500 7.304930e+01
9147.5000 7.174500e+01
9148.7500 7.364089e+01
9150.0000 1.372134e+02
9151.2500 2.970463e+02
9152.5000 2.684497e+02
9153.7500 1.314454e+02
9155.0000 9.788792e+01
9156.2500 1.094104e+02
9157.5000 1.249839e+02
9158.7500 1.628195e+02
9160.0000 3.509489e+02
9161.2500 3.806753e+02
9162.5000 1.721863e+02
9163.7500 8.148162e+01
9165.0000 7.183990e+01
9166.2500 7.348684e+01
9167.5000 7.623872e+01
9168.7500 7.592396e+01
9170.0000 7.863187e+01
9171.2500 7.290364e+01
9172.5000 7.122916e+01
9173.7500 7.575360e+01
9175.0000 7.197958e+01
9176.2500 7.765082e+01
9177.5000 8.055347e+01
9178.7500 7.986182e+01
9180.0000 7.649084e+01
9181.2500 7.540431e+01
9182.5000 7.324197e+01
9183.7500 7.096719e+01
9185.0000 6.938302e+01
9186.2500 7.593958e+01
9187.5000 7.401637e+01
9188.7500 6.702289e+01
9190.0000 6.653040e+01
9191.2500 6.325874e+01
9192.5000 6.691696e+01
9193.7500 6.383683e+01
9195.0000 6.815480e+01
9196.2500 6.700004e+01
9197.5000 7.064639e+01
9198.7500 7.829277e+01
9200.0000 7.596461e+01
9201.2500 7.481059e+01
9202.5000 7.853818e+01
9203.7500 7.942953e+01
9205.0000 7.888589e+01
9206.2500 6.944808e+01
9207.5000 7.007386e+01
9208.7500 7.929829e+01
9210.0000 7.961076e+01
9211.2500 7.603111e+01
9212.5000 7.392202e+01
9213.7500 8.435774e+01
9215.0000 1.847157e+02
9216.2500 2.709009e+02
9217.5000 1.812758e+02
9218.7500 8.944274e+01
9220.0000 8.546941e+01
9221.2500 9.167904e+01
9222.5000 1.344495e+02
9223.7500 2.688995e+02
9225.0000 2.954781e+02
9226.2500 1.643962e+02
9227.5000 9.967462e+01
9228.7500 8.449075e+01
9230.0000 8.010902e+01
9231.2500 6.996156e+01
9232.5000 8.068018e+01
9233.7500 8.062083e+01
9235.0000 6.997969e+01
9236.2500 6.511847e+01
9237.5000 6.529773e+01
9238.7500 6.206681e+01
9240.0000 6.430025e+01
9241.2500 6.789076e+01
9242.5000 6.913532e+01
9243.7500 7.115572e+01
9245.0000 6.876420e+01
9246.2500 9.776781e+01
9247.5000 1.273718e+02
9248.7500 1.192383e+02
9250.0000 1.298681e+02
9251.2500 1.366391e+02
9252.5000 1.101118e+02
9253.7500 1.067898e+02
9255.0000 8.583495e+01
9256.2500 7.080093e+01
9257.5000 7.842034e+01
9258.7500 8.111659e+01
9260.0000 1.137251e+02
9261.2500 1.956237e+02
9262.5000 2.199269e+02
9263.7500 1.506658e+02
9265.0000 1.809268e+02
9266.2500 1.829203e+02
9267.5000 9.042192e+01
9268.7500 7.601560e+01
9270.0000 7.448302e+01
9271.2500 7.581084e+01
9272.5000 7.512527e+01
9273.7500 7.388966e+01
9275.0000 7.403644e+01
9276.2500 7.272736e+01
9277.5000 7.019400e+01
9278.7500 8.086642e+01
9280.0000 7.523804e+01
9281.2500 7.451281e+01
9282.5000 7.392553e+01
9283.7500 1.025381e+02
9285.0000 1.951082e+02
9286.2500 3.100705e+02
9287.5000 2.229844e+02
9288.7500 1.422868e+02
9290.0000 9.873174e+01
9291.2500 1.112109e+02
9292.5000 2.236617e+02
9293.7500 3.191938e+02
9295.0000 2.034451e+02
9296.2500 1.059133e+02
9297.5000 8.689088e+01
9298.7500 8.982337e+01
9300.0000 9.583090e+01
9301.2500 1.153462e+02
9302.5000 1.486441e+02
9303.7500 4.641178e+02
9305.0000 2.525709e+03
9306.2500 1.020540e+04
9307.5000 1.408564e+04
9308.7500 5.287286e+03
9310.0000 2.448659e+03
9311.2500 5.313636e+03
9312.5000 1.105037e+04
9313.7500 1.167939e+04
9315.0000 2.543515e+03
9316.2500 1.347955e+03
9317.5000 1.900801e+03
9318.7500 8.401545e+02
9320.0000 5.425502e+02
9321.2500 3.789214e+03
9322.5000 2.819157e+04
9323.7500 3.717273e+04
9325.0000 6.819965e+03
9326.2500 4.301460e+02
9327.5000 2.247218e+02
9328.7500 3.195676e+02
9330.0000 6.759170e+02
9331.2500 7.455946e+02
9332.5000 3.222162e+02
9333.7500 2.207042e+02
9335.0000 4.104784e+02
9336.2500 2.404446e+03
9337.5000 6.637333e+03
9338.7500 3.557819e+03
9340.0000 3.887912e+02
9341.2500 2.935898e+02
9342.5000 3.402614e+02
9343.7500 3.928219e+02
9345.0000 3.572881e+02
9346.2500 4.051610e+02
9347.5000 5.419456e+02
9348.7500 7.710911e+02
9350.0000 2.462594e+03
