4750.0000 9.197203e+02
4751.2500 3.808572e+02
4752.5000 4.094676e+02
4753.7500 3.393482e+02
4755.0000 3.414117e+02
4756.2500 3.057610e+02
4757.5000 2.515188e+02
4758.7500 2.494564e+02
4760.0000 2.499247e+02
4761.2500 2.308885e+02
4762.5000 2.110522e+02
4763.7500 1.868313e+02
4765.0000 2.029398e+02
4766.2500 1.966845e+02
4767.5000 1.875390e+02
4768.7500 1.897911e+02
4770.0000 1.755869e+02
4771.2500 1.717416e+02
4772.5000 1.873589e+02
4773.7500 1.813210e+02
4775.0000 1.685029e+02
4776.2500 1.861729e+02
4777.5000 1.855048e+02
4778.7500 1.718042e+02
4780.0000 1.532874e+02
4781.2500 1.576219e+02
4782.5000 1.598343e+02
4783.7500 1.604728e+02
4785.0000 1.593070e+02
4786.2500 1.623209e+02
4787.5000 1.658445e+02
4788.7500 1.513152e+02
4790.0000 1.461799e+02
4791.2500 1.566165e+02
4792.5000 1.531143e+02
4793.7500 1.794179e+02
4795.0000 1.764550e+02
4796.2500 1.756003e+02
4797.5000 1.480766e+02
4798.7500 1.400639e+02
4800.0000 1.533221e+02
4801.2500 1.459937e+02
4802.5000 1.549630e+02
4803.7500 1.659473e+02
4805.0000 1.523325e+02
4806.2500 1.544047e+02
4807.5000 1.457680e+02
4808.7500 1.538534e+02
4810.0000 1.496489e+02
4811.2500 1.680503e+02
4812.5000 1.570877e+02
4813.7500 1.583641e+02
4815.0000 1.683410e+02
4816.2500 1.881494e+02
4817.5000 1.971411e+02
4818.7500 1.926671e+02
4820.0000 1.962322e+02
4821.2500 1.912698e+02
4822.5000 1.695613e+02
4823.7500 1.799529e+02
4825.0000 1.867287e+02
4826.2500 1.734267e+02
4827.5000 1.931544e+02
4828.7500 1.882798e+02
4830.0000 1.750319e+02
4831.2500 1.812520e+02
4832.5000 1.792871e+02
4833.7500 1.749213e+02
4835.0000 1.733421e+02
4836.2500 1.800824e+02
4837.5000 1.683377e+02
4838.7500 1.786566e+02
4840.0000 1.633100e+02
4841.2500 1.689124e+02
4842.5000 1.663021e+02
4843.7500 1.596050e+02
4845.0000 1.601478e+02
4846.2500 1.717325e+02
4847.5000 1.541851e+02
4848.7500 1.444396e+02
4850.0000 1.474182e+02
4851.2500 1.430516e+02
4852.5000 1.469928e+02
4853.7500 1.447532e+02
4855.0000 1.338701e+02
4856.2500 1.341703e+02
4857.5000 1.277391e+02
4858.7500 1.252487e+02
4860.0000 1.601632e+02
4861.2500 2.139533e+02
4862.5000 1.947518e+02
4863.7500 1.419148e+02
4865.0000 1.295213e+02
4866.2500 1.270593e+02
4867.5000 1.416191e+02
4868.7500 1.482634e+02
4870.0000 1.295389e+02
4871.2500 1.380936e+02
4872.5000 1.328918e+02
4873.7500 1.365800e+02
4875.0000 1.386367e+02
4876.2500 1.469531e+02
4877.5000 1.528949e+02
4878.7500 1.574824e+02
4880.0000 1.532662e+02
4881.2500 1.539807e+02
4882.5000 1.632529e+02
4883.7500 1.714192e+02
4885.0000 1.596629e+02
4886.2500 1.479126e+02
4887.5000 1.492171e+02
4888.7500 1.503793e+02
4890.0000 1.466242e+02
4891.2500 1.490652e+02
4892.5000 1.381613e+02
4893.7500 1.478220e+02
4895.0000 1.499001e+02
4896.2500 1.463803e+02
4897.5000 1.436189e+02
4898.7500 1.384548e+02
4900.0000 1.401751e+02
4901.2500 1.333061e+02
4902.5000 1.405518e+02
4903.7500 1.433105e+02
4905.0000 1.382240e+02
4906.2500 1.453974e+02
4907.5000 1.311356e+02
4908.7500 1.276518e+02
4910.0000 1.228747e+02
4911.2500 1.238897e+02
4912.5000 1.218328e+02
4913.7500 1.313935e+02
4915.0000 1.324143e+02
4916.2500 1.313218e+02
4917.5000 1.217222e+02
4918.7500 1.199778e+02
4920.0000 1.201572e+02
4921.2500 1.154594e+02
4922.5000 1.310295e+02
4923.7500 1.437971e+02
4925.0000 1.422467e+02
4926.2500 1.412795e+02
4927.5000 1.388958e+02
4928.7500 1.303404e+02
4930.0000 1.350098e+02
4931.2500 1.415544e+02
4932.5000 1.450816e+02
4933.7500 1.309971e+02
4935.0000 1.349331e+02
4936.2500 1.443897e+02
4937.5000 1.564653e+02
4938.7500 1.307968e+02
4940.0000 1.327944e+02
4941.2500 1.413806e+02
4942.5000 1.430976e+02
4943.7500 1.441238e+02
4945.0000 1.345840e+02
4946.2500 1.355574e+02
4947.5000 1.381291e+02
4948.7500 1.337940e+02
4950.0000 1.441481e+02
4951.2500 1.368525e+02
4952.5000 1.463023e+02
4953.7500 1.441725e+02
4955.0000 1.370357e+02
4956.2500 1.202025e+02
4957.5000 1.247262e+02
4958.7500 1.354988e+02
4960.0000 1.211658e+02
4961.2500 1.291412e+02
4962.5000 1.254105e+02
4963.7500 1.294418e+02
4965.0000 1.319162e+02
4966.2500 1.337207e+02
4967.5000 1.391870e+02
4968.7500 1.316487e+02
4970.0000 1.280073e+02
4971.2500 1.239904e+02
4972.5000 1.229755e+02
4973.7500 1.187354e+02
4975.0000 1.270636e+02
4976.2500 1.315632e+02
4977.5000 1.344458e+02
4978.7500 1.278662e+02
4980.0000 1.237529e+02
4981.2500 1.221810e+02
4982.5000 1.213611e+02
4983.7500 1.167998e+02
4985.0000 1.164135e+02
4986.2500 1.261163e+02
4987.5000 1.312863e+02
4988.7500 1.320516e+02
4990.0000 1.355681e+02
4991.2500 1.415718e+02
4992.5000 1.337597e+02
4993.7500 1.315359e+02
4995.0000 1.296544e+02
4996.2500 1.345438e+02
4997.5000 1.316855e+02
4998.7500 1.258129e+02
5000.0000 1.302300e+02
5001.2500 1.287825e+02
5002.5000 1.229761e+02
5003.7500 1.318509e+02
5005.0000 1.278734e+02
5006.2500 1.298790e+02
5007.5000 1.317934e+02
5008.7500 1.315852e+02
5010.0000 1.202820e+02
5011.2500 1.200080e+02
5012.5000 1.162985e+02
5013.7500 1.077610e+02
5015.0000 1.130158e+02
5016.2500 1.173274e+02
5017.5000 1.072947e+02
5018.7500 1.139819e+02
5020.0000 1.238798e+02
5021.2500 1.142193e+02
5022.5000 1.151206e+02
5023.7500 1.138192e+02
5025.0000 1.134940e+02
5026.2500 1.108003e+02
5027.5000 1.084550e+02
5028.7500 1.084465e+02
5030.0000 1.141080e+02
5031.2500 1.148821e+02
5032.5000 1.184360e+02
5033.7500 1.238150e+02
5035.0000 1.063571e+02
5036.2500 1.112409e+02
5037.5000 1.154217e+02
5038.7500 1.020859e+02
5040.0000 1.069516e+02
5041.2500 1.060876e+02
5042.5000 1.204546e+02
5043.7500 1.122716e+02
5045.0000 1.221690e+02
5046.2500 1.192930e+02
5047.5000 1.271990e+02
5048.7500 1.068983e+02
5050.0000 1.150556e+02
5051.2500 1.117841e+02
5052.5000 1.137134e+02
5053.7500 1.188811e+02
5055.0000 1.179856e+02
5056.2500 1.134390e+02
5057.5000 1.281186e+02
5058.7500 1.211830e+02
5060.0000 1.144803e+02
5061.2500 1.195595e+02
5062.5000 1.242258e+02
5063.7500 1.144634e+02
5065.0000 1.006808e+02
5066.2500 1.165836e+02
5067.5000 1.127057e+02
5068.7500 1.106165e+02
5070.0000 1.207836e+02
5071.2500 1.093250e+02
5072.5000 1.077407e+02
5073.7500 1.067881e+02
5075.0000 1.109100e+02
5076.2500 1.095550e+02
5077.5000 1.157244e+02
5078.7500 1.071445e+02
5080.0000 1.021243e+02
5081.2500 1.021234e+02
5082.5000 1.050970e+02
5083.7500 1.115530e+02
5085.0000 1.102061e+02
5086.2500 1.134840e+02
5087.5000 1.193804e+02
5088.7500 1.143733e+02
5090.0000 1.156786e+02
5091.2500 1.109090e+02
5092.5000 1.097719e+02
5093.7500 1.029128e+02
5095.0000 1.043594e+02
5096.2500 1.057857e+02
5097.5000 1.044461e+02
5098.7500 1.028565e+02
5100.0000 1.095252e+02
5101.2500 1.133433e+02
5102.5000 1.067553e+02
5103.7500 1.146843e+02
5105.0000 1.112751e+02
5106.2500 1.059146e+02
5107.5000 1.077051e+02
5108.7500 1.081718e+02
5110.0000 1.042692e+02
5111.2500 1.138837e+02
5112.5000 1.180927e+02
5113.7500 1.077754e+02
5115.0000 1.057366e+02
5116.2500 1.163246e+02
5117.5000 1.119125e+02
5118.7500 1.098983e+02
5120.0000 1.108769e+02
5121.2500 1.104246e+02
5122.5000 1.027320e+02
5123.7500 1.025408e+02
5125.0000 1.003508e+02
5126.2500 1.066940e+02
5127.5000 1.072135e+02
5128.7500 1.018765e+02
5130.0000 1.111982e+02
5131.2500 1.173741e+02
5132.5000 1.190274e+02
5133.7500 1.141419e+02
5135.0000 1.177029e+02
5136.2500 1.174139e+02
5137.5000 1.098569e+02
5138.7500 1.075214e+02
5140.0000 1.116102e+02
5141.2500 1.107125e+02
5142.5000 1.099647e+02
5143.7500 1.124431e+02
5145.0000 1.162984e+02
5146.2500 1.056923e+02
5147.5000 1.107002e+02
5148.7500 1.133511e+02
5150.0000 1.097304e+02
5151.2500 1.127412e+02
5152.5000 1.182366e+02
5153.7500 1.058803e+02
5155.0000 1.116472e+02
5156.2500 1.111289e+02
5157.5000 1.138320e+02
5158.7500 1.139288e+02
5160.0000 1.090507e+02
5161.2500 1.109098e+02
5162.5000 1.111437e+02
5163.7500 1.096141e+02
5165.0000 1.017303e+02
5166.2500 9.589916e+01
5167.5000 9.178770e+01
5168.7500 9.319876e+01
5170.0000 1.027980e+02
5171.2500 9.278262e+01
5172.5000 8.337125e+01
5173.7500 9.297784e+01
5175.0000 1.088912e+02
5176.2500 1.024459e+02
5177.5000 1.092822e+02
5178.7500 1.179534e+02
5180.0000 1.173249e+02
5181.2500 1.064607e+02
5182.5000 8.932400e+01
5183.7500 8.499195e+01
5185.0000 9.984711e+01
5186.2500 1.213074e+02
5187.5000 1.228599e+02
5188.7500 1.219987e+02
5190.0000 1.167653e+02
5191.2500 1.099085e+02
5192.5000 1.046056e+02
5193.7500 1.097330e+02
5195.0000 1.064855e+02
5196.2500 1.228510e+02
5197.5000 1.665239e+02
5198.7500 1.670974e+02
5200.0000 1.533130e+02
5201.2500 1.357070e+02
5202.5000 1.364570e+02
5203.7500 1.214450e+02
5205.0000 9.963113e+01
5206.2500 1.041797e+02
5207.5000 1.077555e+02
5208.7500 1.040337e+02
5210.0000 1.088959e+02
5211.2500 1.079834e+02
5212.5000 1.097003e+02
5213.7500 9.898857e+01
5215.0000 1.002036e+02
5216.2500 1.059406e+02
5217.5000 1.170938e+02
5218.7500 1.134301e+02
5220.0000 1.154570e+02
5221.2500 1.198888e+02
5222.5000 1.232534e+02
5223.7500 1.307557e+02
5225.0000 1.228665e+02
5226.2500 1.042518e+02
5227.5000 1.076744e+02
5228.7500 1.125445e+02
5230.0000 1.127333e+02
5231.2500 1.226016e+02
5232.5000 1.158291e+02
5233.7500 1.068118e+02
5235.0000 1.080537e+02
5236.2500 1.185419e+02
5237.5000 1.380230e+02
5238.7500 1.457145e+02
5240.0000 1.233388e+02
5241.2500 1.022020e+02
5242.5000 1.039155e+02
5243.7500 1.097304e+02
5245.0000 1.033959e+02
5246.2500 1.060349e+02
5247.5000 1.068766e+02
5248.7500 1.120707e+02
5250.0000 1.174511e+02
5251.2500 1.090531e+02
5252.5000 1.059167e+02
5253.7500 1.143029e+02
5255.0000 1.349068e+02
5256.2500 1.402829e+02
5257.5000 1.236100e+02
5258.7500 1.082319e+02
5260.0000 1.111059e+02
5261.2500 1.012639e+02
5262.5000 9.173199e+01
5263.7500 9.223631e+01
5265.0000 9.018203e+01
5266.2500 9.509922e+01
5267.5000 9.391002e+01
5268.7500 9.135416e+01
5270.0000 9.055199e+01
5271.2500 9.547775e+01
5272.5000 9.306121e+01
5273.7500 9.709630e+01
5275.0000 1.122224e+02
5276.2500 1.116708e+02
5277.5000 1.043994e+02
5278.7500 9.809973e+01
5280.0000 9.630402e+01
5281.2500 9.527723e+01
5282.5000 9.127241e+01
5283.7500 9.408859e+01
5285.0000 9.960160e+01
5286.2500 9.556421e+01
5287.5000 1.032736e+02
5288.7500 1.035959e+02
5290.0000 1.007951e+02
5291.2500 1.066802e+02
5292.5000 1.136644e+02
5293.7500 1.066443e+02
5295.0000 1.079846e+02
5296.2500 9.944052e+01
5297.5000 1.081422e+02
5298.7500 1.121639e+02
5300.0000 1.141567e+02
5301.2500 1.030866e+02
5302.5000 1.093157e+02
5303.7500 1.061210e+02
5305.0000 1.124037e+02
5306.2500 1.148185e+02
5307.5000 1.052840e+02
5308.7500 1.041686e+02
5310.0000 1.098377e+02
5311.2500 1.104478e+02
5312.5000 1.247449e+02
5313.7500 1.163404e+02
5315.0000 1.044546e+02
5316.2500 1.033572e+02
5317.5000 1.115043e+02
5318.7500 1.153771e+02
5320.0000 1.068622e+02
5321.2500 1.158866e+02
5322.5000 1.143464e+02
5323.7500 1.104289e+02
5325.0000 1.111495e+02
5326.2500 1.138047e+02
5327.5000 1.032961e+02
5328.7500 1.137992e+02
5330.0000 1.313907e+02
5331.2500 1.240147e+02
5332.5000 1.105656e+02
5333.7500 1.020459e+02
5335.0000 1.032349e+02
5336.2500 1.027207e+02
5337.5000 1.072822e+02
5338.7500 1.044622e+02
5340.0000 1.010553e+02
5341.2500 9.470831e+01
5342.5000 1.006886e+02
5343.7500 9.765733e+01
5345.0000 9.527857e+01
5346.2500 9.826171e+01
5347.5000 9.667417e+01
5348.7500 9.835643e+01
5350.0000 9.810889e+01
5351.2500 9.656597e+01
5352.5000 9.325758e+01
5353.7500 9.919191e+01
5355.0000 9.409516e+01
5356.2500 9.645322e+01
5357.5000 1.027753e+02
5358.7500 9.371576e+01
5360.0000 1.001327e+02
5361.2500 9.370757e+01
5362.5000 9.661968e+01
5363.7500 8.979678e+01
5365.0000 9.617149e+01
5366.2500 9.512693e+01
5367.5000 9.840614e+01
5368.7500 9.877168e+01
5370.0000 9.526679e+01
5371.2500 9.620879e+01
5372.5000 9.849416e+01
5373.7500 1.005612e+02
5375.0000 1.030192e+02
5376.2500 1.041840e+02
5377.5000 1.067865e+02
5378.7500 1.046714e+02
5380.0000 1.001232e+02
5381.2500 1.014902e+02
5382.5000 9.868439e+01
5383.7500 1.010514e+02
5385.0000 1.051890e+02
5386.2500 1.035835e+02
5387.5000 1.058310e+02
5388.7500 1.038935e+02
5390.0000 1.007997e+02
5391.2500 9.893249e+01
5392.5000 9.676527e+01
5393.7500 1.026934e+02
5395.0000 1.000857e+02
5396.2500 9.995020e+01
5397.5000 1.022269e+02
5398.7500 9.767303e+01
5400.0000 9.834495e+01
5401.2500 9.673861e+01
5402.5000 1.014237e+02
5403.7500 9.451286e+01
5405.0000 9.425848e+01
5406.2500 1.038730e+02
5407.5000 1.044701e+02
5408.7500 9.108894e+01
5410.0000 9.260725e+01
5411.2500 9.406099e+01
5412.5000 9.848806e+01
5413.7500 1.010266e+02
5415.0000 9.725891e+01
5416.2500 1.007314e+02
5417.5000 9.782037e+01
5418.7500 9.462364e+01
5420.0000 9.437098e+01
5421.2500 9.359209e+01
5422.5000 9.380606e+01
5423.7500 8.980038e+01
5425.0000 8.367143e+01
5426.2500 9.517196e+01
5427.5000 9.399295e+01
5428.7500 9.156073e+01
5430.0000 8.711304e+01
5431.2500 8.929518e+01
5432.5000 9.059436e+01
5433.7500 9.959555e+01
5435.0000 9.696071e+01
5436.2500 9.792217e+01
5437.5000 1.007777e+02
5438.7500 9.552592e+01
5440.0000 9.722678e+01
5441.2500 9.767248e+01
5442.5000 9.558320e+01
5443.7500 9.747878e+01
5445.0000 9.238071e+01
5446.2500 8.923369e+01
5447.5000 9.443046e+01
5448.7500 1.007057e+02
5450.0000 1.064018e+02
5451.2500 9.963988e+01
5452.5000 1.013186e+02
5453.7500 9.697936e+01
5455.0000 9.336611e+01
5456.2500 9.597572e+01
5457.5000 1.019139e+02
5458.7500 1.003787e+02
5460.0000 1.113181e+02
5461.2500 1.120122e+02
5462.5000 1.047281e+02
5463.7500 9.343112e+01
5465.0000 1.015902e+02
5466.2500 9.959689e+01
5467.5000 9.280982e+01
5468.7500 1.013876e+02
5470.0000 9.546950e+01
5471.2500 9.654398e+01
5472.5000 1.014453e+02
5473.7500 9.788930e+01
5475.0000 1.036801e+02
5476.2500 9.729624e+01
5477.5000 9.763315e+01
5478.7500 9.631458e+01
5480.0000 9.537227e+01
5481.2500 9.924696e+01
5482.5000 1.038749e+02
5483.7500 1.004702e+02
5485.0000 1.084247e+02
5486.2500 1.039437e+02
5487.5000 9.953704e+01
5488.7500 1.046206e+02
5490.0000 1.042330e+02
5491.2500 9.821435e+01
5492.5000 9.735976e+01
5493.7500 9.212769e+01
5495.0000 9.904070e+01
5496.2500 9.632099e+01
5497.5000 9.687593e+01
5498.7500 9.645229e+01
5500.0000 1.045270e+02
5501.2500 9.037321e+01
5502.5000 9.176852e+01
5503.7500 9.114766e+01
5505.0000 9.291570e+01
5506.2500 9.196606e+01
5507.5000 9.176284e+01
5508.7500 8.897453e+01
5510.0000 8.826929e+01
5511.2500 9.264603e+01
5512.5000 9.239923e+01
5513.7500 9.189799e+01
5515.0000 9.123013e+01
5516.2500 8.952377e+01
5517.5000 8.956750e+01
5518.7500 9.279714e+01
5520.0000 9.490681e+01
5521.2500 9.351752e+01
5522.5000 8.969938e+01
5523.7500 9.480486e+01
5525.0000 9.533699e+01
5526.2500 8.782293e+01
5527.5000 8.822897e+01
5528.7500 9.148042e+01
5530.0000 9.196700e+01
5531.2500 9.245438e+01
5532.5000 9.122316e+01
5533.7500 9.028941e+01
5535.0000 9.019152e+01
5536.2500 9.233606e+01
5537.5000 9.611157e+01
5538.7500 1.030517e+02
5540.0000 1.021594e+02
5541.2500 1.107931e+02
5542.5000 1.255213e+02
5543.7500 1.256031e+02
5545.0000 1.253688e+02
5546.2500 1.138080e+02
5547.5000 1.088354e+02
5548.7500 1.078105e+02
5550.0000 1.126261e+02
5551.2500 1.128242e+02
5552.5000 1.083278e+02
5553.7500 9.949827e+01
5555.0000 1.019579e+02
5556.2500 9.867043e+01
5557.5000 9.762663e+01
5558.7500 1.000205e+02
5560.0000 1.018795e+02
5561.2500 9.955569e+01
5562.5000 1.235304e+02
5563.7500 1.471733e+02
5565.0000 1.227804e+02
5566.2500 1.010696e+02
5567.5000 1.009572e+02
5568.7500 1.047542e+02
5570.0000 1.092630e+02
5571.2500 1.063898e+02
5572.5000 1.071067e+02
5573.7500 1.354000e+02
5575.0000 1.023619e+03
5576.2500 6.864399e+03
5577.5000 8.771009e+03
5578.7500 2.541853e+03
5580.0000 2.452986e+02
5581.2500 1.185792e+02
5582.5000 1.092792e+02
5583.7500 9.832303e+01
5585.0000 9.907436e+01
5586.2500 9.015278e+01
5587.5000 1.013520e+02
5588.7500 1.244753e+02
5590.0000 1.080735e+02
5591.2500 9.110236e+01
5592.5000 8.824292e+01
5593.7500 8.420438e+01
5595.0000 8.130758e+01
5596.2500 9.123078e+01
5597.5000 9.706276e+01
5598.7500 9.065917e+01
5600.0000 8.492923e+01
5601.2500 8.863725e+01
5602.5000 8.930448e+01
5603.7500 1.130315e+02
5605.0000 1.341913e+02
5606.2500 1.216308e+02
5607.5000 9.734168e+01
5608.7500 9.338942e+01
5610.0000 8.898581e+01
5611.2500 8.436028e+01
5612.5000 8.590190e+01
5613.7500 8.469949e+01
5615.0000 8.323071e+01
5616.2500 9.241031e+01
5617.5000 1.019697e+02
5618.7500 9.336199e+01
5620.0000 9.041981e+01
5621.2500 9.569630e+01
5622.5000 1.124009e+02
5623.7500 1.259966e+02
5625.0000 1.119929e+02
5626.2500 9.464839e+01
5627.5000 9.846535e+01
5628.7500 9.529451e+01
5630.0000 9.333842e+01
5631.2500 9.506292e+01
5632.5000 9.416091e+01
5633.7500 9.499133e+01
5635.0000 9.400075e+01
5636.2500 9.758749e+01
5637.5000 9.153937e+01
5638.7500 1.047476e+02
5640.0000 1.015710e+02
5641.2500 9.876283e+01
5642.5000 9.018460e+01
5643.7500 1.027168e+02
5645.0000 1.183776e+02
5646.2500 1.047348e+02
5647.5000 1.009761e+02
5648.7500 9.546954e+01
5650.0000 9.617075e+01
5651.2500 1.020153e+02
5652.5000 9.873674e+01
5653.7500 9.876669e+01
5655.0000 9.579870e+01
5656.2500 8.996964e+01
5657.5000 9.491789e+01
5658.7500 9.052298e+01
5660.0000 9.168028e+01
5661.2500 9.474556e+01
5662.5000 8.964765e+01
5663.7500 9.627843e+01
5665.0000 9.267937e+01
5666.2500 9.767392e+01
5667.5000 9.552705e+01
5668.7500 1.032298e+02
5670.0000 1.038668e+02
5671.2500 9.609600e+01
5672.5000 9.573396e+01
5673.7500 1.019596e+02
5675.0000 8.927640e+01
5676.2500 9.112706e+01
5677.5000 9.759111e+01
5678.7500 8.812693e+01
5680.0000 9.088265e+01
5681.2500 9.053276e+01
5682.5000 8.780736e+01
5683.7500 8.709767e+01
5685.0000 9.019713e+01
5686.2500 8.723185e+01
5687.5000 8.994562e+01
5688.7500 8.515165e+01
5690.0000 8.959554e+01
5691.2500 9.141806e+01
5692.5000 8.813183e+01
5693.7500 8.306459e+01
5695.0000 8.657536e+01
5696.2500 9.436594e+01
5697.5000 8.751219e+01
5698.7500 9.051910e+01
5700.0000 8.823483e+01
5701.2500 8.372300e+01
5702.5000 8.489379e+01
5703.7500 8.368223e+01
5705.0000 8.325014e+01
5706.2500 8.292850e+01
5707.5000 8.287390e+01
5708.7500 8.123590e+01
5710.0000 8.060098e+01
5711.2500 7.990168e+01
5712.5000 8.442712e+01
5713.7500 8.919437e+01
5715.0000 8.745036e+01
5716.2500 8.735878e+01
5717.5000 8.977114e+01
5718.7500 9.232744e+01
5720.0000 8.871778e+01
5721.2500 9.111831e+01
5722.5000 9.088498e+01
5723.7500 9.037020e+01
5725.0000 9.306351e+01
5726.2500 9.928429e+01
5727.5000 9.796127e+01
5728.7500 9.327279e+01
5730.0000 9.235034e+01
5731.2500 9.211288e+01
5732.5000 9.423738e+01
5733.7500 9.631089e+01
5735.0000 9.941904e+01
5736.2500 9.452872e+01
5737.5000 9.321017e+01
5738.7500 9.439714e+01
5740.0000 9.963733e+01
5741.2500 9.704075e+01
5742.5000 8.978094e+01
5743.7500 9.746715e+01
5745.0000 9.269997e+01
5746.2500 9.383168e+01
5747.5000 9.101848e+01
5748.7500 9.735110e+01
5750.0000 9.454662e+01
5751.2500 9.936378e+01
5752.5000 9.044942e+01
5753.7500 9.262420e+01
5755.0000 9.310565e+01
5756.2500 9.821471e+01
5757.5000 9.337041e+01
5758.7500 9.365697e+01
5760.0000 9.642181e+01
5761.2500 9.089773e+01
5762.5000 9.338609e+01
5763.7500 9.752984e+01
5765.0000 1.033623e+02
5766.2500 1.050874e+02
5767.5000 9.891281e+01
5768.7500 9.683064e+01
5770.0000 1.002310e+02
5771.2500 9.967634e+01
5772.5000 1.010957e+02
5773.7500 9.193091e+01
5775.0000 9.325880e+01
5776.2500 8.953679e+01
5777.5000 9.642351e+01
5778.7500 9.373149e+01
5780.0000 8.886901e+01
5781.2500 8.384035e+01
5782.5000 8.581828e+01
5783.7500 8.966350e+01
5785.0000 8.291444e+01
5786.2500 8.197776e+01
5787.5000 8.639413e+01
5788.7500 8.336112e+01
5790.0000 8.288121e+01
5791.2500 8.234520e+01
5792.5000 8.357771e+01
5793.7500 7.958944e+01
5795.0000 7.861123e+01
5796.2500 8.076440e+01
5797.5000 7.699097e+01
5798.7500 7.813736e+01
5800.0000 8.050185e+01
5801.2500 7.611603e+01
5802.5000 7.907323e+01
5803.7500 7.770605e+01
5805.0000 7.536275e+01
5806.2500 7.382167e+01
5807.5000 7.349053e+01
5808.7500 7.513228e+01
5810.0000 8.118634e+01
5811.2500 7.436183e+01
5812.5000 7.845560e+01
5813.7500 7.224311e+01
5815.0000 7.775552e+01
5816.2500 7.438132e+01
5817.5000 7.977451e+01
5818.7500 7.316486e+01
5820.0000 7.926187e+01
5821.2500 8.109683e+01
5822.5000 8.029693e+01
5823.7500 7.505618e+01
5825.0000 8.267178e+01
5826.2500 7.816394e+01
5827.5000 7.939268e+01
5828.7500 8.232771e+01
5830.0000 8.214997e+01
5831.2500 8.273638e+01
5832.5000 8.383955e+01
5833.7500 8.402443e+01
5835.0000 8.579773e+01
5836.2500 8.167804e+01
5837.5000 8.623389e+01
5838.7500 8.022229e+01
5840.0000 8.517095e+01
5841.2500 8.535481e+01
5842.5000 8.568028e+01
5843.7500 8.638670e+01
5845.0000 8.549641e+01
5846.2500 8.411156e+01
5847.5000 8.342937e+01
5848.7500 8.525720e+01
5850.0000 8.585413e+01
5851.2500 8.651264e+01
5852.5000 8.286076e+01
5853.7500 8.626071e+01
5855.0000 8.855109e+01
5856.2500 9.118794e+01
5857.5000 8.404865e+01
5858.7500 8.538601e+01
5860.0000 8.439377e+01
5861.2500 9.257674e+01
5862.5000 8.942266e+01
5863.7500 1.118618e+02
5865.0000 1.652223e+02
5866.2500 2.031809e+02
5867.5000 1.969067e+02
5868.7500 1.583927e+02
5870.0000 1.123185e+02
5871.2500 1.075527e+02
5872.5000 1.194338e+02
5873.7500 1.147385e+02
5875.0000 1.117543e+02
5876.2500 1.060716e+02
5877.5000 9.934331e+01
5878.7500 9.799929e+01
5880.0000 1.021882e+02
5881.2500 9.687302e+01
5882.5000 9.913775e+01
5883.7500 1.066580e+02
5885.0000 1.029956e+02
5886.2500 1.529791e+02
5887.5000 3.120274e+02
5888.7500 6.590938e+02
5890.0000 7.132999e+02
5891.2500 2.960594e+02
5892.5000 1.223098e+02
5893.7500 2.060187e+02
5895.0000 4.387811e+02
5896.2500 4.024545e+02
5897.5000 1.539163e+02
5898.7500 8.916471e+01
5900.0000 8.682885e+01
5901.2500 9.299661e+01
5902.5000 9.706895e+01
5903.7500 1.021565e+02
5905.0000 1.048340e+02
5906.2500 1.214708e+02
5907.5000 1.096386e+02
5908.7500 8.516132e+01
5910.0000 8.515126e+01
5911.2500 8.409422e+01
5912.5000 8.835619e+01
5913.7500 1.437808e+02
5915.0000 2.013203e+02
5916.2500 1.477201e+02
5917.5000 8.914309e+01
5918.7500 8.411777e+01
5920.0000 8.048195e+01
5921.2500 8.093246e+01
5922.5000 8.745538e+01
5923.7500 1.159395e+02
5925.0000 1.210556e+02
5926.2500 9.507471e+01
5927.5000 7.830784e+01
5928.7500 8.248595e+01
5930.0000 8.290390e+01
5931.2500 1.361174e+02
5932.5000 2.092089e+02
5933.7500 1.673923e+02
5935.0000 8.797485e+01
5936.2500 8.059985e+01
5937.5000 8.199287e+01
5938.7500 7.820026e+01
5940.0000 8.112310e+01
5941.2500 8.042397e+01
5942.5000 7.945863e+01
5943.7500 8.706925e+01
5945.0000 1.135337e+02
5946.2500 1.213112e+02
5947.5000 9.479083e+01
5948.7500 8.285343e+01
5950.0000 8.482883e+01
5951.2500 1.041153e+02
5952.5000 1.693322e+02
5953.7500 1.932245e+02
5955.0000 1.199715e+02
5956.2500 8.689655e+01
5957.5000 8.684541e+01
5958.7500 8.678564e+01
5960.0000 8.690992e+01
5961.2500 9.039182e+01
5962.5000 8.822052e+01
5963.7500 8.917650e+01
5965.0000 9.057027e+01
5966.2500 9.009859e+01
5967.5000 9.173360e+01
5968.7500 1.054414e+02
5970.0000 1.252520e+02
5971.2500 1.122152e+02
5972.5000 9.767664e+01
5973.7500 9.326917e+01
5975.0000 1.070765e+02
5976.2500 1.519046e+02
5977.5000 1.585361e+02
5978.7500 1.081923e+02
5980.0000 9.440496e+01
5981.2500 8.983393e+01
5982.5000 9.166680e+01
5983.7500 9.309148e+01
5985.0000 9.045115e+01
5986.2500 8.814019e+01
5987.5000 9.043519e+01
5988.7500 9.515800e+01
5990.0000 8.970167e+01
5991.2500 9.076795e+01
5992.5000 8.676837e+01
5993.7500 8.707194e+01
5995.0000 9.112156e+01
5996.2500 9.708335e+01
5997.5000 1.093934e+02
5998.7500 1.013472e+02
6000.0000 8.684785e+01
6001.2500 9.000732e+01
6002.5000 1.075568e+02
6003.7500 1.306633e+02
6005.0000 1.068322e+02
6006.2500 8.297366e+01
6007.5000 8.659781e+01
6008.7500 8.223677e+01
6010.0000 8.877116e+01
6011.2500 9.105280e+01
6012.5000 8.224382e+01
6013.7500 8.460757e+01
6015.0000 8.148811e+01
6016.2500 8.395610e+01
6017.5000 7.764067e+01
6018.7500 8.063022e+01
6020.0000 8.125197e+01
6021.2500 8.249915e+01
6022.5000 7.762807e+01
6023.7500 7.853989e+01
6025.0000 8.008085e+01
6026.2500 8.090376e+01
6027.5000 8.702264e+01
6028.7500 8.751922e+01
6030.0000 7.809528e+01
6031.2500 7.801181e+01
6032.5000 8.987731e+01
6033.7500 9.693452e+01
6035.0000 8.859716e+01
6036.2500 7.783428e+01
6037.5000 7.461005e+01
6038.7500 7.549354e+01
6040.0000 7.453173e+01
6041.2500 7.511282e+01
6042.5000 7.670443e+01
6043.7500 7.083530e+01
6045.0000 7.465129e+01
6046.2500 7.134038e+01
6047.5000 7.594510e+01
6048.7500 6.981995e+01
6050.0000 6.834435e+01
6051.2500 7.500421e+01
6052.5000 7.241982e+01
6053.7500 7.219743e+01
6055.0000 7.129868e+01
6056.2500 6.747950e+01
6057.5000 7.092688e+01
6058.7500 7.206921e+01
6060.0000 7.215756e+01
6061.2500 7.758721e+01
6062.5000 7.685500e+01
6063.7500 7.164416e+01
6065.0000 7.584472e+01
6066.2500 8.333741e+01
6067.5000 8.529114e+01
6068.7500 7.986494e+01
6070.0000 7.203602e+01
6071.2500 7.775255e+01
6072.5000 7.446619e+01
6073.7500 7.521498e+01
6075.0000 7.373368e+01
6076.2500 7.579404e+01
6077.5000 7.507993e+01
6078.7500 7.746429e+01
6080.0000 7.352726e+01
6081.2500 7.722160e+01
6082.5000 7.488699e+01
6083.7500 7.390120e+01
6085.0000 7.652699e+01
6086.2500 7.862346e+01
6087.5000 7.846629e+01
6088.7500 7.690463e+01
6090.0000 7.870997e+01
6091.2500 7.625176e+01
6092.5000 7.624596e+01
6093.7500 7.749431e+01
6095.0000 7.800167e+01
6096.2500 8.175091e+01
6097.5000 8.074836e+01
6098.7500 8.551860e+01
6100.0000 8.037013e+01
6101.2500 7.635042e+01
6102.5000 7.983675e+01
6103.7500 8.062294e+01
6105.0000 8.365582e+01
6106.2500 7.386236e+01
6107.5000 8.017321e+01
6108.7500 8.066837e+01
6110.0000 8.085245e+01
6111.2500 8.092644e+01
6112.5000 7.758147e+01
6113.7500 8.030757e+01
6115.0000 8.640442e+01
6116.2500 7.744926e+01
6117.5000 7.717963e+01
6118.7500 7.599777e+01
6120.0000 7.431234e+01
6121.2500 7.389709e+01
6122.5000 7.248293e+01
6123.7500 7.665314e+01
6125.0000 7.456738e+01
6126.2500 7.677969e+01
6127.5000 7.223151e+01
6128.7500 7.438200e+01
6130.0000 7.580679e+01
6131.2500 7.420692e+01
6132.5000 7.205309e+01
6133.7500 7.611920e+01
6135.0000 7.842308e+01
6136.2500 8.596654e+01
6137.5000 8.922130e+01
6138.7500 9.683292e+01
6140.0000 9.479295e+01
6141.2500 8.064676e+01
6142.5000 8.667889e+01
6143.7500 1.086370e+02
6145.0000 9.821720e+01
6146.2500 7.458799e+01
6147.5000 7.296249e+01
6148.7500 6.965764e+01
6150.0000 7.966651e+01
6151.2500 7.854385e+01
6152.5000 7.144523e+01
6153.7500 7.468299e+01
6155.0000 7.971957e+01
6156.2500 9.070678e+01
6157.5000 9.226818e+01
6158.7500 8.151254e+01
6160.0000 7.237413e+01
6161.2500 6.782630e+01
6162.5000 6.031551e+01
6163.7500 6.538206e+01
6165.0000 6.765736e+01
6166.2500 6.696864e+01
6167.5000 6.969334e+01
6168.7500 8.780992e+01
6170.0000 1.257035e+02
6171.2500 1.111728e+02
6172.5000 7.035036e+01
6173.7500 6.801796e+01
6175.0000 7.608172e+01
6176.2500 8.437386e+01
6177.5000 6.917564e+01
6178.7500 6.451648e+01
6180.0000 6.343743e+01
6181.2500 6.388921e+01
6182.5000 6.671205e+01
6183.7500 7.372735e+01
6185.0000 6.837749e+01
6186.2500 6.523409e+01
6187.5000 7.128374e+01
6188.7500 6.881565e+01
6190.0000 6.241551e+01
6191.2500 6.888790e+01
6192.5000 8.086232e+01
6193.7500 7.624612e+01
6195.0000 6.816489e+01
6196.2500 6.591281e+01
6197.5000 6.604897e+01
6198.7500 6.591316e+01
6200.0000 6.285178e+01
6201.2500 8.973985e+01
6202.5000 1.199241e+02
6203.7500 9.864558e+01
6205.0000 6.840952e+01
6206.2500 6.837729e+01
6207.5000 6.890500e+01
6208.7500 7.326560e+01
6210.0000 7.013175e+01
6211.2500 7.549811e+01
6212.5000 8.956953e+01
6213.7500 7.902743e+01
6215.0000 6.825830e+01
6216.2500 6.490675e+01
6217.5000 7.012565e+01
6218.7500 6.544257e+01
6220.0000 8.850475e+01
6221.2500 1.285494e+02
6222.5000 1.177257e+02
6223.7500 7.321037e+01
6225.0000 6.919476e+01
6226.2500 6.992345e+01
6227.5000 6.641057e+01
6228.7500 6.953468e+01
6230.0000 6.614062e+01
6231.2500 6.743416e+01
6232.5000 9.480418e+01
6233.7500 1.786377e+02
6235.0000 2.853848e+02
6236.2500 2.764676e+02
6237.5000 1.639977e+02
6238.7500 1.038301e+02
6240.0000 1.133598e+02
6241.2500 1.269381e+02
6242.5000 1.263881e+02
6243.7500 1.097442e+02
6245.0000 7.973405e+01
6246.2500 7.722335e+01
6247.5000 8.841406e+01
6248.7500 7.828265e+01
6250.0000 7.197449e+01
6251.2500 6.931448e+01
6252.5000 6.663026e+01
6253.7500 6.839855e+01
6255.0000 7.589027e+01
6256.2500 1.736899e+02
6257.5000 3.331148e+02
6258.7500 2.493396e+02
6260.0000 9.239655e+01
6261.2500 8.854266e+01
6262.5000 9.005923e+01
6263.7500 1.160266e+02
6265.0000 1.580774e+02
6266.2500 1.189830e+02
6267.5000 9.261010e+01
6268.7500 9.470832e+01
6270.0000 7.666892e+01
6271.2500 7.309262e+01
6272.5000 7.344521e+01
6273.7500 7.776144e+01
6275.0000 1.068195e+02
6276.2500 1.041605e+02
6277.5000 1.166355e+02
6278.7500 1.115002e+02
6280.0000 7.979805e+01
6281.2500 7.207179e+01
6282.5000 7.644718e+01
6283.7500 7.724765e+01
6285.0000 9.004327e+01
6286.2500 2.232966e+02
6287.5000 2.809877e+02
6288.7500 1.491934e+02
6290.0000 8.553696e+01
6291.2500 7.472345e+01
6292.5000 6.979584e+01
6293.7500 7.353414e+01
6295.0000 8.133984e+01
6296.2500 1.183463e+02
6297.5000 1.876833e+02
6298.7500 8.285750e+02
6300.0000 1.752920e+03
6301.2500 1.032908e+03
6302.5000 1.224493e+02
6303.7500 7.653943e+01
6305.0000 1.441675e+02
6306.2500 3.179676e+02
6307.5000 2.817316e+02
6308.7500 1.008045e+02
6310.0000 6.971873e+01
6311.2500 7.069451e+01
6312.5000 7.233928e+01
6313.7500 6.416814e+01
6315.0000 6.263785e+01
6316.2500 6.416001e+01
6317.5000 6.211209e+01
6318.7500 7.055505e+01
6320.0000 1.108212e+02
6321.2500 1.291073e+02
6322.5000 8.997623e+01
6323.7500 5.950924e+01
6325.0000 6.134824e+01
6326.2500 6.476805e+01
6327.5000 7.934261e+01
6328.7500 1.898087e+02
6330.0000 2.202410e+02
6331.2500 1.074906e+02
6332.5000 6.169612e+01
6333.7500 5.670564e+01
6335.0000 5.942563e+01
6336.2500 5.498820e+01
6337.5000 5.777311e+01
6338.7500 5.762053e+01
6340.0000 6.069747e+01
6341.2500 6.055489e+01
6342.5000 6.280997e+01
6343.7500 5.933649e+01
6345.0000 5.995818e+01
6346.2500 5.978841e+01
6347.5000 9.303383e+01
6348.7500 9.699155e+01
6350.0000 6.882269e+01
6351.2500 5.316657e+01
6352.5000 5.609750e+01
6353.7500 6.269753e+01
6355.0000 1.207034e+02
6356.2500 1.610939e+02
6357.5000 1.025639e+02
6358.7500 6.254015e+01
6360.0000 6.115157e+01
6361.2500 8.224873e+01
6362.5000 2.868424e+02
6363.7500 4.398041e+02
6365.0000 2.325835e+02
6366.2500 6.830116e+01
6367.5000 5.791424e+01
6368.7500 5.893196e+01
6370.0000 5.755239e+01
6371.2500 5.665669e+01
6372.5000 5.640680e+01
6373.7500 5.781691e+01
6375.0000 5.688213e+01
6376.2500 5.756145e+01
6377.5000 6.342574e+01
6378.7500 8.406777e+01
6380.0000 7.745795e+01
6381.2500 6.020649e+01
6382.5000 6.304749e+01
6383.7500 6.122236e+01
6385.0000 8.686442e+01
6386.2500 1.120292e+02
6387.5000 9.148044e+01
6388.7500 6.323141e+01
6390.0000 6.129142e+01
6391.2500 5.857494e+01
6392.5000 6.434221e+01
6393.7500 6.023734e+01
6395.0000 5.976155e+01
6396.2500 6.044122e+01
6397.5000 5.951854e+01
6398.7500 5.864010e+01
6400.0000 5.708947e+01
6401.2500 5.861526e+01
6402.5000 5.811932e+01
6403.7500 5.700389e+01
6405.0000 5.782451e+01
6406.2500 5.778152e+01
6407.5000 5.550693e+01
6408.7500 5.653886e+01
6410.0000 5.975813e+01
6411.2500 5.942728e+01
6412.5000 6.862437e+01
6413.7500 7.715570e+01
6415.0000 6.332846e+01
6416.2500 5.740894e+01
6417.5000 5.791488e+01
6418.7500 7.097403e+01
6420.0000 8.819130e+01
6421.2500 7.476340e+01
6422.5000 5.893241e+01
6423.7500 5.889738e+01
6425.0000 5.929282e+01
6426.2500 5.985806e+01
6427.5000 6.122557e+01
6428.7500 5.723045e+01
6430.0000 5.672019e+01
6431.2500 6.006071e+01
6432.5000 5.938071e+01
6433.7500 6.042106e+01
6435.0000 6.065134e+01
6436.2500 5.965488e+01
6437.5000 5.887085e+01
6438.7500 5.538533e+01
6440.0000 5.789556e+01
6441.2500 5.980743e+01
6442.5000 5.760354e+01
6443.7500 6.045506e+01
6445.0000 6.047754e+01
6446.2500 6.196602e+01
6447.5000 6.439745e+01
6448.7500 6.357593e+01
6450.0000 6.469987e+01
6451.2500 7.437022e+01
6452.5000 7.594534e+01
6453.7500 7.165531e+01
6455.0000 6.863028e+01
6456.2500 6.851595e+01
6457.5000 7.740869e+01
6458.7500 6.837252e+01
6460.0000 6.332814e+01
6461.2500 6.723018e+01
6462.5000 1.014974e+02
6463.7500 1.282109e+02
6465.0000 1.624990e+02
6466.2500 1.545764e+02
6467.5000 8.668993e+01
6468.7500 8.828216e+01
6470.0000 1.591480e+02
6471.2500 1.520090e+02
6472.5000 7.850714e+01
6473.7500 5.996979e+01
6475.0000 5.530168e+01
6476.2500 6.623760e+01
6477.5000 8.872642e+01
6478.7500 7.579272e+01
6480.0000 5.871596e+01
6481.2500 5.744979e+01
6482.5000 5.546250e+01
6483.7500 5.445594e+01
6485.0000 5.332888e+01
6486.2500 5.451857e+01
6487.5000 5.119201e+01
6488.7500 5.291205e+01
6490.0000 5.258782e+01
6491.2500 5.142785e+01
6492.5000 5.629325e+01
6493.7500 5.340879e+01
6495.0000 5.296005e+01
6496.2500 8.083012e+01
6497.5000 2.369959e+02
6498.7500 2.863978e+02
6500.0000 1.230849e+02
6501.2500 5.959148e+01
6502.5000 6.668957e+01
6503.7500 1.107091e+02
6505.0000 1.320684e+02
6506.2500 7.721010e+01
6507.5000 5.533015e+01
6508.7500 5.098997e+01
6510.0000 5.440652e+01
6511.2500 4.941361e+01
6512.5000 6.010988e+01
6513.7500 6.950343e+01
6515.0000 5.952182e+01
6516.2500 5.207745e+01
6517.5000 4.927429e+01
6518.7500 4.967954e+01
6520.0000 5.291772e+01
6521.2500 8.769292e+01
6522.5000 9.974987e+01
6523.7500 6.528291e+01
6525.0000 5.572544e+01
6526.2500 5.433952e+01
6527.5000 4.955577e+01
6528.7500 4.805774e+01
6530.0000 5.042576e+01
6531.2500 1.104341e+02
6532.5000 2.237214e+02
6533.7500 1.618172e+02
6535.0000 6.102617e+01
6536.2500 4.763498e+01
6537.5000 4.690508e+01
6538.7500 5.046646e+01
6540.0000 5.403637e+01
6541.2500 5.680495e+01
6542.5000 8.235512e+01
6543.7500 1.140208e+02
6545.0000 8.007024e+01
6546.2500 5.288867e+01
6547.5000 5.311186e+01
6548.7500 5.625811e+01
6550.0000 5.363258e+01
6551.2500 7.008326e+01
6552.5000 1.873250e+02
6553.7500 2.249696e+02
6555.0000 1.049041e+02
6556.2500 4.763141e+01
6557.5000 4.664542e+01
6558.7500 4.355972e+01
6560.0000 4.770881e+01
6561.2500 1.321619e+02
6562.5000 2.715046e+02
6563.7500 2.074738e+02
6565.0000 7.783932e+01
6566.2500 4.826398e+01
6567.5000 7.681645e+01
6568.7500 9.616940e+01
6570.0000 7.006198e+01
6571.2500 5.313904e+01
6572.5000 4.931100e+01
6573.7500 4.749858e+01
6575.0000 6.444358e+01
6576.2500 1.496758e+02
6577.5000 1.743925e+02
6578.7500 8.900697e+01
6580.0000 4.899668e+01
6581.2500 4.672993e+01
6582.5000 5.763935e+01
6583.7500 7.424167e+01
6585.0000 6.333182e+01
6586.2500 4.937558e+01
6587.5000 4.672848e+01
6588.7500 4.690020e+01
6590.0000 4.715537e+01
6591.2500 4.727436e+01
6592.5000 4.693023e+01
6593.7500 4.389246e+01
6595.0000 5.762355e+01
6596.2500 7.962534e+01
6597.5000 6.787756e+01
6598.7500 4.679961e+01
6600.0000 4.582304e+01
6601.2500 4.846896e+01
6602.5000 7.214458e+01
6603.7500 1.202034e+02
6605.0000 9.210470e+01
6606.2500 5.145608e+01
6607.5000 4.647775e+01
6608.7500 4.552713e+01
6610.0000 4.620128e+01
6611.2500 4.560836e+01
6612.5000 4.365106e+01
6613.7500 4.744563e+01
6615.0000 4.627537e+01
6616.2500 4.564695e+01
6617.5000 4.832451e+01
6618.7500 4.707104e+01
6620.0000 4.744304e+01
6621.2500 4.963262e+01
6622.5000 4.793861e+01
6623.7500 4.587815e+01
6625.0000 4.718946e+01
6626.2500 5.656406e+01
6627.5000 6.537689e+01
6628.7500 5.578775e+01
6630.0000 5.000349e+01
6631.2500 4.770269e+01
6632.5000 5.924947e+01
6633.7500 7.895235e+01
6635.0000 7.040613e+01
6636.2500 5.227990e+01
6637.5000 4.926277e+01
6638.7500 4.851040e+01
6640.0000 5.033777e+01
6641.2500 5.091426e+01
6642.5000 5.062207e+01
6643.7500 4.547007e+01
6645.0000 4.858592e+01
6646.2500 4.888231e+01
6647.5000 4.666541e+01
6648.7500 5.081480e+01
6650.0000 5.152335e+01
6651.2500 5.163795e+01
6652.5000 5.171024e+01
6653.7500 4.962784e+01
6655.0000 4.845950e+01
6656.2500 5.000535e+01
6657.5000 4.989254e+01
6658.7500 4.845039e+01
6660.0000 5.299179e+01
6661.2500 5.898026e+01
6662.5000 5.481431e+01
6663.7500 5.044200e+01
6665.0000 5.274075e+01
6666.2500 5.503856e+01
6667.5000 6.647819e+01
6668.7500 5.662671e+01
6670.0000 4.932951e+01
6671.2500 4.775423e+01
6672.5000 4.893932e+01
6673.7500 4.806512e+01
6675.0000 4.874129e+01
6676.2500 4.778522e+01
6677.5000 4.762052e+01
6678.7500 4.884499e+01
6680.0000 4.978466e+01
6681.2500 4.775081e+01
6682.5000 5.010885e+01
6683.7500 4.941773e+01
6685.0000 5.151129e+01
6686.2500 5.040240e+01
6687.5000 4.790331e+01
6688.7500 4.743371e+01
6690.0000 4.731517e+01
6691.2500 4.832390e+01
6692.5000 4.690485e+01
6693.7500 4.616768e+01
6695.0000 4.788023e+01
6696.2500 4.722684e+01
6697.5000 5.403773e+01
6698.7500 5.880683e+01
6700.0000 5.654385e+01
6701.2500 4.840292e+01
6702.5000 5.140718e+01
6703.7500 5.690675e+01
6705.0000 5.485627e+01
6706.2500 4.878946e+01
6707.5000 5.130730e+01
6708.7500 4.783710e+01
6710.0000 5.071280e+01
6711.2500 4.803720e+01
6712.5000 4.886504e+01
6713.7500 4.876817e+01
6715.0000 5.356178e+01
6716.2500 7.276832e+01
6717.5000 7.411211e+01
6718.7500 5.477750e+01
6720.0000 5.079330e+01
6721.2500 4.938596e+01
6722.5000 4.832009e+01
6723.7500 4.891664e+01
6725.0000 4.833556e+01
6726.2500 4.703212e+01
6727.5000 4.797052e+01
6728.7500 4.806585e+01
6730.0000 5.800545e+01
6731.2500 6.972615e+01
6732.5000 6.140085e+01
6733.7500 5.012969e+01
6735.0000 4.751077e+01
6736.2500 4.581862e+01
6737.5000 4.854690e+01
6738.7500 4.784644e+01
6740.0000 5.437672e+01
6741.2500 4.763162e+01
6742.5000 4.928233e+01
6743.7500 5.339095e+01
6745.0000 5.333773e+01
6746.2500 5.023103e+01
6747.5000 4.792728e+01
6748.7500 4.576804e+01
6750.0000 4.615049e+01
6751.2500 4.592234e+01
6752.5000 4.305746e+01
6753.7500 4.613191e+01
6755.0000 4.539510e+01
6756.2500 4.660227e+01
6757.5000 4.780511e+01
6758.7500 4.350953e+01
6760.0000 4.828889e+01
6761.2500 4.743256e+01
6762.5000 4.538470e+01
6763.7500 4.458535e+01
6765.0000 4.590818e+01
6766.2500 4.549200e+01
6767.5000 4.478398e+01
6768.7500 4.351859e+01
6770.0000 4.673484e+01
6771.2500 4.477851e+01
6772.5000 4.616413e+01
6773.7500 4.265747e+01
6775.0000 4.707868e+01
6776.2500 4.274385e+01
6777.5000 4.639207e+01
6778.7500 4.277908e+01
6780.0000 4.371603e+01
6781.2500 4.449462e+01
6782.5000 4.620981e+01
6783.7500 4.822941e+01
6785.0000 4.577346e+01
6786.2500 4.597256e+01
6787.5000 4.883174e+01
6788.7500 4.969960e+01
6790.0000 4.398724e+01
6791.2500 4.178542e+01
6792.5000 4.269000e+01
6793.7500 4.247253e+01
6795.0000 4.390863e+01
6796.2500 4.343807e+01
6797.5000 4.408096e+01
6798.7500 4.365976e+01
6800.0000 4.468493e+01
6801.2500 4.458392e+01
6802.5000 4.693082e+01
6803.7500 4.620507e+01
6805.0000 4.439017e+01
6806.2500 4.346358e+01
6807.5000 4.375663e+01
6808.7500 4.168278e+01
6810.0000 4.362354e+01
6811.2500 4.302192e+01
6812.5000 4.267757e+01
6813.7500 4.157334e+01
6815.0000 4.495877e+01
6816.2500 4.298536e+01
6817.5000 4.375349e+01
6818.7500 4.399288e+01
6820.0000 4.272934e+01
6821.2500 4.400530e+01
6822.5000 4.069123e+01
6823.7500 4.149077e+01
6825.0000 4.808045e+01
6826.2500 1.050057e+02
6827.5000 2.012549e+02
6828.7500 3.081295e+02
6830.0000 2.490984e+02
6831.2500 9.867494e+01
6832.5000 1.502893e+02
6833.7500 3.074250e+02
6835.0000 2.430677e+02
6836.2500 7.292146e+01
6837.5000 4.609927e+01
6838.7500 5.188411e+01
6840.0000 7.060428e+01
6841.2500 1.081280e+02
6842.5000 9.583173e+01
6843.7500 5.025900e+01
6845.0000 4.403320e+01
6846.2500 4.320203e+01
6847.5000 4.255957e+01
6848.7500 4.584322e+01
6850.0000 5.221413e+01
6851.2500 5.000278e+01
6852.5000 4.508817e+01
6853.7500 4.323449e+01
6855.0000 4.142583e+01
6856.2500 4.222691e+01
6857.5000 4.228605e+01
6858.7500 4.486357e+01
6860.0000 4.555121e+01
6861.2500 8.398209e+01
6862.5000 3.474367e+02
6863.7500 6.061417e+02
6865.0000 3.252202e+02
6866.2500 6.615250e+01
6867.5000 6.832274e+01
6868.7500 9.393741e+01
6870.0000 1.705242e+02
6871.2500 1.916323e+02
6872.5000 9.336569e+01
6873.7500 5.974413e+01
6875.0000 5.694386e+01
6876.2500 6.054887e+01
6877.5000 6.003032e+01
6878.7500 6.668966e+01
6880.0000 1.097424e+02
6881.2500 1.148047e+02
6882.5000 7.080205e+01
6883.7500 5.555282e+01
6885.0000 5.798387e+01
6886.2500 7.088523e+01
6887.5000 1.239017e+02
6888.7500 2.943980e+02
6890.0000 2.412251e+02
6891.2500 7.962103e+01
6892.5000 6.597086e+01
6893.7500 8.089234e+01
6895.0000 7.206770e+01
6896.2500 5.666807e+01
6897.5000 5.539328e+01
6898.7500 7.870977e+01
6900.0000 2.582025e+02
6901.2500 2.448493e+02
6902.5000 7.223737e+01
6903.7500 5.657871e+01
6905.0000 4.956951e+01
6906.2500 4.601709e+01
6907.5000 4.751763e+01
6908.7500 4.697005e+01
6910.0000 5.749570e+01
6911.2500 1.371830e+02
6912.5000 2.321668e+02
6913.7500 1.364781e+02
6915.0000 4.812026e+01
6916.2500 4.427444e+01
6917.5000 4.338629e+01
6918.7500 4.525194e+01
6920.0000 4.829176e+01
6921.2500 1.098170e+02
6922.5000 3.483643e+02
6923.7500 3.452051e+02
6925.0000 8.221290e+01
6926.2500 4.540597e+01
6927.5000 4.617934e+01
6928.7500 4.780011e+01
6930.0000 4.657826e+01
6931.2500 4.683306e+01
6932.5000 4.186477e+01
6933.7500 4.385211e+01
6935.0000 4.173531e+01
6936.2500 4.337302e+01
6937.5000 6.443166e+01
6938.7500 1.702490e+02
6940.0000 1.656846e+02
6941.2500 6.528401e+01
6942.5000 4.385145e+01
6943.7500 4.164772e+01
6945.0000 4.123785e+01
6946.2500 4.837593e+01
6947.5000 1.905675e+02
6948.7500 4.101667e+02
6950.0000 2.421523e+02
6951.2500 6.078647e+01
6952.5000 4.943223e+01
6953.7500 4.404132e+01
6955.0000 4.910873e+01
6956.2500 5.102651e+01
6957.5000 5.186176e+01
6958.7500 4.925950e+01
6960.0000 4.759041e+01
6961.2500 4.896008e+01
6962.5000 4.803930e+01
6963.7500 4.578300e+01
6965.0000 5.161846e+01
6966.2500 5.292307e+01
6967.5000 5.066172e+01
6968.7500 1.012380e+02
6970.0000 1.326348e+02
6971.2500 6.945149e+01
6972.5000 4.464637e+01
6973.7500 4.492451e+01
6975.0000 4.694979e+01
6976.2500 6.946405e+01
6977.5000 2.033605e+02
6978.7500 2.191714e+02
6980.0000 7.699825e+01
6981.2500 4.211080e+01
6982.5000 4.758421e+01
6983.7500 4.714312e+01
6985.0000 4.797899e+01
6986.2500 5.124008e+01
6987.5000 4.575115e+01
6988.7500 4.517908e+01
6990.0000 4.493824e+01
6991.2500 4.503233e+01
6992.5000 4.444009e+01
6993.7500 4.148532e+01
6995.0000 4.713574e+01
6996.2500 4.894222e+01
6997.5000 4.766589e+01
6998.7500 4.772488e+01
7000.0000 4.826312e+01
7001.2500 5.267802e+01
7002.5000 7.472754e+01
7003.7500 8.976870e+01
7005.0000 6.004681e+01
7006.2500 4.061988e+01
7007.5000 3.959290e+01
7008.7500 4.260748e+01
7010.0000 9.351446e+01
7011.2500 1.333209e+02
7012.5000 7.965535e+01
7013.7500 4.171214e+01
7015.0000 3.936694e+01
7016.2500 3.547617e+01
7017.5000 3.866699e+01
7018.7500 4.103812e+01
7020.0000 4.022577e+01
7021.2500 3.860895e+01
7022.5000 3.845852e+01
7023.7500 3.911967e+01
7025.0000 3.821843e+01
7026.2500 3.955503e+01
7027.5000 4.281276e+01
7028.7500 4.631363e+01
7030.0000 4.418806e+01
7031.2500 4.050261e+01
7032.5000 3.990800e+01
7033.7500 3.928359e+01
7035.0000 4.034466e+01
7036.2500 3.740918e+01
7037.5000 3.902032e+01
7038.7500 3.965384e+01
7040.0000 5.492954e+01
7041.2500 6.613732e+01
7042.5000 4.978688e+01
7043.7500 4.200452e+01
7045.0000 5.110459e+01
7046.2500 7.189039e+01
7047.5000 1.040563e+02
7048.7500 9.418764e+01
7050.0000 6.709634e+01
7051.2500 6.208551e+01
7052.5000 5.689145e+01
7053.7500 5.536669e+01
7055.0000 5.112413e+01
7056.2500 4.388621e+01
7057.5000 4.276674e+01
7058.7500 4.357793e+01
7060.0000 4.722990e+01
7061.2500 4.947726e+01
7062.5000 5.449907e+01
7063.7500 5.384863e+01
7065.0000 5.205646e+01
7066.2500 6.115814e+01
7067.5000 5.412971e+01
7068.7500 5.164857e+01
7070.0000 5.820659e+01
7071.2500 4.842479e+01
7072.5000 4.935041e+01
7073.7500 5.645882e+01
7075.0000 4.910508e+01
7076.2500 4.486495e+01
7077.5000 5.545825e+01
7078.7500 5.439976e+01
7080.0000 4.878565e+01
7081.2500 5.648859e+01
7082.5000 6.548219e+01
7083.7500 5.014899e+01
7085.0000 4.385534e+01
7086.2500 5.118550e+01
7087.5000 6.725179e+01
7088.7500 7.102433e+01
7090.0000 5.635925e+01
7091.2500 4.945531e+01
7092.5000 4.813148e+01
7093.7500 4.400114e+01
7095.0000 4.290219e+01
7096.2500 4.173266e+01
7097.5000 4.327119e+01
7098.7500 4.274776e+01
7100.0000 4.571725e+01
7101.2500 4.474231e+01
7102.5000 4.189314e+01
7103.7500 4.361084e+01
7105.0000 4.160358e+01
7106.2500 4.207222e+01
7107.5000 4.369465e+01
7108.7500 4.232396e+01
7110.0000 4.474091e+01
7111.2500 4.258823e+01
7112.5000 4.248489e+01
7113.7500 4.179090e+01
7115.0000 4.247171e+01
7116.2500 4.303160e+01
7117.5000 4.339981e+01
7118.7500 4.134779e+01
7120.0000 4.124829e+01
7121.2500 4.122638e+01
7122.5000 4.164555e+01
7123.7500 4.180537e+01
7125.0000 4.476487e+01
7126.2500 5.508973e+01
7127.5000 5.665026e+01
7128.7500 4.819116e+01
7130.0000 4.289938e+01
7131.2500 4.947469e+01
7132.5000 5.935022e+01
7133.7500 5.179766e+01
7135.0000 4.428424e+01
7136.2500 4.065689e+01
7137.5000 3.974051e+01
7138.7500 3.953495e+01
7140.0000 4.575421e+01
7141.2500 5.803164e+01
7142.5000 6.805856e+01
7143.7500 7.343541e+01
7145.0000 6.880798e+01
7146.2500 6.342833e+01
7147.5000 6.211899e+01
7148.7500 5.728954e+01
7150.0000 5.390769e+01
7151.2500 5.136191e+01
7152.5000 4.387124e+01
7153.7500 4.192275e+01
7155.0000 4.539637e+01
7156.2500 4.609956e+01
7157.5000 4.917797e+01
7158.7500 5.303750e+01
7160.0000 5.304340e+01
7161.2500 6.020349e+01
7162.5000 5.767762e+01
7163.7500 4.971072e+01
7165.0000 5.885560e+01
7166.2500 6.096480e+01
7167.5000 5.003338e+01
7168.7500 5.829654e+01
7170.0000 6.416551e+01
7171.2500 5.395581e+01
7172.5000 5.992204e+01
7173.7500 7.866035e+01
7175.0000 8.804045e+01
7176.2500 8.211968e+01
7177.5000 8.268832e+01
7178.7500 7.888943e+01
7180.0000 7.303461e+01
7181.2500 7.302905e+01
7182.5000 6.294089e+01
7183.7500 5.618054e+01
7185.0000 5.255571e+01
7186.2500 4.692575e+01
7187.5000 4.768951e+01
7188.7500 4.968408e+01
7190.0000 4.530850e+01
7191.2500 4.278951e+01
7192.5000 4.536063e+01
7193.7500 4.613826e+01
7195.0000 4.344818e+01
7196.2500 4.476429e+01
7197.5000 4.419254e+01
7198.7500 4.427520e+01
7200.0000 5.092652e+01
7201.2500 4.921851e+01
7202.5000 4.598556e+01
7203.7500 4.300311e+01
7205.0000 4.189537e+01
7206.2500 4.289769e+01
7207.5000 4.550108e+01
7208.7500 4.296700e+01
7210.0000 4.035363e+01
7211.2500 4.198036e+01
7212.5000 4.032461e+01
7213.7500 3.956673e+01
7215.0000 3.970377e+01
7216.2500 4.082882e+01
7217.5000 3.945858e+01
7218.7500 4.013781e+01
7220.0000 4.320723e+01
7221.2500 5.170267e+01
7222.5000 5.169819e+01
7223.7500 5.042012e+01
7225.0000 5.015904e+01
7226.2500 4.561752e+01
7227.5000 4.990232e+01
7228.7500 5.744249e+01
7230.0000 5.088481e+01
7231.2500 4.624554e+01
7232.5000 5.946572e+01
7233.7500 6.107427e+01
7235.0000 5.336484e+01
7236.2500 5.812213e+01
7237.5000 2.109392e+02
7238.7500 5.449083e+02
7240.0000 8.611693e+02
7241.2500 6.076668e+02
7242.5000 2.186682e+02
7243.7500 6.108458e+02
7245.0000 8.997106e+02
7246.2500 3.691628e+02
7247.5000 1.157837e+02
7248.7500 6.257454e+01
7250.0000 5.999215e+01
7251.2500 9.199215e+01
7252.5000 2.270668e+02
7253.7500 2.007289e+02
7255.0000 1.022940e+02
7256.2500 8.276080e+01
7257.5000 5.345578e+01
7258.7500 5.006902e+01
7260.0000 5.399098e+01
7261.2500 5.031598e+01
7262.5000 5.709262e+01
7263.7500 5.636518e+01
7265.0000 5.126765e+01
7266.2500 6.440722e+01
7267.5000 7.699648e+01
7268.7500 7.528977e+01
7270.0000 6.225757e+01
7271.2500 5.708659e+01
7272.5000 5.494632e+01
7273.7500 1.545255e+02
7275.0000 9.759683e+02
7276.2500 2.093639e+03
7277.5000 8.375049e+02
7278.7500 6.839103e+01
7280.0000 7.100722e+01
7281.2500 8.362229e+01
7282.5000 1.481497e+02
7283.7500 4.416780e+02
7285.0000 4.037209e+02
7286.2500 1.056715e+02
7287.5000 5.053318e+01
7288.7500 5.071735e+01
7290.0000 6.188843e+01
7291.2500 6.790646e+01
7292.5000 5.745561e+01
7293.7500 6.052134e+01
7295.0000 1.526131e+02
7296.2500 1.634491e+02
7297.5000 6.491445e+01
7298.7500 4.314294e+01
7300.0000 4.345860e+01
7301.2500 5.327429e+01
7302.5000 2.197380e+02
7303.7500 3.343810e+02
7305.0000 1.393426e+02
7306.2500 5.583118e+01
7307.5000 5.146074e+01
7308.7500 4.495734e+01
7310.0000 6.942839e+01
7311.2500 7.607527e+01
7312.5000 5.342904e+01
7313.7500 7.731875e+01
7315.0000 6.243621e+02
7316.2500 1.065419e+03
7317.5000 4.103646e+02
7318.7500 4.938773e+01
7320.0000 4.449845e+01
7321.2500 4.151221e+01
7322.5000 3.913650e+01
7323.7500 4.074739e+01
7325.0000 4.087886e+01
7326.2500 4.553750e+01
7327.5000 1.710247e+02
7328.7500 4.174313e+02
7330.0000 2.829682e+02
7331.2500 6.393322e+01
7332.5000 4.791062e+01
7333.7500 4.294785e+01
7335.0000 4.184774e+01
7336.2500 4.204986e+01
7337.5000 4.608551e+01
7338.7500 1.730951e+02
7340.0000 9.957844e+02
7341.2500 1.067852e+03
7342.5000 2.226327e+02
7343.7500 5.775104e+01
7345.0000 5.876114e+01
7346.2500 5.399235e+01
7347.5000 5.030805e+01
7348.7500 4.904587e+01
7350.0000 5.763145e+01
7351.2500 6.298721e+01
7352.5000 5.564730e+01
7353.7500 4.817789e+01
7355.0000 4.679372e+01
7356.2500 6.595494e+01
7357.5000 2.548620e+02
7358.7500 3.505103e+02
7360.0000 1.437960e+02
7361.2500 4.918634e+01
7362.5000 4.759053e+01
7363.7500 5.280585e+01
7365.0000 5.267274e+01
7366.2500 5.393858e+01
7367.5000 2.243495e+02
7368.7500 8.124915e+02
7370.0000 6.547809e+02
7371.2500 1.039523e+02
7372.5000 5.155130e+01
7373.7500 6.378706e+01
7375.0000 5.294166e+01
7376.2500 4.051187e+01
7377.5000 4.524162e+01
7378.7500 4.798117e+01
7380.0000 4.392903e+01
7381.2500 3.975604e+01
7382.5000 4.494381e+01
7383.7500 4.475532e+01
7385.0000 3.915429e+01
7386.2500 3.872837e+01
7387.5000 4.326363e+01
7388.7500 5.059340e+01
7390.0000 7.909924e+01
7391.2500 2.082570e+02
7392.5000 2.268434e+02
7393.7500 8.364133e+01
7395.0000 4.250141e+01
7396.2500 3.889921e+01
7397.5000 3.878811e+01
7398.7500 4.438966e+01
7400.0000 1.545373e+02
7401.2500 4.739288e+02
7402.5000 3.835778e+02
7403.7500 7.787988e+01
7405.0000 3.953082e+01
7406.2500 3.720560e+01
7407.5000 3.739000e+01
7408.7500 3.720414e+01
7410.0000 4.081821e+01
7411.2500 4.684053e+01
7412.5000 5.358781e+01
7413.7500 4.318428e+01
7415.0000 4.104567e+01
7416.2500 4.602825e+01
7417.5000 4.509182e+01
7418.7500 3.984714e+01
7420.0000 3.674428e+01
7421.2500 3.812827e+01
7422.5000 4.361768e+01
7423.7500 4.097782e+01
7425.0000 3.681341e+01
7426.2500 3.662317e+01
7427.5000 4.890311e+01
7428.7500 1.220343e+02
7430.0000 1.415378e+02
7431.2500 6.188910e+01
7432.5000 3.812282e+01
7433.7500 3.681359e+01
7435.0000 3.781621e+01
7436.2500 6.630402e+01
7437.5000 2.101488e+02
7438.7500 2.391707e+02
7440.0000 9.019802e+01
7441.2500 3.851276e+01
7442.5000 3.924076e+01
7443.7500 3.791254e+01
7445.0000 3.597272e+01
7446.2500 3.406038e+01
7447.5000 3.668218e+01
7448.7500 3.620372e+01
7450.0000 3.618546e+01
7451.2500 3.837186e+01
7452.5000 3.806229e+01
7453.7500 3.568089e+01
7455.0000 3.534448e+01
7456.2500 3.657048e+01
7457.5000 4.278654e+01
7458.7500 4.561708e+01
7460.0000 4.402423e+01
7461.2500 6.262116e+01
7462.5000 6.868934e+01
7463.7500 5.859399e+01
7465.0000 7.643393e+01
7466.2500 1.049014e+02
7467.5000 7.358117e+01
7468.7500 5.119658e+01
7470.0000 9.736008e+01
7471.2500 1.344385e+02
7472.5000 1.722104e+02
7473.7500 1.695001e+02
7475.0000 7.825237e+01
7476.2500 4.559700e+01
7477.5000 9.242617e+01
7478.7500 1.808199e+02
7480.0000 1.691446e+02
7481.2500 9.680495e+01
7482.5000 1.858434e+02
7483.7500 2.017796e+02
7485.0000 7.421976e+01
7486.2500 4.422137e+01
7487.5000 4.592155e+01
7488.7500 4.262576e+01
7490.0000 3.738847e+01
7491.2500 4.140006e+01
7492.5000 8.162391e+01
7493.7500 9.445898e+01
7495.0000 5.221526e+01
7496.2500 3.769319e+01
7497.5000 3.781328e+01
7498.7500 4.272700e+01
7500.0000 4.470681e+01
7501.2500 4.172753e+01
7502.5000 4.149495e+01
7503.7500 4.008109e+01
7505.0000 3.656171e+01
7506.2500 3.590107e+01
7507.5000 3.969658e+01
7508.7500 3.989333e+01
7510.0000 3.671582e+01
7511.2500 3.381719e+01
7512.5000 3.873755e+01
7513.7500 3.629264e+01
7515.0000 4.020794e+01
7516.2500 7.115739e+01
7517.5000 8.159621e+01
7518.7500 4.929586e+01
7520.0000 4.647996e+01
7521.2500 8.186819e+01
7522.5000 3.859231e+02
7523.7500 6.515189e+02
7525.0000 3.137321e+02
7526.2500 5.878976e+01
7527.5000 5.282937e+01
7528.7500 9.279544e+01
7530.0000 1.875519e+02
7531.2500 1.609453e+02
7532.5000 5.381467e+01
7533.7500 4.007044e+01
7535.0000 4.023608e+01
7536.2500 4.309638e+01
7537.5000 4.521503e+01
7538.7500 6.171543e+01
7540.0000 8.434933e+01
7541.2500 6.708679e+01
7542.5000 4.266962e+01
7543.7500 4.329985e+01
7545.0000 4.335132e+01
7546.2500 4.669877e+01
7547.5000 4.399829e+01
7548.7500 3.978909e+01
7550.0000 4.279744e+01
7551.2500 4.592244e+01
7552.5000 5.213938e+01
7553.7500 4.902472e+01
7555.0000 4.753678e+01
7556.2500 1.253668e+02
7557.5000 1.657083e+02
7558.7500 7.977816e+01
7560.0000 4.593912e+01
7561.2500 4.655269e+01
7562.5000 4.426134e+01
7563.7500 4.289473e+01
7565.0000 4.257554e+01
7566.2500 6.348539e+01
7567.5000 7.704906e+01
7568.7500 5.880801e+01
7570.0000 2.030273e+02
7571.2500 5.047375e+02
7572.5000 3.489814e+02
7573.7500 1.046964e+02
7575.0000 6.727219e+01
7576.2500 4.634181e+01
7577.5000 4.495566e+01
7578.7500 4.342067e+01
7580.0000 4.731391e+01
7581.2500 4.908786e+01
7582.5000 5.178915e+01
7583.7500 6.644518e+01
7585.0000 2.627246e+02
7586.2500 3.515960e+02
7587.5000 1.176182e+02
7588.7500 6.591462e+01
7590.0000 6.660040e+01
7591.2500 6.795915e+01
7592.5000 6.900661e+01
7593.7500 8.378375e+01
7595.0000 1.032618e+02
7596.2500 2.671753e+02
7597.5000 1.167043e+03
7598.7500 1.304010e+03
7600.0000 3.864407e+02
7601.2500 2.180643e+02
7602.5000 2.513013e+02
7603.7500 2.994032e+02
7605.0000 3.021674e+02
7606.2500 2.790752e+02
7607.5000 2.790250e+02
7608.7500 2.851868e+02
7610.0000 2.581332e+02
7611.2500 2.005857e+02
7612.5000 1.641653e+02
7613.7500 1.375435e+02
7615.0000 9.553723e+01
7616.2500 1.590485e+02
7617.5000 3.154553e+02
7618.7500 1.824484e+02
7620.0000 8.796123e+01
7621.2500 1.396954e+02
7622.5000 1.736022e+02
7623.7500 1.384510e+02
7625.0000 1.273719e+02
7626.2500 1.460640e+02
7627.5000 7.149235e+02
7628.7500 9.433568e+02
7630.0000 2.889240e+02
7631.2500 1.248200e+02
7632.5000 1.402608e+02
7633.7500 1.121639e+02
7635.0000 9.278542e+01
7636.2500 1.156563e+02
7637.5000 1.045640e+02
7638.7500 9.599932e+01
7640.0000 9.933097e+01
7641.2500 1.215662e+02
7642.5000 9.174628e+01
7643.7500 7.789466e+01
7645.0000 9.123515e+01
7646.2500 8.224590e+01
7647.5000 7.327757e+01
7648.7500 7.269456e+01
7650.0000 8.233855e+01
7651.2500 8.486025e+01
7652.5000 1.537549e+02
7653.7500 1.823492e+02
7655.0000 8.848290e+01
7656.2500 6.425446e+01
7657.5000 5.033229e+01
7658.7500 5.474113e+01
7660.0000 6.947105e+01
7661.2500 2.606569e+02
7662.5000 2.423542e+02
7663.7500 1.083441e+02
7665.0000 5.382649e+01
7666.2500 5.125869e+01
7667.5000 4.645752e+01
7668.7500 4.095482e+01
7670.0000 4.315605e+01
7671.2500 5.406699e+01
7672.5000 5.616866e+01
7673.7500 4.440001e+01
7675.0000 3.966505e+01
7676.2500 4.342283e+01
7677.5000 4.710324e+01
7678.7500 4.489822e+01
7680.0000 4.734986e+01
7681.2500 6.304729e+01
7682.5000 6.006424e+01
7683.7500 4.793911e+01
7685.0000 5.154990e+01
7686.2500 6.817075e+01
7687.5000 6.870645e+01
7688.7500 5.470010e+01
7690.0000 5.332942e+01
7691.2500 7.703510e+01
7692.5000 7.078219e+01
7693.7500 4.594202e+01
7695.0000 4.391408e+01
7696.2500 4.707716e+01
7697.5000 5.789605e+01
7698.7500 9.832728e+01
7700.0000 9.530714e+01
7701.2500 5.562971e+01
7702.5000 4.096713e+01
7703.7500 4.026524e+01
7705.0000 3.745130e+01
7706.2500 3.494730e+01
7707.5000 3.835993e+01
7708.7500 3.872514e+01
7710.0000 8.407199e+01
7711.2500 5.229149e+02
7712.5000 8.686593e+02
7713.7500 4.621515e+02
7715.0000 4.381437e+02
7716.2500 8.912019e+02
7717.5000 7.667564e+02
7718.7500 2.501309e+02
7720.0000 5.963477e+01
7721.2500 5.111172e+01
7722.5000 1.065821e+02
7723.7500 1.518544e+02
7725.0000 2.112436e+02
7726.2500 2.115512e+02
7727.5000 9.090223e+01
7728.7500 4.545371e+01
7730.0000 4.632641e+01
7731.2500 4.322465e+01
7732.5000 4.768079e+01
7733.7500 6.765644e+01
7735.0000 8.329634e+01
7736.2500 7.019528e+01
7737.5000 4.614466e+01
7738.7500 4.859507e+01
7740.0000 5.309290e+01
7741.2500 5.164702e+01
7742.5000 3.977049e+01
7743.7500 4.013285e+01
7745.0000 5.135687e+01
7746.2500 5.242046e+01
7747.5000 8.570016e+01
7748.7500 5.236101e+02
7750.0000 1.484594e+03
7751.2500 1.080203e+03
7752.5000 1.746720e+02
7753.7500 4.619650e+01
7755.0000 4.955480e+01
7756.2500 7.155359e+01
7757.5000 9.354201e+01
7758.7500 3.600596e+02
7760.0000 5.159033e+02
7761.2500 1.929965e+02
7762.5000 4.257302e+01
7763.7500 4.046933e+01
7765.0000 3.877554e+01
7766.2500 3.854024e+01
7767.5000 4.237555e+01
7768.7500 5.037804e+01
7770.0000 8.082986e+01
7771.2500 1.985493e+02
7772.5000 3.361978e+02
7773.7500 3.181702e+02
7775.0000 1.712889e+02
7776.2500 6.837863e+01
7777.5000 4.590951e+01
7778.7500 1.727714e+02
7780.0000 3.462730e+02
7781.2500 2.046439e+02
7782.5000 5.619947e+01
7783.7500 5.254814e+01
7785.0000 6.135122e+01
7786.2500 6.355961e+01
7787.5000 5.805925e+01
7788.7500 6.732894e+01
7790.0000 1.037248e+02
7791.2500 1.229262e+02
7792.5000 6.182488e+02
7793.7500 1.280227e+03
7795.0000 6.165219e+02
7796.2500 7.742725e+01
7797.5000 5.262122e+01
7798.7500 5.072306e+01
7800.0000 4.448951e+01
7801.2500 4.273783e+01
7802.5000 4.915709e+01
7803.7500 5.155326e+01
7805.0000 5.101480e+01
7806.2500 1.211259e+02
7807.5000 4.737897e+02
7808.7500 4.738448e+02
7810.0000 1.208112e+02
7811.2500 6.930772e+01
7812.5000 6.741793e+01
7813.7500 7.527332e+01
7815.0000 8.391389e+01
7816.2500 6.518441e+01
7817.5000 6.534808e+01
7818.7500 1.193007e+02
7820.0000 9.342428e+02
7821.2500 1.770341e+03
7822.5000 7.372070e+02
7823.7500 7.932682e+01
7825.0000 6.367495e+01
7826.2500 5.468309e+01
7827.5000 6.929301e+01
7828.7500 8.391750e+01
7830.0000 6.130030e+01
7831.2500 5.091034e+01
7832.5000 6.423515e+01
7833.7500 7.109112e+01
7835.0000 5.712236e+01
7836.2500 4.334072e+01
7837.5000 4.895253e+01
7838.7500 7.684698e+01
7840.0000 3.649054e+02
7841.2500 5.253990e+02
7842.5000 1.916214e+02
7843.7500 4.982339e+01
7845.0000 5.233706e+01
7846.2500 5.105644e+01
7847.5000 7.100038e+01
7848.7500 1.875547e+02
7850.0000 2.108707e+02
7851.2500 3.638234e+02
7852.5000 1.595629e+03
7853.7500 1.592742e+03
7855.0000 2.853614e+02
7856.2500 9.830597e+01
7857.5000 2.008783e+02
7858.7500 2.837644e+02
7860.0000 6.330041e+02
7861.2500 5.087862e+02
7862.5000 8.806973e+01
7863.7500 5.302811e+01
7865.0000 5.714122e+01
7866.2500 1.659542e+02
7867.5000 3.029172e+02
7868.7500 2.968353e+02
7870.0000 7.211245e+02
7871.2500 6.480043e+02
7872.5000 1.173737e+02
7873.7500 5.420448e+01
7875.0000 5.139985e+01
7876.2500 6.636040e+01
7877.5000 2.640195e+02
7878.7500 4.040359e+02
7880.0000 2.660776e+02
7881.2500 3.357710e+02
7882.5000 2.358698e+02
7883.7500 8.341351e+01
7885.0000 8.438904e+01
7886.2500 9.222054e+01
7887.5000 1.404625e+02
7888.7500 6.237937e+02
7890.0000 8.327145e+02
7891.2500 2.948399e+02
7892.5000 9.104265e+01
7893.7500 8.528860e+01
7895.0000 7.721773e+01
7896.2500 6.794507e+01
7897.5000 7.392950e+01
7898.7500 6.414951e+01
7900.0000 4.918353e+01
7901.2500 5.357957e+01
7902.5000 7.234225e+01
7903.7500 6.240245e+01
7905.0000 6.513779e+01
7906.2500 7.317897e+01
7907.5000 6.299969e+01
7908.7500 6.469675e+01
7910.0000 1.022321e+02
7911.2500 3.005651e+02
7912.5000 1.496955e+03
7913.7500 2.157884e+03
7915.0000 7.115388e+02
7916.2500 7.933461e+01
7917.5000 1.100789e+02
7918.7500 1.877905e+02
7920.0000 6.333720e+02
7921.2500 8.242847e+02
7922.5000 2.694319e+02
7923.7500 7.386920e+01
7925.0000 5.906213e+01
7926.2500 4.710861e+01
7927.5000 6.983770e+01
7928.7500 1.094935e+02
7930.0000 3.578336e+02
7931.2500 5.569556e+02
7932.5000 2.737255e+02
7933.7500 7.668224e+01
7935.0000 5.735760e+01
7936.2500 4.728320e+01
7937.5000 4.680501e+01
7938.7500 4.878004e+01
7940.0000 5.452523e+01
7941.2500 5.719348e+01
7942.5000 5.963029e+01
7943.7500 6.825515e+01
7945.0000 8.296146e+01
7946.2500 8.476964e+01
7947.5000 1.880892e+02
7948.7500 4.312940e+02
7950.0000 2.891154e+02
7951.2500 7.026862e+01
7952.5000 5.891634e+01
7953.7500 4.839036e+01
7955.0000 4.347819e+01
7956.2500 4.322011e+01
7957.5000 4.412542e+01
7958.7500 4.308891e+01
7960.0000 4.579624e+01
7961.2500 5.245193e+01
7962.5000 2.380068e+02
7963.7500 1.335988e+03
7965.0000 1.435182e+03
7966.2500 2.866423e+02
7967.5000 1.334698e+02
7968.7500 1.150459e+02
7970.0000 5.901791e+01
7971.2500 5.407220e+01
7972.5000 5.350599e+01
7973.7500 4.989456e+01
7975.0000 6.599296e+01
7976.2500 1.678184e+02
7977.5000 2.466109e+02
7978.7500 4.914416e+02
7980.0000 5.241569e+02
7981.2500 1.484315e+02
7982.5000 4.515389e+01
7983.7500 4.595851e+01
7985.0000 4.945578e+01
7986.2500 6.098534e+01
7987.5000 6.738662e+01
7988.7500 6.317697e+01
7990.0000 7.201977e+01
7991.2500 3.079507e+02
7992.5000 1.548403e+03
7993.7500 1.532574e+03
7995.0000 2.816345e+02
7996.2500 7.129047e+01
7997.5000 7.642004e+01
7998.7500 7.222177e+01
8000.0000 6.595409e+01
8001.2500 6.666486e+01
8002.5000 6.553453e+01
8003.7500 5.953369e+01
8005.0000 5.524777e+01
8006.2500 4.864177e+01
8007.5000 5.086580e+01
8008.7500 5.180413e+01
8010.0000 5.467867e+01
8011.2500 7.043848e+01
8012.5000 2.299259e+02
8013.7500 4.575240e+02
8015.0000 2.897083e+02
8016.2500 6.985050e+01
8017.5000 5.598305e+01
8018.7500 9.012245e+01
8020.0000 1.186634e+02
8021.2500 7.917931e+01
8022.5000 6.099107e+01
8023.7500 2.530433e+02
8025.0000 1.029273e+03
8026.2500 9.557349e+02
8027.5000 2.480991e+02
8028.7500 1.375817e+02
8030.0000 9.185828e+01
8031.2500 7.494701e+01
8032.5000 6.558198e+01
8033.7500 6.182408e+01
8035.0000 5.810974e+01
8036.2500 5.056680e+01
8037.5000 4.667004e+01
8038.7500 4.889100e+01
8040.0000 5.457749e+01
8041.2500 5.739032e+01
8042.5000 4.965154e+01
8043.7500 4.560801e+01
8045.0000 4.791853e+01
8046.2500 4.744508e+01
8047.5000 4.839754e+01
8048.7500 6.438510e+01
8050.0000 1.246527e+02
8051.2500 2.702523e+02
8052.5000 2.268685e+02
8053.7500 6.807066e+01
8055.0000 4.550358e+01
8056.2500 4.558703e+01
8057.5000 4.685691e+01
8058.7500 4.904186e+01
8060.0000 1.320412e+02
8061.2500 4.997285e+02
8062.5000 5.171193e+02
8063.7500 1.371785e+02
8065.0000 5.672517e+01
8066.2500 5.758054e+01
8067.5000 5.151442e+01
8068.7500 4.697493e+01
8070.0000 4.506386e+01
8071.2500 4.409500e+01
8072.5000 4.849909e+01
8073.7500 6.100665e+01
8075.0000 6.100585e+01
8076.2500 7.047701e+01
8077.5000 7.491587e+01
8078.7500 5.796530e+01
8080.0000 4.941121e+01
8081.2500 5.162589e+01
8082.5000 6.002262e+01
8083.7500 8.032871e+01
8085.0000 9.447366e+01
8086.2500 7.254731e+01
8087.5000 4.967929e+01
8088.7500 4.814132e+01
8090.0000 5.026744e+01
8091.2500 5.596954e+01
8092.5000 1.382053e+02
8093.7500 1.763965e+02
8095.0000 9.138702e+01
8096.2500 5.359195e+01
8097.5000 5.254111e+01
8098.7500 5.418572e+01
8100.0000 7.241885e+01
8101.2500 2.176348e+02
8102.5000 2.961780e+02
8103.7500 1.489561e+02
8105.0000 7.344512e+01
8106.2500 6.430193e+01
8107.5000 6.543915e+01
8108.7500 6.396353e+01
8110.0000 6.270998e+01
8111.2500 6.030308e+01
8112.5000 5.851640e+01
8113.7500 5.495808e+01
8115.0000 5.713688e+01
8116.2500 5.228523e+01
8117.5000 5.008315e+01
8118.7500 5.293400e+01
8120.0000 5.422130e+01
8121.2500 5.549545e+01
8122.5000 5.819714e+01
8123.7500 5.446432e+01
8125.0000 5.481655e+01
8126.2500 6.175697e+01
8127.5000 6.437364e+01
8128.7500 5.522486e+01
8130.0000 5.668867e+01
8131.2500 7.042478e+01
8132.5000 6.135197e+01
8133.7500 5.878325e+01
8135.0000 6.569061e+01
8136.2500 6.396869e+01
8137.5000 8.464008e+01
8138.7500 1.224545e+02
8140.0000 1.025608e+02
8141.2500 6.188141e+01
8142.5000 4.968365e+01
8143.7500 4.966060e+01
8145.0000 7.457710e+01
8146.2500 1.471911e+02
8147.5000 1.321535e+02
8148.7500 6.380255e+01
8150.0000 4.899606e+01
8151.2500 5.062561e+01
8152.5000 5.082195e+01
8153.7500 5.041400e+01
8155.0000 4.754805e+01
8156.2500 4.764090e+01
8157.5000 4.466780e+01
8158.7500 4.948687e+01
8160.0000 4.999944e+01
8161.2500 4.756892e+01
8162.5000 4.970374e+01
8163.7500 5.097281e+01
8165.0000 4.669572e+01
8166.2500 4.340677e+01
8167.5000 4.380125e+01
8168.7500 4.561715e+01
8170.0000 4.853002e+01
8171.2500 4.829200e+01
8172.5000 4.573102e+01
8173.7500 4.308627e+01
8175.0000 4.165242e+01
8176.2500 4.483208e+01
8177.5000 4.818091e+01
8178.7500 4.921673e+01
8180.0000 4.671825e+01
8181.2500 4.391177e+01
8182.5000 4.205647e+01
8183.7500 4.515377e+01
8185.0000 4.478185e+01
8186.2500 5.160515e+01
8187.5000 7.454142e+01
8188.7500 7.347581e+01
8190.0000 5.413057e+01
8191.2500 4.538903e+01
8192.5000 4.691808e+01
8193.7500 6.797684e+01
8195.0000 8.291277e+01
8196.2500 6.794471e+01
8197.5000 5.172580e+01
8198.7500 4.858557e+01
8200.0000 4.548730e+01
8201.2500 4.812070e+01
8202.5000 4.855077e+01
8203.7500 5.211634e+01
8205.0000 5.290419e+01
8206.2500 5.670821e+01
8207.5000 5.785970e+01
8208.7500 5.946724e+01
8210.0000 5.186207e+01
8211.2500 4.906188e+01
8212.5000 5.329781e+01
8213.7500 5.839978e+01
8215.0000 5.847790e+01
8216.2500 5.356285e+01
8217.5000 5.387007e+01
8218.7500 5.607420e+01
8220.0000 5.073337e+01
8221.2500 5.038798e+01
8222.5000 6.286591e+01
8223.7500 7.025928e+01
8225.0000 6.798376e+01
8226.2500 6.785532e+01
8227.5000 6.824875e+01
8228.7500 6.991802e+01
8230.0000 6.841122e+01
8231.2500 6.998715e+01
8232.5000 7.191105e+01
8233.7500 7.364579e+01
8235.0000 7.299283e+01
8236.2500 7.855983e+01
8237.5000 7.760712e+01
8238.7500 7.376177e+01
8240.0000 8.693444e+01
8241.2500 1.028091e+02
8242.5000 8.677145e+01
8243.7500 6.891772e+01
8245.0000 6.764885e+01
8246.2500 7.986967e+01
8247.5000 9.367906e+01
8248.7500 7.751164e+01
8250.0000 5.965118e+01
8251.2500 5.804205e+01
8252.5000 5.509382e+01
8253.7500 6.487453e+01
8255.0000 7.490839e+01
8256.2500 6.965981e+01
8257.5000 5.731753e+01
8258.7500 5.186477e+01
8260.0000 5.449195e+01
8261.2500 5.731931e+01
8262.5000 5.161535e+01
8263.7500 5.359237e+01
8265.0000 5.283376e+01
8266.2500 4.996778e+01
8267.5000 5.257935e+01
8268.7500 5.355568e+01
8270.0000 5.420010e+01
8271.2500 5.303213e+01
8272.5000 5.456233e+01
8273.7500 5.546923e+01
8275.0000 6.009941e+01
8276.2500 1.147434e+02
8277.5000 3.609112e+02
8278.7500 4.165762e+02
8280.0000 5.000404e+02
8281.2500 9.641727e+02
8282.5000 6.674108e+02
8283.7500 1.423320e+02
8285.0000 1.971221e+02
8286.2500 4.445545e+02
8287.5000 1.363081e+03
8288.7500 1.785982e+03
8290.0000 4.576841e+02
8291.2500 9.056840e+01
8292.5000 5.306018e+01
8293.7500 7.833187e+01
8295.0000 3.515983e+02
8296.2500 5.339102e+02
8297.5000 9.766298e+02
8298.7500 1.542734e+03
8300.0000 6.604735e+02
8301.2500 1.127980e+02
8302.5000 1.038577e+02
8303.7500 8.307069e+01
8305.0000 7.113792e+01
8306.2500 5.689402e+01
8307.5000 5.852402e+01
8308.7500 1.685619e+02
8310.0000 4.974447e+02
8311.2500 4.175742e+02
8312.5000 9.040415e+01
8313.7500 4.848344e+01
8315.0000 4.932934e+01
8316.2500 6.155601e+01
8317.5000 9.400943e+01
8318.7500 8.978456e+01
8320.0000 6.087341e+01
8321.2500 5.466604e+01
8322.5000 5.787444e+01
8323.7500 5.103892e+01
8325.0000 4.825194e+01
8326.2500 4.776215e+01
8327.5000 4.729224e+01
8328.7500 4.822740e+01
8330.0000 4.785471e+01
8331.2500 4.972185e+01
8332.5000 4.911241e+01
8333.7500 5.321995e+01
8335.0000 5.307782e+01
8336.2500 6.707793e+01
8337.5000 9.932126e+01
8338.7500 8.876562e+01
8340.0000 7.290505e+01
8341.2500 2.110769e+02
8342.5000 1.181241e+03
8343.7500 4.896225e+03
8345.0000 4.314007e+03
8346.2500 5.632697e+02
8347.5000 8.229451e+01
8348.7500 1.525135e+02
8350.0000 1.888373e+02
8351.2500 6.326071e+02
8352.5000 1.499702e+03
8353.7500 8.884553e+02
8355.0000 9.536768e+01
8356.2500 6.298559e+01
8357.5000 5.452184e+01
8358.7500 6.408303e+01
8360.0000 1.139397e+02
8361.2500 1.396779e+02
8362.5000 1.541387e+02
8363.7500 4.155134e+02
8365.0000 4.806522e+02
8366.2500 1.828799e+02
8367.5000 6.621226e+01
8368.7500 5.656552e+01
8370.0000 4.856215e+01
8371.2500 5.061637e+01
8372.5000 5.746036e+01
8373.7500 5.411416e+01
8375.0000 5.804985e+01
8376.2500 6.263947e+01
8377.5000 5.728937e+01
8378.7500 1.013985e+02
8380.0000 2.094979e+02
8381.2500 6.846744e+02
8382.5000 8.777609e+02
8383.7500 3.018101e+02
8385.0000 5.829211e+01
8386.2500 5.562370e+01
8387.5000 5.447406e+01
8388.7500 5.630407e+01
8390.0000 7.401842e+01
8391.2500 7.496342e+01
8392.5000 5.651841e+01
8393.7500 5.350505e+01
8395.0000 5.534327e+01
8396.2500 9.530653e+01
8397.5000 1.239867e+03
8398.7500 3.384551e+03
8400.0000 1.921188e+03
8401.2500 1.925489e+02
8402.5000 5.469545e+01
8403.7500 4.971184e+01
8405.0000 4.708493e+01
8406.2500 4.752575e+01
8407.5000 4.944686e+01
8408.7500 4.718716e+01
8410.0000 4.699715e+01
8411.2500 5.186997e+01
8412.5000 8.069589e+01
8413.7500 6.236832e+02
8415.0000 1.156186e+03
8416.2500 5.224229e+02
8417.5000 6.810737e+01
8418.7500 5.262716e+01
8420.0000 5.790960e+01
8421.2500 5.731676e+01
8422.5000 7.547658e+01
8423.7500 8.494218e+01
8425.0000 8.003825e+01
8426.2500 1.071613e+02
8427.5000 2.275334e+02
8428.7500 2.268090e+03
8430.0000 4.362537e+03
8431.2500 1.664060e+03
8432.5000 1.441964e+02
8433.7500 1.110796e+02
8435.0000 9.458279e+01
8436.2500 5.708656e+01
8437.5000 4.947211e+01
8438.7500 4.872349e+01
8440.0000 4.937169e+01
8441.2500 5.123565e+01
8442.5000 4.910589e+01
8443.7500 5.506037e+01
8445.0000 1.236521e+02
8446.2500 1.974821e+02
8447.5000 1.215344e+02
8448.7500 6.172877e+01
8450.0000 1.597886e+02
8451.2500 8.459688e+02
8452.5000 9.887507e+02
8453.7500 2.532382e+02
8455.0000 6.690769e+01
8456.2500 5.751041e+01
8457.5000 5.728828e+01
8458.7500 5.290290e+01
8460.0000 6.207903e+01
8461.2500 6.989094e+01
8462.5000 1.261687e+02
8463.7500 1.056139e+03
8465.0000 2.806154e+03
8466.2500 1.591535e+03
8467.5000 1.364679e+02
8468.7500 5.474560e+01
8470.0000 5.099623e+01
8471.2500 4.747022e+01
8472.5000 6.024970e+01
8473.7500 9.566644e+01
8475.0000 9.730608e+01
8476.2500 5.517835e+01
8477.5000 4.494948e+01
8478.7500 4.512411e+01
8480.0000 4.496913e+01
8481.2500 4.316132e+01
8482.5000 4.335073e+01
8483.7500 4.451504e+01
8485.0000 4.803834e+01
8486.2500 4.946647e+01
8487.5000 4.545402e+01
8488.7500 4.560543e+01
8490.0000 4.870768e+01
8491.2500 1.399550e+02
8492.5000 5.128290e+02
8493.7500 5.543212e+02
8495.0000 1.647521e+02
8496.2500 6.811066e+01
8497.5000 6.868210e+01
8498.7500 5.704723e+01
8500.0000 7.143518e+01
8501.2500 8.738677e+01
8502.5000 2.288351e+02
8503.7500 1.054492e+03
8505.0000 1.270879e+03
8506.2500 3.506252e+02
8507.5000 5.883538e+01
8508.7500 5.243150e+01
8510.0000 4.779754e+01
8511.2500 4.838967e+01
8512.5000 5.231833e+01
8513.7500 4.944322e+01
8515.0000 4.824877e+01
8516.2500 4.840164e+01
8517.5000 5.353571e+01
8518.7500 6.018103e+01
8520.0000 7.899271e+01
8521.2500 6.989149e+01
8522.5000 5.185434e+01
8523.7500 4.962526e+01
8525.0000 5.168649e+01
8526.2500 4.867242e+01
8527.5000 4.736805e+01
8528.7500 4.816831e+01
8530.0000 4.964214e+01
8531.2500 4.889722e+01
8532.5000 4.622337e+01
8533.7500 4.620970e+01
8535.0000 4.959258e+01
8536.2500 6.531601e+01
8537.5000 2.386841e+02
8538.7500 3.165162e+02
8540.0000 1.315730e+02
8541.2500 5.826413e+01
8542.5000 6.147587e+01
8543.7500 5.096540e+01
8545.0000 5.476921e+01
8546.2500 9.378001e+01
8547.5000 3.937883e+02
8548.7500 5.838310e+02
8550.0000 2.572941e+02
8551.2500 6.856092e+01
8552.5000 6.536159e+01
8553.7500 5.703563e+01
8555.0000 4.971173e+01
8556.2500 4.319697e+01
8557.5000 4.365493e+01
8558.7500 4.330753e+01
8560.0000 4.603404e+01
8561.2500 4.816450e+01
8562.5000 4.350270e+01
8563.7500 4.393162e+01
8565.0000 4.692372e+01
8566.2500 4.555413e+01
8567.5000 4.579067e+01
8568.7500 4.503516e+01
8570.0000 4.745557e+01
8571.2500 6.007047e+01
8572.5000 6.493410e+01
8573.7500 6.472422e+01
8575.0000 6.617677e+01
8576.2500 6.580016e+01
8577.5000 5.954443e+01
8578.7500 4.968175e+01
8580.0000 4.427061e+01
8581.2500 4.436977e+01
8582.5000 4.359223e+01
8583.7500 4.536795e+01
8585.0000 4.885497e+01
8586.2500 8.709483e+01
8587.5000 1.860894e+02
8588.7500 1.555051e+02
8590.0000 6.459267e+01
8591.2500 5.610019e+01
8592.5000 5.411174e+01
8593.7500 5.277544e+01
8595.0000 1.124695e+02
8596.2500 2.514563e+02
8597.5000 2.292907e+02
8598.7500 8.623684e+01
8600.0000 5.710522e+01
8601.2500 6.159893e+01
8602.5000 6.511406e+01
8603.7500 6.259386e+01
8605.0000 6.212594e+01
8606.2500 6.357522e+01
8607.5000 6.826089e+01
8608.7500 7.354446e+01
8610.0000 8.423203e+01
8611.2500 9.085342e+01
8612.5000 1.160131e+02
8613.7500 1.373565e+02
8615.0000 1.640040e+02
8616.2500 1.912288e+02
8617.5000 2.299928e+02
8618.7500 2.595849e+02
8620.0000 2.894670e+02
8621.2500 3.517717e+02
8622.5000 3.548260e+02
8623.7500 4.182965e+02
8625.0000 4.740649e+02
8626.2500 4.332602e+02
8627.5000 4.979523e+02
8628.7500 5.433690e+02
8630.0000 4.481221e+02
8631.2500 5.312526e+02
8632.5000 5.212996e+02
8633.7500 3.894148e+02
8635.0000 4.263396e+02
8636.2500 4.284525e+02
8637.5000 2.676838e+02
8638.7500 2.677141e+02
8640.0000 2.762083e+02
8641.2500 2.093283e+02
8642.5000 1.393174e+02
8643.7500 7.510111e+01
8645.0000 8.694789e+01
8646.2500 1.932391e+02
8647.5000 2.091414e+02
8648.7500 3.012324e+02
8650.0000 4.914964e+02
8651.2500 4.292200e+02
8652.5000 2.649536e+02
8653.7500 4.054531e+02
8655.0000 5.804387e+02
8656.2500 4.005143e+02
8657.5000 2.542414e+02
8658.7500 4.880532e+02
8660.0000 5.899817e+02
8661.2500 3.300807e+02
8662.5000 2.159417e+02
8663.7500 4.620036e+02
8665.0000 5.392759e+02
8666.2500 2.937802e+02
8667.5000 1.754678e+02
8668.7500 3.725880e+02
8670.0000 4.652151e+02
8671.2500 2.593383e+02
8672.5000 1.113137e+02
8673.7500 2.345309e+02
8675.0000 3.552485e+02
8676.2500 2.481286e+02
8677.5000 9.482446e+01
8678.7500 1.353846e+02
8680.0000 2.389683e+02
8681.2500 2.315041e+02
8682.5000 1.249790e+02
8683.7500 7.842152e+01
8685.0000 1.388776e+02
8686.2500 1.816633e+02
8687.5000 1.351718e+02
8688.7500 7.323837e+01
8690.0000 7.487577e+01
8691.2500 1.122369e+02
8692.5000 1.376603e+02
8693.7500 1.031089e+02
8695.0000 6.602417e+01
8696.2500 7.709103e+01
8697.5000 9.962610e+01
8698.7500 1.288897e+02
8700.0000 1.559642e+02
8701.2500 1.126212e+02
8702.5000 7.659632e+01
8703.7500 7.982845e+01
8705.0000 1.001328e+02
8706.2500 1.410422e+02
8707.5000 1.609298e+02
8708.7500 1.053775e+02
8710.0000 7.032038e+01
8711.2500 6.959289e+01
8712.5000 6.299226e+01
8713.7500 6.441663e+01
8715.0000 6.146384e+01
8716.2500 6.445135e+01
8717.5000 6.131632e+01
8718.7500 5.504224e+01
8720.0000 5.758427e+01
8721.2500 5.770470e+01
8722.5000 6.056385e+01
8723.7500 5.695741e+01
8725.0000 6.616643e+01
8726.2500 8.194186e+01
8727.5000 7.267483e+01
8728.7500 5.416998e+01
8730.0000 5.000195e+01
8731.2500 5.309028e+01
8732.5000 5.307896e+01
8733.7500 5.016315e+01
8735.0000 5.468303e+01
8736.2500 6.104287e+01
8737.5000 6.849838e+01
8738.7500 6.686549e+01
8740.0000 7.098726e+01
8741.2500 6.752657e+01
8742.5000 6.328017e+01
8743.7500 6.135669e+01
8745.0000 5.718897e+01
8746.2500 5.844411e+01
8747.5000 5.602081e+01
8748.7500 6.349866e+01
8750.0000 7.298044e+01
8751.2500 6.378063e+01
8752.5000 5.503246e+01
8753.7500 5.626575e+01
8755.0000 5.985535e+01
8756.2500 1.154272e+02
8757.5000 4.604124e+02
8758.7500 8.087770e+02
8760.0000 1.552937e+03
8761.2500 1.957152e+03
8762.5000 7.191284e+02
8763.7500 2.081807e+02
8765.0000 6.957619e+02
8766.2500 2.104467e+03
8767.5000 3.080291e+03
8768.7500 1.439377e+03
8770.0000 2.094705e+02
8771.2500 1.037758e+02
8772.5000 8.782541e+01
8773.7500 1.979094e+02
8775.0000 9.577928e+02
8776.2500 1.871290e+03
8777.5000 3.393792e+03
8778.7500 2.712364e+03
8780.0000 4.156564e+02
8781.2500 9.189920e+01
8782.5000 7.559159e+01
8783.7500 7.836786e+01
8785.0000 7.156356e+01
8786.2500 7.149310e+01
8787.5000 8.095370e+01
8788.7500 1.786304e+02
8790.0000 8.881061e+02
8791.2500 1.202730e+03
8792.5000 4.173672e+02
8793.7500 7.247307e+01
8795.0000 6.714990e+01
8796.2500 6.757308e+01
8797.5000 6.431425e+01
8798.7500 6.351650e+01
8800.0000 6.368590e+01
8801.2500 7.278852e+01
8802.5000 6.425842e+01
8803.7500 5.674063e+01
8805.0000 5.337473e+01
8806.2500 5.123786e+01
8807.5000 6.708591e+01
8808.7500 1.260545e+02
8810.0000 1.530932e+02
8811.2500 9.855373e+01
8812.5000 5.886592e+01
8813.7500 5.458046e+01
8815.0000 5.255395e+01
8816.2500 5.278704e+01
8817.5000 5.137998e+01
8818.7500 5.245669e+01
8820.0000 5.476640e+01
8821.2500 6.161518e+01
8822.5000 8.521157e+01
8823.7500 3.580849e+02
8825.0000 2.105080e+03
8826.2500 7.335635e+03
8827.5000 6.220204e+03
8828.7500 1.031968e+03
8830.0000 1.849992e+02
8831.2500 2.390646e+02
8832.5000 3.368781e+02
8833.7500 4.035072e+02
8835.0000 1.534264e+03
8836.2500 2.558050e+03
8837.5000 1.038531e+03
8838.7500 1.211254e+02
8840.0000 6.600323e+01
8841.2500 6.367241e+01
8842.5000 6.466123e+01
8843.7500 9.204769e+01
8845.0000 1.358043e+02
8846.2500 1.164817e+02
8847.5000 1.843052e+02
8848.7500 6.880244e+02
8850.0000 7.745955e+02
8851.2500 2.323813e+02
8852.5000 7.569725e+01
8853.7500 7.263738e+01
8855.0000 8.196050e+01
8856.2500 7.508511e+01
8857.5000 7.366146e+01
8858.7500 7.508282e+01
8860.0000 9.413434e+01
8861.2500 1.444804e+02
8862.5000 1.731574e+02
8863.7500 1.359864e+02
8865.0000 2.009437e+02
8866.2500 1.189334e+03
8867.5000 2.027343e+03
8868.7500 8.397515e+02
8870.0000 9.333875e+01
8871.2500 7.925669e+01
8872.5000 6.802489e+01
8873.7500 6.348676e+01
8875.0000 6.235893e+01
8876.2500 6.140278e+01
8877.5000 6.302644e+01
8878.7500 6.077304e+01
8880.0000 6.405735e+01
8881.2500 6.890740e+01
8882.5000 1.170310e+02
8883.7500 9.307612e+02
8885.0000 4.989730e+03
8886.2500 5.336540e+03
8887.5000 1.100294e+03
8888.7500 1.442066e+02
8890.0000 1.118958e+02
8891.2500 7.539604e+01
8892.5000 6.621880e+01
8893.7500 6.987870e+01
8895.0000 9.244338e+01
8896.2500 1.021063e+02
8897.5000 8.202309e+01
8898.7500 7.062156e+01
8900.0000 9.459132e+01
8901.2500 6.245614e+02
8902.5000 1.878236e+03
8903.7500 1.437605e+03
8905.0000 2.524464e+02
8906.2500 9.306724e+01
8907.5000 1.079812e+02
8908.7500 1.330066e+02
8910.0000 1.084722e+02
8911.2500 7.385602e+01
8912.5000 6.366683e+01
8913.7500 7.599112e+01
8915.0000 9.021700e+01
8916.2500 1.551367e+02
8917.5000 1.290730e+03
8918.7500 6.823812e+03
8920.0000 6.503069e+03
8921.2500 1.021981e+03
8922.5000 1.425453e+02
8923.7500 1.081231e+02
8925.0000 1.051085e+02
8926.2500 1.379651e+02
8927.5000 1.776472e+02
8928.7500 1.449462e+02
8930.0000 9.471764e+01
8931.2500 7.794608e+01
8932.5000 8.952017e+01
8933.7500 1.038612e+02
8935.0000 1.153900e+02
8936.2500 1.045749e+02
8937.5000 9.378014e+01
8938.7500 9.187274e+01
8940.0000 1.115325e+02
8941.2500 3.757527e+02
8942.5000 1.664524e+03
8943.7500 1.747429e+03
8945.0000 4.029896e+02
8946.2500 8.821394e+01
8947.5000 7.969743e+01
8948.7500 7.364058e+01
8950.0000 6.616185e+01
8951.2500 6.370059e+01
8952.5000 7.090848e+01
8953.7500 8.961346e+01
8955.0000 1.840401e+02
8956.2500 1.604383e+03
8957.5000 5.026567e+03
8958.7500 3.858555e+03
8960.0000 5.262720e+02
8961.2500 9.910792e+01
8962.5000 8.682019e+01
8963.7500 9.075045e+01
8965.0000 8.287939e+01
8966.2500 6.895058e+01
8967.5000 7.180827e+01
8968.7500 8.882056e+01
8970.0000 1.414721e+02
8971.2500 1.799920e+02
8972.5000 1.032410e+02
8973.7500 8.044569e+01
8975.0000 7.287395e+01
8976.2500 7.594811e+01
8977.5000 8.652451e+01
8978.7500 9.983106e+01
8980.0000 1.283377e+02
8981.2500 1.523911e+02
8982.5000 1.046237e+02
8983.7500 9.097422e+01
8985.0000 1.481214e+02
8986.2500 4.913721e+02
8987.5000 2.752407e+03
8988.7500 2.619176e+03
8990.0000 3.611018e+02
8991.2500 1.954286e+02
8992.5000 2.130200e+02
8993.7500 9.710798e+01
8995.0000 6.876823e+01
8996.2500 6.932487e+01
8997.5000 8.854087e+01
8998.7500 3.149713e+02
9000.0000 4.013130e+03
9001.2500 9.378998e+03
9002.5000 2.077162e+03
9003.7500 1.530796e+02
9005.0000 8.559364e+01
9006.2500 7.417438e+01
9007.5000 7.186382e+01
9008.7500 6.691202e+01
9010.0000 6.556989e+01
9011.2500 6.385864e+01
9012.5000 6.445621e+01
9013.7500 6.221344e+01
9015.0000 6.274013e+01
9016.2500 6.246912e+01
9017.5000 6.765339e+01
9018.7500 7.527826e+01
9020.0000 1.014109e+02
9021.2500 1.137703e+02
9022.5000 8.036551e+01
9023.7500 6.474637e+01
9025.0000 6.809647e+01
9026.2500 7.789674e+01
9027.5000 1.040026e+02
9028.7500 1.016617e+02
9030.0000 8.025694e+01
9031.2500 7.507283e+01
9032.5000 6.803157e+01
9033.7500 6.332323e+01
9035.0000 7.660769e+01
9036.2500 2.688636e+02
9037.5000 6.563923e+02
9038.7500 4.792520e+02
9040.0000 1.124034e+02
9041.2500 7.190993e+01
9042.5000 1.007352e+02
9043.7500 1.073428e+02
9045.0000 8.799180e+01
9046.2500 1.014266e+02
9047.5000 3.832339e+02
9048.7500 1.187038e+03
9050.0000 1.073594e+03
9051.2500 2.756594e+02
9052.5000 8.944185e+01
9053.7500 8.101910e+01
9055.0000 8.973956e+01
9056.2500 1.024616e+02
9057.5000 9.480419e+01
9058.7500 7.564458e+01
9060.0000 7.520894e+01
9061.2500 6.569906e+01
9062.5000 7.880888e+01
9063.7500 1.180760e+02
9065.0000 1.253624e+02
9066.2500 9.565207e+01
9067.5000 1.110843e+02
9068.7500 1.234854e+02
9070.0000 1.150454e+02
9071.2500 9.318270e+01
9072.5000 6.798822e+01
9073.7500 6.477834e+01
9075.0000 6.807613e+01
9076.2500 6.665133e+01
9077.5000 6.175428e+01
9078.7500 6.319863e+01
9080.0000 6.507514e+01
9081.2500 6.594427e+01
9082.5000 7.242142e+01
9083.7500 8.245309e+01
9085.0000 8.389454e+01
9086.2500 7.119642e+01
9087.5000 5.723852e+01
9088.7500 6.349044e+01
9090.0000 9.703675e+01
9091.2500 2.657089e+02
9092.5000 3.787759e+02
9093.7500 2.038589e+02
9095.0000 8.964407e+01
9096.2500 7.669473e+01
9097.5000 8.261907e+01
9098.7500 8.157069e+01
9100.0000 1.045813e+02
9101.2500 3.554599e+02
9102.5000 6.190210e+02
9103.7500 3.508759e+02
9105.0000 9.773015e+01
9106.2500 6.540269e+01
9107.5000 6.981750e+01
9108.7500 7.484161e+01
9110.0000 7.886829e+01
9111.2500 7.696333e+01
9112.5000 7.588006e+01
9113.7500 7.230823e+01
9115.0000 6.874532e+01
9116.2500 7.192769e+01
9117.5000 6.672304e+01
9118.7500 6.058872e+01
9120.0000 6.896661e+01
9121.2500 7.181747e+01
9122.5000 6.932738e+01
9123.7500 6.578368e+01
9125.0000 6.083065e+01
9126.2500 6.927025e+01
9127.5000 7.115231e+01
9128.7500 6.364655e+01
9130.0000 6.163192e+01
9131.2500 6.740968e+01
9132.5000 7.629334e+01
9133.7500 7.878411e+01
9135.0000 7.494135e+01
9136.2500 7.531196e+01
9137.5000 7.307267e+01
9138.7500 7.633241e+01
9140.0000 7.714653e+01
9141.2500 6.785477e+01
9142.5000 6.430824e+01
9143.7500 7.054334e+01
9145.0000 7.526369e+01
9146.2500 7.469086e+01
9147.5000 7.181367e+01
9148.7500 7.099768e+01
9150.0000 1.322598e+02
9151.2500 2.680721e+02
9152.5000 2.624939e+02
9153.7500 1.356366e+02
9155.0000 9.698892e+01
9156.2500 1.071418e+02
9157.5000 1.099380e+02
9158.7500 1.507777e+02
9160.0000 3.099923e+02
9161.2500 3.465490e+02
9162.5000 1.726068e+02
9163.7500 7.826149e+01
9165.0000 6.865103e+01
9166.2500 7.194530e+01
9167.5000 7.231852e+01
9168.7500 7.475924e+01
9170.0000 8.275585e+01
9171.2500 7.670132e+01
9172.5000 7.778510e+01
9173.7500 7.427950e+01
9175.0000 7.868465e+01
9176.2500 8.062059e+01
9177.5000 8.169787e+01
9178.7500 8.467181e+01
9180.0000 8.277122e+01
9181.2500 8.058369e+01
9182.5000 9.037162e+01
9183.7500 7.890065e+01
9185.0000 7.303666e+01
9186.2500 8.069321e+01
9187.5000 8.224387e+01
9188.7500 7.778402e+01
9190.0000 7.553959e+01
9191.2500 7.331464e+01
9192.5000 7.104327e+01
9193.7500 7.888797e+01
9195.0000 7.495954e+01
9196.2500 7.682876e+01
9197.5000 7.427707e+01
9198.7500 7.893732e+01
9200.0000 7.559001e+01
9201.2500 7.866414e+01
9202.5000 8.484314e+01
9203.7500 8.692112e+01
9205.0000 7.911683e+01
9206.2500 7.833180e+01
9207.5000 7.434425e+01
9208.7500 8.279191e+01
9210.0000 7.877862e+01
9211.2500 7.807475e+01
9212.5000 7.093050e+01
9213.7500 8.401485e+01
9215.0000 1.664278e+02
9216.2500 2.576700e+02
9217.5000 1.714758e+02
9218.7500 9.201958e+01
9220.0000 7.899127e+01
9221.2500 9.125245e+01
9222.5000 1.348700e+02
9223.7500 2.649341e+02
9225.0000 2.918391e+02
9226.2500 1.701374e+02
9227.5000 9.103632e+01
9228.7500 8.710812e+01
9230.0000 7.918507e+01
9231.2500 7.271339e+01
9232.5000 7.715800e+01
9233.7500 8.258961e+01
9235.0000 7.580067e+01
9236.2500 7.160228e+01
9237.5000 7.445665e+01
9238.7500 6.812306e+01
9240.0000 7.737823e+01
9241.2500 8.126080e+01
9242.5000 7.728333e+01
9243.7500 7.620157e+01
9245.0000 8.454047e+01
9246.2500 1.107237e+02
9247.5000 1.444176e+02
9248.7500 1.380366e+02
9250.0000 1.612321e+02
9251.2500 1.569719e+02
9252.5000 1.272503e+02
9253.7500 1.293623e+02
9255.0000 1.059953e+02
9256.2500 7.914757e+01
9257.5000 8.637264e+01
9258.7500 8.324911e+01
9260.0000 1.252327e+02
9261.2500 2.009192e+02
9262.5000 2.316211e+02
9263.7500 1.614928e+02
9265.0000 1.709952e+02
9266.2500 1.870245e+02
9267.5000 1.026634e+02
9268.7500 7.904731e+01
9270.0000 7.502422e+01
9271.2500 7.595428e+01
9272.5000 6.913118e+01
9273.7500 7.747078e+01
9275.0000 7.417130e+01
9276.2500 6.587527e+01
9277.5000 6.613028e+01
9278.7500 7.801826e+01
9280.0000 7.656096e+01
9281.2500 7.051710e+01
9282.5000 7.373029e+01
9283.7500 9.258461e+01
9285.0000 1.929254e+02
9286.2500 2.836062e+02
9287.5000 2.067488e+02
9288.7500 1.422276e+02
9290.0000 1.051946e+02
9291.2500 1.252753e+02
9292.5000 2.410863e+02
9293.7500 3.200012e+02
9295.0000 1.990402e+02
9296.2500 1.089140e+02
9297.5000 9.142678e+01
9298.7500 1.005735e+02
9300.0000 1.101642e+02
9301.2500 1.272225e+02
9302.5000 1.691449e+02
9303.7500 5.111035e+02
9305.0000 2.785193e+03
9306.2500 1.082365e+04
9307.5000 1.603039e+04
9308.7500 6.058272e+03
9310.0000 2.866094e+03
9311.2500 5.882863e+03
9312.5000 1.233497e+04
9313.7500 1.386653e+04
9315.0000 3.237173e+03
9316.2500 1.407144e+03
9317.5000 2.237469e+03
9318.7500 1.105651e+03
9320.0000 5.379473e+02
9321.2500 3.388125e+03
9322.5000 2.520552e+04
9323.7500 4.241401e+04
9325.0000 1.015140e+04
9326.2500 4.895649e+02
9327.5000 2.353428e+02
9328.7500 2.802555e+02
9330.0000 5.865032e+02
9331.2500 7.271351e+02
9332.5000 3.174101e+02
9333.7500 1.984807e+02
9335.0000 3.733591e+02
9336.2500 2.038059e+03
9337.5000 5.572085e+03
9338.7500 3.425804e+03
9340.0000 4.129279e+02
9341.2500 2.497216e+02
9342.5000 3.006068e+02
9343.7500 3.120773e+02
9345.0000 3.313516e+02
9346.2500 3.376264e+02
9347.5000 5.140900e+02
9348.7500 6.695235e+02
9350.0000 2.056433e+03
