4750.0000 1.356285e+03
4751.2500 4.412208e+02
4752.5000 3.989063e+02
4753.7500 3.699271e+02
4755.0000 3.615609e+02
4756.2500 3.174693e+02
4757.5000 2.861174e+02
4758.7500 2.852559e+02
4760.0000 2.680426e+02
4761.2500 2.192445e+02
4762.5000 2.238533e+02
4763.7500 2.010151e+02
4765.0000 1.909871e+02
4766.2500 1.869823e+02
4767.5000 1.896406e+02
4768.7500 1.763278e+02
4770.0000 1.796954e+02
4771.2500 1.686204e+02
4772.5000 1.697400e+02
4773.7500 1.663593e+02
4775.0000 1.756365e+02
4776.2500 1.585909e+02
4777.5000 1.569467e+02
4778.7500 1.572961e+02
4780.0000 1.723525e+02
4781.2500 1.578661e+02
4782.5000 1.552582e+02
4783.7500 1.647575e+02
4785.0000 1.614837e+02
4786.2500 1.556572e+02
4787.5000 1.495546e+02
4788.7500 1.445939e+02
4790.0000 1.597298e+02
4791.2500 1.507323e+02
4792.5000 1.566767e+02
4793.7500 1.681999e+02
4795.0000 1.614606e+02
4796.2500 1.769565e+02
4797.5000 1.920939e+02
4798.7500 1.708625e+02
4800.0000 1.739160e+02
4801.2500 1.826604e+02
4802.5000 1.805334e+02
4803.7500 2.074612e+02
4805.0000 1.804395e+02
4806.2500 1.826237e+02
4807.5000 1.651175e+02
4808.7500 1.586822e+02
4810.0000 1.701416e+02
4811.2500 1.646524e+02
4812.5000 1.708217e+02
4813.7500 1.722387e+02
4815.0000 1.787932e+02
4816.2500 1.777686e+02
4817.5000 1.839317e+02
4818.7500 1.875066e+02
4820.0000 1.830918e+02
4821.2500 1.858787e+02
4822.5000 1.805821e+02
4823.7500 1.637268e+02
4825.0000 1.786663e+02
4826.2500 1.773142e+02
4827.5000 1.755330e+02
4828.7500 1.803320e+02
4830.0000 1.638543e+02
4831.2500 1.752912e+02
4832.5000 1.705101e+02
4833.7500 1.710834e+02
4835.0000 1.447739e+02
4836.2500 1.558066e+02
4837.5000 1.542343e+02
4838.7500 1.548728e+02
4840.0000 1.629254e+02
4841.2500 1.414680e+02
4842.5000 1.549044e+02
4843.7500 1.529462e+02
4845.0000 1.513951e+02
4846.2500 1.498065e+02
4847.5000 1.667595e+02
4848.7500 1.555626e+02
4850.0000 1.624575e+02
4851.2500 1.532645e+02
4852.5000 1.536858e+02
4853.7500 1.638006e+02
4855.0000 1.481491e+02
4856.2500 1.465388e+02
4857.5000 1.491950e+02
4858.7500 1.301597e+02
4860.0000 1.802110e+02
4861.2500 2.397969e+02
4862.5000 2.194458e+02
4863.7500 1.708610e+02
4865.0000 1.432057e+02
4866.2500 1.488068e+02
4867.5000 1.524385e+02
4868.7500 1.511379e+02
4870.0000 1.504766e+02
4871.2500 1.351858e+02
4872.5000 1.401876e+02
4873.7500 1.521947e+02
4875.0000 1.354803e+02
4876.2500 1.447222e+02
4877.5000 1.498096e+02
4878.7500 1.491608e+02
4880.0000 1.550216e+02
4881.2500 1.536985e+02
4882.5000 1.528207e+02
4883.7500 1.594537e+02
4885.0000 1.435550e+02
4886.2500 1.384576e+02
4887.5000 1.441813e+02
4888.7500 1.461742e+02
4890.0000 1.351291e+02
4891.2500 1.372727e+02
4892.5000 1.294581e+02
4893.7500 1.338791e+02
4895.0000 1.298586e+02
4896.2500 1.347663e+02
4897.5000 1.350484e+02
4898.7500 1.299742e+02
4900.0000 1.329393e+02
4901.2500 1.400439e+02
4902.5000 1.377651e+02
4903.7500 1.360962e+02
4905.0000 1.555670e+02
4906.2500 1.469618e+02
4907.5000 1.434002e+02
4908.7500 1.494995e+02
4910.0000 1.381636e+02
4911.2500 1.314004e+02
4912.5000 1.471001e+02
4913.7500 1.580961e+02
4915.0000 1.502751e+02
4916.2500 1.519352e+02
4917.5000 1.396687e+02
4918.7500 1.278499e+02
4920.0000 1.284579e+02
4921.2500 1.292218e+02
4922.5000 1.449955e+02
4923.7500 1.413986e+02
4925.0000 1.537169e+02
4926.2500 1.351392e+02
4927.5000 1.477859e+02
4928.7500 1.428003e+02
4930.0000 1.364080e+02
4931.2500 1.426178e+02
4932.5000 1.300679e+02
4933.7500 1.246526e+02
4935.0000 1.407177e+02
4936.2500 1.448085e+02
4937.5000 1.440753e+02
4938.7500 1.439313e+02
4940.0000 1.299011e+02
4941.2500 1.434161e+02
4942.5000 1.442244e+02
4943.7500 1.307574e+02
4945.0000 1.299761e+02
4946.2500 1.275577e+02
4947.5000 1.354570e+02
4948.7500 1.248400e+02
4950.0000 1.259384e+02
4951.2500 1.234715e+02
4952.5000 1.321578e+02
4953.7500 1.230433e+02
4955.0000 1.173974e+02
4956.2500 1.116491e+02
4957.5000 1.099179e+02
4958.7500 1.172615e+02
4960.0000 1.228505e+02
4961.2500 1.189654e+02
4962.5000 1.355156e+02
4963.7500 1.369446e+02
4965.0000 1.314398e+02
4966.2500 1.465956e+02
4967.5000 1.446265e+02
4968.7500 1.412842e+02
4970.0000 1.435535e+02
4971.2500 1.386307e+02
4972.5000 1.412777e+02
4973.7500 1.421928e+02
4975.0000 1.386157e+02
4976.2500 1.393296e+02
4977.5000 1.398305e+02
4978.7500 1.365151e+02
4980.0000 1.409480e+02
4981.2500 1.340710e+02
4982.5000 1.249302e+02
4983.7500 1.172639e+02
4985.0000 1.266252e+02
4986.2500 1.420422e+02
4987.5000 1.430493e+02
4988.7500 1.430483e+02
4990.0000 1.415318e+02
4991.2500 1.484928e+02
4992.5000 1.531887e+02
4993.7500 1.443008e+02
4995.0000 1.386451e+02
4996.2500 1.406203e+02
4997.5000 1.386441e+02
4998.7500 1.260848e+02
5000.0000 1.224279e+02
5001.2500 1.297946e+02
5002.5000 1.264805e+02
5003.7500 1.277979e+02
5005.0000 1.206473e+02
5006.2500 1.260924e+02
5007.5000 1.259774e+02
5008.7500 1.313914e+02
5010.0000 1.109701e+02
5011.2500 1.078519e+02
5012.5000 1.034601e+02
5013.7500 1.072118e+02
5015.0000 1.130979e+02
5016.2500 1.154780e+02
5017.5000 1.104757e+02
5018.7500 1.118740e+02
5020.0000 1.108341e+02
5021.2500 1.094178e+02
5022.5000 1.160147e+02
5023.7500 1.189503e+02
5025.0000 1.121833e+02
5026.2500 1.201356e+02
5027.5000 1.093954e+02
5028.7500 1.200513e+02
5030.0000 1.232798e+02
5031.2500 1.235421e+02
5032.5000 1.219623e+02
5033.7500 1.249704e+02
5035.0000 1.104912e+02
5036.2500 1.216235e+02
5037.5000 1.217450e+02
5038.7500 1.221452e+02
5040.0000 1.164741e+02
5041.2500 1.106927e+02
5042.5000 1.228742e+02
5043.7500 1.284938e+02
5045.0000 1.321771e+02
5046.2500 1.301129e+02
5047.5000 1.253881e+02
5048.7500 1.299250e+02
5050.0000 1.234888e+02
5051.2500 1.294004e+02
5052.5000 1.220312e+02
5053.7500 1.251602e+02
5055.0000 1.262104e+02
5056.2500 1.220173e+02
5057.5000 1.248979e+02
5058.7500 1.285768e+02
5060.0000 1.268617e+02
5061.2500 1.258688e+02
5062.5000 1.220395e+02
5063.7500 1.149017e+02
5065.0000 1.151604e+02
5066.2500 1.154352e+02
5067.5000 1.158259e+02
5068.7500 1.128032e+02
5070.0000 1.199858e+02
5071.2500 1.118095e+02
5072.5000 1.098536e+02
5073.7500 1.077451e+02
5075.0000 1.113979e+02
5076.2500 1.090328e+02
5077.5000 9.805284e+01
5078.7500 1.005478e+02
5080.0000 9.919926e+01
5081.2500 1.038049e+02
5082.5000 1.090513e+02
5083.7500 1.135592e+02
5085.0000 1.072860e+02
5086.2500 1.087544e+02
5087.5000 1.061671e+02
5088.7500 1.061231e+02
5090.0000 1.107211e+02
5091.2500 1.067398e+02
5092.5000 1.107548e+02
5093.7500 1.086832e+02
5095.0000 1.117709e+02
5096.2500 1.165592e+02
5097.5000 1.099210e+02
5098.7500 1.120005e+02
5100.0000 1.182023e+02
5101.2500 1.172452e+02
5102.5000 1.217355e+02
5103.7500 1.172972e+02
5105.0000 1.213282e+02
5106.2500 1.171903e+02
5107.5000 1.112259e+02
5108.7500 1.130650e+02
5110.0000 1.124174e+02
5111.2500 1.143173e+02
5112.5000 1.210040e+02
5113.7500 1.209515e+02
5115.0000 1.179561e+02
5116.2500 1.220225e+02
5117.5000 1.137868e+02
5118.7500 1.186687e+02
5120.0000 1.236878e+02
5121.2500 1.157558e+02
5122.5000 1.121329e+02
5123.7500 1.056189e+02
5125.0000 1.065421e+02
5126.2500 1.136833e+02
5127.5000 1.105417e+02
5128.7500 1.072031e+02
5130.0000 1.142845e+02
5131.2500 1.102067e+02
5132.5000 1.163442e+02
5133.7500 1.133909e+02
5135.0000 1.140294e+02
5136.2500 1.161769e+02
5137.5000 1.115422e+02
5138.7500 1.114617e+02
5140.0000 1.035571e+02
5141.2500 1.087552e+02
5142.5000 1.075678e+02
5143.7500 1.095099e+02
5145.0000 1.083318e+02
5146.2500 1.059003e+02
5147.5000 1.088009e+02
5148.7500 9.476940e+01
5150.0000 9.678651e+01
5151.2500 1.026427e+02
5152.5000 9.868146e+01
5153.7500 1.004666e+02
5155.0000 1.035840e+02
5156.2500 1.058775e+02
5157.5000 1.066763e+02
5158.7500 1.066697e+02
5160.0000 1.149365e+02
5161.2500 1.157933e+02
5162.5000 1.134417e+02
5163.7500 1.031376e+02
5165.0000 1.066869e+02
5166.2500 1.022781e+02
5167.5000 9.700412e+01
5168.7500 1.010692e+02
5170.0000 1.000658e+02
5171.2500 1.018877e+02
5172.5000 8.968682e+01
5173.7500 1.068603e+02
5175.0000 1.119022e+02
5176.2500 1.149481e+02
5177.5000 1.180310e+02
5178.7500 1.102653e+02
5180.0000 1.080391e+02
5181.2500 1.063373e+02
5182.5000 9.605111e+01
5183.7500 9.395620e+01
5185.0000 1.068942e+02
5186.2500 1.192508e+02
5187.5000 1.283334e+02
5188.7500 1.320043e+02
5190.0000 1.228730e+02
5191.2500 1.089915e+02
5192.5000 1.119309e+02
5193.7500 1.110425e+02
5195.0000 1.103723e+02
5196.2500 1.360373e+02
5197.5000 1.782351e+02
5198.7500 1.743972e+02
5200.0000 1.615348e+02
5201.2500 1.536070e+02
5202.5000 1.363673e+02
5203.7500 1.256585e+02
5205.0000 1.015882e+02
5206.2500 9.614516e+01
5207.5000 1.131354e+02
5208.7500 1.014022e+02
5210.0000 9.785072e+01
5211.2500 1.025406e+02
5212.5000 1.011253e+02
5213.7500 9.567077e+01
5215.0000 9.959339e+01
5216.2500 1.017409e+02
5217.5000 1.076819e+02
5218.7500 1.107408e+02
5220.0000 1.078872e+02
5221.2500 1.129551e+02
5222.5000 1.180009e+02
5223.7500 1.332050e+02
5225.0000 1.183389e+02
5226.2500 9.993530e+01
5227.5000 9.659996e+01
5228.7500 1.025226e+02
5230.0000 1.064855e+02
5231.2500 1.077764e+02
5232.5000 1.053814e+02
5233.7500 9.601977e+01
5235.0000 1.093208e+02
5236.2500 1.026813e+02
5237.5000 1.335007e+02
5238.7500 1.448699e+02
5240.0000 1.195109e+02
5241.2500 1.094212e+02
5242.5000 1.039519e+02
5243.7500 1.087143e+02
5245.0000 1.077429e+02
5246.2500 1.051264e+02
5247.5000 1.119310e+02
5248.7500 1.219122e+02
5250.0000 1.166156e+02
5251.2500 1.099933e+02
5252.5000 1.159339e+02
5253.7500 1.210875e+02
5255.0000 1.415252e+02
5256.2500 1.453490e+02
5257.5000 1.393372e+02
5258.7500 1.037187e+02
5260.0000 1.132892e+02
5261.2500 1.070959e+02
5262.5000 1.034802e+02
5263.7500 9.747459e+01
5265.0000 9.384869e+01
5266.2500 9.293885e+01
5267.5000 9.253992e+01
5268.7500 9.607240e+01
5270.0000 9.545679e+01
5271.2500 9.724936e+01
5272.5000 1.113333e+02
5273.7500 1.068139e+02
5275.0000 1.284512e+02
5276.2500 1.250545e+02
5277.5000 1.127306e+02
5278.7500 1.048606e+02
5280.0000 1.038526e+02
5281.2500 9.818832e+01
5282.5000 9.615759e+01
5283.7500 9.155284e+01
5285.0000 9.736546e+01
5286.2500 1.016636e+02
5287.5000 1.009172e+02
5288.7500 1.062711e+02
5290.0000 9.731976e+01
5291.2500 9.631268e+01
5292.5000 1.012363e+02
5293.7500 1.000693e+02
5295.0000 1.019412e+02
5296.2500 9.328228e+01
5297.5000 1.089132e+02
5298.7500 1.148607e+02
5300.0000 1.078138e+02
5301.2500 9.378906e+01
5302.5000 9.942079e+01
5303.7500 9.780597e+01
5305.0000 1.030961e+02
5306.2500 1.027333e+02
5307.5000 9.486546e+01
5308.7500 1.041122e+02
5310.0000 1.000752e+02
5311.2500 1.068886e+02
5312.5000 1.100014e+02
5313.7500 1.101033e+02
5315.0000 1.056910e+02
5316.2500 1.065690e+02
5317.5000 1.029869e+02
5318.7500 1.077613e+02
5320.0000 1.101190e+02
5321.2500 1.093190e+02
5322.5000 1.101196e+02
5323.7500 1.165749e+02
5325.0000 1.121679e+02
5326.2500 1.041255e+02
5327.5000 1.051581e+02
5328.7500 1.136881e+02
5330.0000 1.366270e+02
5331.2500 1.330828e+02
5332.5000 1.175199e+02
5333.7500 1.120259e+02
5335.0000 1.126000e+02
5336.2500 1.129190e+02
5337.5000 1.107959e+02
5338.7500 1.066265e+02
5340.0000 1.042066e+02
5341.2500 1.039626e+02
5342.5000 1.070920e+02
5343.7500 1.075090e+02
5345.0000 1.001092e+02
5346.2500 1.013136e+02
5347.5000 1.057363e+02
5348.7500 1.052988e+02
5350.0000 1.067413e+02
5351.2500 1.004422e+02
5352.5000 1.091944e+02
5353.7500 9.878025e+01
5355.0000 1.011323e+02
5356.2500 1.034863e+02
5357.5000 9.871365e+01
5358.7500 9.813799e+01
5360.0000 9.803419e+01
5361.2500 9.383504e+01
5362.5000 9.831361e+01
5363.7500 9.712737e+01
5365.0000 9.517021e+01
5366.2500 9.859121e+01
5367.5000 1.008467e+02
5368.7500 9.786518e+01
5370.0000 9.834571e+01
5371.2500 9.970518e+01
5372.5000 9.598528e+01
5373.7500 1.000441e+02
5375.0000 1.051586e+02
5376.2500 1.042281e+02
5377.5000 9.721963e+01
5378.7500 9.875092e+01
5380.0000 9.527316e+01
5381.2500 9.161839e+01
5382.5000 9.030785e+01
5383.7500 9.367994e+01
5385.0000 9.882112e+01
5386.2500 9.571217e+01
5387.5000 9.600379e+01
5388.7500 8.778441e+01
5390.0000 8.997171e+01
5391.2500 9.556426e+01
5392.5000 9.517397e+01
5393.7500 9.380122e+01
5395.0000 9.703861e+01
5396.2500 9.091999e+01
5397.5000 8.230602e+01
5398.7500 9.951464e+01
5400.0000 9.383726e+01
5401.2500 9.498294e+01
5402.5000 9.506929e+01
5403.7500 8.961759e+01
5405.0000 9.128112e+01
5406.2500 9.310306e+01
5407.5000 9.252534e+01
5408.7500 1.029856e+02
5410.0000 9.246302e+01
5411.2500 9.905206e+01
5412.5000 1.015553e+02
5413.7500 1.010294e+02
5415.0000 9.920763e+01
5416.2500 9.884978e+01
5417.5000 9.598322e+01
5418.7500 9.956095e+01
5420.0000 9.784770e+01
5421.2500 1.006343e+02
5422.5000 9.421651e+01
5423.7500 9.527704e+01
5425.0000 9.369467e+01
5426.2500 8.999137e+01
5427.5000 1.001271e+02
5428.7500 9.529059e+01
5430.0000 8.881705e+01
5431.2500 9.270583e+01
5432.5000 9.537630e+01
5433.7500 9.182613e+01
5435.0000 9.215113e+01
5436.2500 1.050884e+02
5437.5000 9.145227e+01
5438.7500 1.009072e+02
5440.0000 1.003621e+02
5441.2500 9.987123e+01
5442.5000 1.000278e+02
5443.7500 9.760169e+01
5445.0000 9.349415e+01
5446.2500 9.690549e+01
5447.5000 9.642360e+01
5448.7500 9.709211e+01
5450.0000 1.003014e+02
5451.2500 9.978845e+01
5452.5000 1.022761e+02
5453.7500 1.036144e+02
5455.0000 9.586501e+01
5456.2500 9.830305e+01
5457.5000 1.013973e+02
5458.7500 1.076848e+02
5460.0000 1.179962e+02
5461.2500 1.079013e+02
5462.5000 9.865093e+01
5463.7500 9.520113e+01
5465.0000 9.317240e+01
5466.2500 9.954182e+01
5467.5000 8.905001e+01
5468.7500 9.376394e+01
5470.0000 9.362041e+01
5471.2500 8.964233e+01
5472.5000 9.915522e+01
5473.7500 9.261003e+01
5475.0000 9.204494e+01
5476.2500 8.437211e+01
5477.5000 8.704913e+01
5478.7500 9.332393e+01
5480.0000 8.608036e+01
5481.2500 8.920335e+01
5482.5000 9.079766e+01
5483.7500 9.059473e+01
5485.0000 9.260346e+01
5486.2500 9.424225e+01
5487.5000 8.863037e+01
5488.7500 9.127266e+01
5490.0000 9.618966e+01
5491.2500 9.056158e+01
5492.5000 9.302374e+01
5493.7500 8.997752e+01
5495.0000 9.500625e+01
5496.2500 9.133502e+01
5497.5000 9.373563e+01
5498.7500 9.837784e+01
5500.0000 9.501985e+01
5501.2500 9.481330e+01
5502.5000 9.445461e+01
5503.7500 9.589007e+01
5505.0000 9.794553e+01
5506.2500 9.678362e+01
5507.5000 9.552073e+01
5508.7500 9.739875e+01
5510.0000 9.714334e+01
5511.2500 1.038020e+02
5512.5000 9.076337e+01
5513.7500 9.175805e+01
5515.0000 9.782171e+01
5516.2500 9.668907e+01
5517.5000 9.656239e+01
5518.7500 9.393523e+01
5520.0000 9.195999e+01
5521.2500 1.043486e+02
5522.5000 9.571097e+01
5523.7500 9.360269e+01
5525.0000 9.825449e+01
5526.2500 9.092855e+01
5527.5000 9.200840e+01
5528.7500 9.286118e+01
5530.0000 9.593159e+01
5531.2500 9.342705e+01
5532.5000 9.331036e+01
5533.7500 8.878598e+01
5535.0000 9.264906e+01
5536.2500 9.152065e+01
5537.5000 9.531191e+01
5538.7500 9.454189e+01
5540.0000 1.054184e+02
5541.2500 1.123229e+02
5542.5000 1.225987e+02
5543.7500 1.290864e+02
5545.0000 1.266311e+02
5546.2500 1.130068e+02
5547.5000 1.018820e+02
5548.7500 1.104129e+02
5550.0000 1.085915e+02
5551.2500 1.030462e+02
5552.5000 9.813472e+01
5553.7500 1.007066e+02
5555.0000 1.003660e+02
5556.2500 9.213157e+01
5557.5000 9.647698e+01
5558.7500 9.800842e+01
5560.0000 1.014188e+02
5561.2500 9.796892e+01
5562.5000 1.257783e+02
5563.7500 1.436143e+02
5565.0000 1.275447e+02
5566.2500 1.011316e+02
5567.5000 9.302354e+01
5568.7500 1.059705e+02
5570.0000 1.076488e+02
5571.2500 1.012806e+02
5572.5000 1.008224e+02
5573.7500 1.740441e+02
5575.0000 1.037050e+03
5576.2500 6.480333e+03
5577.5000 8.371893e+03
5578.7500 2.555644e+03
5580.0000 2.405794e+02
5581.2500 1.143515e+02
5582.5000 9.917901e+01
5583.7500 9.314456e+01
5585.0000 9.082329e+01
5586.2500 8.842320e+01
5587.5000 9.846201e+01
5588.7500 1.224452e+02
5590.0000 1.061544e+02
5591.2500 8.711478e+01
5592.5000 8.393250e+01
5593.7500 8.231117e+01
5595.0000 8.216241e+01
5596.2500 9.256319e+01
5597.5000 9.711076e+01
5598.7500 9.491426e+01
5600.0000 8.347594e+01
5601.2500 8.240294e+01
5602.5000 8.950290e+01
5603.7500 1.161997e+02
5605.0000 1.381180e+02
5606.2500 1.192458e+02
5607.5000 9.244063e+01
5608.7500 9.324799e+01
5610.0000 9.079533e+01
5611.2500 8.891809e+01
5612.5000 9.005967e+01
5613.7500 9.042679e+01
5615.0000 8.630200e+01
5616.2500 9.354315e+01
5617.5000 9.826543e+01
5618.7500 9.587203e+01
5620.0000 9.319025e+01
5621.2500 9.402136e+01
5622.5000 1.135600e+02
5623.7500 1.317816e+02
5625.0000 1.067177e+02
5626.2500 9.328397e+01
5627.5000 9.354994e+01
5628.7500 8.625853e+01
5630.0000 9.400397e+01
5631.2500 8.927015e+01
5632.5000 9.158727e+01
5633.7500 9.188335e+01
5635.0000 8.988046e+01
5636.2500 8.865717e+01
5637.5000 9.701961e+01
5638.7500 1.073958e+02
5640.0000 1.032019e+02
5641.2500 9.164819e+01
5642.5000 8.961896e+01
5643.7500 1.048295e+02
5645.0000 1.171628e+02
5646.2500 1.080929e+02
5647.5000 1.019311e+02
5648.7500 9.658306e+01
5650.0000 9.660918e+01
5651.2500 9.896979e+01
5652.5000 9.765031e+01
5653.7500 9.822398e+01
5655.0000 9.182049e+01
5656.2500 9.292181e+01
5657.5000 9.501365e+01
5658.7500 9.136260e+01
5660.0000 9.520238e+01
5661.2500 9.698035e+01
5662.5000 9.992921e+01
5663.7500 1.003470e+02
5665.0000 9.771232e+01
5666.2500 9.661105e+01
5667.5000 9.592477e+01
5668.7500 9.666093e+01
5670.0000 1.021014e+02
5671.2500 9.486679e+01
5672.5000 9.984356e+01
5673.7500 9.233972e+01
5675.0000 9.189030e+01
5676.2500 9.637904e+01
5677.5000 9.585802e+01
5678.7500 8.858086e+01
5680.0000 9.606554e+01
5681.2500 9.006445e+01
5682.5000 8.451843e+01
5683.7500 8.905569e+01
5685.0000 8.568936e+01
5686.2500 8.856425e+01
5687.5000 8.644928e+01
5688.7500 8.728165e+01
5690.0000 8.606145e+01
5691.2500 8.826482e+01
5692.5000 8.912603e+01
5693.7500 8.657964e+01
5695.0000 9.206828e+01
5696.2500 8.665344e+01
5697.5000 8.519433e+01
5698.7500 8.316880e+01
5700.0000 8.859649e+01
5701.2500 8.300409e+01
5702.5000 8.289513e+01
5703.7500 8.346019e+01
5705.0000 8.780405e+01
5706.2500 8.151581e+01
5707.5000 8.459427e+01
5708.7500 8.366756e+01
5710.0000 8.195690e+01
5711.2500 8.556990e+01
5712.5000 8.593789e+01
5713.7500 8.907555e+01
5715.0000 8.677212e+01
5716.2500 9.083290e+01
5717.5000 8.995208e+01
5718.7500 9.646823e+01
5720.0000 9.176353e+01
5721.2500 9.305096e+01
5722.5000 8.948983e+01
5723.7500 9.030215e+01
5725.0000 9.793956e+01
5726.2500 9.611237e+01
5727.5000 9.431013e+01
5728.7500 9.643269e+01
5730.0000 9.439697e+01
5731.2500 8.733146e+01
5732.5000 9.434600e+01
5733.7500 9.701636e+01
5735.0000 9.265590e+01
5736.2500 9.514448e+01
5737.5000 9.399516e+01
5738.7500 9.240953e+01
5740.0000 9.472431e+01
5741.2500 9.362447e+01
5742.5000 9.824617e+01
5743.7500 9.829929e+01
5745.0000 1.023746e+02
5746.2500 9.581436e+01
5747.5000 9.794869e+01
5748.7500 9.697118e+01
5750.0000 9.125318e+01
5751.2500 9.966933e+01
5752.5000 9.539860e+01
5753.7500 9.384054e+01
5755.0000 9.764919e+01
5756.2500 9.551838e+01
5757.5000 9.627966e+01
5758.7500 1.021680e+02
5760.0000 9.640999e+01
5761.2500 9.581944e+01
5762.5000 9.640134e+01
5763.7500 9.049182e+01
5765.0000 1.018239e+02
5766.2500 1.016511e+02
5767.5000 1.048529e+02
5768.7500 9.989737e+01
5770.0000 9.761430e+01
5771.2500 9.571824e+01
5772.5000 9.964257e+01
5773.7500 9.457703e+01
5775.0000 9.780937e+01
5776.2500 8.985253e+01
5777.5000 9.473333e+01
5778.7500 9.916685e+01
5780.0000 9.424704e+01
5781.2500 9.128173e+01
5782.5000 8.496773e+01
5783.7500 9.782286e+01
5785.0000 8.997412e+01
5786.2500 8.668193e+01
5787.5000 8.713080e+01
5788.7500 8.761624e+01
5790.0000 9.246974e+01
5791.2500 8.770997e+01
5792.5000 8.671071e+01
5793.7500 8.217730e+01
5795.0000 8.425426e+01
5796.2500 8.258519e+01
5797.5000 8.161871e+01
5798.7500 8.535980e+01
5800.0000 7.919184e+01
5801.2500 8.479166e+01
5802.5000 8.216727e+01
5803.7500 8.364640e+01
5805.0000 8.149364e+01
5806.2500 7.797173e+01
5807.5000 7.956224e+01
5808.7500 7.963823e+01
5810.0000 8.365690e+01
5811.2500 8.147471e+01
5812.5000 8.012141e+01
5813.7500 7.959744e+01
5815.0000 7.793481e+01
5816.2500 7.436343e+01
5817.5000 7.569486e+01
5818.7500 7.805817e+01
5820.0000 7.997828e+01
5821.2500 7.783300e+01
5822.5000 7.350084e+01
5823.7500 8.080612e+01
5825.0000 7.688470e+01
5826.2500 7.969775e+01
5827.5000 8.068970e+01
5828.7500 8.008508e+01
5830.0000 7.781243e+01
5831.2500 8.282081e+01
5832.5000 8.478429e+01
5833.7500 8.387630e+01
5835.0000 8.533746e+01
5836.2500 8.650111e+01
5837.5000 8.367751e+01
5838.7500 8.280984e+01
5840.0000 8.409351e+01
5841.2500 8.728949e+01
5842.5000 9.025085e+01
5843.7500 9.087306e+01
5845.0000 9.208411e+01
5846.2500 8.836749e+01
5847.5000 9.100140e+01
5848.7500 8.816625e+01
5850.0000 8.909651e+01
5851.2500 8.659867e+01
5852.5000 8.850800e+01
5853.7500 8.747249e+01
5855.0000 8.815129e+01
5856.2500 8.874532e+01
5857.5000 8.850404e+01
5858.7500 8.652699e+01
5860.0000 8.701688e+01
5861.2500 8.806948e+01
5862.5000 9.322684e+01
5863.7500 1.137309e+02
5865.0000 1.675067e+02
5866.2500 2.043794e+02
5867.5000 1.992864e+02
5868.7500 1.566122e+02
5870.0000 1.145476e+02
5871.2500 1.082444e+02
5872.5000 1.145640e+02
5873.7500 1.137375e+02
5875.0000 1.102191e+02
5876.2500 1.010528e+02
5877.5000 9.773750e+01
5878.7500 9.923904e+01
5880.0000 9.741584e+01
5881.2500 9.763622e+01
5882.5000 9.796029e+01
5883.7500 1.001807e+02
5885.0000 1.057237e+02
5886.2500 1.518197e+02
5887.5000 3.040058e+02
5888.7500 6.702271e+02
5890.0000 7.693613e+02
5891.2500 3.415687e+02
5892.5000 1.280207e+02
5893.7500 2.079254e+02
5895.0000 4.530577e+02
5896.2500 4.367006e+02
5897.5000 1.798084e+02
5898.7500 9.814365e+01
5900.0000 9.473718e+01
5901.2500 1.004848e+02
5902.5000 1.038025e+02
5903.7500 1.112060e+02
5905.0000 1.087280e+02
5906.2500 1.311245e+02
5907.5000 1.204370e+02
5908.7500 9.291149e+01
5910.0000 8.968661e+01
5911.2500 9.679736e+01
5912.5000 9.830307e+01
5913.7500 1.472043e+02
5915.0000 2.254482e+02
5916.2500 1.617836e+02
5917.5000 9.904977e+01
5918.7500 9.357393e+01
5920.0000 8.930656e+01
5921.2500 9.423956e+01
5922.5000 9.865289e+01
5923.7500 1.296344e+02
5925.0000 1.287127e+02
5926.2500 9.556764e+01
5927.5000 8.870377e+01
5928.7500 8.575996e+01
5930.0000 8.942406e+01
5931.2500 1.482426e+02
5932.5000 2.226865e+02
5933.7500 1.745032e+02
5935.0000 9.295149e+01
5936.2500 8.027278e+01
5937.5000 7.786439e+01
5938.7500 7.890775e+01
5940.0000 8.150187e+01
5941.2500 7.471101e+01
5942.5000 7.756451e+01
5943.7500 8.920895e+01
5945.0000 1.186599e+02
5946.2500 1.213269e+02
5947.5000 9.557064e+01
5948.7500 8.320731e+01
5950.0000 8.347579e+01
5951.2500 9.649490e+01
5952.5000 1.698328e+02
5953.7500 1.848680e+02
5955.0000 1.122034e+02
5956.2500 8.029071e+01
5957.5000 8.206134e+01
5958.7500 8.716248e+01
5960.0000 8.132674e+01
5961.2500 8.478926e+01
5962.5000 8.257021e+01
5963.7500 8.422811e+01
5965.0000 8.539938e+01
5966.2500 8.760874e+01
5967.5000 8.586273e+01
5968.7500 1.004368e+02
5970.0000 1.156289e+02
5971.2500 1.044182e+02
5972.5000 8.946591e+01
5973.7500 9.075147e+01
5975.0000 9.336652e+01
5976.2500 1.421040e+02
5977.5000 1.519377e+02
5978.7500 1.060883e+02
5980.0000 8.663046e+01
5981.2500 8.669493e+01
5982.5000 8.756714e+01
5983.7500 8.675109e+01
5985.0000 9.039288e+01
5986.2500 8.469266e+01
5987.5000 8.320535e+01
5988.7500 8.906091e+01
5990.0000 8.580827e+01
5991.2500 8.358690e+01
5992.5000 8.548376e+01
5993.7500 8.238033e+01
5995.0000 8.775391e+01
5996.2500 9.145108e+01
5997.5000 1.099235e+02
5998.7500 9.895587e+01
6000.0000 8.805425e+01
6001.2500 8.914622e+01
6002.5000 1.040728e+02
6003.7500 1.241650e+02
6005.0000 1.068625e+02
6006.2500 8.528651e+01
6007.5000 8.250943e+01
6008.7500 8.344605e+01
6010.0000 8.786163e+01
6011.2500 8.645250e+01
6012.5000 8.139539e+01
6013.7500 8.037511e+01
6015.0000 8.397820e+01
6016.2500 8.031622e+01
6017.5000 8.317808e+01
6018.7500 8.237205e+01
6020.0000 8.431396e+01
6021.2500 8.214065e+01
6022.5000 7.909431e+01
6023.7500 7.924667e+01
6025.0000 8.359573e+01
6026.2500 8.294274e+01
6027.5000 8.726704e+01
6028.7500 9.101572e+01
6030.0000 8.074770e+01
6031.2500 7.782644e+01
6032.5000 8.952968e+01
6033.7500 1.026181e+02
6035.0000 9.210363e+01
6036.2500 8.261610e+01
6037.5000 7.628242e+01
6038.7500 7.687180e+01
6040.0000 8.042474e+01
6041.2500 7.495238e+01
6042.5000 7.663374e+01
6043.7500 7.557734e+01
6045.0000 7.776427e+01
6046.2500 7.776595e+01
6047.5000 7.751569e+01
6048.7500 7.312656e+01
6050.0000 7.653587e+01
6051.2500 7.576022e+01
6052.5000 7.391602e+01
6053.7500 7.039874e+01
6055.0000 7.281939e+01
6056.2500 6.904185e+01
6057.5000 7.181525e+01
6058.7500 7.533430e+01
6060.0000 7.334048e+01
6061.2500 7.648827e+01
6062.5000 7.986777e+01
6063.7500 7.129867e+01
6065.0000 7.445214e+01
6066.2500 7.594019e+01
6067.5000 8.035266e+01
6068.7500 7.491364e+01
6070.0000 6.908435e+01
6071.2500 7.038352e+01
6072.5000 7.208926e+01
6073.7500 7.114454e+01
6075.0000 7.333403e+01
6076.2500 7.216085e+01
6077.5000 7.251328e+01
6078.7500 7.077169e+01
6080.0000 7.025722e+01
6081.2500 7.302058e+01
6082.5000 7.200971e+01
6083.7500 6.772087e+01
6085.0000 7.227254e+01
6086.2500 6.992993e+01
6087.5000 6.992503e+01
6088.7500 7.171460e+01
6090.0000 6.986209e+01
6091.2500 6.975892e+01
6092.5000 6.828501e+01
6093.7500 6.678166e+01
6095.0000 7.058740e+01
6096.2500 7.263895e+01
6097.5000 7.309181e+01
6098.7500 7.365800e+01
6100.0000 7.856448e+01
6101.2500 7.352886e+01
6102.5000 7.471851e+01
6103.7500 7.766821e+01
6105.0000 7.990833e+01
6106.2500 7.460661e+01
6107.5000 7.678853e+01
6108.7500 7.280065e+01
6110.0000 7.600386e+01
6111.2500 7.647390e+01
6112.5000 7.714392e+01
6113.7500 7.301134e+01
6115.0000 7.566993e+01
6116.2500 7.384147e+01
6117.5000 7.322412e+01
6118.7500 7.579568e+01
6120.0000 7.124541e+01
6121.2500 7.447078e+01
6122.5000 7.246136e+01
6123.7500 7.297215e+01
6125.0000 7.311119e+01
6126.2500 7.296016e+01
6127.5000 7.476572e+01
6128.7500 7.508214e+01
6130.0000 7.353962e+01
6131.2500 7.382678e+01
6132.5000 7.233238e+01
6133.7500 7.272384e+01
6135.0000 7.958282e+01
6136.2500 8.511644e+01
6137.5000 8.862921e+01
6138.7500 1.051591e+02
6140.0000 9.720854e+01
6141.2500 8.315763e+01
6142.5000 9.460421e+01
6143.7500 1.117786e+02
6145.0000 1.031471e+02
6146.2500 8.046066e+01
6147.5000 7.427609e+01
6148.7500 7.762062e+01
6150.0000 7.811229e+01
6151.2500 8.444157e+01
6152.5000 7.399553e+01
6153.7500 7.494701e+01
6155.0000 8.204134e+01
6156.2500 9.623999e+01
6157.5000 9.912708e+01
6158.7500 8.481676e+01
6160.0000 6.954168e+01
6161.2500 6.993955e+01
6162.5000 6.441610e+01
6163.7500 6.603219e+01
6165.0000 6.808460e+01
6166.2500 6.540317e+01
6167.5000 7.165753e+01
6168.7500 8.514725e+01
6170.0000 1.318396e+02
6171.2500 1.147394e+02
6172.5000 7.382912e+01
6173.7500 6.820405e+01
6175.0000 7.876907e+01
6176.2500 8.399022e+01
6177.5000 6.943880e+01
6178.7500 6.584063e+01
6180.0000 6.151416e+01
6181.2500 6.428642e+01
6182.5000 6.767638e+01
6183.7500 6.866708e+01
6185.0000 6.384668e+01
6186.2500 6.073744e+01
6187.5000 6.759084e+01
6188.7500 6.668775e+01
6190.0000 6.430607e+01
6191.2500 6.461184e+01
6192.5000 7.477222e+01
6193.7500 7.253396e+01
6195.0000 6.496414e+01
6196.2500 5.918333e+01
6197.5000 6.155836e+01
6198.7500 6.141526e+01
6200.0000 6.245901e+01
6201.2500 8.667120e+01
6202.5000 1.140653e+02
6203.7500 8.990836e+01
6205.0000 6.673360e+01
6206.2500 6.832571e+01
6207.5000 6.580560e+01
6208.7500 6.260115e+01
6210.0000 6.198701e+01
6211.2500 6.434477e+01
6212.5000 7.900087e+01
6213.7500 7.338177e+01
6215.0000 6.164237e+01
6216.2500 6.074162e+01
6217.5000 5.832851e+01
6218.7500 5.913254e+01
6220.0000 8.158360e+01
6221.2500 1.116810e+02
6222.5000 9.834562e+01
6223.7500 6.367241e+01
6225.0000 6.101695e+01
6226.2500 5.878215e+01
6227.5000 5.848358e+01
6228.7500 5.656422e+01
6230.0000 5.803683e+01
6231.2500 6.128699e+01
6232.5000 8.628561e+01
6233.7500 1.573627e+02
6235.0000 2.471978e+02
6236.2500 2.443011e+02
6237.5000 1.492715e+02
6238.7500 9.295748e+01
6240.0000 1.029182e+02
6241.2500 1.118602e+02
6242.5000 1.086941e+02
6243.7500 1.056491e+02
6245.0000 7.658725e+01
6246.2500 6.875076e+01
6247.5000 7.461262e+01
6248.7500 7.268813e+01
6250.0000 6.186074e+01
6251.2500 6.238780e+01
6252.5000 5.785766e+01
6253.7500 6.038221e+01
6255.0000 6.875439e+01
6256.2500 1.503609e+02
6257.5000 2.977117e+02
6258.7500 2.369598e+02
6260.0000 8.714742e+01
6261.2500 7.621764e+01
6262.5000 8.028215e+01
6263.7500 1.036838e+02
6265.0000 1.462132e+02
6266.2500 1.141162e+02
6267.5000 8.464055e+01
6268.7500 8.437198e+01
6270.0000 7.281641e+01
6271.2500 6.678592e+01
6272.5000 7.121376e+01
6273.7500 7.791832e+01
6275.0000 9.083381e+01
6276.2500 1.019247e+02
6277.5000 1.150218e+02
6278.7500 1.036288e+02
6280.0000 7.489932e+01
6281.2500 6.907654e+01
6282.5000 7.282711e+01
6283.7500 7.064578e+01
6285.0000 8.637010e+01
6286.2500 2.080026e+02
6287.5000 2.824812e+02
6288.7500 1.577595e+02
6290.0000 8.303045e+01
6291.2500 7.368659e+01
6292.5000 6.985136e+01
6293.7500 6.777787e+01
6295.0000 8.188273e+01
6296.2500 1.183398e+02
6297.5000 1.937430e+02
6298.7500 8.108733e+02
6300.0000 1.892335e+03
6301.2500 1.299859e+03
6302.5000 1.231392e+02
6303.7500 7.741343e+01
6305.0000 1.407201e+02
6306.2500 3.318088e+02
6307.5000 3.291118e+02
6308.7500 1.135177e+02
6310.0000 7.249133e+01
6311.2500 7.310461e+01
6312.5000 7.876225e+01
6313.7500 7.174708e+01
6315.0000 6.934540e+01
6316.2500 6.861352e+01
6317.5000 6.735573e+01
6318.7500 7.100235e+01
6320.0000 1.177373e+02
6321.2500 1.491694e+02
6322.5000 1.000627e+02
6323.7500 6.515141e+01
6325.0000 6.843439e+01
6326.2500 7.054854e+01
6327.5000 8.595777e+01
6328.7500 2.151739e+02
6330.0000 2.574286e+02
6331.2500 1.164137e+02
6332.5000 6.399703e+01
6333.7500 6.067627e+01
6335.0000 6.325703e+01
6336.2500 6.029902e+01
6337.5000 5.988898e+01
6338.7500 5.999679e+01
6340.0000 6.404662e+01
6341.2500 6.666618e+01
6342.5000 6.826878e+01
6343.7500 6.488516e+01
6345.0000 6.263883e+01
6346.2500 6.519802e+01
6347.5000 9.888776e+01
6348.7500 1.092831e+02
6350.0000 7.071024e+01
6351.2500 6.151576e+01
6352.5000 5.811901e+01
6353.7500 6.294499e+01
6355.0000 1.269322e+02
6356.2500 1.669229e+02
6357.5000 9.583459e+01
6358.7500 5.790821e+01
6360.0000 6.047499e+01
6361.2500 8.791040e+01
6362.5000 3.268127e+02
6363.7500 4.314810e+02
6365.0000 1.875270e+02
6366.2500 6.529594e+01
6367.5000 5.301702e+01
6368.7500 5.101574e+01
6370.0000 5.220693e+01
6371.2500 5.216107e+01
6372.5000 5.403078e+01
6373.7500 5.404138e+01
6375.0000 5.229010e+01
6376.2500 5.326074e+01
6377.5000 5.817513e+01
6378.7500 7.743436e+01
6380.0000 6.968330e+01
6381.2500 5.631847e+01
6382.5000 5.679202e+01
6383.7500 5.802162e+01
6385.0000 8.966152e+01
6386.2500 1.021492e+02
6387.5000 7.426461e+01
6388.7500 5.260658e+01
6390.0000 4.841436e+01
6391.2500 5.085350e+01
6392.5000 5.363770e+01
6393.7500 5.109127e+01
6395.0000 4.737497e+01
6396.2500 5.068900e+01
6397.5000 4.844850e+01
6398.7500 4.853109e+01
6400.0000 4.547228e+01
6401.2500 4.867019e+01
6402.5000 4.873220e+01
6403.7500 4.909991e+01
6405.0000 4.636759e+01
6406.2500 4.706139e+01
6407.5000 4.516560e+01
6408.7500 4.534995e+01
6410.0000 4.618092e+01
6411.2500 4.828697e+01
6412.5000 5.371607e+01
6413.7500 5.964593e+01
6415.0000 5.304675e+01
6416.2500 4.883472e+01
6417.5000 4.729561e+01
6418.7500 5.743957e+01
6420.0000 6.885116e+01
6421.2500 5.905292e+01
6422.5000 4.605101e+01
6423.7500 4.774710e+01
6425.0000 4.811918e+01
6426.2500 4.771508e+01
6427.5000 4.431196e+01
6428.7500 4.664784e+01
6430.0000 4.530207e+01
6431.2500 4.696008e+01
6432.5000 4.327896e+01
6433.7500 4.551272e+01
6435.0000 4.738744e+01
6436.2500 4.720853e+01
6437.5000 4.484507e+01
6438.7500 4.180563e+01
6440.0000 4.446107e+01
6441.2500 4.605040e+01
6442.5000 4.414827e+01
6443.7500 4.698739e+01
6445.0000 4.528231e+01
6446.2500 4.746296e+01
6447.5000 4.822126e+01
6448.7500 4.963394e+01
6450.0000 5.168144e+01
6451.2500 5.623738e+01
6452.5000 5.852940e+01
6453.7500 5.746959e+01
6455.0000 5.535670e+01
6456.2500 5.524775e+01
6457.5000 6.158729e+01
6458.7500 5.972093e+01
6460.0000 5.168076e+01
6461.2500 5.410944e+01
6462.5000 7.961006e+01
6463.7500 1.065881e+02
6465.0000 1.335265e+02
6466.2500 1.355644e+02
6467.5000 7.991862e+01
6468.7500 7.243576e+01
6470.0000 1.342494e+02
6471.2500 1.386036e+02
6472.5000 7.659261e+01
6473.7500 5.373473e+01
6475.0000 4.847332e+01
6476.2500 5.843346e+01
6477.5000 7.761243e+01
6478.7500 6.937180e+01
6480.0000 5.209271e+01
6481.2500 5.069220e+01
6482.5000 5.033105e+01
6483.7500 4.919817e+01
6485.0000 4.786803e+01
6486.2500 4.838416e+01
6487.5000 4.908312e+01
6488.7500 5.115290e+01
6490.0000 4.915527e+01
6491.2500 4.959376e+01
6492.5000 5.114907e+01
6493.7500 5.009848e+01
6495.0000 5.046077e+01
6496.2500 7.089711e+01
6497.5000 2.004312e+02
6498.7500 2.979156e+02
6500.0000 1.479271e+02
6501.2500 6.167755e+01
6502.5000 6.196850e+01
6503.7500 9.709814e+01
6505.0000 1.270157e+02
6506.2500 8.613520e+01
6507.5000 5.512906e+01
6508.7500 4.841219e+01
6510.0000 5.543699e+01
6511.2500 5.311629e+01
6512.5000 5.941338e+01
6513.7500 7.215010e+01
6515.0000 6.113819e+01
6516.2500 4.904772e+01
6517.5000 5.087863e+01
6518.7500 5.261542e+01
6520.0000 5.498075e+01
6521.2500 8.604351e+01
6522.5000 1.018378e+02
6523.7500 6.994013e+01
6525.0000 5.720594e+01
6526.2500 5.628484e+01
6527.5000 5.139404e+01
6528.7500 5.109042e+01
6530.0000 5.335139e+01
6531.2500 1.083508e+02
6532.5000 2.379483e+02
6533.7500 1.899346e+02
6535.0000 6.526441e+01
6536.2500 5.040733e+01
6537.5000 5.172635e+01
6538.7500 5.223280e+01
6540.0000 5.744552e+01
6541.2500 6.126945e+01
6542.5000 9.049223e+01
6543.7500 1.271994e+02
6545.0000 9.180029e+01
6546.2500 5.590580e+01
6547.5000 5.678412e+01
6548.7500 6.100168e+01
6550.0000 5.881432e+01
6551.2500 6.896721e+01
6552.5000 2.133275e+02
6553.7500 2.662662e+02
6555.0000 1.072924e+02
6556.2500 5.142987e+01
6557.5000 4.782438e+01
6558.7500 4.821767e+01
6560.0000 5.078801e+01
6561.2500 1.377921e+02
6562.5000 2.968918e+02
6563.7500 2.274512e+02
6565.0000 7.600507e+01
6566.2500 4.968867e+01
6567.5000 8.224184e+01
6568.7500 1.048466e+02
6570.0000 7.077102e+01
6571.2500 5.424249e+01
6572.5000 5.022749e+01
6573.7500 5.063753e+01
6575.0000 6.478961e+01
6576.2500 1.685383e+02
6577.5000 1.914221e+02
6578.7500 8.773660e+01
6580.0000 4.970547e+01
6581.2500 4.633276e+01
6582.5000 6.159481e+01
6583.7500 7.925645e+01
6585.0000 6.693649e+01
6586.2500 4.947840e+01
6587.5000 4.883725e+01
6588.7500 4.714306e+01
6590.0000 5.184046e+01
6591.2500 5.436327e+01
6592.5000 4.764812e+01
6593.7500 4.637112e+01
6595.0000 6.046502e+01
6596.2500 8.176613e+01
6597.5000 6.720541e+01
6598.7500 4.888247e+01
6600.0000 4.505321e+01
6601.2500 4.759310e+01
6602.5000 7.957475e+01
6603.7500 1.235478e+02
6605.0000 9.130170e+01
6606.2500 4.904663e+01
6607.5000 4.468464e+01
6608.7500 4.818819e+01
6610.0000 4.662756e+01
6611.2500 4.667034e+01
6612.5000 4.549380e+01
6613.7500 4.618781e+01
6615.0000 4.485368e+01
6616.2500 4.489778e+01
6617.5000 4.523131e+01
6618.7500 4.435122e+01
6620.0000 4.703477e+01
6621.2500 4.530447e+01
6622.5000 4.514650e+01
6623.7500 4.311608e+01
6625.0000 4.314100e+01
6626.2500 5.435901e+01
6627.5000 6.016162e+01
6628.7500 4.902349e+01
6630.0000 4.657993e+01
6631.2500 4.506506e+01
6632.5000 5.600152e+01
6633.7500 7.466435e+01
6635.0000 6.337923e+01
6636.2500 4.649371e+01
6637.5000 4.595548e+01
6638.7500 4.558748e+01
6640.0000 4.305288e+01
6641.2500 4.506150e+01
6642.5000 4.342737e+01
6643.7500 4.319679e+01
6645.0000 4.261740e+01
6646.2500 4.007970e+01
6647.5000 4.288942e+01
6648.7500 4.268736e+01
6650.0000 4.288692e+01
6651.2500 4.594714e+01
6652.5000 4.435849e+01
6653.7500 4.132705e+01
6655.0000 4.243044e+01
6656.2500 4.357531e+01
6657.5000 4.109112e+01
6658.7500 4.231800e+01
6660.0000 4.583654e+01
6661.2500 5.033866e+01
6662.5000 4.755882e+01
6663.7500 4.464318e+01
6665.0000 4.352606e+01
6666.2500 5.155476e+01
6667.5000 5.450854e+01
6668.7500 4.759873e+01
6670.0000 4.291917e+01
6671.2500 4.066825e+01
6672.5000 4.306471e+01
6673.7500 4.075681e+01
6675.0000 4.298885e+01
6676.2500 4.267476e+01
6677.5000 3.896175e+01
6678.7500 4.017202e+01
6680.0000 4.181317e+01
6681.2500 4.168282e+01
6682.5000 3.887814e+01
6683.7500 4.290123e+01
6685.0000 4.241530e+01
6686.2500 4.343657e+01
6687.5000 4.326603e+01
6688.7500 4.304102e+01
6690.0000 4.298553e+01
6691.2500 4.167104e+01
6692.5000 4.229919e+01
6693.7500 4.319466e+01
6695.0000 4.143799e+01
6696.2500 4.209675e+01
6697.5000 4.762584e+01
6698.7500 5.091053e+01
6700.0000 4.738248e+01
6701.2500 4.402388e+01
6702.5000 4.607862e+01
6703.7500 4.919026e+01
6705.0000 4.846702e+01
6706.2500 4.584093e+01
6707.5000 4.557780e+01
6708.7500 4.505452e+01
6710.0000 4.395131e+01
6711.2500 4.454599e+01
6712.5000 4.114898e+01
6713.7500 4.317656e+01
6715.0000 4.484659e+01
6716.2500 6.385725e+01
6717.5000 6.860352e+01
6718.7500 4.982511e+01
6720.0000 4.159076e+01
6721.2500 4.212866e+01
6722.5000 4.292691e+01
6723.7500 4.243315e+01
6725.0000 4.169541e+01
6726.2500 4.177890e+01
6727.5000 4.322321e+01
6728.7500 4.466908e+01
6730.0000 4.903905e+01
6731.2500 6.000762e+01
6732.5000 5.411102e+01
6733.7500 4.489336e+01
6735.0000 4.263530e+01
6736.2500 3.954029e+01
6737.5000 4.455956e+01
6738.7500 4.454737e+01
6740.0000 4.504735e+01
6741.2500 4.383690e+01
6742.5000 4.601923e+01
6743.7500 4.967800e+01
6745.0000 4.949770e+01
6746.2500 4.487079e+01
6747.5000 4.284129e+01
6748.7500 4.465196e+01
6750.0000 4.147084e+01
6751.2500 4.124064e+01
6752.5000 4.242953e+01
6753.7500 4.360128e+01
6755.0000 4.228949e+01
6756.2500 4.379154e+01
6757.5000 4.222024e+01
6758.7500 4.224795e+01
6760.0000 4.414538e+01
6761.2500 4.177070e+01
6762.5000 4.152905e+01
6763.7500 4.355774e+01
6765.0000 4.159620e+01
6766.2500 4.195570e+01
6767.5000 4.295126e+01
6768.7500 4.478827e+01
6770.0000 4.190197e+01
6771.2500 3.960101e+01
6772.5000 3.952254e+01
6773.7500 4.014356e+01
6775.0000 4.501385e+01
6776.2500 4.412604e+01
6777.5000 4.328096e+01
6778.7500 4.147571e+01
6780.0000 4.158704e+01
6781.2500 4.177080e+01
6782.5000 4.553537e+01
6783.7500 4.697366e+01
6785.0000 4.385813e+01
6786.2500 4.348837e+01
6787.5000 4.645426e+01
6788.7500 4.911717e+01
6790.0000 4.440837e+01
6791.2500 4.245551e+01
6792.5000 4.050303e+01
6793.7500 4.167211e+01
6795.0000 4.128830e+01
6796.2500 4.341557e+01
6797.5000 4.239424e+01
6798.7500 4.322771e+01
6800.0000 4.185595e+01
6801.2500 4.080287e+01
6802.5000 3.978287e+01
6803.7500 4.213560e+01
6805.0000 4.212629e+01
6806.2500 4.050238e+01
6807.5000 4.109766e+01
6808.7500 4.131058e+01
6810.0000 4.055227e+01
6811.2500 4.314406e+01
6812.5000 4.047243e+01
6813.7500 4.013659e+01
6815.0000 4.069996e+01
6816.2500 4.221550e+01
6817.5000 4.213277e+01
6818.7500 4.132906e+01
6820.0000 3.856232e+01
6821.2500 3.944049e+01
6822.5000 3.952553e+01
6823.7500 3.999766e+01
6825.0000 4.457829e+01
6826.2500 1.040237e+02
6827.5000 2.012007e+02
6828.7500 2.986687e+02
6830.0000 2.273147e+02
6831.2500 9.244773e+01
6832.5000 1.424971e+02
6833.7500 2.957885e+02
6835.0000 2.173790e+02
6836.2500 6.309220e+01
6837.5000 4.209835e+01
6838.7500 4.964818e+01
6840.0000 6.542213e+01
6841.2500 1.026948e+02
6842.5000 8.580093e+01
6843.7500 4.322671e+01
6845.0000 3.774860e+01
6846.2500 3.881459e+01
6847.5000 3.730415e+01
6848.7500 4.216934e+01
6850.0000 4.843262e+01
6851.2500 4.295802e+01
6852.5000 3.906651e+01
6853.7500 3.875987e+01
6855.0000 3.629601e+01
6856.2500 3.687489e+01
6857.5000 3.750962e+01
6858.7500 3.722943e+01
6860.0000 4.084723e+01
6861.2500 7.935596e+01
6862.5000 3.377065e+02
6863.7500 5.498853e+02
6865.0000 2.583546e+02
6866.2500 5.855597e+01
6867.5000 5.728612e+01
6868.7500 8.384724e+01
6870.0000 1.564496e+02
6871.2500 1.627630e+02
6872.5000 7.527101e+01
6873.7500 5.129233e+01
6875.0000 4.735758e+01
6876.2500 4.906965e+01
6877.5000 4.977389e+01
6878.7500 5.520004e+01
6880.0000 9.612769e+01
6881.2500 9.580442e+01
6882.5000 6.190555e+01
6883.7500 4.669006e+01
6885.0000 5.007588e+01
6886.2500 5.827345e+01
6887.5000 1.121333e+02
6888.7500 2.415458e+02
6890.0000 1.836019e+02
6891.2500 6.779433e+01
6892.5000 5.339008e+01
6893.7500 6.641709e+01
6895.0000 6.013442e+01
6896.2500 4.591488e+01
6897.5000 4.787351e+01
6898.7500 7.155062e+01
6900.0000 2.115265e+02
6901.2500 1.768576e+02
6902.5000 6.419438e+01
6903.7500 4.367772e+01
6905.0000 4.196907e+01
6906.2500 3.917439e+01
6907.5000 3.645448e+01
6908.7500 4.165213e+01
6910.0000 4.877634e+01
6911.2500 1.217701e+02
6912.5000 1.928146e+02
6913.7500 1.091745e+02
6915.0000 3.863043e+01
6916.2500 3.579538e+01
6917.5000 3.478617e+01
6918.7500 3.609030e+01
6920.0000 4.002410e+01
6921.2500 1.015121e+02
6922.5000 2.893607e+02
6923.7500 2.549767e+02
6925.0000 7.078594e+01
6926.2500 3.701553e+01
6927.5000 3.766385e+01
6928.7500 3.810548e+01
6930.0000 3.521078e+01
6931.2500 3.522239e+01
6932.5000 3.361872e+01
6933.7500 3.403791e+01
6935.0000 3.396833e+01
6936.2500 3.580218e+01
6937.5000 5.770615e+01
6938.7500 1.335184e+02
6940.0000 1.268888e+02
6941.2500 5.375189e+01
6942.5000 3.605676e+01
6943.7500 3.420636e+01
6945.0000 3.249675e+01
6946.2500 3.859992e+01
6947.5000 1.659392e+02
6948.7500 3.145559e+02
6950.0000 1.834635e+02
6951.2500 5.050911e+01
6952.5000 3.891867e+01
6953.7500 3.443125e+01
6955.0000 3.732326e+01
6956.2500 3.947295e+01
6957.5000 4.014595e+01
6958.7500 3.855059e+01
6960.0000 3.736902e+01
6961.2500 3.542179e+01
6962.5000 3.571186e+01
6963.7500 3.571285e+01
6965.0000 4.043995e+01
6966.2500 4.167883e+01
6967.5000 4.233227e+01
6968.7500 8.171059e+01
6970.0000 1.020664e+02
6971.2500 5.885278e+01
6972.5000 3.704916e+01
6973.7500 3.474951e+01
6975.0000 3.730807e+01
6976.2500 5.897008e+01
6977.5000 1.608401e+02
6978.7500 1.736418e+02
6980.0000 6.875453e+01
6981.2500 3.425784e+01
6982.5000 3.612689e+01
6983.7500 3.744823e+01
6985.0000 3.688655e+01
6986.2500 3.897606e+01
6987.5000 3.748102e+01
6988.7500 3.528638e+01
6990.0000 3.392128e+01
6991.2500 3.465491e+01
6992.5000 3.367767e+01
6993.7500 3.427431e+01
6995.0000 3.541267e+01
6996.2500 3.958541e+01
6997.5000 3.785426e+01
6998.7500 3.677800e+01
7000.0000 3.946878e+01
7001.2500 4.085972e+01
7002.5000 5.774099e+01
7003.7500 6.977790e+01
7005.0000 4.799763e+01
7006.2500 3.206095e+01
7007.5000 3.212376e+01
7008.7500 3.467825e+01
7010.0000 6.870077e+01
7011.2500 1.027104e+02
7012.5000 6.705346e+01
7013.7500 3.351628e+01
7015.0000 3.002600e+01
7016.2500 2.948863e+01
7017.5000 3.045744e+01
7018.7500 3.020816e+01
7020.0000 3.178387e+01
7021.2500 3.125536e+01
7022.5000 3.052738e+01
7023.7500 3.021498e+01
7025.0000 3.172277e+01
7026.2500 3.098966e+01
7027.5000 3.233298e+01
7028.7500 3.475239e+01
7030.0000 3.655116e+01
7031.2500 3.329519e+01
7032.5000 3.133079e+01
7033.7500 3.108636e+01
7035.0000 3.051535e+01
7036.2500 3.145686e+01
7037.5000 3.178941e+01
7038.7500 3.081840e+01
7040.0000 4.137999e+01
7041.2500 5.250119e+01
7042.5000 4.005323e+01
7043.7500 3.342349e+01
7045.0000 3.986627e+01
7046.2500 5.624630e+01
7047.5000 8.522052e+01
7048.7500 7.991969e+01
7050.0000 5.726804e+01
7051.2500 4.916906e+01
7052.5000 4.790649e+01
7053.7500 4.478893e+01
7055.0000 3.977077e+01
7056.2500 3.586449e+01
7057.5000 3.482419e+01
7058.7500 3.260647e+01
7060.0000 3.962827e+01
7061.2500 4.065371e+01
7062.5000 4.429578e+01
7063.7500 4.315525e+01
7065.0000 4.248256e+01
7066.2500 4.716851e+01
7067.5000 4.528328e+01
7068.7500 4.158411e+01
7070.0000 4.580117e+01
7071.2500 4.184601e+01
7072.5000 3.895574e+01
7073.7500 4.782849e+01
7075.0000 4.093193e+01
7076.2500 3.697086e+01
7077.5000 4.284682e+01
7078.7500 4.192579e+01
7080.0000 3.793833e+01
7081.2500 4.817690e+01
7082.5000 5.653555e+01
7083.7500 4.448730e+01
7085.0000 3.178054e+01
7086.2500 3.928027e+01
7087.5000 5.433778e+01
7088.7500 5.878113e+01
7090.0000 4.659750e+01
7091.2500 4.018599e+01
7092.5000 3.919439e+01
7093.7500 3.532296e+01
7095.0000 3.477721e+01
7096.2500 3.484040e+01
7097.5000 3.472266e+01
7098.7500 3.337721e+01
7100.0000 3.559124e+01
7101.2500 3.426183e+01
7102.5000 3.490137e+01
7103.7500 3.470538e+01
7105.0000 3.304956e+01
7106.2500 3.221858e+01
7107.5000 3.546379e+01
7108.7500 3.691032e+01
7110.0000 3.713585e+01
7111.2500 3.525043e+01
7112.5000 3.519877e+01
7113.7500 3.430757e+01
7115.0000 3.422998e+01
7116.2500 3.458554e+01
7117.5000 3.337426e+01
7118.7500 3.361807e+01
7120.0000 3.338372e+01
7121.2500 3.326431e+01
7122.5000 3.447309e+01
7123.7500 3.379814e+01
7125.0000 3.525190e+01
7126.2500 4.166302e+01
7127.5000 4.824383e+01
7128.7500 4.263157e+01
7130.0000 3.562166e+01
7131.2500 3.842101e+01
7132.5000 4.580457e+01
7133.7500 4.544109e+01
7135.0000 3.518673e+01
7136.2500 3.363759e+01
7137.5000 3.447272e+01
7138.7500 3.163682e+01
7140.0000 3.942616e+01
7141.2500 4.566866e+01
7142.5000 5.683032e+01
7143.7500 6.041599e+01
7145.0000 5.660206e+01
7146.2500 5.573810e+01
7147.5000 5.239102e+01
7148.7500 4.796424e+01
7150.0000 4.222030e+01
7151.2500 4.051012e+01
7152.5000 3.694110e+01
7153.7500 3.450432e+01
7155.0000 3.653196e+01
7156.2500 4.080206e+01
7157.5000 4.301665e+01
7158.7500 4.639476e+01
7160.0000 4.308630e+01
7161.2500 4.745908e+01
7162.5000 4.680684e+01
7163.7500 4.406789e+01
7165.0000 4.943800e+01
7166.2500 5.133408e+01
7167.5000 4.450718e+01
7168.7500 4.982178e+01
7170.0000 5.526377e+01
7171.2500 4.885141e+01
7172.5000 5.012479e+01
7173.7500 6.461659e+01
7175.0000 7.105060e+01
7176.2500 7.056655e+01
7177.5000 6.971946e+01
7178.7500 6.718660e+01
7180.0000 6.589854e+01
7181.2500 6.287473e+01
7182.5000 5.402406e+01
7183.7500 4.930140e+01
7185.0000 4.656503e+01
7186.2500 4.079643e+01
7187.5000 4.320852e+01
7188.7500 4.235312e+01
7190.0000 3.742935e+01
7191.2500 3.860035e+01
7192.5000 4.090461e+01
7193.7500 4.100172e+01
7195.0000 3.621836e+01
7196.2500 3.488905e+01
7197.5000 3.618317e+01
7198.7500 4.143692e+01
7200.0000 4.313986e+01
7201.2500 4.304858e+01
7202.5000 3.960241e+01
7203.7500 3.967677e+01
7205.0000 3.559552e+01
7206.2500 3.658752e+01
7207.5000 3.794358e+01
7208.7500 3.584020e+01
7210.0000 3.494624e+01
7211.2500 3.501302e+01
7212.5000 3.497481e+01
7213.7500 3.546279e+01
7215.0000 3.430894e+01
7216.2500 3.417830e+01
7217.5000 3.490418e+01
7218.7500 3.466824e+01
7220.0000 4.011153e+01
7221.2500 4.488658e+01
7222.5000 4.725676e+01
7223.7500 4.459111e+01
7225.0000 4.286038e+01
7226.2500 3.960829e+01
7227.5000 4.141927e+01
7228.7500 5.065620e+01
7230.0000 4.401461e+01
7231.2500 4.161873e+01
7232.5000 5.070563e+01
7233.7500 5.719287e+01
7235.0000 4.864220e+01
7236.2500 5.090932e+01
7237.5000 1.817689e+02
7238.7500 4.778249e+02
7240.0000 7.898437e+02
7241.2500 5.837647e+02
7242.5000 2.089765e+02
7243.7500 5.245143e+02
7245.0000 8.100323e+02
7246.2500 3.585862e+02
7247.5000 1.052966e+02
7248.7500 5.417398e+01
7250.0000 5.283418e+01
7251.2500 7.921227e+01
7252.5000 2.054920e+02
7253.7500 1.860977e+02
7255.0000 9.160855e+01
7256.2500 7.415187e+01
7257.5000 4.569227e+01
7258.7500 4.450537e+01
7260.0000 4.691797e+01
7261.2500 4.250811e+01
7262.5000 4.825328e+01
7263.7500 4.975506e+01
7265.0000 4.578638e+01
7266.2500 5.624149e+01
7267.5000 6.843541e+01
7268.7500 6.990536e+01
7270.0000 5.838992e+01
7271.2500 5.514963e+01
7272.5000 5.176308e+01
7273.7500 1.431524e+02
7275.0000 8.786533e+02
7276.2500 1.910260e+03
7277.5000 8.144536e+02
7278.7500 6.251571e+01
7280.0000 6.479641e+01
7281.2500 8.180990e+01
7282.5000 1.323769e+02
7283.7500 4.070234e+02
7285.0000 3.833820e+02
7286.2500 9.950793e+01
7287.5000 4.797365e+01
7288.7500 4.950972e+01
7290.0000 5.868840e+01
7291.2500 6.339938e+01
7292.5000 5.205598e+01
7293.7500 5.303186e+01
7295.0000 1.436731e+02
7296.2500 1.539176e+02
7297.5000 6.155900e+01
7298.7500 3.711095e+01
7300.0000 3.944423e+01
7301.2500 4.974799e+01
7302.5000 2.035550e+02
7303.7500 3.158083e+02
7305.0000 1.355079e+02
7306.2500 5.609038e+01
7307.5000 4.863851e+01
7308.7500 4.154911e+01
7310.0000 6.439368e+01
7311.2500 6.975488e+01
7312.5000 4.753892e+01
7313.7500 7.316769e+01
7315.0000 5.966050e+02
7316.2500 1.013936e+03
7317.5000 4.012236e+02
7318.7500 4.641663e+01
7320.0000 4.028440e+01
7321.2500 3.906197e+01
7322.5000 3.745903e+01
7323.7500 3.806000e+01
7325.0000 3.693535e+01
7326.2500 4.206284e+01
7327.5000 1.594104e+02
7328.7500 4.049957e+02
7330.0000 2.744073e+02
7331.2500 5.920780e+01
7332.5000 4.585484e+01
7333.7500 4.395215e+01
7335.0000 3.833976e+01
7336.2500 4.056181e+01
7337.5000 4.539187e+01
7338.7500 1.645536e+02
7340.0000 9.989565e+02
7341.2500 1.058586e+03
7342.5000 2.037411e+02
7343.7500 4.904276e+01
7345.0000 5.574111e+01
7346.2500 5.268378e+01
7347.5000 4.996631e+01
7348.7500 4.849669e+01
7350.0000 5.627396e+01
7351.2500 6.313223e+01
7352.5000 5.421690e+01
7353.7500 4.731626e+01
7355.0000 4.521722e+01
7356.2500 6.292617e+01
7357.5000 2.608870e+02
7358.7500 3.560744e+02
7360.0000 1.412132e+02
7361.2500 4.732919e+01
7362.5000 4.831784e+01
7363.7500 5.211064e+01
7365.0000 5.365216e+01
7366.2500 5.404924e+01
7367.5000 2.199847e+02
7368.7500 8.319404e+02
7370.0000 6.598298e+02
7371.2500 9.598895e+01
7372.5000 5.059150e+01
7373.7500 6.238501e+01
7375.0000 5.438704e+01
7376.2500 4.133873e+01
7377.5000 4.410202e+01
7378.7500 4.662925e+01
7380.0000 4.270878e+01
7381.2500 3.995116e+01
7382.5000 4.505027e+01
7383.7500 4.461846e+01
7385.0000 3.819777e+01
7386.2500 4.065520e+01
7387.5000 4.563046e+01
7388.7500 4.935906e+01
7390.0000 7.377293e+01
7391.2500 2.216493e+02
7392.5000 2.477554e+02
7393.7500 8.282894e+01
7395.0000 4.121231e+01
7396.2500 3.954829e+01
7397.5000 4.103281e+01
7398.7500 4.487868e+01
7400.0000 1.511492e+02
7401.2500 4.993378e+02
7402.5000 4.139434e+02
7403.7500 7.195429e+01
7405.0000 3.973714e+01
7406.2500 4.010696e+01
7407.5000 3.734915e+01
7408.7500 3.581599e+01
7410.0000 3.843011e+01
7411.2500 4.921827e+01
7412.5000 5.476048e+01
7413.7500 4.519936e+01
7415.0000 4.295610e+01
7416.2500 4.646071e+01
7417.5000 4.343681e+01
7418.7500 3.971769e+01
7420.0000 3.706720e+01
7421.2500 3.817374e+01
7422.5000 4.438500e+01
7423.7500 4.114522e+01
7425.0000 3.708229e+01
7426.2500 3.642043e+01
7427.5000 4.598678e+01
7428.7500 1.274569e+02
7430.0000 1.528463e+02
7431.2500 6.830990e+01
7432.5000 3.768267e+01
7433.7500 3.829746e+01
7435.0000 3.920474e+01
7436.2500 6.000031e+01
7437.5000 2.162737e+02
7438.7500 2.574008e+02
7440.0000 9.255703e+01
7441.2500 3.810311e+01
7442.5000 3.846536e+01
7443.7500 3.807341e+01
7445.0000 3.702882e+01
7446.2500 3.590065e+01
7447.5000 3.750149e+01
7448.7500 3.648769e+01
7450.0000 3.851401e+01
7451.2500 3.774412e+01
7452.5000 3.767852e+01
7453.7500 3.581261e+01
7455.0000 3.683357e+01
7456.2500 3.774922e+01
7457.5000 4.375254e+01
7458.7500 4.420502e+01
7460.0000 4.418855e+01
7461.2500 6.229514e+01
7462.5000 7.074457e+01
7463.7500 6.087959e+01
7465.0000 7.516965e+01
7466.2500 1.067640e+02
7467.5000 8.219162e+01
7468.7500 5.079453e+01
7470.0000 9.703987e+01
7471.2500 1.403157e+02
7472.5000 1.653508e+02
7473.7500 1.728401e+02
7475.0000 8.565456e+01
7476.2500 4.489319e+01
7477.5000 7.351047e+01
7478.7500 1.709440e+02
7480.0000 1.796790e+02
7481.2500 9.394888e+01
7482.5000 1.795982e+02
7483.7500 2.108781e+02
7485.0000 8.170414e+01
7486.2500 4.420546e+01
7487.5000 4.527942e+01
7488.7500 4.173542e+01
7490.0000 3.543858e+01
7491.2500 3.869556e+01
7492.5000 7.633283e+01
7493.7500 9.742620e+01
7495.0000 5.487406e+01
7496.2500 3.513769e+01
7497.5000 3.442502e+01
7498.7500 4.172990e+01
7500.0000 4.147714e+01
7501.2500 3.824228e+01
7502.5000 3.827824e+01
7503.7500 3.723365e+01
7505.0000 3.375406e+01
7506.2500 3.409705e+01
7507.5000 3.438384e+01
7508.7500 3.677876e+01
7510.0000 3.549526e+01
7511.2500 3.238961e+01
7512.5000 3.378390e+01
7513.7500 3.368523e+01
7515.0000 3.619399e+01
7516.2500 6.260288e+01
7517.5000 7.600092e+01
7518.7500 4.838396e+01
7520.0000 4.003965e+01
7521.2500 7.051386e+01
7522.5000 3.000017e+02
7523.7500 6.038824e+02
7525.0000 3.509771e+02
7526.2500 5.566739e+01
7527.5000 4.658115e+01
7528.7500 7.213811e+01
7530.0000 1.717428e+02
7531.2500 1.585501e+02
7532.5000 5.172367e+01
7533.7500 3.466764e+01
7535.0000 3.594271e+01
7536.2500 3.935253e+01
7537.5000 3.977595e+01
7538.7500 5.175957e+01
7540.0000 7.343311e+01
7541.2500 6.288395e+01
7542.5000 3.856133e+01
7543.7500 3.483395e+01
7545.0000 3.639912e+01
7546.2500 3.860516e+01
7547.5000 3.625687e+01
7548.7500 3.459139e+01
7550.0000 3.380104e+01
7551.2500 3.639775e+01
7552.5000 4.329185e+01
7553.7500 4.023637e+01
7555.0000 3.944147e+01
7556.2500 9.615710e+01
7557.5000 1.406488e+02
7558.7500 7.872060e+01
7560.0000 3.880790e+01
7561.2500 3.645209e+01
7562.5000 3.580024e+01
7563.7500 3.560195e+01
7565.0000 3.656864e+01
7566.2500 5.016472e+01
7567.5000 6.499664e+01
7568.7500 5.356966e+01
7570.0000 1.415205e+02
7571.2500 4.050798e+02
7572.5000 3.180898e+02
7573.7500 9.367010e+01
7575.0000 5.858815e+01
7576.2500 3.639763e+01
7577.5000 3.535551e+01
7578.7500 3.445203e+01
7580.0000 3.848388e+01
7581.2500 3.638282e+01
7582.5000 3.924244e+01
7583.7500 5.438441e+01
7585.0000 1.938249e+02
7586.2500 2.735648e+02
7587.5000 1.104399e+02
7588.7500 5.294362e+01
7590.0000 5.264803e+01
7591.2500 5.395671e+01
7592.5000 5.452154e+01
7593.7500 5.949206e+01
7595.0000 8.242970e+01
7596.2500 2.113908e+02
7597.5000 8.488044e+02
7598.7500 1.035059e+03
7600.0000 3.507128e+02
7601.2500 1.581111e+02
7602.5000 2.026361e+02
7603.7500 2.126865e+02
7605.0000 2.322535e+02
7606.2500 2.156290e+02
7607.5000 1.944955e+02
7608.7500 1.959309e+02
7610.0000 1.729888e+02
7611.2500 1.451162e+02
7612.5000 1.195653e+02
7613.7500 9.310282e+01
7615.0000 7.305565e+01
7616.2500 1.231010e+02
7617.5000 2.302201e+02
7618.7500 1.422008e+02
7620.0000 7.225294e+01
7621.2500 9.737245e+01
7622.5000 1.265654e+02
7623.7500 1.022980e+02
7625.0000 8.940051e+01
7626.2500 1.348242e+02
7627.5000 5.349789e+02
7628.7500 6.957636e+02
7630.0000 2.454633e+02
7631.2500 9.386237e+01
7632.5000 1.037917e+02
7633.7500 8.023199e+01
7635.0000 7.267461e+01
7636.2500 8.112849e+01
7637.5000 7.393770e+01
7638.7500 6.618703e+01
7640.0000 7.482354e+01
7641.2500 8.640439e+01
7642.5000 7.344026e+01
7643.7500 6.178632e+01
7645.0000 7.020093e+01
7646.2500 6.670187e+01
7647.5000 5.476587e+01
7648.7500 5.790323e+01
7650.0000 6.323195e+01
7651.2500 6.900912e+01
7652.5000 1.201034e+02
7653.7500 1.440219e+02
7655.0000 7.439137e+01
7656.2500 5.122514e+01
7657.5000 4.055056e+01
7658.7500 4.287342e+01
7660.0000 6.367090e+01
7661.2500 2.125156e+02
7662.5000 1.953919e+02
7663.7500 8.565646e+01
7665.0000 4.487080e+01
7666.2500 4.385543e+01
7667.5000 3.706580e+01
7668.7500 3.427443e+01
7670.0000 3.731251e+01
7671.2500 4.353498e+01
7672.5000 4.676590e+01
7673.7500 3.697123e+01
7675.0000 3.280944e+01
7676.2500 3.554894e+01
7677.5000 3.801163e+01
7678.7500 3.827325e+01
7680.0000 4.454312e+01
7681.2500 5.419920e+01
7682.5000 4.838271e+01
7683.7500 4.311492e+01
7685.0000 4.558669e+01
7686.2500 5.683033e+01
7687.5000 6.085297e+01
7688.7500 5.037339e+01
7690.0000 5.122955e+01
7691.2500 7.017212e+01
7692.5000 6.481809e+01
7693.7500 4.368652e+01
7695.0000 4.126179e+01
7696.2500 4.118692e+01
7697.5000 5.514512e+01
7698.7500 9.547909e+01
7700.0000 8.847438e+01
7701.2500 5.016393e+01
7702.5000 3.901630e+01
7703.7500 3.934531e+01
7705.0000 3.886856e+01
7706.2500 3.949043e+01
7707.5000 3.771392e+01
7708.7500 4.129741e+01
7710.0000 9.009467e+01
7711.2500 6.007167e+02
7712.5000 8.842698e+02
7713.7500 4.330545e+02
7715.0000 4.883380e+02
7716.2500 9.291141e+02
7717.5000 7.576790e+02
7718.7500 2.304374e+02
7720.0000 5.997371e+01
7721.2500 5.068564e+01
7722.5000 1.134351e+02
7723.7500 1.596077e+02
7725.0000 2.216912e+02
7726.2500 2.192025e+02
7727.5000 8.436369e+01
7728.7500 4.622598e+01
7730.0000 4.810817e+01
7731.2500 4.397783e+01
7732.5000 4.717873e+01
7733.7500 6.999936e+01
7735.0000 8.935350e+01
7736.2500 7.044513e+01
7737.5000 4.263586e+01
7738.7500 4.694446e+01
7740.0000 5.631294e+01
7741.2500 5.230354e+01
7742.5000 3.761849e+01
7743.7500 4.230905e+01
7745.0000 5.007855e+01
7746.2500 5.303451e+01
7747.5000 8.547495e+01
7748.7500 5.320651e+02
7750.0000 1.570488e+03
7751.2500 1.120697e+03
7752.5000 1.543477e+02
7753.7500 4.389542e+01
7755.0000 4.907673e+01
7756.2500 7.452742e+01
7757.5000 8.990136e+01
7758.7500 3.664427e+02
7760.0000 5.300306e+02
7761.2500 1.865585e+02
7762.5000 4.076329e+01
7763.7500 3.971857e+01
7765.0000 3.707928e+01
7766.2500 3.827235e+01
7767.5000 4.195607e+01
7768.7500 4.920658e+01
7770.0000 7.757276e+01
7771.2500 1.971811e+02
7772.5000 3.552178e+02
7773.7500 3.242583e+02
7775.0000 1.802205e+02
7776.2500 7.425428e+01
7777.5000 4.561431e+01
7778.7500 1.594177e+02
7780.0000 3.490272e+02
7781.2500 2.218669e+02
7782.5000 5.320630e+01
7783.7500 5.027340e+01
7785.0000 6.386104e+01
7786.2500 6.410576e+01
7787.5000 5.907833e+01
7788.7500 6.201737e+01
7790.0000 1.019498e+02
7791.2500 1.183564e+02
7792.5000 5.452452e+02
7793.7500 1.255962e+03
7795.0000 7.033398e+02
7796.2500 7.795127e+01
7797.5000 4.962244e+01
7798.7500 4.837959e+01
7800.0000 4.226242e+01
7801.2500 3.982994e+01
7802.5000 4.312081e+01
7803.7500 4.807910e+01
7805.0000 4.586004e+01
7806.2500 9.786340e+01
7807.5000 4.185108e+02
7808.7500 4.661475e+02
7810.0000 1.284528e+02
7811.2500 6.355253e+01
7812.5000 6.189554e+01
7813.7500 6.784387e+01
7815.0000 7.450737e+01
7816.2500 6.022172e+01
7817.5000 5.549607e+01
7818.7500 9.948948e+01
7820.0000 7.403884e+02
7821.2500 1.555375e+03
7822.5000 7.846334e+02
7823.7500 7.784387e+01
7825.0000 5.488583e+01
7826.2500 4.771813e+01
7827.5000 5.849102e+01
7828.7500 6.744073e+01
7830.0000 5.230538e+01
7831.2500 4.035686e+01
7832.5000 4.995886e+01
7833.7500 5.781421e+01
7835.0000 4.968158e+01
7836.2500 3.992604e+01
7837.5000 4.186311e+01
7838.7500 6.232877e+01
7840.0000 2.896025e+02
7841.2500 4.518275e+02
7842.5000 1.888584e+02
7843.7500 4.321694e+01
7845.0000 4.144772e+01
7846.2500 4.070043e+01
7847.5000 6.183111e+01
7848.7500 1.515061e+02
7850.0000 1.772986e+02
7851.2500 3.022223e+02
7852.5000 1.316304e+03
7853.7500 1.370122e+03
7855.0000 2.945279e+02
7856.2500 7.910503e+01
7857.5000 1.645782e+02
7858.7500 2.444944e+02
7860.0000 5.313855e+02
7861.2500 4.407993e+02
7862.5000 8.102077e+01
7863.7500 4.214307e+01
7865.0000 4.651202e+01
7866.2500 1.376971e+02
7867.5000 2.553470e+02
7868.7500 2.636838e+02
7870.0000 5.882074e+02
7871.2500 5.428746e+02
7872.5000 1.077268e+02
7873.7500 4.304246e+01
7875.0000 3.975636e+01
7876.2500 5.490520e+01
7877.5000 2.281570e+02
7878.7500 3.349147e+02
7880.0000 2.395128e+02
7881.2500 2.796177e+02
7882.5000 2.007709e+02
7883.7500 7.020177e+01
7885.0000 7.069648e+01
7886.2500 7.773873e+01
7887.5000 1.301369e+02
7888.7500 5.470599e+02
7890.0000 7.040860e+02
7891.2500 2.591316e+02
7892.5000 7.662543e+01
7893.7500 7.361114e+01
7895.0000 6.598107e+01
7896.2500 5.950892e+01
7897.5000 6.323845e+01
7898.7500 5.226452e+01
7900.0000 4.009712e+01
7901.2500 4.635909e+01
7902.5000 6.058306e+01
7903.7500 5.594753e+01
7905.0000 5.168353e+01
7906.2500 6.360421e+01
7907.5000 5.330310e+01
7908.7500 6.013453e+01
7910.0000 9.139956e+01
7911.2500 2.835392e+02
7912.5000 1.486068e+03
7913.7500 1.933723e+03
7915.0000 5.911461e+02
7916.2500 6.876377e+01
7917.5000 1.054404e+02
7918.7500 1.797548e+02
7920.0000 6.243640e+02
7921.2500 7.301564e+02
7922.5000 2.302984e+02
7923.7500 6.529906e+01
7925.0000 5.022600e+01
7926.2500 4.395623e+01
7927.5000 6.214526e+01
7928.7500 1.027617e+02
7930.0000 3.556104e+02
7931.2500 5.111174e+02
7932.5000 2.400085e+02
7933.7500 6.940827e+01
7935.0000 5.051929e+01
7936.2500 4.226131e+01
7937.5000 4.327216e+01
7938.7500 4.698538e+01
7940.0000 4.867785e+01
7941.2500 5.086102e+01
7942.5000 5.606337e+01
7943.7500 6.152562e+01
7945.0000 8.398080e+01
7946.2500 7.717303e+01
7947.5000 1.901481e+02
7948.7500 4.193153e+02
7950.0000 2.772752e+02
7951.2500 6.528932e+01
7952.5000 5.226913e+01
7953.7500 4.528717e+01
7955.0000 4.119559e+01
7956.2500 4.085195e+01
7957.5000 4.084027e+01
7958.7500 4.018037e+01
7960.0000 4.253188e+01
7961.2500 5.280794e+01
7962.5000 2.296171e+02
7963.7500 1.370034e+03
7965.0000 1.394557e+03
7966.2500 2.671504e+02
7967.5000 1.311887e+02
7968.7500 1.141563e+02
7970.0000 5.474434e+01
7971.2500 5.342068e+01
7972.5000 5.398499e+01
7973.7500 4.819491e+01
7975.0000 6.443359e+01
7976.2500 1.742849e+02
7977.5000 2.520156e+02
7978.7500 5.164437e+02
7980.0000 5.454955e+02
7981.2500 1.472392e+02
7982.5000 4.479815e+01
7983.7500 4.284687e+01
7985.0000 5.008983e+01
7986.2500 6.165735e+01
7987.5000 6.640944e+01
7988.7500 6.526306e+01
7990.0000 6.925779e+01
7991.2500 2.824150e+02
7992.5000 1.613193e+03
7993.7500 1.621212e+03
7995.0000 2.963208e+02
7996.2500 7.402439e+01
7997.5000 7.654955e+01
7998.7500 7.554626e+01
8000.0000 6.673610e+01
8001.2500 6.752676e+01
8002.5000 6.588619e+01
8003.7500 5.816255e+01
8005.0000 5.171927e+01
8006.2500 4.720650e+01
8007.5000 4.856082e+01
8008.7500 4.671260e+01
8010.0000 5.294164e+01
8011.2500 6.805263e+01
8012.5000 2.125756e+02
8013.7500 4.733622e+02
8015.0000 3.036624e+02
8016.2500 7.391850e+01
8017.5000 5.124648e+01
8018.7500 8.602181e+01
8020.0000 1.151236e+02
8021.2500 7.858226e+01
8022.5000 5.529229e+01
8023.7500 2.071294e+02
8025.0000 9.552509e+02
8026.2500 9.778140e+02
8027.5000 2.554072e+02
8028.7500 1.346401e+02
8030.0000 8.984241e+01
8031.2500 7.566628e+01
8032.5000 6.418925e+01
8033.7500 5.161154e+01
8035.0000 5.319345e+01
8036.2500 4.461489e+01
8037.5000 3.937422e+01
8038.7500 4.281227e+01
8040.0000 4.836014e+01
8041.2500 4.997668e+01
8042.5000 4.430776e+01
8043.7500 3.869657e+01
8045.0000 4.023697e+01
8046.2500 4.453811e+01
8047.5000 4.287161e+01
8048.7500 5.911565e+01
8050.0000 1.096954e+02
8051.2500 2.361051e+02
8052.5000 2.172757e+02
8053.7500 6.569494e+01
8055.0000 4.021589e+01
8056.2500 4.132195e+01
8057.5000 4.050714e+01
8058.7500 4.458801e+01
8060.0000 1.084325e+02
8061.2500 4.181509e+02
8062.5000 4.633060e+02
8063.7500 1.330320e+02
8065.0000 4.525565e+01
8066.2500 4.564328e+01
8067.5000 4.353687e+01
8068.7500 3.926103e+01
8070.0000 3.664091e+01
8071.2500 3.763488e+01
8072.5000 4.143947e+01
8073.7500 4.818389e+01
8075.0000 5.204817e+01
8076.2500 6.036078e+01
8077.5000 6.183155e+01
8078.7500 4.548850e+01
8080.0000 4.044507e+01
8081.2500 4.118649e+01
8082.5000 4.661573e+01
8083.7500 6.752058e+01
8085.0000 7.950512e+01
8086.2500 5.833397e+01
8087.5000 4.043510e+01
8088.7500 3.932501e+01
8090.0000 3.741846e+01
8091.2500 4.764341e+01
8092.5000 1.166795e+02
8093.7500 1.420965e+02
8095.0000 7.560881e+01
8096.2500 4.273746e+01
8097.5000 4.306367e+01
8098.7500 4.403612e+01
8100.0000 6.253363e+01
8101.2500 1.909439e+02
8102.5000 2.420870e+02
8103.7500 1.241317e+02
8105.0000 5.789692e+01
8106.2500 5.116011e+01
8107.5000 5.325486e+01
8108.7500 5.277846e+01
8110.0000 5.128086e+01
8111.2500 4.965504e+01
8112.5000 4.807364e+01
8113.7500 4.711325e+01
8115.0000 4.531859e+01
8116.2500 4.188797e+01
8117.5000 4.340485e+01
8118.7500 4.530035e+01
8120.0000 4.489121e+01
8121.2500 4.717247e+01
8122.5000 4.722628e+01
8123.7500 4.794283e+01
8125.0000 4.746967e+01
8126.2500 5.635503e+01
8127.5000 5.771653e+01
8128.7500 5.074139e+01
8130.0000 5.148342e+01
8131.2500 6.092881e+01
8132.5000 5.592881e+01
8133.7500 5.563971e+01
8135.0000 6.015102e+01
8136.2500 6.062595e+01
8137.5000 8.717107e+01
8138.7500 1.217756e+02
8140.0000 9.786189e+01
8141.2500 5.804732e+01
8142.5000 4.531635e+01
8143.7500 4.546605e+01
8145.0000 8.016243e+01
8146.2500 1.492061e+02
8147.5000 1.237692e+02
8148.7500 6.008653e+01
8150.0000 4.705170e+01
8151.2500 4.691206e+01
8152.5000 4.614602e+01
8153.7500 4.935331e+01
8155.0000 4.803963e+01
8156.2500 4.311946e+01
8157.5000 4.680652e+01
8158.7500 4.578389e+01
8160.0000 4.695957e+01
8161.2500 4.821627e+01
8162.5000 5.056868e+01
8163.7500 4.838877e+01
8165.0000 4.875005e+01
8166.2500 4.475092e+01
8167.5000 4.246111e+01
8168.7500 4.381508e+01
8170.0000 4.843258e+01
8171.2500 4.561920e+01
8172.5000 4.387176e+01
8173.7500 4.669027e+01
8175.0000 4.607436e+01
8176.2500 4.477675e+01
8177.5000 5.104871e+01
8178.7500 4.961810e+01
8180.0000 4.755904e+01
8181.2500 4.452336e+01
8182.5000 4.121204e+01
8183.7500 4.300731e+01
8185.0000 4.323129e+01
8186.2500 4.950174e+01
8187.5000 7.544794e+01
8188.7500 7.774156e+01
8190.0000 5.134410e+01
8191.2500 4.299967e+01
8192.5000 4.650459e+01
8193.7500 6.468547e+01
8195.0000 8.210732e+01
8196.2500 6.704588e+01
8197.5000 4.530459e+01
8198.7500 4.539137e+01
8200.0000 4.236909e+01
8201.2500 4.558303e+01
8202.5000 4.564940e+01
8203.7500 5.021473e+01
8205.0000 5.094883e+01
8206.2500 5.481198e+01
8207.5000 5.576662e+01
8208.7500 5.548210e+01
8210.0000 4.998127e+01
8211.2500 4.837298e+01
8212.5000 4.838273e+01
8213.7500 5.177451e+01
8215.0000 4.977225e+01
8216.2500 4.807018e+01
8217.5000 4.440752e+01
8218.7500 4.548174e+01
8220.0000 4.411965e+01
8221.2500 4.695036e+01
8222.5000 5.255892e+01
8223.7500 5.893333e+01
8225.0000 5.289971e+01
8226.2500 5.140241e+01
8227.5000 5.056626e+01
8228.7500 5.973698e+01
8230.0000 5.642635e+01
8231.2500 6.168565e+01
8232.5000 5.771856e+01
8233.7500 6.044010e+01
8235.0000 6.592189e+01
8236.2500 6.246603e+01
8237.5000 6.161343e+01
8238.7500 6.073783e+01
8240.0000 6.575749e+01
8241.2500 7.930422e+01
8242.5000 7.065035e+01
8243.7500 5.327296e+01
8245.0000 5.092457e+01
8246.2500 5.962872e+01
8247.5000 7.186716e+01
8248.7500 6.136390e+01
8250.0000 4.611584e+01
8251.2500 4.228773e+01
8252.5000 4.303207e+01
8253.7500 5.102772e+01
8255.0000 5.840903e+01
8256.2500 5.234853e+01
8257.5000 4.247468e+01
8258.7500 4.011762e+01
8260.0000 4.549540e+01
8261.2500 4.167788e+01
8262.5000 4.289258e+01
8263.7500 4.050216e+01
8265.0000 4.019278e+01
8266.2500 4.077203e+01
8267.5000 4.192701e+01
8268.7500 4.370575e+01
8270.0000 4.220601e+01
8271.2500 4.556132e+01
8272.5000 4.410816e+01
8273.7500 4.420150e+01
8275.0000 5.228744e+01
8276.2500 1.192627e+02
8277.5000 3.449945e+02
8278.7500 3.908591e+02
8280.0000 5.068235e+02
8281.2500 9.055139e+02
8282.5000 5.866702e+02
8283.7500 1.281516e+02
8285.0000 2.110894e+02
8286.2500 4.493791e+02
8287.5000 1.425938e+03
8288.7500 1.667553e+03
8290.0000 3.891183e+02
8291.2500 8.746803e+01
8292.5000 5.109346e+01
8293.7500 7.986626e+01
8295.0000 3.808774e+02
8296.2500 5.314077e+02
8297.5000 1.055568e+03
8298.7500 1.529935e+03
8300.0000 6.002073e+02
8301.2500 1.064860e+02
8302.5000 1.020198e+02
8303.7500 8.717896e+01
8305.0000 6.801238e+01
8306.2500 5.281990e+01
8307.5000 5.689623e+01
8308.7500 1.719207e+02
8310.0000 5.037325e+02
8311.2500 4.040677e+02
8312.5000 8.318892e+01
8313.7500 4.721799e+01
8315.0000 4.560001e+01
8316.2500 6.154741e+01
8317.5000 9.482655e+01
8318.7500 8.867797e+01
8320.0000 5.844719e+01
8321.2500 5.182008e+01
8322.5000 5.416166e+01
8323.7500 5.104086e+01
8325.0000 4.898747e+01
8326.2500 4.424791e+01
8327.5000 4.573822e+01
8328.7500 4.708250e+01
8330.0000 4.599922e+01
8331.2500 4.557874e+01
8332.5000 4.965549e+01
8333.7500 4.709117e+01
8335.0000 5.171718e+01
8336.2500 6.654401e+01
8337.5000 9.734740e+01
8338.7500 9.089746e+01
8340.0000 6.721455e+01
8341.2500 1.907171e+02
8342.5000 1.036387e+03
8343.7500 4.822535e+03
8345.0000 4.359458e+03
8346.2500 5.932236e+02
8347.5000 7.461260e+01
8348.7500 1.441884e+02
8350.0000 1.745101e+02
8351.2500 5.653502e+02
8352.5000 1.471126e+03
8353.7500 8.884598e+02
8355.0000 9.945595e+01
8356.2500 5.736623e+01
8357.5000 5.336199e+01
8358.7500 5.764870e+01
8360.0000 1.025221e+02
8361.2500 1.340776e+02
8362.5000 1.360197e+02
8363.7500 3.832768e+02
8365.0000 4.619937e+02
8366.2500 1.805917e+02
8367.5000 6.136245e+01
8368.7500 4.684442e+01
8370.0000 4.336123e+01
8371.2500 4.398700e+01
8372.5000 4.620984e+01
8373.7500 4.542290e+01
8375.0000 4.939245e+01
8376.2500 5.016919e+01
8377.5000 4.897688e+01
8378.7500 8.499197e+01
8380.0000 1.803370e+02
8381.2500 5.693713e+02
8382.5000 7.641368e+02
8383.7500 2.827779e+02
8385.0000 4.718585e+01
8386.2500 4.409649e+01
8387.5000 4.504617e+01
8388.7500 4.536556e+01
8390.0000 5.864945e+01
8391.2500 6.083473e+01
8392.5000 4.667459e+01
8393.7500 4.067091e+01
8395.0000 4.396684e+01
8396.2500 9.471832e+01
8397.5000 1.059208e+03
8398.7500 2.876334e+03
8400.0000 1.696349e+03
8401.2500 1.645435e+02
8402.5000 4.579847e+01
8403.7500 4.069666e+01
8405.0000 3.864211e+01
8406.2500 3.729778e+01
8407.5000 3.798740e+01
8408.7500 4.065293e+01
8410.0000 4.075880e+01
8411.2500 4.249843e+01
8412.5000 7.766170e+01
8413.7500 5.837078e+02
8415.0000 1.009253e+03
8416.2500 4.347105e+02
8417.5000 5.893702e+01
8418.7500 4.775286e+01
8420.0000 4.783723e+01
8421.2500 5.150291e+01
8422.5000 6.736217e+01
8423.7500 7.076593e+01
8425.0000 7.422529e+01
8426.2500 9.616750e+01
8427.5000 2.239295e+02
8428.7500 2.362820e+03
8430.0000 3.998042e+03
8431.2500 1.401764e+03
8432.5000 1.233293e+02
8433.7500 1.047949e+02
8435.0000 8.557842e+01
8436.2500 5.146132e+01
8437.5000 4.547372e+01
8438.7500 5.029668e+01
8440.0000 4.542177e+01
8441.2500 4.941311e+01
8442.5000 4.839373e+01
8443.7500 5.457093e+01
8445.0000 1.306424e+02
8446.2500 2.020387e+02
8447.5000 1.172989e+02
8448.7500 6.004745e+01
8450.0000 1.557016e+02
8451.2500 8.863810e+02
8452.5000 9.720057e+02
8453.7500 2.264459e+02
8455.0000 5.846130e+01
8456.2500 5.417849e+01
8457.5000 4.857787e+01
8458.7500 5.151175e+01
8460.0000 6.036442e+01
8461.2500 6.986089e+01
8462.5000 1.028214e+02
8463.7500 1.079683e+03
8465.0000 2.855437e+03
8466.2500 1.614947e+03
8467.5000 1.314731e+02
8468.7500 5.174429e+01
8470.0000 4.815543e+01
8471.2500 5.008429e+01
8472.5000 5.501805e+01
8473.7500 1.025644e+02
8475.0000 1.009670e+02
8476.2500 5.717982e+01
8477.5000 4.252010e+01
8478.7500 4.513300e+01
8480.0000 4.382533e+01
8481.2500 4.507590e+01
8482.5000 4.359069e+01
8483.7500 4.213724e+01
8485.0000 4.669652e+01
8486.2500 4.668343e+01
8487.5000 4.422494e+01
8488.7500 4.018584e+01
8490.0000 4.582940e+01
8491.2500 1.022205e+02
8492.5000 4.676328e+02
8493.7500 5.403976e+02
8495.0000 1.718864e+02
8496.2500 6.001239e+01
8497.5000 6.087108e+01
8498.7500 5.049554e+01
8500.0000 5.762210e+01
8501.2500 7.389108e+01
8502.5000 1.731545e+02
8503.7500 8.042043e+02
8505.0000 1.061443e+03
8506.2500 3.454771e+02
8507.5000 4.886394e+01
8508.7500 3.891077e+01
8510.0000 3.841982e+01
8511.2500 4.174986e+01
8512.5000 3.724805e+01
8513.7500 3.665621e+01
8515.0000 3.815213e+01
8516.2500 3.780061e+01
8517.5000 3.711463e+01
8518.7500 4.401765e+01
8520.0000 5.991737e+01
8521.2500 5.535511e+01
8522.5000 3.860396e+01
8523.7500 3.822420e+01
8525.0000 3.902000e+01
8526.2500 3.818320e+01
8527.5000 3.941245e+01
8528.7500 3.722247e+01
8530.0000 3.787127e+01
8531.2500 4.035817e+01
8532.5000 4.020372e+01
8533.7500 3.859484e+01
8535.0000 3.958812e+01
8536.2500 6.520662e+01
8537.5000 2.248912e+02
8538.7500 2.751552e+02
8540.0000 1.081326e+02
8541.2500 5.675761e+01
8542.5000 5.289610e+01
8543.7500 4.524074e+01
8545.0000 5.207116e+01
8546.2500 1.014016e+02
8547.5000 4.080125e+02
8548.7500 5.431697e+02
8550.0000 2.136997e+02
8551.2500 6.463370e+01
8552.5000 6.049661e+01
8553.7500 5.669071e+01
8555.0000 4.499619e+01
8556.2500 4.282671e+01
8557.5000 4.333813e+01
8558.7500 4.179073e+01
8560.0000 4.477147e+01
8561.2500 4.353285e+01
8562.5000 4.195802e+01
8563.7500 4.106920e+01
8565.0000 4.221938e+01
8566.2500 4.266967e+01
8567.5000 4.301256e+01
8568.7500 4.514583e+01
8570.0000 4.498177e+01
8571.2500 5.972191e+01
8572.5000 6.881364e+01
8573.7500 5.753720e+01
8575.0000 6.585237e+01
8576.2500 6.831328e+01
8577.5000 6.455580e+01
8578.7500 5.223550e+01
8580.0000 4.767379e+01
8581.2500 4.263105e+01
8582.5000 4.458740e+01
8583.7500 4.770460e+01
8585.0000 4.515074e+01
8586.2500 7.546429e+01
8587.5000 1.752035e+02
8588.7500 1.584432e+02
8590.0000 6.509986e+01
8591.2500 4.780964e+01
8592.5000 4.391673e+01
8593.7500 4.686650e+01
8595.0000 9.100795e+01
8596.2500 2.102990e+02
8597.5000 2.038264e+02
8598.7500 7.495323e+01
8600.0000 4.760112e+01
8601.2500 4.890227e+01
8602.5000 4.805524e+01
8603.7500 4.575668e+01
8605.0000 4.478577e+01
8606.2500 4.601331e+01
8607.5000 5.003567e+01
8608.7500 5.319942e+01
8610.0000 6.282825e+01
8611.2500 7.459837e+01
8612.5000 9.091235e+01
8613.7500 1.088430e+02
8615.0000 1.354004e+02
8616.2500 1.507589e+02
8617.5000 1.865634e+02
8618.7500 2.137454e+02
8620.0000 2.433971e+02
8621.2500 2.902063e+02
8622.5000 2.960446e+02
8623.7500 3.620277e+02
8625.0000 4.094507e+02
8626.2500 3.788148e+02
8627.5000 4.386994e+02
8628.7500 4.616640e+02
8630.0000 4.031704e+02
8631.2500 4.568604e+02
8632.5000 4.517963e+02
8633.7500 3.370417e+02
8635.0000 3.918639e+02
8636.2500 3.723062e+02
8637.5000 2.388459e+02
8638.7500 2.378465e+02
8640.0000 2.493732e+02
8641.2500 1.897247e+02
8642.5000 1.309134e+02
8643.7500 6.288479e+01
8645.0000 8.858560e+01
8646.2500 1.978293e+02
8647.5000 2.055231e+02
8648.7500 3.088150e+02
8650.0000 5.195297e+02
8651.2500 4.258771e+02
8652.5000 2.643838e+02
8653.7500 4.214590e+02
8655.0000 6.158934e+02
8656.2500 4.212094e+02
8657.5000 2.596126e+02
8658.7500 4.979935e+02
8660.0000 6.199514e+02
8661.2500 3.402068e+02
8662.5000 2.096808e+02
8663.7500 4.526701e+02
8665.0000 5.679930e+02
8666.2500 3.105171e+02
8667.5000 1.621517e+02
8668.7500 3.509020e+02
8670.0000 4.508440e+02
8671.2500 2.655940e+02
8672.5000 1.065188e+02
8673.7500 2.121159e+02
8675.0000 3.306286e+02
8676.2500 2.363719e+02
8677.5000 9.562566e+01
8678.7500 1.138026e+02
8680.0000 2.113873e+02
8681.2500 2.085754e+02
8682.5000 1.128884e+02
8683.7500 6.761327e+01
8685.0000 1.123502e+02
8686.2500 1.525894e+02
8687.5000 1.154865e+02
8688.7500 6.090418e+01
8690.0000 5.773530e+01
8691.2500 8.874006e+01
8692.5000 1.143365e+02
8693.7500 8.851995e+01
8695.0000 5.588912e+01
8696.2500 6.512637e+01
8697.5000 8.163772e+01
8698.7500 1.042320e+02
8700.0000 1.227475e+02
8701.2500 9.002165e+01
8702.5000 6.298770e+01
8703.7500 6.312430e+01
8705.0000 8.246530e+01
8706.2500 1.200136e+02
8707.5000 1.303806e+02
8708.7500 8.532417e+01
8710.0000 6.292247e+01
8711.2500 5.510606e+01
8712.5000 5.558711e+01
8713.7500 5.313351e+01
8715.0000 5.513364e+01
8716.2500 5.160269e+01
8717.5000 5.253025e+01
8718.7500 5.368112e+01
8720.0000 5.189008e+01
8721.2500 5.021418e+01
8722.5000 5.473532e+01
8723.7500 5.252402e+01
8725.0000 6.316130e+01
8726.2500 7.611934e+01
8727.5000 7.179733e+01
8728.7500 5.534122e+01
8730.0000 4.996867e+01
8731.2500 4.706289e+01
8732.5000 5.060306e+01
8733.7500 5.070474e+01
8735.0000 4.907528e+01
8736.2500 6.009465e+01
8737.5000 6.720044e+01
8738.7500 7.097025e+01
8740.0000 7.714935e+01
8741.2500 6.830186e+01
8742.5000 6.503829e+01
8743.7500 6.318491e+01
8745.0000 5.597855e+01
8746.2500 5.761858e+01
8747.5000 5.594786e+01
8748.7500 6.284163e+01
8750.0000 7.165003e+01
8751.2500 6.353523e+01
8752.5000 5.629994e+01
8753.7500 5.141876e+01
8755.0000 5.798189e+01
8756.2500 1.004640e+02
8757.5000 3.916215e+02
8758.7500 7.185482e+02
8760.0000 1.349321e+03
8761.2500 1.754283e+03
8762.5000 7.740377e+02
8763.7500 1.869678e+02
8765.0000 5.461700e+02
8766.2500 1.664088e+03
8767.5000 2.523630e+03
8768.7500 1.333447e+03
8770.0000 2.111516e+02
8771.2500 8.598697e+01
8772.5000 6.695870e+01
8773.7500 1.549362e+02
8775.0000 7.568536e+02
8776.2500 1.535147e+03
8777.5000 2.671112e+03
8778.7500 2.088043e+03
8780.0000 3.585309e+02
8781.2500 7.347324e+01
8782.5000 6.032529e+01
8783.7500 5.846878e+01
8785.0000 6.129333e+01
8786.2500 5.947509e+01
8787.5000 7.045374e+01
8788.7500 1.718243e+02
8790.0000 8.259426e+02
8791.2500 1.001778e+03
8792.5000 3.075673e+02
8793.7500 6.532838e+01
8795.0000 5.508806e+01
8796.2500 5.656993e+01
8797.5000 6.226013e+01
8798.7500 5.996238e+01
8800.0000 5.763811e+01
8801.2500 6.432931e+01
8802.5000 6.204740e+01
8803.7500 5.458133e+01
8805.0000 5.268180e+01
8806.2500 5.270528e+01
8807.5000 7.192624e+01
8808.7500 1.380618e+02
8810.0000 1.623490e+02
8811.2500 9.900481e+01
8812.5000 5.872425e+01
8813.7500 5.353485e+01
8815.0000 5.354105e+01
8816.2500 5.282087e+01
8817.5000 5.769865e+01
8818.7500 5.828191e+01
8820.0000 6.051043e+01
8821.2500 6.687930e+01
8822.5000 8.867002e+01
8823.7500 3.394570e+02
8825.0000 1.841905e+03
8826.2500 7.819517e+03
8827.5000 7.594781e+03
8828.7500 1.247441e+03
8830.0000 1.906512e+02
8831.2500 2.266675e+02
8832.5000 3.304129e+02
8833.7500 3.772898e+02
8835.0000 1.250342e+03
8836.2500 2.502765e+03
8837.5000 1.223292e+03
8838.7500 1.381095e+02
8840.0000 6.129831e+01
8841.2500 5.235403e+01
8842.5000 5.675306e+01
8843.7500 7.623912e+01
8845.0000 1.150568e+02
8846.2500 1.069834e+02
8847.5000 1.507541e+02
8848.7500 5.332703e+02
8850.0000 6.649073e+02
8851.2500 2.361530e+02
8852.5000 6.250015e+01
8853.7500 5.935614e+01
8855.0000 6.526557e+01
8856.2500 6.578787e+01
8857.5000 5.911124e+01
8858.7500 5.976111e+01
8860.0000 7.583228e+01
8861.2500 1.198685e+02
8862.5000 1.381039e+02
8863.7500 1.090798e+02
8865.0000 1.856904e+02
8866.2500 1.062884e+03
8867.5000 1.600198e+03
8868.7500 6.096555e+02
8870.0000 8.620152e+01
8871.2500 6.182564e+01
8872.5000 5.689641e+01
8873.7500 5.455557e+01
8875.0000 5.495293e+01
8876.2500 5.792459e+01
8877.5000 5.750521e+01
8878.7500 5.737818e+01
8880.0000 6.384067e+01
8881.2500 7.348008e+01
8882.5000 1.298420e+02
8883.7500 1.099484e+03
8885.0000 5.822908e+03
8886.2500 5.347661e+03
8887.5000 8.337288e+02
8888.7500 1.465887e+02
8890.0000 1.106005e+02
8891.2500 7.968653e+01
8892.5000 6.553340e+01
8893.7500 7.592810e+01
8895.0000 1.049186e+02
8896.2500 1.160765e+02
8897.5000 8.783926e+01
8898.7500 7.373624e+01
8900.0000 1.012115e+02
8901.2500 6.103229e+02
8902.5000 2.214618e+03
8903.7500 1.761451e+03
8905.0000 2.735422e+02
8906.2500 9.156968e+01
8907.5000 1.173801e+02
8908.7500 1.396430e+02
8910.0000 1.156030e+02
8911.2500 7.838461e+01
8912.5000 6.215922e+01
8913.7500 7.112001e+01
8915.0000 8.944668e+01
8916.2500 1.411918e+02
8917.5000 1.012798e+03
8918.7500 6.054399e+03
8920.0000 6.700375e+03
8921.2500 1.314190e+03
8922.5000 1.378506e+02
8923.7500 1.026822e+02
8925.0000 9.721592e+01
8926.2500 1.140759e+02
8927.5000 1.533056e+02
8928.7500 1.302426e+02
8930.0000 8.004122e+01
8931.2500 6.525924e+01
8932.5000 7.028489e+01
8933.7500 8.350318e+01
8935.0000 9.295950e+01
8936.2500 8.544913e+01
8937.5000 7.189455e+01
8938.7500 7.567769e+01
8940.0000 9.654876e+01
8941.2500 3.527336e+02
8942.5000 1.459826e+03
8943.7500 1.490625e+03
8945.0000 3.445170e+02
8946.2500 7.856400e+01
8947.5000 6.839067e+01
8948.7500 6.636575e+01
8950.0000 5.841846e+01
8951.2500 5.849815e+01
8952.5000 6.496362e+01
8953.7500 8.107873e+01
8955.0000 1.904895e+02
8956.2500 1.805469e+03
8957.5000 5.016651e+03
8958.7500 3.506262e+03
8960.0000 4.309559e+02
8961.2500 1.005461e+02
8962.5000 8.646827e+01
8963.7500 8.565407e+01
8965.0000 7.740783e+01
8966.2500 7.136224e+01
8967.5000 7.000159e+01
8968.7500 8.304716e+01
8970.0000 1.461567e+02
8971.2500 1.764817e+02
8972.5000 1.036111e+02
8973.7500 7.654321e+01
8975.0000 7.983978e+01
8976.2500 7.355041e+01
8977.5000 8.999039e+01
8978.7500 9.946497e+01
8980.0000 1.350756e+02
8981.2500 1.584607e+02
8982.5000 1.079608e+02
8983.7500 9.306215e+01
8985.0000 1.469335e+02
8986.2500 4.483307e+02
8987.5000 2.979595e+03
8988.7500 2.951766e+03
8990.0000 4.085237e+02
8991.2500 2.030100e+02
8992.5000 2.318358e+02
8993.7500 1.001494e+02
8995.0000 6.695512e+01
8996.2500 6.666642e+01
8997.5000 8.168916e+01
8998.7500 2.882799e+02
9000.0000 3.713996e+03
9001.2500 9.164901e+03
9002.5000 2.111301e+03
9003.7500 1.666754e+02
9005.0000 7.698692e+01
9006.2500 6.424828e+01
9007.5000 6.490772e+01
9008.7500 6.194885e+01
9010.0000 5.889354e+01
9011.2500 5.545117e+01
9012.5000 5.735657e+01
9013.7500 5.767634e+01
9015.0000 5.772697e+01
9016.2500 6.141776e+01
9017.5000 6.597108e+01
9018.7500 6.927692e+01
9020.0000 9.928004e+01
9021.2500 1.164646e+02
9022.5000 7.584858e+01
9023.7500 6.228444e+01
9025.0000 6.090465e+01
9026.2500 7.524207e+01
9027.5000 1.032162e+02
9028.7500 1.079516e+02
9030.0000 7.639530e+01
9031.2500 6.916082e+01
9032.5000 6.007376e+01
9033.7500 5.803922e+01
9035.0000 6.355417e+01
9036.2500 2.530363e+02
9037.5000 6.063436e+02
9038.7500 4.420716e+02
9040.0000 1.086412e+02
9041.2500 7.311832e+01
9042.5000 9.534103e+01
9043.7500 9.650585e+01
9045.0000 7.869029e+01
9046.2500 9.249098e+01
9047.5000 3.630865e+02
9048.7500 1.136787e+03
9050.0000 1.008860e+03
9051.2500 2.487322e+02
9052.5000 8.361580e+01
9053.7500 7.973351e+01
9055.0000 8.364061e+01
9056.2500 9.992308e+01
9057.5000 8.616759e+01
9058.7500 7.018518e+01
9060.0000 6.764697e+01
9061.2500 6.374341e+01
9062.5000 7.704306e+01
9063.7500 1.147379e+02
9065.0000 1.210413e+02
9066.2500 9.394588e+01
9067.5000 1.130227e+02
9068.7500 1.219926e+02
9070.0000 1.125556e+02
9071.2500 9.357568e+01
9072.5000 6.443364e+01
9073.7500 6.236219e+01
9075.0000 7.055612e+01
9076.2500 6.745261e+01
9077.5000 5.815683e+01
9078.7500 6.052589e+01
9080.0000 6.103024e+01
9081.2500 6.699822e+01
9082.5000 7.283056e+01
9083.7500 7.931013e+01
9085.0000 8.365828e+01
9086.2500 7.128365e+01
9087.5000 5.881013e+01
9088.7500 6.581392e+01
9090.0000 9.324756e+01
9091.2500 2.557733e+02
9092.5000 4.081914e+02
9093.7500 2.257553e+02
9095.0000 8.772680e+01
9096.2500 7.718219e+01
9097.5000 8.033290e+01
9098.7500 7.553323e+01
9100.0000 9.554110e+01
9101.2500 3.348221e+02
9102.5000 6.021056e+02
9103.7500 3.599238e+02
9105.0000 9.690113e+01
9106.2500 6.054673e+01
9107.5000 5.869471e+01
9108.7500 6.236308e+01
9110.0000 5.929635e+01
9111.2500 5.760505e+01
9112.5000 6.044173e+01
9113.7500 6.416681e+01
9115.0000 5.921803e+01
9116.2500 5.622566e+01
9117.5000 5.032211e+01
9118.7500 5.492839e+01
9120.0000 5.988667e+01
9121.2500 6.188628e+01
9122.5000 6.552020e+01
9123.7500 6.166510e+01
9125.0000 5.827227e+01
9126.2500 5.560476e+01
9127.5000 5.624529e+01
9128.7500 5.778693e+01
9130.0000 5.925991e+01
9131.2500 6.263992e+01
9132.5000 6.973846e+01
9133.7500 7.625663e+01
9135.0000 7.337717e+01
9136.2500 7.217812e+01
9137.5000 7.210101e+01
9138.7500 7.752398e+01
9140.0000 7.672668e+01
9141.2500 6.969491e+01
9142.5000 6.550522e+01
9143.7500 7.020126e+01
9145.0000 7.860446e+01
9146.2500 7.980933e+01
9147.5000 7.316052e+01
9148.7500 7.449297e+01
9150.0000 1.307335e+02
9151.2500 2.990327e+02
9152.5000 2.864909e+02
9153.7500 1.406039e+02
9155.0000 9.349915e+01
9156.2500 1.158219e+02
9157.5000 1.182681e+02
9158.7500 1.583150e+02
9160.0000 3.320989e+02
9161.2500 3.676225e+02
9162.5000 1.917263e+02
9163.7500 7.575024e+01
9165.0000 6.874441e+01
9166.2500 6.512592e+01
9167.5000 7.175455e+01
9168.7500 7.601542e+01
9170.0000 7.213605e+01
9171.2500 7.111865e+01
9172.5000 7.235252e+01
9173.7500 6.617772e+01
9175.0000 7.196571e+01
9176.2500 6.948392e+01
9177.5000 7.219279e+01
9178.7500 7.577648e+01
9180.0000 7.401257e+01
9181.2500 6.904932e+01
9182.5000 7.103566e+01
9183.7500 6.626931e+01
9185.0000 6.272593e+01
9186.2500 6.874009e+01
9187.5000 7.121940e+01
9188.7500 6.572006e+01
9190.0000 6.561779e+01
9191.2500 6.544003e+01
9192.5000 6.059687e+01
9193.7500 6.027993e+01
9195.0000 5.920633e+01
9196.2500 6.320105e+01
9197.5000 6.473134e+01
9198.7500 7.045852e+01
9200.0000 7.049368e+01
9201.2500 6.728830e+01
9202.5000 7.503427e+01
9203.7500 7.817257e+01
9205.0000 7.573857e+01
9206.2500 7.218478e+01
9207.5000 6.567203e+01
9208.7500 7.580313e+01
9210.0000 7.822002e+01
9211.2500 7.661275e+01
9212.5000 7.263137e+01
9213.7500 8.568448e+01
9215.0000 1.786347e+02
9216.2500 2.696855e+02
9217.5000 1.851107e+02
9218.7500 8.861509e+01
9220.0000 8.205315e+01
9221.2500 8.821179e+01
9222.5000 1.354444e+02
9223.7500 2.719574e+02
9225.0000 3.094012e+02
9226.2500 1.786699e+02
9227.5000 1.017172e+02
9228.7500 8.399069e+01
9230.0000 8.062518e+01
9231.2500 7.146349e+01
9232.5000 7.102907e+01
9233.7500 7.376337e+01
9235.0000 7.277797e+01
9236.2500 6.462418e+01
9237.5000 6.152329e+01
9238.7500 6.385623e+01
9240.0000 6.982867e+01
9241.2500 7.280051e+01
9242.5000 7.009479e+01
9243.7500 6.943864e+01
9245.0000 6.509815e+01
9246.2500 9.918071e+01
9247.5000 1.239626e+02
9248.7500 1.337326e+02
9250.0000 1.449654e+02
9251.2500 1.432237e+02
9252.5000 1.134285e+02
9253.7500 1.133227e+02
9255.0000 9.352859e+01
9256.2500 7.253375e+01
9257.5000 7.283863e+01
9258.7500 7.313411e+01
9260.0000 1.157969e+02
9261.2500 1.788781e+02
9262.5000 2.143315e+02
9263.7500 1.516289e+02
9265.0000 1.529466e+02
9266.2500 1.713056e+02
9267.5000 9.367866e+01
9268.7500 6.529141e+01
9270.0000 6.634040e+01
9271.2500 6.657165e+01
9272.5000 6.395605e+01
9273.7500 7.216296e+01
9275.0000 7.103397e+01
9276.2500 6.524047e+01
9277.5000 6.331166e+01
9278.7500 7.083967e+01
9280.0000 6.478581e+01
9281.2500 6.690708e+01
9282.5000 7.359826e+01
9283.7500 9.130272e+01
9285.0000 1.865283e+02
9286.2500 2.891242e+02
9287.5000 2.180027e+02
9288.7500 1.455020e+02
9290.0000 9.879858e+01
9291.2500 1.122408e+02
9292.5000 2.351398e+02
9293.7500 3.312982e+02
9295.0000 2.089612e+02
9296.2500 1.023162e+02
9297.5000 9.221303e+01
9298.7500 9.956987e+01
9300.0000 1.088830e+02
9301.2500 1.266463e+02
9302.5000 1.612186e+02
9303.7500 4.603573e+02
9305.0000 2.592574e+03
9306.2500 1.044988e+04
9307.5000 1.625271e+04
9308.7500 6.466361e+03
9310.0000 2.896995e+03
9311.2500 5.415140e+03
9312.5000 1.185554e+04
9313.7500 1.463336e+04
9315.0000 3.780771e+03
9316.2500 1.354280e+03
9317.5000 2.261498e+03
9318.7500 1.210397e+03
9320.0000 5.504552e+02
9321.2500 3.138368e+03
9322.5000 2.676789e+04
9323.7500 4.893587e+04
9325.0000 1.342693e+04
9326.2500 6.070000e+02
9327.5000 2.497083e+02
9328.7500 2.632412e+02
9330.0000 5.818018e+02
9331.2500 7.593138e+02
9332.5000 3.581228e+02
9333.7500 2.199564e+02
9335.0000 3.485927e+02
9336.2500 1.708099e+03
9337.5000 5.545655e+03
9338.7500 3.797569e+03
9340.0000 5.031133e+02
9341.2500 2.590683e+02
9342.5000 3.103516e+02
9343.7500 3.418677e+02
9345.0000 3.442730e+02
9346.2500 3.349364e+02
9347.5000 4.716096e+02
9348.7500 6.735558e+02
9350.0000 1.922779e+03
