4750.0000 1.323193e+03
4751.2500 5.408219e+02
4752.5000 4.648150e+02
4753.7500 4.564272e+02
4755.0000 4.140955e+02
4756.2500 3.226748e+02
4757.5000 3.045999e+02
4758.7500 2.951750e+02
4760.0000 2.711405e+02
4761.2500 2.278486e+02
4762.5000 2.466616e+02
4763.7500 2.092301e+02
4765.0000 2.024091e+02
4766.2500 1.912352e+02
4767.5000 1.891004e+02
4768.7500 1.961777e+02
4770.0000 1.862554e+02
4771.2500 1.737364e+02
4772.5000 1.698398e+02
4773.7500 1.824581e+02
4775.0000 1.921560e+02
4776.2500 1.782658e+02
4777.5000 1.797938e+02
4778.7500 1.885005e+02
4780.0000 1.952657e+02
4781.2500 1.853490e+02
4782.5000 1.975584e+02
4783.7500 1.990605e+02
4785.0000 1.873359e+02
4786.2500 1.948991e+02
4787.5000 1.814231e+02
4788.7500 1.921865e+02
4790.0000 2.080002e+02
4791.2500 2.022057e+02
4792.5000 1.976024e+02
4793.7500 2.047038e+02
4795.0000 2.176647e+02
4796.2500 2.165268e+02
4797.5000 2.060636e+02
4798.7500 2.114154e+02
4800.0000 1.967205e+02
4801.2500 2.069238e+02
4802.5000 2.119597e+02
4803.7500 2.031116e+02
4805.0000 1.908803e+02
4806.2500 1.728079e+02
4807.5000 1.828312e+02
4808.7500 1.806980e+02
4810.0000 1.716674e+02
4811.2500 1.662791e+02
4812.5000 1.809028e+02
4813.7500 1.695095e+02
4815.0000 1.724682e+02
4816.2500 1.902245e+02
4817.5000 1.884644e+02
4818.7500 1.771339e+02
4820.0000 1.818304e+02
4821.2500 1.815882e+02
4822.5000 1.652269e+02
4823.7500 1.688268e+02
4825.0000 1.668435e+02
4826.2500 1.851993e+02
4827.5000 1.630661e+02
4828.7500 1.730169e+02
4830.0000 1.777427e+02
4831.2500 1.756998e+02
4832.5000 1.848857e+02
4833.7500 1.915623e+02
4835.0000 1.935688e+02
4836.2500 1.967087e+02
4837.5000 1.989185e+02
4838.7500 2.087449e+02
4840.0000 2.012689e+02
4841.2500 1.798187e+02
4842.5000 1.933163e+02
4843.7500 1.848053e+02
4845.0000 1.908244e+02
4846.2500 1.906339e+02
4847.5000 1.965185e+02
4848.7500 1.776297e+02
4850.0000 1.770029e+02
4851.2500 1.698509e+02
4852.5000 1.796052e+02
4853.7500 1.795016e+02
4855.0000 1.504941e+02
4856.2500 1.402043e+02
4857.5000 1.381381e+02
4858.7500 1.471333e+02
4860.0000 1.839128e+02
4861.2500 2.622033e+02
4862.5000 2.051124e+02
4863.7500 1.402879e+02
4865.0000 1.357912e+02
4866.2500 1.424791e+02
4867.5000 1.422705e+02
4868.7500 1.424377e+02
4870.0000 1.369265e+02
4871.2500 1.302039e+02
4872.5000 1.279504e+02
4873.7500 1.342287e+02
4875.0000 1.429606e+02
4876.2500 1.487350e+02
4877.5000 1.304853e+02
4878.7500 1.622658e+02
4880.0000 1.609132e+02
4881.2500 1.628685e+02
4882.5000 1.576471e+02
4883.7500 1.511914e+02
4885.0000 1.479389e+02
4886.2500 1.471926e+02
4887.5000 1.651674e+02
4888.7500 1.618183e+02
4890.0000 1.610325e+02
4891.2500 1.706841e+02
4892.5000 1.698974e+02
4893.7500 1.619088e+02
4895.0000 1.661093e+02
4896.2500 1.834242e+02
4897.5000 1.840284e+02
4898.7500 1.769837e+02
4900.0000 1.575010e+02
4901.2500 1.659141e+02
4902.5000 1.556507e+02
4903.7500 1.632912e+02
4905.0000 1.882738e+02
4906.2500 1.666920e+02
4907.5000 1.615640e+02
4908.7500 1.522664e+02
4910.0000 1.466452e+02
4911.2500 1.500638e+02
4912.5000 1.423668e+02
4913.7500 1.465319e+02
4915.0000 1.470465e+02
4916.2500 1.341129e+02
4917.5000 1.327327e+02
4918.7500 1.212696e+02
4920.0000 1.249524e+02
4921.2500 1.375732e+02
4922.5000 1.299705e+02
4923.7500 1.389399e+02
4925.0000 1.423539e+02
4926.2500 1.320690e+02
4927.5000 1.333426e+02
4928.7500 1.378724e+02
4930.0000 1.403902e+02
4931.2500 1.433868e+02
4932.5000 1.353749e+02
4933.7500 1.408688e+02
4935.0000 1.422979e+02
4936.2500 1.586278e+02
4937.5000 1.595126e+02
4938.7500 1.392593e+02
4940.0000 1.400516e+02
4941.2500 1.532932e+02
4942.5000 1.468315e+02
4943.7500 1.459488e+02
4945.0000 1.471322e+02
4946.2500 1.514933e+02
4947.5000 1.593196e+02
4948.7500 1.551152e+02
4950.0000 1.550799e+02
4951.2500 1.621849e+02
4952.5000 1.646401e+02
4953.7500 1.693123e+02
4955.0000 1.848153e+02
4956.2500 1.556067e+02
4957.5000 1.571246e+02
4958.7500 1.589133e+02
4960.0000 1.619850e+02
4961.2500 1.495875e+02
4962.5000 1.569902e+02
4963.7500 1.621669e+02
4965.0000 1.708337e+02
4966.2500 1.552197e+02
4967.5000 1.655728e+02
4968.7500 1.459778e+02
4970.0000 1.501224e+02
4971.2500 1.465173e+02
4972.5000 1.430547e+02
4973.7500 1.397611e+02
4975.0000 1.379579e+02
4976.2500 1.314699e+02
4977.5000 1.297227e+02
4978.7500 1.291246e+02
4980.0000 1.259685e+02
4981.2500 1.161933e+02
4982.5000 1.180905e+02
4983.7500 1.181681e+02
4985.0000 1.150878e+02
4986.2500 1.269865e+02
4987.5000 1.399074e+02
4988.7500 1.313112e+02
4990.0000 1.462691e+02
4991.2500 1.439288e+02
4992.5000 1.482112e+02
4993.7500 1.415152e+02
4995.0000 1.492109e+02
4996.2500 1.376938e+02
4997.5000 1.442448e+02
4998.7500 1.479482e+02
5000.0000 1.470223e+02
5001.2500 1.420798e+02
5002.5000 1.492755e+02
5003.7500 1.585663e+02
5005.0000 1.504791e+02
5006.2500 1.504026e+02
5007.5000 1.595818e+02
5008.7500 1.640420e+02
5010.0000 1.590943e+02
5011.2500 1.498868e+02
5012.5000 1.399228e+02
5013.7500 1.358466e+02
5015.0000 1.466107e+02
5016.2500 1.558601e+02
5017.5000 1.484282e+02
5018.7500 1.405133e+02
5020.0000 1.488241e+02
5021.2500 1.418580e+02
5022.5000 1.354582e+02
5023.7500 1.403888e+02
5025.0000 1.390866e+02
5026.2500 1.242357e+02
5027.5000 1.298183e+02
5028.7500 1.304580e+02
5030.0000 1.294163e+02
5031.2500 1.260835e+02
5032.5000 1.260569e+02
5033.7500 1.250072e+02
5035.0000 1.113309e+02
5036.2500 1.178613e+02
5037.5000 1.220657e+02
5038.7500 1.150550e+02
5040.0000 1.013088e+02
5041.2500 1.080433e+02
5042.5000 1.094510e+02
5043.7500 1.222813e+02
5045.0000 1.177175e+02
5046.2500 1.152087e+02
5047.5000 1.208042e+02
5048.7500 1.195643e+02
5050.0000 1.199939e+02
5051.2500 1.289687e+02
5052.5000 1.249394e+02
5053.7500 1.218625e+02
5055.0000 1.258550e+02
5056.2500 1.280921e+02
5057.5000 1.422486e+02
5058.7500 1.416396e+02
5060.0000 1.390268e+02
5061.2500 1.351031e+02
5062.5000 1.406892e+02
5063.7500 1.375468e+02
5065.0000 1.321081e+02
5066.2500 1.449577e+02
5067.5000 1.416561e+02
5068.7500 1.440156e+02
5070.0000 1.309159e+02
5071.2500 1.374651e+02
5072.5000 1.297659e+02
5073.7500 1.456531e+02
5075.0000 1.458893e+02
5076.2500 1.428313e+02
5077.5000 1.383476e+02
5078.7500 1.441577e+02
5080.0000 1.376072e+02
5081.2500 1.206115e+02
5082.5000 1.263816e+02
5083.7500 1.316719e+02
5085.0000 1.331133e+02
5086.2500 1.257549e+02
5087.5000 1.244190e+02
5088.7500 1.259377e+02
5090.0000 1.273770e+02
5091.2500 1.317500e+02
5092.5000 1.209545e+02
5093.7500 1.165592e+02
5095.0000 1.139228e+02
5096.2500 1.106290e+02
5097.5000 1.023543e+02
5098.7500 1.003450e+02
5100.0000 1.054149e+02
5101.2500 1.081272e+02
5102.5000 1.114437e+02
5103.7500 1.104872e+02
5105.0000 1.093833e+02
5106.2500 1.154483e+02
5107.5000 1.055489e+02
5108.7500 1.064927e+02
5110.0000 1.093307e+02
5111.2500 1.134840e+02
5112.5000 1.215093e+02
5113.7500 1.162884e+02
5115.0000 1.188051e+02
5116.2500 1.240904e+02
5117.5000 1.217446e+02
5118.7500 1.318675e+02
5120.0000 1.239043e+02
5121.2500 1.129453e+02
5122.5000 1.301628e+02
5123.7500 1.179644e+02
5125.0000 1.174378e+02
5126.2500 1.252523e+02
5127.5000 1.276462e+02
5128.7500 1.249986e+02
5130.0000 1.316022e+02
5131.2500 1.365004e+02
5132.5000 1.318652e+02
5133.7500 1.400316e+02
5135.0000 1.393664e+02
5136.2500 1.455721e+02
5137.5000 1.410197e+02
5138.7500 1.353702e+02
5140.0000 1.431830e+02
5141.2500 1.338538e+02
5142.5000 1.426318e+02
5143.7500 1.453590e+02
5145.0000 1.375773e+02
5146.2500 1.303965e+02
5147.5000 1.391881e+02
5148.7500 1.250372e+02
5150.0000 1.314496e+02
5151.2500 1.270495e+02
5152.5000 1.143903e+02
5153.7500 1.258870e+02
5155.0000 1.241473e+02
5156.2500 1.179360e+02
5157.5000 1.197944e+02
5158.7500 1.126566e+02
5160.0000 1.139843e+02
5161.2500 1.125849e+02
5162.5000 1.123859e+02
5163.7500 1.051889e+02
5165.0000 1.006849e+02
5166.2500 8.850653e+01
5167.5000 8.849436e+01
5168.7500 9.252999e+01
5170.0000 9.706099e+01
5171.2500 8.413178e+01
5172.5000 8.372437e+01
5173.7500 9.175385e+01
5175.0000 1.021214e+02
5176.2500 9.802952e+01
5177.5000 1.031313e+02
5178.7500 1.074461e+02
5180.0000 1.092550e+02
5181.2500 1.030935e+02
5182.5000 9.128443e+01
5183.7500 9.044711e+01
5185.0000 9.317042e+01
5186.2500 1.178846e+02
5187.5000 1.375387e+02
5188.7500 1.356746e+02
5190.0000 1.362603e+02
5191.2500 1.256005e+02
5192.5000 1.153403e+02
5193.7500 1.163450e+02
5195.0000 1.199026e+02
5196.2500 1.462076e+02
5197.5000 2.055718e+02
5198.7500 2.011891e+02
5200.0000 1.778605e+02
5201.2500 1.620587e+02
5202.5000 1.668454e+02
5203.7500 1.536927e+02
5205.0000 1.236246e+02
5206.2500 1.273489e+02
5207.5000 1.387328e+02
5208.7500 1.470173e+02
5210.0000 1.353511e+02
5211.2500 1.271833e+02
5212.5000 1.334959e+02
5213.7500 1.288857e+02
5215.0000 1.233120e+02
5216.2500 1.326258e+02
5217.5000 1.354413e+02
5218.7500 1.299132e+02
5220.0000 1.229279e+02
5221.2500 1.284228e+02
5222.5000 1.380846e+02
5223.7500 1.517905e+02
5225.0000 1.277860e+02
5226.2500 1.010247e+02
5227.5000 9.854650e+01
5228.7500 1.013150e+02
5230.0000 1.069040e+02
5231.2500 1.166138e+02
5232.5000 1.033295e+02
5233.7500 9.869050e+01
5235.0000 1.024954e+02
5236.2500 9.625425e+01
5237.5000 1.279466e+02
5238.7500 1.325813e+02
5240.0000 1.156310e+02
5241.2500 1.036214e+02
5242.5000 9.982684e+01
5243.7500 9.613031e+01
5245.0000 9.835562e+01
5246.2500 9.985393e+01
5247.5000 1.027020e+02
5248.7500 1.044859e+02
5250.0000 1.079958e+02
5251.2500 1.016619e+02
5252.5000 1.027841e+02
5253.7500 1.066352e+02
5255.0000 1.238503e+02
5256.2500 1.420078e+02
5257.5000 1.327117e+02
5258.7500 1.151936e+02
5260.0000 1.031084e+02
5261.2500 1.107894e+02
5262.5000 1.086078e+02
5263.7500 9.964469e+01
5265.0000 1.022971e+02
5266.2500 1.012161e+02
5267.5000 1.028574e+02
5268.7500 1.079493e+02
5270.0000 1.083812e+02
5271.2500 1.104014e+02
5272.5000 1.173301e+02
5273.7500 1.262395e+02
5275.0000 1.448535e+02
5276.2500 1.532454e+02
5277.5000 1.258937e+02
5278.7500 1.283721e+02
5280.0000 1.234690e+02
5281.2500 1.198127e+02
5282.5000 1.210605e+02
5283.7500 1.180601e+02
5285.0000 1.308844e+02
5286.2500 1.226030e+02
5287.5000 1.235904e+02
5288.7500 1.225078e+02
5290.0000 1.292612e+02
5291.2500 1.193163e+02
5292.5000 1.233291e+02
5293.7500 1.225775e+02
5295.0000 1.247568e+02
5296.2500 1.071490e+02
5297.5000 1.147175e+02
5298.7500 1.255437e+02
5300.0000 1.168736e+02
5301.2500 1.087584e+02
5302.5000 1.017418e+02
5303.7500 1.023441e+02
5305.0000 1.056875e+02
5306.2500 1.096607e+02
5307.5000 1.015047e+02
5308.7500 9.688190e+01
5310.0000 9.718787e+01
5311.2500 1.028041e+02
5312.5000 1.069399e+02
5313.7500 1.026740e+02
5315.0000 9.720308e+01
5316.2500 9.918677e+01
5317.5000 9.683530e+01
5318.7500 9.884290e+01
5320.0000 9.259696e+01
5321.2500 9.453588e+01
5322.5000 9.696333e+01
5323.7500 9.729336e+01
5325.0000 1.002337e+02
5326.2500 9.755255e+01
5327.5000 9.447009e+01
5328.7500 9.820432e+01
5330.0000 1.306901e+02
5331.2500 1.224550e+02
5332.5000 1.058955e+02
5333.7500 1.037777e+02
5335.0000 1.120718e+02
5336.2500 1.100094e+02
5337.5000 1.122739e+02
5338.7500 1.015170e+02
5340.0000 1.046710e+02
5341.2500 1.062709e+02
5342.5000 1.121090e+02
5343.7500 1.136567e+02
5345.0000 1.186720e+02
5346.2500 1.168780e+02
5347.5000 1.148649e+02
5348.7500 1.271015e+02
5350.0000 1.212608e+02
5351.2500 1.273170e+02
5352.5000 1.165988e+02
5353.7500 1.196170e+02
5355.0000 1.232421e+02
5356.2500 1.283541e+02
5357.5000 1.279142e+02
5358.7500 1.248981e+02
5360.0000 1.242396e+02
5361.2500 1.248504e+02
5362.5000 1.236877e+02
5363.7500 1.135855e+02
5365.0000 1.161973e+02
5366.2500 1.177480e+02
5367.5000 1.247959e+02
5368.7500 1.164672e+02
5370.0000 1.087349e+02
5371.2500 1.095811e+02
5372.5000 1.125205e+02
5373.7500 1.151761e+02
5375.0000 1.136979e+02
5376.2500 1.192302e+02
5377.5000 1.095644e+02
5378.7500 1.127303e+02
5380.0000 1.024967e+02
5381.2500 1.064490e+02
5382.5000 1.007506e+02
5383.7500 9.432512e+01
5385.0000 9.751364e+01
5386.2500 1.014759e+02
5387.5000 1.023040e+02
5388.7500 9.719820e+01
5390.0000 9.385212e+01
5391.2500 9.223178e+01
5392.5000 9.285207e+01
5393.7500 8.990926e+01
5395.0000 8.817160e+01
5396.2500 8.704663e+01
5397.5000 8.347623e+01
5398.7500 7.944214e+01
5400.0000 8.743526e+01
5401.2500 8.987083e+01
5402.5000 8.523289e+01
5403.7500 8.091557e+01
5405.0000 8.386926e+01
5406.2500 8.339612e+01
5407.5000 8.649940e+01
5408.7500 8.848022e+01
5410.0000 8.550439e+01
5411.2500 9.217123e+01
5412.5000 9.557694e+01
5413.7500 9.530560e+01
5415.0000 9.531635e+01
5416.2500 9.863593e+01
5417.5000 1.001897e+02
5418.7500 1.015170e+02
5420.0000 1.028340e+02
5421.2500 1.029846e+02
5422.5000 1.026964e+02
5423.7500 1.031099e+02
5425.0000 1.017777e+02
5426.2500 1.088356e+02
5427.5000 1.085506e+02
5428.7500 1.026249e+02
5430.0000 1.051968e+02
5431.2500 1.092842e+02
5432.5000 1.148041e+02
5433.7500 1.184447e+02
5435.0000 1.172321e+02
5436.2500 1.266929e+02
5437.5000 1.246859e+02
5438.7500 1.227260e+02
5440.0000 1.290621e+02
5441.2500 1.223571e+02
5442.5000 1.200080e+02
5443.7500 1.149754e+02
5445.0000 1.125750e+02
5446.2500 1.116566e+02
5447.5000 1.068560e+02
5448.7500 1.180875e+02
5450.0000 1.099160e+02
5451.2500 1.153336e+02
5452.5000 1.126047e+02
5453.7500 1.066636e+02
5455.0000 1.063123e+02
5456.2500 1.094685e+02
5457.5000 1.192490e+02
5458.7500 1.123847e+02
5460.0000 1.219902e+02
5461.2500 1.153751e+02
5462.5000 1.067221e+02
5463.7500 1.067455e+02
5465.0000 1.010437e+02
5466.2500 1.018065e+02
5467.5000 1.078426e+02
5468.7500 1.082125e+02
5470.0000 1.018564e+02
5471.2500 9.752834e+01
5472.5000 9.643459e+01
5473.7500 9.505379e+01
5475.0000 9.501859e+01
5476.2500 8.830498e+01
5477.5000 9.183093e+01
5478.7500 9.874728e+01
5480.0000 9.416580e+01
5481.2500 9.322603e+01
5482.5000 8.921393e+01
5483.7500 8.886337e+01
5485.0000 8.927363e+01
5486.2500 9.011201e+01
5487.5000 8.602569e+01
5488.7500 9.157865e+01
5490.0000 9.005557e+01
5491.2500 9.435088e+01
5492.5000 8.952650e+01
5493.7500 9.552299e+01
5495.0000 8.925246e+01
5496.2500 9.022176e+01
5497.5000 9.917126e+01
5498.7500 1.011749e+02
5500.0000 1.013697e+02
5501.2500 9.147673e+01
5502.5000 1.029802e+02
5503.7500 9.688611e+01
5505.0000 1.031437e+02
5506.2500 9.706050e+01
5507.5000 9.592550e+01
5508.7500 9.865399e+01
5510.0000 1.006003e+02
5511.2500 9.997625e+01
5512.5000 1.082118e+02
5513.7500 1.050156e+02
5515.0000 1.040730e+02
5516.2500 1.066792e+02
5517.5000 1.133351e+02
5518.7500 1.092483e+02
5520.0000 1.150195e+02
5521.2500 1.065997e+02
5522.5000 1.166027e+02
5523.7500 1.136425e+02
5525.0000 1.130281e+02
5526.2500 1.093676e+02
5527.5000 1.053956e+02
5528.7500 1.059941e+02
5530.0000 1.100814e+02
5531.2500 1.227090e+02
5532.5000 1.142620e+02
5533.7500 1.144928e+02
5535.0000 1.108222e+02
5536.2500 1.161401e+02
5537.5000 1.106474e+02
5538.7500 1.211556e+02
5540.0000 1.137108e+02
5541.2500 1.269829e+02
5542.5000 1.488160e+02
5543.7500 1.515279e+02
5545.0000 1.440231e+02
5546.2500 1.199933e+02
5547.5000 1.085221e+02
5548.7500 1.238226e+02
5550.0000 1.154310e+02
5551.2500 1.090179e+02
5552.5000 1.127430e+02
5553.7500 1.091284e+02
5555.0000 1.064623e+02
5556.2500 1.039587e+02
5557.5000 1.057910e+02
5558.7500 1.016753e+02
5560.0000 9.823984e+01
5561.2500 1.036488e+02
5562.5000 1.358569e+02
5563.7500 1.467645e+02
5565.0000 1.268206e+02
5566.2500 1.056942e+02
5567.5000 1.042550e+02
5568.7500 1.144739e+02
5570.0000 1.171845e+02
5571.2500 9.433986e+01
5572.5000 1.037534e+02
5573.7500 1.289253e+02
5575.0000 9.407975e+02
5576.2500 6.265083e+03
5577.5000 8.862108e+03
5578.7500 2.717357e+03
5580.0000 2.169285e+02
5581.2500 1.179184e+02
5582.5000 1.059228e+02
5583.7500 9.634290e+01
5585.0000 9.331918e+01
5586.2500 9.351409e+01
5587.5000 1.077420e+02
5588.7500 1.366210e+02
5590.0000 1.294461e+02
5591.2500 9.594316e+01
5592.5000 9.369448e+01
5593.7500 9.674416e+01
5595.0000 9.329213e+01
5596.2500 1.140796e+02
5597.5000 1.079228e+02
5598.7500 1.111284e+02
5600.0000 9.995358e+01
5601.2500 1.034282e+02
5602.5000 9.647371e+01
5603.7500 1.243288e+02
5605.0000 1.559876e+02
5606.2500 1.330098e+02
5607.5000 1.141942e+02
5608.7500 1.116470e+02
5610.0000 1.103292e+02
5611.2500 1.043371e+02
5612.5000 1.012636e+02
5613.7500 1.036899e+02
5615.0000 1.037298e+02
5616.2500 1.175555e+02
5617.5000 1.211581e+02
5618.7500 1.075359e+02
5620.0000 1.115815e+02
5621.2500 1.174204e+02
5622.5000 1.451709e+02
5623.7500 1.492397e+02
5625.0000 1.228608e+02
5626.2500 1.106940e+02
5627.5000 1.124497e+02
5628.7500 1.065058e+02
5630.0000 1.058055e+02
5631.2500 1.102046e+02
5632.5000 1.109277e+02
5633.7500 1.044263e+02
5635.0000 1.076937e+02
5636.2500 1.024789e+02
5637.5000 1.102478e+02
5638.7500 1.139526e+02
5640.0000 1.105180e+02
5641.2500 1.022861e+02
5642.5000 9.938711e+01
5643.7500 1.151196e+02
5645.0000 1.255248e+02
5646.2500 1.124445e+02
5647.5000 1.046739e+02
5648.7500 9.937949e+01
5650.0000 9.586082e+01
5651.2500 9.987881e+01
5652.5000 9.798748e+01
5653.7500 9.671815e+01
5655.0000 9.178458e+01
5656.2500 9.590506e+01
5657.5000 9.248269e+01
5658.7500 9.046630e+01
5660.0000 9.463747e+01
5661.2500 9.430998e+01
5662.5000 9.032069e+01
5663.7500 9.913387e+01
5665.0000 9.670010e+01
5666.2500 9.326822e+01
5667.5000 9.540841e+01
5668.7500 1.027395e+02
5670.0000 1.034518e+02
5671.2500 9.744891e+01
5672.5000 9.773437e+01
5673.7500 9.055647e+01
5675.0000 9.730204e+01
5676.2500 9.517229e+01
5677.5000 9.369778e+01
5678.7500 9.263359e+01
5680.0000 9.281813e+01
5681.2500 9.579929e+01
5682.5000 9.888892e+01
5683.7500 9.711876e+01
5685.0000 9.845085e+01
5686.2500 1.017521e+02
5687.5000 1.012467e+02
5688.7500 9.975415e+01
5690.0000 1.107048e+02
5691.2500 1.071180e+02
5692.5000 1.040479e+02
5693.7500 1.093367e+02
5695.0000 1.019025e+02
5696.2500 1.079076e+02
5697.5000 1.062679e+02
5698.7500 1.063571e+02
5700.0000 1.035451e+02
5701.2500 1.061186e+02
5702.5000 1.080796e+02
5703.7500 1.102512e+02
5705.0000 1.003227e+02
5706.2500 1.047573e+02
5707.5000 1.068266e+02
5708.7500 1.006135e+02
5710.0000 1.018401e+02
5711.2500 1.114160e+02
5712.5000 1.058199e+02
5713.7500 1.032096e+02
5715.0000 1.070643e+02
5716.2500 1.074125e+02
5717.5000 1.045404e+02
5718.7500 1.040828e+02
5720.0000 1.079962e+02
5721.2500 1.078449e+02
5722.5000 1.126883e+02
5723.7500 1.080823e+02
5725.0000 1.083504e+02
5726.2500 1.100902e+02
5727.5000 1.123885e+02
5728.7500 1.056997e+02
5730.0000 1.095525e+02
5731.2500 1.033691e+02
5732.5000 1.003380e+02
5733.7500 1.112558e+02
5735.0000 1.084506e+02
5736.2500 1.055186e+02
5737.5000 1.015952e+02
5738.7500 1.016718e+02
5740.0000 1.015539e+02
5741.2500 1.017086e+02
5742.5000 1.013977e+02
5743.7500 9.998940e+01
5745.0000 1.013771e+02
5746.2500 9.633831e+01
5747.5000 9.889148e+01
5748.7500 9.692217e+01
5750.0000 9.059931e+01
5751.2500 9.033965e+01
5752.5000 9.476912e+01
5753.7500 9.098759e+01
5755.0000 9.763512e+01
5756.2500 9.811701e+01
5757.5000 1.003300e+02
5758.7500 9.575305e+01
5760.0000 1.010543e+02
5761.2500 9.240240e+01
5762.5000 9.156715e+01
5763.7500 9.784336e+01
5765.0000 9.639977e+01
5766.2500 9.702267e+01
5767.5000 9.405042e+01
5768.7500 9.278836e+01
5770.0000 9.173786e+01
5771.2500 9.393104e+01
5772.5000 9.436372e+01
5773.7500 9.039869e+01
5775.0000 9.332588e+01
5776.2500 9.747817e+01
5777.5000 8.928483e+01
5778.7500 9.196648e+01
5780.0000 8.918381e+01
5781.2500 8.412263e+01
5782.5000 9.165658e+01
5783.7500 9.131668e+01
5785.0000 8.819624e+01
5786.2500 9.303590e+01
5787.5000 9.217197e+01
5788.7500 9.724776e+01
5790.0000 9.709813e+01
5791.2500 9.926718e+01
5792.5000 1.002288e+02
5793.7500 1.005146e+02
5795.0000 1.007273e+02
5796.2500 9.552313e+01
5797.5000 9.688754e+01
5798.7500 9.662141e+01
5800.0000 9.889775e+01
5801.2500 9.997310e+01
5802.5000 1.011623e+02
5803.7500 1.003330e+02
5805.0000 9.547744e+01
5806.2500 9.870596e+01
5807.5000 9.224972e+01
5808.7500 1.009917e+02
5810.0000 9.916776e+01
5811.2500 1.028786e+02
5812.5000 9.770749e+01
5813.7500 9.349507e+01
5815.0000 9.551337e+01
5816.2500 9.542344e+01
5817.5000 9.816750e+01
5818.7500 1.018701e+02
5820.0000 9.962719e+01
5821.2500 1.003366e+02
5822.5000 1.023574e+02
5823.7500 1.062001e+02
5825.0000 9.738919e+01
5826.2500 1.003235e+02
5827.5000 9.704808e+01
5828.7500 9.893150e+01
5830.0000 9.952983e+01
5831.2500 1.055532e+02
5832.5000 1.001091e+02
5833.7500 9.760530e+01
5835.0000 1.006427e+02
5836.2500 1.040464e+02
5837.5000 9.956403e+01
5838.7500 9.998312e+01
5840.0000 9.539008e+01
5841.2500 9.686206e+01
5842.5000 9.526614e+01
5843.7500 9.601933e+01
5845.0000 9.022144e+01
5846.2500 9.372807e+01
5847.5000 9.411332e+01
5848.7500 8.885368e+01
5850.0000 8.817254e+01
5851.2500 8.703984e+01
5852.5000 8.609430e+01
5853.7500 8.763965e+01
5855.0000 8.706147e+01
5856.2500 8.614560e+01
5857.5000 8.616155e+01
5858.7500 8.686098e+01
5860.0000 8.713254e+01
5861.2500 8.395187e+01
5862.5000 8.713480e+01
5863.7500 1.058558e+02
5865.0000 1.647830e+02
5866.2500 1.894803e+02
5867.5000 1.889704e+02
5868.7500 1.507332e+02
5870.0000 1.036590e+02
5871.2500 9.846756e+01
5872.5000 1.057235e+02
5873.7500 1.010921e+02
5875.0000 9.876860e+01
5876.2500 9.553533e+01
5877.5000 9.162177e+01
5878.7500 8.663822e+01
5880.0000 8.670162e+01
5881.2500 8.777697e+01
5882.5000 9.182172e+01
5883.7500 9.167782e+01
5885.0000 9.526492e+01
5886.2500 1.328788e+02
5887.5000 2.660680e+02
5888.7500 5.671741e+02
5890.0000 6.912639e+02
5891.2500 3.371062e+02
5892.5000 1.134462e+02
5893.7500 1.767404e+02
5895.0000 3.940804e+02
5896.2500 4.273052e+02
5897.5000 1.848880e+02
5898.7500 9.647774e+01
5900.0000 9.250489e+01
5901.2500 9.460680e+01
5902.5000 1.044393e+02
5903.7500 1.101698e+02
5905.0000 1.086955e+02
5906.2500 1.322764e+02
5907.5000 1.254408e+02
5908.7500 1.042259e+02
5910.0000 1.015298e+02
5911.2500 9.808786e+01
5912.5000 1.032498e+02
5913.7500 1.490664e+02
5915.0000 2.489045e+02
5916.2500 1.897244e+02
5917.5000 1.063469e+02
5918.7500 1.004315e+02
5920.0000 1.056552e+02
5921.2500 1.028479e+02
5922.5000 1.063835e+02
5923.7500 1.490045e+02
5925.0000 1.539270e+02
5926.2500 1.080422e+02
5927.5000 1.028673e+02
5928.7500 1.016519e+02
5930.0000 1.003688e+02
5931.2500 1.604772e+02
5932.5000 2.797024e+02
5933.7500 2.154065e+02
5935.0000 1.032163e+02
5936.2500 9.930908e+01
5937.5000 1.017026e+02
5938.7500 9.855394e+01
5940.0000 9.850451e+01
5941.2500 9.371122e+01
5942.5000 9.355479e+01
5943.7500 1.046034e+02
5945.0000 1.394867e+02
5946.2500 1.477889e+02
5947.5000 1.099443e+02
5948.7500 1.006713e+02
5950.0000 9.543031e+01
5951.2500 1.192038e+02
5952.5000 2.130423e+02
5953.7500 2.172984e+02
5955.0000 1.226973e+02
5956.2500 9.997626e+01
5957.5000 9.739840e+01
5958.7500 9.982401e+01
5960.0000 9.614506e+01
5961.2500 9.952406e+01
5962.5000 9.467290e+01
5963.7500 9.532941e+01
5965.0000 9.574965e+01
5966.2500 8.977605e+01
5967.5000 9.071758e+01
5968.7500 1.073813e+02
5970.0000 1.244586e+02
5971.2500 1.116797e+02
5972.5000 9.428152e+01
5973.7500 8.727856e+01
5975.0000 1.044525e+02
5976.2500 1.522473e+02
5977.5000 1.470292e+02
5978.7500 9.491045e+01
5980.0000 8.585321e+01
5981.2500 8.710467e+01
5982.5000 8.504094e+01
5983.7500 8.668822e+01
5985.0000 8.360831e+01
5986.2500 8.765107e+01
5987.5000 8.823229e+01
5988.7500 8.107749e+01
5990.0000 8.519068e+01
5991.2500 8.662457e+01
5992.5000 8.253604e+01
5993.7500 8.245190e+01
5995.0000 8.403079e+01
5996.2500 8.969456e+01
5997.5000 1.010064e+02
5998.7500 8.851348e+01
6000.0000 8.576210e+01
6001.2500 7.898743e+01
6002.5000 9.733631e+01
6003.7500 1.121041e+02
6005.0000 9.734051e+01
6006.2500 7.853419e+01
6007.5000 7.252210e+01
6008.7500 7.598873e+01
6010.0000 8.122833e+01
6011.2500 7.725787e+01
6012.5000 7.433749e+01
6013.7500 7.475102e+01
6015.0000 7.124635e+01
6016.2500 7.170053e+01
6017.5000 7.491309e+01
6018.7500 7.515982e+01
6020.0000 7.386164e+01
6021.2500 7.668627e+01
6022.5000 7.487292e+01
6023.7500 7.547329e+01
6025.0000 8.080090e+01
6026.2500 7.980331e+01
6027.5000 8.547909e+01
6028.7500 8.564148e+01
6030.0000 8.268258e+01
6031.2500 7.940252e+01
6032.5000 8.983942e+01
6033.7500 1.030908e+02
6035.0000 9.429218e+01
6036.2500 8.492076e+01
6037.5000 8.241223e+01
6038.7500 8.659456e+01
6040.0000 8.804891e+01
6041.2500 8.347741e+01
6042.5000 8.727927e+01
6043.7500 8.592783e+01
6045.0000 8.611649e+01
6046.2500 8.763515e+01
6047.5000 8.465018e+01
6048.7500 8.405887e+01
6050.0000 8.369643e+01
6051.2500 8.434391e+01
6052.5000 8.418791e+01
6053.7500 8.211536e+01
6055.0000 8.757314e+01
6056.2500 8.304420e+01
6057.5000 8.062936e+01
6058.7500 8.639893e+01
6060.0000 8.349251e+01
6061.2500 8.888361e+01
6062.5000 9.028526e+01
6063.7500 9.024611e+01
6065.0000 8.582359e+01
6066.2500 9.260629e+01
6067.5000 9.491909e+01
6068.7500 9.199287e+01
6070.0000 8.462061e+01
6071.2500 8.117714e+01
6072.5000 8.138161e+01
6073.7500 8.251469e+01
6075.0000 8.467403e+01
6076.2500 8.761449e+01
6077.5000 7.957207e+01
6078.7500 8.239494e+01
6080.0000 8.421591e+01
6081.2500 8.469101e+01
6082.5000 8.271259e+01
6083.7500 8.000731e+01
6085.0000 8.372263e+01
6086.2500 8.120135e+01
6087.5000 8.232204e+01
6088.7500 8.144135e+01
6090.0000 7.725145e+01
6091.2500 7.994216e+01
6092.5000 7.570105e+01
6093.7500 7.980325e+01
6095.0000 8.072066e+01
6096.2500 8.105412e+01
6097.5000 7.795679e+01
6098.7500 8.255778e+01
6100.0000 8.417429e+01
6101.2500 8.114436e+01
6102.5000 7.619441e+01
6103.7500 8.099223e+01
6105.0000 8.497255e+01
6106.2500 7.599086e+01
6107.5000 7.934314e+01
6108.7500 7.521438e+01
6110.0000 7.788967e+01
6111.2500 7.281773e+01
6112.5000 7.976329e+01
6113.7500 8.005271e+01
6115.0000 7.732085e+01
6116.2500 7.430029e+01
6117.5000 7.433258e+01
6118.7500 7.562963e+01
6120.0000 7.099538e+01
6121.2500 6.865093e+01
6122.5000 6.615807e+01
6123.7500 7.045065e+01
6125.0000 7.375903e+01
6126.2500 7.390556e+01
6127.5000 7.159865e+01
6128.7500 7.011330e+01
6130.0000 7.064147e+01
6131.2500 6.831773e+01
6132.5000 6.612717e+01
6133.7500 6.928405e+01
6135.0000 7.841341e+01
6136.2500 8.256129e+01
6137.5000 8.380904e+01
6138.7500 9.449716e+01
6140.0000 9.288034e+01
6141.2500 7.481348e+01
6142.5000 8.383627e+01
6143.7500 1.044836e+02
6145.0000 9.685944e+01
6146.2500 7.466507e+01
6147.5000 6.820395e+01
6148.7500 6.719460e+01
6150.0000 7.293003e+01
6151.2500 7.522523e+01
6152.5000 6.994502e+01
6153.7500 6.809296e+01
6155.0000 7.768754e+01
6156.2500 9.157831e+01
6157.5000 9.285106e+01
6158.7500 8.220615e+01
6160.0000 7.172293e+01
6161.2500 6.512788e+01
6162.5000 6.456010e+01
6163.7500 6.465484e+01
6165.0000 6.871011e+01
6166.2500 6.575277e+01
6167.5000 6.843382e+01
6168.7500 8.865022e+01
6170.0000 1.263792e+02
6171.2500 1.177908e+02
6172.5000 7.349044e+01
6173.7500 7.108767e+01
6175.0000 8.488316e+01
6176.2500 9.013884e+01
6177.5000 7.494711e+01
6178.7500 7.012756e+01
6180.0000 7.032640e+01
6181.2500 7.289684e+01
6182.5000 6.929693e+01
6183.7500 7.912847e+01
6185.0000 7.973520e+01
6186.2500 7.083705e+01
6187.5000 7.235375e+01
6188.7500 7.868656e+01
6190.0000 7.248209e+01
6191.2500 7.569142e+01
6192.5000 8.674568e+01
6193.7500 8.143003e+01
6195.0000 7.288422e+01
6196.2500 7.116072e+01
6197.5000 7.072841e+01
6198.7500 7.429237e+01
6200.0000 6.893592e+01
6201.2500 1.002650e+02
6202.5000 1.385814e+02
6203.7500 1.054858e+02
6205.0000 7.173712e+01
6206.2500 7.634370e+01
6207.5000 7.088550e+01
6208.7500 7.541582e+01
6210.0000 7.722176e+01
6211.2500 7.923957e+01
6212.5000 9.388976e+01
6213.7500 9.406352e+01
6215.0000 7.319562e+01
6216.2500 7.316489e+01
6217.5000 7.587740e+01
6218.7500 7.489622e+01
6220.0000 9.853104e+01
6221.2500 1.441773e+02
6222.5000 1.179668e+02
6223.7500 7.527982e+01
6225.0000 7.414606e+01
6226.2500 7.095233e+01
6227.5000 7.478925e+01
6228.7500 6.966158e+01
6230.0000 7.337923e+01
6231.2500 7.151488e+01
6232.5000 1.033220e+02
6233.7500 1.887044e+02
6235.0000 3.061598e+02
6236.2500 2.885826e+02
6237.5000 1.584448e+02
6238.7500 1.016660e+02
6240.0000 1.233545e+02
6241.2500 1.353314e+02
6242.5000 1.302286e+02
6243.7500 1.217343e+02
6245.0000 8.295877e+01
6246.2500 7.480977e+01
6247.5000 8.948321e+01
6248.7500 7.762248e+01
6250.0000 6.641327e+01
6251.2500 6.925781e+01
6252.5000 6.831735e+01
6253.7500 6.313607e+01
6255.0000 7.605999e+01
6256.2500 1.749631e+02
6257.5000 3.336404e+02
6258.7500 2.238975e+02
6260.0000 8.623730e+01
6261.2500 8.557044e+01
6262.5000 8.541563e+01
6263.7500 1.146184e+02
6265.0000 1.506742e+02
6266.2500 1.082837e+02
6267.5000 9.151195e+01
6268.7500 8.750564e+01
6270.0000 7.474789e+01
6271.2500 7.041788e+01
6272.5000 6.980691e+01
6273.7500 7.770792e+01
6275.0000 9.570407e+01
6276.2500 9.988589e+01
6277.5000 1.135059e+02
6278.7500 9.948109e+01
6280.0000 7.003011e+01
6281.2500 7.068597e+01
6282.5000 6.862814e+01
6283.7500 6.909781e+01
6285.0000 8.736948e+01
6286.2500 2.000266e+02
6287.5000 2.611143e+02
6288.7500 1.378498e+02
6290.0000 8.178149e+01
6291.2500 6.440329e+01
6292.5000 6.821424e+01
6293.7500 6.721263e+01
6295.0000 7.532845e+01
6296.2500 1.058237e+02
6297.5000 1.683601e+02
6298.7500 7.727808e+02
6300.0000 1.746729e+03
6301.2500 1.105928e+03
6302.5000 1.240797e+02
6303.7500 7.376534e+01
6305.0000 1.288330e+02
6306.2500 3.012895e+02
6307.5000 2.872080e+02
6308.7500 1.036877e+02
6310.0000 7.046946e+01
6311.2500 6.797272e+01
6312.5000 7.260821e+01
6313.7500 6.647438e+01
6315.0000 6.213910e+01
6316.2500 6.390362e+01
6317.5000 6.344109e+01
6318.7500 6.641096e+01
6320.0000 1.056603e+02
6321.2500 1.354322e+02
6322.5000 9.432804e+01
6323.7500 6.430156e+01
6325.0000 6.469093e+01
6326.2500 6.708376e+01
6327.5000 8.130491e+01
6328.7500 2.012894e+02
6330.0000 2.525876e+02
6331.2500 1.271510e+02
6332.5000 6.665620e+01
6333.7500 6.494508e+01
6335.0000 6.546069e+01
6336.2500 6.641295e+01
6337.5000 6.214469e+01
6338.7500 6.379210e+01
6340.0000 6.739529e+01
6341.2500 6.837619e+01
6342.5000 7.318792e+01
6343.7500 7.257697e+01
6345.0000 6.528325e+01
6346.2500 6.723157e+01
6347.5000 1.040889e+02
6348.7500 1.224860e+02
6350.0000 7.833667e+01
6351.2500 6.359603e+01
6352.5000 6.758089e+01
6353.7500 6.986765e+01
6355.0000 1.350329e+02
6356.2500 1.932065e+02
6357.5000 1.249749e+02
6358.7500 6.976991e+01
6360.0000 7.130679e+01
6361.2500 8.967313e+01
6362.5000 3.383872e+02
6363.7500 5.420170e+02
6365.0000 2.514160e+02
6366.2500 7.418583e+01
6367.5000 6.234007e+01
6368.7500 6.645128e+01
6370.0000 6.585017e+01
6371.2500 6.554344e+01
6372.5000 6.818240e+01
6373.7500 6.646230e+01
6375.0000 6.394797e+01
6376.2500 6.616056e+01
6377.5000 7.314864e+01
6378.7500 9.744396e+01
6380.0000 8.677113e+01
6381.2500 6.804887e+01
6382.5000 6.940992e+01
6383.7500 7.242451e+01
6385.0000 1.026512e+02
6386.2500 1.316185e+02
6387.5000 9.309647e+01
6388.7500 6.558844e+01
6390.0000 6.410046e+01
6391.2500 6.176692e+01
6392.5000 6.821856e+01
6393.7500 6.466835e+01
6395.0000 6.454906e+01
6396.2500 6.453809e+01
6397.5000 6.376172e+01
6398.7500 6.105839e+01
6400.0000 5.843353e+01
6401.2500 5.942029e+01
6402.5000 6.285770e+01
6403.7500 6.059829e+01
6405.0000 5.939782e+01
6406.2500 6.006525e+01
6407.5000 5.974234e+01
6408.7500 6.003740e+01
6410.0000 5.981786e+01
6411.2500 6.146083e+01
6412.5000 6.854998e+01
6413.7500 7.558785e+01
6415.0000 6.018681e+01
6416.2500 5.305955e+01
6417.5000 5.766405e+01
6418.7500 6.834395e+01
6420.0000 8.457378e+01
6421.2500 7.178616e+01
6422.5000 5.723678e+01
6423.7500 5.654405e+01
6425.0000 5.812030e+01
6426.2500 5.976796e+01
6427.5000 5.947935e+01
6428.7500 5.528128e+01
6430.0000 5.399862e+01
6431.2500 5.751569e+01
6432.5000 5.155774e+01
6433.7500 5.728667e+01
6435.0000 6.070457e+01
6436.2500 5.704732e+01
6437.5000 5.662270e+01
6438.7500 5.101235e+01
6440.0000 5.510635e+01
6441.2500 5.703024e+01
6442.5000 5.610296e+01
6443.7500 5.675620e+01
6445.0000 5.622081e+01
6446.2500 5.687017e+01
6447.5000 6.046555e+01
6448.7500 5.777361e+01
6450.0000 6.020304e+01
6451.2500 6.535346e+01
6452.5000 6.889790e+01
6453.7500 6.350301e+01
6455.0000 6.384044e+01
6456.2500 6.821114e+01
6457.5000 7.445201e+01
6458.7500 6.735907e+01
6460.0000 5.714447e+01
6461.2500 5.924819e+01
6462.5000 9.088999e+01
6463.7500 1.141296e+02
6465.0000 1.497372e+02
6466.2500 1.409809e+02
6467.5000 7.805452e+01
6468.7500 7.897118e+01
6470.0000 1.453337e+02
6471.2500 1.384225e+02
6472.5000 7.653828e+01
6473.7500 5.435181e+01
6475.0000 5.415003e+01
6476.2500 6.300585e+01
6477.5000 8.014756e+01
6478.7500 6.923835e+01
6480.0000 5.518285e+01
6481.2500 5.442474e+01
6482.5000 5.116882e+01
6483.7500 4.959164e+01
6485.0000 5.213880e+01
6486.2500 5.087469e+01
6487.5000 4.785355e+01
6488.7500 5.133489e+01
6490.0000 5.121615e+01
6491.2500 4.885755e+01
6492.5000 5.334991e+01
6493.7500 5.209988e+01
6495.0000 4.985973e+01
6496.2500 7.090969e+01
6497.5000 2.106948e+02
6498.7500 2.953600e+02
6500.0000 1.361113e+02
6501.2500 5.950121e+01
6502.5000 6.152490e+01
6503.7500 9.794307e+01
6505.0000 1.232398e+02
6506.2500 7.968312e+01
6507.5000 5.426105e+01
6508.7500 5.410488e+01
6510.0000 5.284669e+01
6511.2500 5.184384e+01
6512.5000 6.104436e+01
6513.7500 7.293781e+01
6515.0000 6.232659e+01
6516.2500 5.261110e+01
6517.5000 5.135802e+01
6518.7500 4.827681e+01
6520.0000 5.128024e+01
6521.2500 8.807987e+01
6522.5000 1.097496e+02
6523.7500 7.210701e+01
6525.0000 5.966414e+01
6526.2500 5.981080e+01
6527.5000 5.644785e+01
6528.7500 5.093452e+01
6530.0000 5.394186e+01
6531.2500 1.039485e+02
6532.5000 2.392370e+02
6533.7500 1.987062e+02
6535.0000 6.491792e+01
6536.2500 5.248021e+01
6537.5000 5.400019e+01
6538.7500 5.477163e+01
6540.0000 6.109075e+01
6541.2500 6.050928e+01
6542.5000 8.918711e+01
6543.7500 1.314220e+02
6545.0000 9.512717e+01
6546.2500 5.888712e+01
6547.5000 6.176000e+01
6548.7500 6.684378e+01
6550.0000 5.729561e+01
6551.2500 6.852865e+01
6552.5000 2.145977e+02
6553.7500 2.774865e+02
6555.0000 1.169891e+02
6556.2500 5.496222e+01
6557.5000 5.448102e+01
6558.7500 5.635066e+01
6560.0000 5.164986e+01
6561.2500 1.349327e+02
6562.5000 3.114953e+02
6563.7500 2.581785e+02
6565.0000 8.464996e+01
6566.2500 5.336471e+01
6567.5000 8.992400e+01
6568.7500 1.177009e+02
6570.0000 8.031490e+01
6571.2500 6.063433e+01
6572.5000 5.589248e+01
6573.7500 5.459539e+01
6575.0000 6.823730e+01
6576.2500 1.823361e+02
6577.5000 2.183726e+02
6578.7500 9.561573e+01
6580.0000 5.484872e+01
6581.2500 5.518971e+01
6582.5000 6.645280e+01
6583.7500 8.704611e+01
6585.0000 7.333729e+01
6586.2500 5.329154e+01
6587.5000 5.100184e+01
6588.7500 5.262217e+01
6590.0000 5.768176e+01
6591.2500 5.687516e+01
6592.5000 5.380242e+01
6593.7500 4.919816e+01
6595.0000 6.431508e+01
6596.2500 9.029316e+01
6597.5000 7.147172e+01
6598.7500 5.060108e+01
6600.0000 5.145617e+01
6601.2500 5.166225e+01
6602.5000 8.101793e+01
6603.7500 1.362641e+02
6605.0000 9.596356e+01
6606.2500 5.341046e+01
6607.5000 5.053979e+01
6608.7500 4.840170e+01
6610.0000 5.193913e+01
6611.2500 4.817831e+01
6612.5000 4.702013e+01
6613.7500 4.872493e+01
6615.0000 4.739058e+01
6616.2500 4.766566e+01
6617.5000 4.731743e+01
6618.7500 4.811306e+01
6620.0000 4.972671e+01
6621.2500 4.651802e+01
6622.5000 4.743364e+01
6623.7500 4.874666e+01
6625.0000 4.811426e+01
6626.2500 5.675863e+01
6627.5000 6.479221e+01
6628.7500 5.245275e+01
6630.0000 4.709397e+01
6631.2500 4.662640e+01
6632.5000 5.775003e+01
6633.7500 7.707816e+01
6635.0000 6.668265e+01
6636.2500 4.876602e+01
6637.5000 4.935660e+01
6638.7500 4.746441e+01
6640.0000 4.680902e+01
6641.2500 4.666991e+01
6642.5000 4.605482e+01
6643.7500 4.307939e+01
6645.0000 4.625480e+01
6646.2500 4.277543e+01
6647.5000 4.575388e+01
6648.7500 4.713785e+01
6650.0000 4.902812e+01
6651.2500 4.763131e+01
6652.5000 4.559915e+01
6653.7500 4.585147e+01
6655.0000 4.452888e+01
6656.2500 4.584253e+01
6657.5000 4.510760e+01
6658.7500 4.495270e+01
6660.0000 4.771828e+01
6661.2500 5.061518e+01
6662.5000 5.173002e+01
6663.7500 4.458181e+01
6665.0000 4.661382e+01
6666.2500 5.252817e+01
6667.5000 5.809102e+01
6668.7500 5.075369e+01
6670.0000 4.454183e+01
6671.2500 4.569970e+01
6672.5000 4.349512e+01
6673.7500 4.496043e+01
6675.0000 4.251828e+01
6676.2500 4.023621e+01
6677.5000 4.088707e+01
6678.7500 4.074448e+01
6680.0000 4.203006e+01
6681.2500 4.292129e+01
6682.5000 4.461026e+01
6683.7500 4.151514e+01
6685.0000 4.492601e+01
6686.2500 4.613429e+01
6687.5000 4.421867e+01
6688.7500 4.241607e+01
6690.0000 4.484500e+01
6691.2500 4.140325e+01
6692.5000 4.128062e+01
6693.7500 4.354361e+01
6695.0000 4.344704e+01
6696.2500 4.072570e+01
6697.5000 4.864893e+01
6698.7500 5.190086e+01
6700.0000 5.091960e+01
6701.2500 4.811969e+01
6702.5000 4.773303e+01
6703.7500 5.266624e+01
6705.0000 5.058500e+01
6706.2500 4.492290e+01
6707.5000 4.661829e+01
6708.7500 4.613899e+01
6710.0000 4.702579e+01
6711.2500 4.764972e+01
6712.5000 4.421212e+01
6713.7500 4.666077e+01
6715.0000 5.104222e+01
6716.2500 6.645615e+01
6717.5000 7.143866e+01
6718.7500 5.394553e+01
6720.0000 4.613059e+01
6721.2500 4.491260e+01
6722.5000 4.718734e+01
6723.7500 4.666412e+01
6725.0000 4.556313e+01
6726.2500 4.498703e+01
6727.5000 4.511060e+01
6728.7500 4.685118e+01
6730.0000 5.223876e+01
6731.2500 6.323002e+01
6732.5000 5.683917e+01
6733.7500 4.747949e+01
6735.0000 4.538872e+01
6736.2500 4.521256e+01
6737.5000 4.383420e+01
6738.7500 5.125758e+01
6740.0000 4.895073e+01
6741.2500 4.814796e+01
6742.5000 4.810471e+01
6743.7500 5.101219e+01
6745.0000 5.199768e+01
6746.2500 4.823277e+01
6747.5000 4.522031e+01
6748.7500 4.830190e+01
6750.0000 4.698478e+01
6751.2500 4.423828e+01
6752.5000 4.498120e+01
6753.7500 4.670908e+01
6755.0000 4.499186e+01
6756.2500 4.531477e+01
6757.5000 4.857168e+01
6758.7500 4.585784e+01
6760.0000 4.833623e+01
6761.2500 4.489275e+01
6762.5000 4.612730e+01
6763.7500 4.552410e+01
6765.0000 4.570292e+01
6766.2500 4.599123e+01
6767.5000 4.605173e+01
6768.7500 4.727395e+01
6770.0000 4.626553e+01
6771.2500 4.693141e+01
6772.5000 4.666273e+01
6773.7500 4.643529e+01
6775.0000 4.737535e+01
6776.2500 4.655851e+01
6777.5000 5.121558e+01
6778.7500 4.411456e+01
6780.0000 4.438275e+01
6781.2500 4.513090e+01
6782.5000 4.758286e+01
6783.7500 5.250834e+01
6785.0000 5.076563e+01
6786.2500 4.727695e+01
6787.5000 5.220044e+01
6788.7500 5.118039e+01
6790.0000 4.828260e+01
6791.2500 4.526438e+01
6792.5000 4.565919e+01
6793.7500 4.305035e+01
6795.0000 4.504501e+01
6796.2500 4.490801e+01
6797.5000 4.565059e+01
6798.7500 4.657948e+01
6800.0000 4.635549e+01
6801.2500 4.858869e+01
6802.5000 5.124075e+01
6803.7500 4.648599e+01
6805.0000 4.378849e+01
6806.2500 4.881378e+01
6807.5000 4.584509e+01
6808.7500 4.470037e+01
6810.0000 4.755674e+01
6811.2500 4.720565e+01
6812.5000 4.675934e+01
6813.7500 4.456241e+01
6815.0000 4.616004e+01
6816.2500 4.706348e+01
6817.5000 4.704839e+01
6818.7500 4.633659e+01
6820.0000 4.663638e+01
6821.2500 4.726565e+01
6822.5000 4.623687e+01
6823.7500 4.479609e+01
6825.0000 5.117495e+01
6826.2500 1.217752e+02
6827.5000 2.208741e+02
6828.7500 3.504463e+02
6830.0000 2.695858e+02
6831.2500 9.882132e+01
6832.5000 1.605055e+02
6833.7500 3.413407e+02
6835.0000 2.549157e+02
6836.2500 7.481462e+01
6837.5000 4.882857e+01
6838.7500 5.676405e+01
6840.0000 7.617752e+01
6841.2500 1.192713e+02
6842.5000 1.019280e+02
6843.7500 5.091188e+01
6845.0000 4.603278e+01
6846.2500 4.434960e+01
6847.5000 4.514933e+01
6848.7500 4.826015e+01
6850.0000 5.870602e+01
6851.2500 5.174715e+01
6852.5000 4.605468e+01
6853.7500 4.319988e+01
6855.0000 4.426586e+01
6856.2500 4.427016e+01
6857.5000 4.392317e+01
6858.7500 4.375510e+01
6860.0000 4.723758e+01
6861.2500 8.469328e+01
6862.5000 3.803567e+02
6863.7500 6.300582e+02
6865.0000 2.963884e+02
6866.2500 6.217384e+01
6867.5000 7.166103e+01
6868.7500 9.550486e+01
6870.0000 1.880101e+02
6871.2500 1.967630e+02
6872.5000 8.514315e+01
6873.7500 6.121043e+01
6875.0000 5.897807e+01
6876.2500 6.161193e+01
6877.5000 6.655006e+01
6878.7500 6.568156e+01
6880.0000 1.096792e+02
6881.2500 1.129409e+02
6882.5000 7.264511e+01
6883.7500 5.415946e+01
6885.0000 5.900202e+01
6886.2500 6.745488e+01
6887.5000 1.324539e+02
6888.7500 2.913500e+02
6890.0000 2.144954e+02
6891.2500 7.062621e+01
6892.5000 6.625803e+01
6893.7500 7.897744e+01
6895.0000 6.797786e+01
6896.2500 5.300223e+01
6897.5000 5.297918e+01
6898.7500 8.584447e+01
6900.0000 2.487635e+02
6901.2500 2.044680e+02
6902.5000 6.796015e+01
6903.7500 5.076063e+01
6905.0000 4.907150e+01
6906.2500 4.322705e+01
6907.5000 4.103156e+01
6908.7500 4.398499e+01
6910.0000 5.217816e+01
6911.2500 1.397097e+02
6912.5000 2.101128e+02
6913.7500 1.087426e+02
6915.0000 4.246165e+01
6916.2500 4.015934e+01
6917.5000 3.832240e+01
6918.7500 4.274871e+01
6920.0000 4.543933e+01
6921.2500 1.160350e+02
6922.5000 3.253071e+02
6923.7500 2.768558e+02
6925.0000 6.714278e+01
6926.2500 4.101601e+01
6927.5000 4.279164e+01
6928.7500 4.099008e+01
6930.0000 3.855401e+01
6931.2500 4.153721e+01
6932.5000 3.593486e+01
6933.7500 3.894373e+01
6935.0000 3.670760e+01
6936.2500 3.866089e+01
6937.5000 6.839151e+01
6938.7500 1.487364e+02
6940.0000 1.399025e+02
6941.2500 5.434346e+01
6942.5000 3.856608e+01
6943.7500 3.535742e+01
6945.0000 3.654079e+01
6946.2500 4.201180e+01
6947.5000 1.816078e+02
6948.7500 3.432014e+02
6950.0000 1.891380e+02
6951.2500 5.350799e+01
6952.5000 4.086106e+01
6953.7500 3.730282e+01
6955.0000 4.143052e+01
6956.2500 4.309601e+01
6957.5000 4.136273e+01
6958.7500 4.254864e+01
6960.0000 4.040612e+01
6961.2500 4.029077e+01
6962.5000 3.926470e+01
6963.7500 3.900825e+01
6965.0000 4.343657e+01
6966.2500 4.339109e+01
6967.5000 4.454839e+01
6968.7500 8.850843e+01
6970.0000 1.119143e+02
6971.2500 6.045699e+01
6972.5000 3.906255e+01
6973.7500 3.788595e+01
6975.0000 3.860392e+01
6976.2500 6.260989e+01
6977.5000 1.757966e+02
6978.7500 1.895193e+02
6980.0000 6.733507e+01
6981.2500 3.809310e+01
6982.5000 4.268377e+01
6983.7500 4.045448e+01
6985.0000 4.039214e+01
6986.2500 4.229912e+01
6987.5000 3.873277e+01
6988.7500 3.822575e+01
6990.0000 4.014160e+01
6991.2500 3.718475e+01
6992.5000 3.744349e+01
6993.7500 3.744765e+01
6995.0000 4.020737e+01
6996.2500 4.487557e+01
6997.5000 4.208497e+01
6998.7500 4.107406e+01
7000.0000 4.168299e+01
7001.2500 4.713025e+01
7002.5000 6.613931e+01
7003.7500 8.195472e+01
7005.0000 5.344234e+01
7006.2500 3.625680e+01
7007.5000 3.662035e+01
7008.7500 3.807442e+01
7010.0000 8.204833e+01
7011.2500 1.212025e+02
7012.5000 7.432488e+01
7013.7500 3.997918e+01
7015.0000 3.519624e+01
7016.2500 3.408194e+01
7017.5000 3.312973e+01
7018.7500 3.734145e+01
7020.0000 3.684044e+01
7021.2500 3.509780e+01
7022.5000 3.388319e+01
7023.7500 3.562550e+01
7025.0000 3.665781e+01
7026.2500 3.637930e+01
7027.5000 3.626135e+01
7028.7500 4.206257e+01
7030.0000 3.785791e+01
7031.2500 3.579804e+01
7032.5000 3.484298e+01
7033.7500 3.770127e+01
7035.0000 3.744547e+01
7036.2500 3.594638e+01
7037.5000 3.528523e+01
7038.7500 3.740968e+01
7040.0000 4.812794e+01
7041.2500 5.775684e+01
7042.5000 4.652759e+01
7043.7500 3.788134e+01
7045.0000 4.732413e+01
7046.2500 6.276504e+01
7047.5000 9.269295e+01
7048.7500 8.876144e+01
7050.0000 6.283669e+01
7051.2500 5.600151e+01
7052.5000 5.154913e+01
7053.7500 5.028823e+01
7055.0000 4.497406e+01
7056.2500 4.149710e+01
7057.5000 3.939673e+01
7058.7500 3.892985e+01
7060.0000 4.404817e+01
7061.2500 4.525612e+01
7062.5000 5.035294e+01
7063.7500 5.251394e+01
7065.0000 4.924099e+01
7066.2500 5.525166e+01
7067.5000 4.880647e+01
7068.7500 4.808484e+01
7070.0000 5.325825e+01
7071.2500 4.799149e+01
7072.5000 4.489996e+01
7073.7500 5.432837e+01
7075.0000 4.679526e+01
7076.2500 4.173163e+01
7077.5000 5.005358e+01
7078.7500 4.816272e+01
7080.0000 4.352042e+01
7081.2500 5.378706e+01
7082.5000 6.268161e+01
7083.7500 4.721610e+01
7085.0000 3.853323e+01
7086.2500 4.567075e+01
7087.5000 6.399334e+01
7088.7500 6.887039e+01
7090.0000 5.531194e+01
7091.2500 4.605383e+01
7092.5000 4.226774e+01
7093.7500 4.126603e+01
7095.0000 3.903272e+01
7096.2500 4.018193e+01
7097.5000 4.066434e+01
7098.7500 3.863731e+01
7100.0000 4.020941e+01
7101.2500 3.937591e+01
7102.5000 4.052452e+01
7103.7500 4.188168e+01
7105.0000 4.074771e+01
7106.2500 3.847979e+01
7107.5000 4.350386e+01
7108.7500 4.226041e+01
7110.0000 4.189887e+01
7111.2500 4.076030e+01
7112.5000 4.236780e+01
7113.7500 3.880326e+01
7115.0000 3.942436e+01
7116.2500 4.098904e+01
7117.5000 4.180055e+01
7118.7500 4.164790e+01
7120.0000 3.789431e+01
7121.2500 3.998737e+01
7122.5000 4.021526e+01
7123.7500 4.015558e+01
7125.0000 4.072223e+01
7126.2500 5.091592e+01
7127.5000 5.630841e+01
7128.7500 4.578460e+01
7130.0000 4.068314e+01
7131.2500 4.614811e+01
7132.5000 5.653273e+01
7133.7500 5.204169e+01
7135.0000 4.054852e+01
7136.2500 3.905342e+01
7137.5000 3.965243e+01
7138.7500 4.106714e+01
7140.0000 4.559552e+01
7141.2500 5.589759e+01
7142.5000 6.633836e+01
7143.7500 7.096166e+01
7145.0000 6.905665e+01
7146.2500 6.332529e+01
7147.5000 5.937685e+01
7148.7500 5.630717e+01
7150.0000 5.285632e+01
7151.2500 4.701229e+01
7152.5000 4.310574e+01
7153.7500 3.905186e+01
7155.0000 4.319323e+01
7156.2500 4.764228e+01
7157.5000 4.807450e+01
7158.7500 5.374389e+01
7160.0000 5.003768e+01
7161.2500 5.769133e+01
7162.5000 5.516597e+01
7163.7500 4.873152e+01
7165.0000 5.641337e+01
7166.2500 5.980106e+01
7167.5000 5.131780e+01
7168.7500 5.983162e+01
7170.0000 6.238867e+01
7171.2500 5.530611e+01
7172.5000 6.298166e+01
7173.7500 7.976392e+01
7175.0000 8.600167e+01
7176.2500 8.401582e+01
7177.5000 8.179107e+01
7178.7500 7.795413e+01
7180.0000 7.767047e+01
7181.2500 7.026546e+01
7182.5000 6.428701e+01
7183.7500 5.791342e+01
7185.0000 5.282713e+01
7186.2500 4.789376e+01
7187.5000 4.728677e+01
7188.7500 4.763048e+01
7190.0000 4.240853e+01
7191.2500 4.298358e+01
7192.5000 4.254853e+01
7193.7500 4.488734e+01
7195.0000 4.297345e+01
7196.2500 4.299503e+01
7197.5000 4.554069e+01
7198.7500 4.925562e+01
7200.0000 5.061133e+01
7201.2500 4.583531e+01
7202.5000 4.668179e+01
7203.7500 4.469794e+01
7205.0000 4.262151e+01
7206.2500 4.407944e+01
7207.5000 4.571320e+01
7208.7500 4.280958e+01
7210.0000 4.086518e+01
7211.2500 4.183631e+01
7212.5000 3.990497e+01
7213.7500 4.084395e+01
7215.0000 4.367674e+01
7216.2500 3.907705e+01
7217.5000 3.968515e+01
7218.7500 4.247343e+01
7220.0000 4.270246e+01
7221.2500 5.189157e+01
7222.5000 5.524559e+01
7223.7500 5.028834e+01
7225.0000 4.983994e+01
7226.2500 4.487414e+01
7227.5000 4.887556e+01
7228.7500 5.415052e+01
7230.0000 5.068067e+01
7231.2500 4.733516e+01
7232.5000 6.057998e+01
7233.7500 6.248615e+01
7235.0000 4.924308e+01
7236.2500 5.807522e+01
7237.5000 2.122014e+02
7238.7500 5.593130e+02
7240.0000 8.771439e+02
7241.2500 6.030162e+02
7242.5000 2.104454e+02
7243.7500 6.253699e+02
7245.0000 8.989646e+02
7246.2500 3.591016e+02
7247.5000 1.115940e+02
7248.7500 6.350058e+01
7250.0000 5.992224e+01
7251.2500 9.329623e+01
7252.5000 2.338716e+02
7253.7500 2.048001e+02
7255.0000 1.083338e+02
7256.2500 8.422907e+01
7257.5000 5.117474e+01
7258.7500 5.210926e+01
7260.0000 5.193511e+01
7261.2500 4.938213e+01
7262.5000 5.435421e+01
7263.7500 5.529955e+01
7265.0000 5.428819e+01
7266.2500 6.492860e+01
7267.5000 7.776113e+01
7268.7500 7.560326e+01
7270.0000 6.353271e+01
7271.2500 5.999549e+01
7272.5000 5.602636e+01
7273.7500 1.635762e+02
7275.0000 1.057443e+03
7276.2500 2.104797e+03
7277.5000 7.504556e+02
7278.7500 6.185452e+01
7280.0000 7.202515e+01
7281.2500 9.110569e+01
7282.5000 1.550184e+02
7283.7500 4.608556e+02
7285.0000 4.024357e+02
7286.2500 1.013375e+02
7287.5000 5.338378e+01
7288.7500 5.443304e+01
7290.0000 6.513155e+01
7291.2500 7.092995e+01
7292.5000 5.532652e+01
7293.7500 6.072838e+01
7295.0000 1.672609e+02
7296.2500 1.615166e+02
7297.5000 6.362236e+01
7298.7500 4.219543e+01
7300.0000 4.131803e+01
7301.2500 5.450732e+01
7302.5000 2.409767e+02
7303.7500 3.448301e+02
7305.0000 1.313593e+02
7306.2500 5.926495e+01
7307.5000 5.372875e+01
7308.7500 4.814874e+01
7310.0000 7.319582e+01
7311.2500 7.651681e+01
7312.5000 5.418680e+01
7313.7500 7.779996e+01
7315.0000 7.127278e+02
7316.2500 1.119819e+03
7317.5000 3.765088e+02
7318.7500 5.051998e+01
7320.0000 4.687620e+01
7321.2500 4.286874e+01
7322.5000 4.111753e+01
7323.7500 4.233411e+01
7325.0000 4.338667e+01
7326.2500 4.735770e+01
7327.5000 1.898316e+02
7328.7500 4.418688e+02
7330.0000 2.760033e+02
7331.2500 6.543481e+01
7332.5000 5.174855e+01
7333.7500 4.459784e+01
7335.0000 4.255857e+01
7336.2500 4.488029e+01
7337.5000 4.979926e+01
7338.7500 1.917752e+02
7340.0000 1.125930e+03
7341.2500 1.077889e+03
7342.5000 1.905851e+02
7343.7500 5.614741e+01
7345.0000 5.928922e+01
7346.2500 5.556848e+01
7347.5000 5.314133e+01
7348.7500 5.235251e+01
7350.0000 6.145652e+01
7351.2500 6.616265e+01
7352.5000 5.956372e+01
7353.7500 4.816792e+01
7355.0000 4.960125e+01
7356.2500 7.053271e+01
7357.5000 2.927445e+02
7358.7500 3.732507e+02
7360.0000 1.343164e+02
7361.2500 5.129809e+01
7362.5000 5.052691e+01
7363.7500 5.445942e+01
7365.0000 5.597628e+01
7366.2500 5.830175e+01
7367.5000 2.625641e+02
7368.7500 8.945304e+02
7370.0000 6.612403e+02
7371.2500 9.481676e+01
7372.5000 5.438064e+01
7373.7500 6.721615e+01
7375.0000 5.660231e+01
7376.2500 4.420827e+01
7377.5000 4.812753e+01
7378.7500 5.056602e+01
7380.0000 4.335648e+01
7381.2500 4.373118e+01
7382.5000 4.782945e+01
7383.7500 4.751712e+01
7385.0000 4.275312e+01
7386.2500 4.201798e+01
7387.5000 4.710085e+01
7388.7500 5.496207e+01
7390.0000 8.082214e+01
7391.2500 2.325301e+02
7392.5000 2.477949e+02
7393.7500 7.937804e+01
7395.0000 4.313235e+01
7396.2500 4.232182e+01
7397.5000 4.209880e+01
7398.7500 4.719425e+01
7400.0000 1.781728e+02
7401.2500 5.258109e+02
7402.5000 3.996604e+02
7403.7500 7.073900e+01
7405.0000 4.450034e+01
7406.2500 3.995442e+01
7407.5000 3.699073e+01
7408.7500 4.000905e+01
7410.0000 4.024751e+01
7411.2500 5.310327e+01
7412.5000 5.842489e+01
7413.7500 4.750326e+01
7415.0000 4.532793e+01
7416.2500 4.872609e+01
7417.5000 4.675405e+01
7418.7500 4.240244e+01
7420.0000 3.983752e+01
7421.2500 4.067591e+01
7422.5000 4.500436e+01
7423.7500 4.234958e+01
7425.0000 3.773394e+01
7426.2500 3.928048e+01
7427.5000 5.100457e+01
7428.7500 1.354816e+02
7430.0000 1.487467e+02
7431.2500 6.256602e+01
7432.5000 3.848745e+01
7433.7500 4.102565e+01
7435.0000 3.964542e+01
7436.2500 7.083186e+01
7437.5000 2.327670e+02
7438.7500 2.499353e+02
7440.0000 8.391477e+01
7441.2500 3.881894e+01
7442.5000 3.947300e+01
7443.7500 4.123116e+01
7445.0000 3.992912e+01
7446.2500 3.688686e+01
7447.5000 3.725660e+01
7448.7500 3.811781e+01
7450.0000 3.912495e+01
7451.2500 3.985025e+01
7452.5000 3.739313e+01
7453.7500 3.687190e+01
7455.0000 3.687894e+01
7456.2500 3.923148e+01
7457.5000 4.579317e+01
7458.7500 4.669072e+01
7460.0000 4.589512e+01
7461.2500 6.509412e+01
7462.5000 7.253137e+01
7463.7500 6.260788e+01
7465.0000 8.215317e+01
7466.2500 1.109092e+02
7467.5000 7.972338e+01
7468.7500 5.576991e+01
7470.0000 1.096673e+02
7471.2500 1.475252e+02
7472.5000 1.844829e+02
7473.7500 1.843608e+02
7475.0000 7.760846e+01
7476.2500 5.019706e+01
7477.5000 9.857775e+01
7478.7500 1.954933e+02
7480.0000 1.760999e+02
7481.2500 9.516930e+01
7482.5000 2.023521e+02
7483.7500 2.065775e+02
7485.0000 7.119655e+01
7486.2500 4.610562e+01
7487.5000 5.072466e+01
7488.7500 4.353122e+01
7490.0000 4.060261e+01
7491.2500 4.441327e+01
7492.5000 8.659560e+01
7493.7500 1.043751e+02
7495.0000 5.205470e+01
7496.2500 3.665083e+01
7497.5000 4.075351e+01
7498.7500 4.602859e+01
7500.0000 4.501241e+01
7501.2500 4.279819e+01
7502.5000 4.253479e+01
7503.7500 3.968051e+01
7505.0000 3.841968e+01
7506.2500 3.923447e+01
7507.5000 3.940391e+01
7508.7500 3.951044e+01
7510.0000 3.953176e+01
7511.2500 3.726564e+01
7512.5000 3.901241e+01
7513.7500 4.189800e+01
7515.0000 4.676476e+01
7516.2500 7.325030e+01
7517.5000 8.088660e+01
7518.7500 5.191331e+01
7520.0000 4.604634e+01
7521.2500 8.799366e+01
7522.5000 4.169211e+02
7523.7500 6.787178e+02
7525.0000 3.095733e+02
7526.2500 5.855606e+01
7527.5000 5.469558e+01
7528.7500 9.531607e+01
7530.0000 2.022196e+02
7531.2500 1.603129e+02
7532.5000 5.083183e+01
7533.7500 4.064429e+01
7535.0000 4.228839e+01
7536.2500 4.894047e+01
7537.5000 4.805237e+01
7538.7500 6.543530e+01
7540.0000 8.924956e+01
7541.2500 6.625890e+01
7542.5000 4.333467e+01
7543.7500 4.060236e+01
7545.0000 4.430195e+01
7546.2500 4.459437e+01
7547.5000 4.410211e+01
7548.7500 4.284258e+01
7550.0000 4.267228e+01
7551.2500 4.581046e+01
7552.5000 5.330003e+01
7553.7500 4.899836e+01
7555.0000 4.684096e+01
7556.2500 1.298871e+02
7557.5000 1.658244e+02
7558.7500 7.837247e+01
7560.0000 4.598668e+01
7561.2500 4.550400e+01
7562.5000 4.542928e+01
7563.7500 4.423978e+01
7565.0000 4.342411e+01
7566.2500 6.650771e+01
7567.5000 7.907021e+01
7568.7500 5.959125e+01
7570.0000 2.200416e+02
7571.2500 5.140254e+02
7572.5000 3.479772e+02
7573.7500 1.044823e+02
7575.0000 6.990193e+01
7576.2500 4.637493e+01
7577.5000 4.368574e+01
7578.7500 4.603790e+01
7580.0000 4.737778e+01
7581.2500 4.955527e+01
7582.5000 5.123008e+01
7583.7500 6.900403e+01
7585.0000 2.864597e+02
7586.2500 3.643935e+02
7587.5000 1.129326e+02
7588.7500 6.426219e+01
7590.0000 6.877737e+01
7591.2500 6.863288e+01
7592.5000 7.285757e+01
7593.7500 8.440380e+01
7595.0000 1.001913e+02
7596.2500 3.016433e+02
7597.5000 1.254177e+03
7598.7500 1.286347e+03
7600.0000 3.458639e+02
7601.2500 2.177413e+02
7602.5000 2.590914e+02
7603.7500 2.991744e+02
7605.0000 3.140197e+02
7606.2500 3.086713e+02
7607.5000 2.873873e+02
7608.7500 2.730072e+02
7610.0000 2.307591e+02
7611.2500 1.973014e+02
7612.5000 1.604108e+02
7613.7500 1.329927e+02
7615.0000 9.562530e+01
7616.2500 1.782247e+02
7617.5000 2.947584e+02
7618.7500 1.733362e+02
7620.0000 8.776660e+01
7621.2500 1.424949e+02
7622.5000 1.748355e+02
7623.7500 1.324918e+02
7625.0000 1.258995e+02
7626.2500 1.663661e+02
7627.5000 7.818577e+02
7628.7500 9.219330e+02
7630.0000 2.728811e+02
7631.2500 1.326984e+02
7632.5000 1.505512e+02
7633.7500 1.114423e+02
7635.0000 9.130896e+01
7636.2500 1.180198e+02
7637.5000 1.067066e+02
7638.7500 9.021738e+01
7640.0000 1.032650e+02
7641.2500 1.163233e+02
7642.5000 9.077372e+01
7643.7500 8.582776e+01
7645.0000 9.766803e+01
7646.2500 8.503100e+01
7647.5000 7.012568e+01
7648.7500 8.031580e+01
7650.0000 9.225471e+01
7651.2500 9.829259e+01
7652.5000 1.697781e+02
7653.7500 1.934017e+02
7655.0000 9.080151e+01
7656.2500 6.930805e+01
7657.5000 5.658561e+01
7658.7500 5.942937e+01
7660.0000 8.387666e+01
7661.2500 2.955323e+02
7662.5000 2.606325e+02
7663.7500 9.938963e+01
7665.0000 5.887929e+01
7666.2500 6.188074e+01
7667.5000 5.287759e+01
7668.7500 4.416781e+01
7670.0000 5.180327e+01
7671.2500 6.233140e+01
7672.5000 6.391467e+01
7673.7500 5.336839e+01
7675.0000 4.442560e+01
7676.2500 4.682645e+01
7677.5000 5.241712e+01
7678.7500 5.113473e+01
7680.0000 5.258385e+01
7681.2500 6.885437e+01
7682.5000 6.733076e+01
7683.7500 5.779218e+01
7685.0000 6.161213e+01
7686.2500 7.603620e+01
7687.5000 8.252871e+01
7688.7500 6.271092e+01
7690.0000 6.446685e+01
7691.2500 9.571561e+01
7692.5000 8.580653e+01
7693.7500 5.594084e+01
7695.0000 5.359661e+01
7696.2500 5.645345e+01
7697.5000 6.672635e+01
7698.7500 1.221258e+02
7700.0000 1.167332e+02
7701.2500 5.936164e+01
7702.5000 5.121802e+01
7703.7500 4.986777e+01
7705.0000 4.693552e+01
7706.2500 4.675568e+01
7707.5000 4.596525e+01
7708.7500 5.134386e+01
7710.0000 9.145412e+01
7711.2500 7.070552e+02
7712.5000 1.118541e+03
7713.7500 5.188562e+02
7715.0000 5.519161e+02
7716.2500 1.135284e+03
7717.5000 9.448414e+02
7718.7500 2.782650e+02
7720.0000 6.903454e+01
7721.2500 6.341074e+01
7722.5000 1.363040e+02
7723.7500 1.866383e+02
7725.0000 2.669286e+02
7726.2500 2.744648e+02
7727.5000 1.028635e+02
7728.7500 5.628071e+01
7730.0000 6.033755e+01
7731.2500 5.393075e+01
7732.5000 5.931596e+01
7733.7500 8.871579e+01
7735.0000 1.119239e+02
7736.2500 8.904868e+01
7737.5000 5.506285e+01
7738.7500 5.852192e+01
7740.0000 6.751738e+01
7741.2500 6.427846e+01
7742.5000 4.839555e+01
7743.7500 4.923133e+01
7745.0000 6.096789e+01
7746.2500 6.447687e+01
7747.5000 9.050845e+01
7748.7500 5.321488e+02
7750.0000 1.884469e+03
7751.2500 1.414142e+03
7752.5000 1.900663e+02
7753.7500 5.553331e+01
7755.0000 5.515559e+01
7756.2500 8.997848e+01
7757.5000 9.965662e+01
7758.7500 4.076239e+02
7760.0000 6.346346e+02
7761.2500 2.409347e+02
7762.5000 5.071698e+01
7763.7500 4.715779e+01
7765.0000 4.998428e+01
7766.2500 4.449122e+01
7767.5000 4.995616e+01
7768.7500 6.032089e+01
7770.0000 8.537166e+01
7771.2500 2.209649e+02
7772.5000 3.897473e+02
7773.7500 3.858687e+02
7775.0000 2.125034e+02
7776.2500 8.759319e+01
7777.5000 5.296799e+01
7778.7500 1.680904e+02
7780.0000 4.055768e+02
7781.2500 2.659633e+02
7782.5000 6.571491e+01
7783.7500 5.827136e+01
7785.0000 7.022639e+01
7786.2500 6.992388e+01
7787.5000 6.584702e+01
7788.7500 6.862902e+01
7790.0000 1.111971e+02
7791.2500 1.298729e+02
7792.5000 5.436349e+02
7793.7500 1.408006e+03
7795.0000 8.102723e+02
7796.2500 8.607397e+01
7797.5000 5.314523e+01
7798.7500 5.429162e+01
7800.0000 4.773666e+01
7801.2500 4.492506e+01
7802.5000 4.824888e+01
7803.7500 5.321051e+01
7805.0000 5.254350e+01
7806.2500 1.015069e+02
7807.5000 4.492757e+02
7808.7500 4.984318e+02
7810.0000 1.471951e+02
7811.2500 6.876046e+01
7812.5000 6.539240e+01
7813.7500 7.410951e+01
7815.0000 7.993612e+01
7816.2500 6.687313e+01
7817.5000 6.068840e+01
7818.7500 1.058772e+02
7820.0000 7.724232e+02
7821.2500 1.712930e+03
7822.5000 8.337584e+02
7823.7500 8.636986e+01
7825.0000 5.957656e+01
7826.2500 5.063473e+01
7827.5000 6.324097e+01
7828.7500 7.377275e+01
7830.0000 6.026387e+01
7831.2500 4.443053e+01
7832.5000 5.467583e+01
7833.7500 6.538210e+01
7835.0000 5.598266e+01
7836.2500 4.564404e+01
7837.5000 4.747911e+01
7838.7500 7.101891e+01
7840.0000 3.225150e+02
7841.2500 4.911981e+02
7842.5000 1.975001e+02
7843.7500 4.676956e+01
7845.0000 4.883917e+01
7846.2500 4.721318e+01
7847.5000 6.883678e+01
7848.7500 1.732997e+02
7850.0000 2.026345e+02
7851.2500 3.345627e+02
7852.5000 1.478540e+03
7853.7500 1.510517e+03
7855.0000 3.077503e+02
7856.2500 9.319290e+01
7857.5000 1.898905e+02
7858.7500 2.701009e+02
7860.0000 5.971982e+02
7861.2500 4.793398e+02
7862.5000 8.615582e+01
7863.7500 5.199245e+01
7865.0000 5.248932e+01
7866.2500 1.517039e+02
7867.5000 2.808285e+02
7868.7500 2.795768e+02
7870.0000 6.830790e+02
7871.2500 5.959274e+02
7872.5000 1.175886e+02
7873.7500 4.908477e+01
7875.0000 4.980969e+01
7876.2500 6.254173e+01
7877.5000 2.448625e+02
7878.7500 3.720180e+02
7880.0000 2.539706e+02
7881.2500 3.122347e+02
7882.5000 2.101874e+02
7883.7500 7.714679e+01
7885.0000 7.961185e+01
7886.2500 8.837686e+01
7887.5000 1.390454e+02
7888.7500 6.021308e+02
7890.0000 7.724858e+02
7891.2500 2.629146e+02
7892.5000 8.610992e+01
7893.7500 8.066090e+01
7895.0000 7.539608e+01
7896.2500 6.404613e+01
7897.5000 6.784176e+01
7898.7500 6.216009e+01
7900.0000 4.466922e+01
7901.2500 5.060357e+01
7902.5000 6.953580e+01
7903.7500 6.211869e+01
7905.0000 6.118304e+01
7906.2500 7.078550e+01
7907.5000 6.031157e+01
7908.7500 6.355261e+01
7910.0000 1.035018e+02
7911.2500 3.196418e+02
7912.5000 1.519697e+03
7913.7500 2.061663e+03
7915.0000 6.066733e+02
7916.2500 7.489578e+01
7917.5000 1.134517e+02
7918.7500 2.016275e+02
7920.0000 6.492369e+02
7921.2500 7.960023e+02
7922.5000 2.372642e+02
7923.7500 7.448419e+01
7925.0000 5.383274e+01
7926.2500 4.896964e+01
7927.5000 6.705160e+01
7928.7500 1.128518e+02
7930.0000 3.790850e+02
7931.2500 5.554130e+02
7932.5000 2.523187e+02
7933.7500 7.640395e+01
7935.0000 5.895574e+01
7936.2500 4.665202e+01
7937.5000 4.978413e+01
7938.7500 5.353989e+01
7940.0000 5.457376e+01
7941.2500 5.712820e+01
7942.5000 6.184028e+01
7943.7500 7.101270e+01
7945.0000 8.809522e+01
7946.2500 8.229446e+01
7947.5000 1.983301e+02
7948.7500 4.581030e+02
7950.0000 2.866841e+02
7951.2500 6.829066e+01
7952.5000 6.397921e+01
7953.7500 4.724585e+01
7955.0000 4.616386e+01
7956.2500 4.344303e+01
7957.5000 4.642053e+01
7958.7500 4.485983e+01
7960.0000 4.703799e+01
7961.2500 5.506858e+01
7962.5000 2.801630e+02
7963.7500 1.445299e+03
7965.0000 1.448377e+03
7966.2500 2.688953e+02
7967.5000 1.401986e+02
7968.7500 1.228938e+02
7970.0000 6.238270e+01
7971.2500 5.591238e+01
7972.5000 5.924998e+01
7973.7500 5.330783e+01
7975.0000 7.151978e+01
7976.2500 1.805934e+02
7977.5000 2.725744e+02
7978.7500 5.319021e+02
7980.0000 5.495132e+02
7981.2500 1.415910e+02
7982.5000 4.924635e+01
7983.7500 4.760224e+01
7985.0000 5.167435e+01
7986.2500 6.631966e+01
7987.5000 7.188721e+01
7988.7500 6.931157e+01
7990.0000 7.051432e+01
7991.2500 3.627021e+02
7992.5000 1.676939e+03
7993.7500 1.607281e+03
7995.0000 2.737307e+02
7996.2500 7.707149e+01
7997.5000 8.242513e+01
7998.7500 7.770606e+01
8000.0000 6.999000e+01
8001.2500 7.182402e+01
8002.5000 6.831623e+01
8003.7500 5.808952e+01
8005.0000 5.547702e+01
8006.2500 5.227963e+01
8007.5000 5.396156e+01
8008.7500 5.298848e+01
8010.0000 5.653894e+01
8011.2500 7.064506e+01
8012.5000 2.559827e+02
8013.7500 5.026270e+02
8015.0000 2.938134e+02
8016.2500 7.519099e+01
8017.5000 5.826014e+01
8018.7500 9.311835e+01
8020.0000 1.240212e+02
8021.2500 8.501600e+01
8022.5000 6.032198e+01
8023.7500 2.710765e+02
8025.0000 1.094634e+03
8026.2500 1.000967e+03
8027.5000 2.445989e+02
8028.7500 1.451607e+02
8030.0000 9.827799e+01
8031.2500 8.263409e+01
8032.5000 6.875124e+01
8033.7500 6.192851e+01
8035.0000 6.235239e+01
8036.2500 5.203886e+01
8037.5000 4.735822e+01
8038.7500 5.058783e+01
8040.0000 5.843472e+01
8041.2500 5.881917e+01
8042.5000 5.304126e+01
8043.7500 4.634520e+01
8045.0000 4.918770e+01
8046.2500 5.281201e+01
8047.5000 5.270833e+01
8048.7500 7.077235e+01
8050.0000 1.329492e+02
8051.2500 2.949505e+02
8052.5000 2.429699e+02
8053.7500 7.048949e+01
8055.0000 4.743872e+01
8056.2500 5.017686e+01
8057.5000 5.044369e+01
8058.7500 5.564149e+01
8060.0000 1.359215e+02
8061.2500 5.563618e+02
8062.5000 5.577797e+02
8063.7500 1.384845e+02
8065.0000 5.587091e+01
8066.2500 5.788596e+01
8067.5000 5.167371e+01
8068.7500 5.147949e+01
8070.0000 4.987040e+01
8071.2500 5.083505e+01
8072.5000 5.499733e+01
8073.7500 6.416773e+01
8075.0000 6.373267e+01
8076.2500 7.550134e+01
8077.5000 7.795590e+01
8078.7500 5.698975e+01
8080.0000 5.267649e+01
8081.2500 5.607854e+01
8082.5000 6.109203e+01
8083.7500 8.383727e+01
8085.0000 9.928929e+01
8086.2500 7.103606e+01
8087.5000 5.310929e+01
8088.7500 4.971086e+01
8090.0000 5.241171e+01
8091.2500 6.034649e+01
8092.5000 1.383598e+02
8093.7500 1.820968e+02
8095.0000 9.813773e+01
8096.2500 5.531934e+01
8097.5000 5.474051e+01
8098.7500 5.790269e+01
8100.0000 7.553549e+01
8101.2500 2.249500e+02
8102.5000 3.104880e+02
8103.7500 1.542193e+02
8105.0000 7.145010e+01
8106.2500 6.343317e+01
8107.5000 6.508695e+01
8108.7500 6.621829e+01
8110.0000 6.066414e+01
8111.2500 5.988499e+01
8112.5000 5.563956e+01
8113.7500 5.717641e+01
8115.0000 5.084266e+01
8116.2500 4.914466e+01
8117.5000 5.078053e+01
8118.7500 5.540749e+01
8120.0000 5.317517e+01
8121.2500 5.497610e+01
8122.5000 6.048610e+01
8123.7500 5.497534e+01
8125.0000 5.623345e+01
8126.2500 6.013659e+01
8127.5000 6.430415e+01
8128.7500 5.650431e+01
8130.0000 5.755334e+01
8131.2500 6.649712e+01
8132.5000 6.161294e+01
8133.7500 5.794140e+01
8135.0000 6.520586e+01
8136.2500 6.956474e+01
8137.5000 8.686395e+01
8138.7500 1.238551e+02
8140.0000 9.923661e+01
8141.2500 6.455625e+01
8142.5000 5.072607e+01
8143.7500 5.170095e+01
8145.0000 8.138607e+01
8146.2500 1.522375e+02
8147.5000 1.348759e+02
8148.7500 6.858350e+01
8150.0000 4.977520e+01
8151.2500 5.089307e+01
8152.5000 5.006248e+01
8153.7500 5.235225e+01
8155.0000 4.936454e+01
8156.2500 4.513435e+01
8157.5000 4.710909e+01
8158.7500 4.843947e+01
8160.0000 4.870798e+01
8161.2500 4.979194e+01
8162.5000 5.317265e+01
8163.7500 5.106820e+01
8165.0000 4.922018e+01
8166.2500 4.442630e+01
8167.5000 4.309349e+01
8168.7500 4.538354e+01
8170.0000 4.941677e+01
8171.2500 5.018966e+01
8172.5000 4.315607e+01
8173.7500 3.891763e+01
8175.0000 4.417576e+01
8176.2500 4.626826e+01
8177.5000 5.073783e+01
8178.7500 5.110788e+01
8180.0000 4.616164e+01
8181.2500 4.534364e+01
8182.5000 4.507341e+01
8183.7500 4.480783e+01
8185.0000 4.723558e+01
8186.2500 5.071198e+01
8187.5000 7.869643e+01
8188.7500 7.723278e+01
8190.0000 5.408915e+01
8191.2500 4.803897e+01
8192.5000 4.558590e+01
8193.7500 6.892305e+01
8195.0000 8.555787e+01
8196.2500 6.253889e+01
8197.5000 4.906027e+01
8198.7500 4.563462e+01
8200.0000 4.589209e+01
8201.2500 4.748787e+01
8202.5000 5.169365e+01
8203.7500 5.255836e+01
8205.0000 5.536111e+01
8206.2500 5.754449e+01
8207.5000 6.245110e+01
8208.7500 5.774385e+01
8210.0000 5.192054e+01
8211.2500 5.054780e+01
8212.5000 5.109511e+01
8213.7500 5.891235e+01
8215.0000 6.071119e+01
8216.2500 5.753658e+01
8217.5000 5.227068e+01
8218.7500 5.226409e+01
8220.0000 5.023863e+01
8221.2500 5.349758e+01
8222.5000 6.594119e+01
8223.7500 7.347580e+01
8225.0000 6.750538e+01
8226.2500 6.411642e+01
8227.5000 6.653531e+01
8228.7500 6.882713e+01
8230.0000 7.074525e+01
8231.2500 7.258167e+01
8232.5000 7.494229e+01
8233.7500 7.644588e+01
8235.0000 7.817898e+01
8236.2500 8.004436e+01
8237.5000 8.412070e+01
8238.7500 7.870705e+01
8240.0000 8.497560e+01
8241.2500 1.011572e+02
8242.5000 8.601546e+01
8243.7500 6.712292e+01
8245.0000 6.940923e+01
8246.2500 7.779170e+01
8247.5000 9.116956e+01
8248.7500 7.766082e+01
8250.0000 5.822194e+01
8251.2500 5.663974e+01
8252.5000 5.612353e+01
8253.7500 6.724566e+01
8255.0000 7.484757e+01
8256.2500 6.451842e+01
8257.5000 5.228283e+01
8258.7500 5.409792e+01
8260.0000 5.719241e+01
8261.2500 5.266483e+01
8262.5000 5.266135e+01
8263.7500 5.347731e+01
8265.0000 5.365891e+01
8266.2500 5.523970e+01
8267.5000 5.458170e+01
8268.7500 5.316851e+01
8270.0000 4.838525e+01
8271.2500 5.687638e+01
8272.5000 5.586791e+01
8273.7500 5.493357e+01
8275.0000 6.256505e+01
8276.2500 1.282939e+02
8277.5000 4.033598e+02
8278.7500 4.567945e+02
8280.0000 5.671454e+02
8281.2500 1.062690e+03
8282.5000 7.281125e+02
8283.7500 1.457314e+02
8285.0000 2.346208e+02
8286.2500 4.812894e+02
8287.5000 1.573676e+03
8288.7500 2.000425e+03
8290.0000 4.744019e+02
8291.2500 9.798904e+01
8292.5000 5.671618e+01
8293.7500 8.013162e+01
8295.0000 3.962198e+02
8296.2500 5.839013e+02
8297.5000 1.061401e+03
8298.7500 1.651193e+03
8300.0000 7.248444e+02
8301.2500 1.180377e+02
8302.5000 1.132659e+02
8303.7500 9.169643e+01
8305.0000 7.466328e+01
8306.2500 6.093187e+01
8307.5000 5.960280e+01
8308.7500 1.653207e+02
8310.0000 5.376622e+02
8311.2500 4.341463e+02
8312.5000 9.707829e+01
8313.7500 4.912350e+01
8315.0000 4.880910e+01
8316.2500 6.132724e+01
8317.5000 9.840370e+01
8318.7500 8.836330e+01
8320.0000 6.239949e+01
8321.2500 5.509601e+01
8322.5000 5.828898e+01
8323.7500 5.427640e+01
8325.0000 4.949800e+01
8326.2500 4.592883e+01
8327.5000 4.564698e+01
8328.7500 4.801064e+01
8330.0000 4.924487e+01
8331.2500 4.812315e+01
8332.5000 5.142629e+01
8333.7500 4.734433e+01
8335.0000 5.165112e+01
8336.2500 6.523059e+01
8337.5000 9.805508e+01
8338.7500 8.883032e+01
8340.0000 7.036870e+01
8341.2500 1.924385e+02
8342.5000 1.103762e+03
8343.7500 4.593470e+03
8345.0000 4.081494e+03
8346.2500 5.942523e+02
8347.5000 7.996887e+01
8348.7500 1.415370e+02
8350.0000 1.788882e+02
8351.2500 6.065684e+02
8352.5000 1.475528e+03
8353.7500 8.198926e+02
8355.0000 9.442601e+01
8356.2500 5.830812e+01
8357.5000 5.226279e+01
8358.7500 6.546577e+01
8360.0000 1.179892e+02
8361.2500 1.320981e+02
8362.5000 1.575275e+02
8363.7500 3.976765e+02
8365.0000 4.580965e+02
8366.2500 1.679247e+02
8367.5000 6.167790e+01
8368.7500 5.286144e+01
8370.0000 5.218904e+01
8371.2500 5.041033e+01
8372.5000 5.175016e+01
8373.7500 5.158104e+01
8375.0000 5.672992e+01
8376.2500 5.733281e+01
8377.5000 5.629503e+01
8378.7500 9.520387e+01
8380.0000 2.229313e+02
8381.2500 7.080545e+02
8382.5000 8.497435e+02
8383.7500 2.540658e+02
8385.0000 5.213466e+01
8386.2500 5.316936e+01
8387.5000 5.237234e+01
8388.7500 5.572193e+01
8390.0000 7.679465e+01
8391.2500 7.544115e+01
8392.5000 5.653771e+01
8393.7500 4.802917e+01
8395.0000 5.732961e+01
8396.2500 1.059265e+02
8397.5000 1.415829e+03
8398.7500 3.497281e+03
8400.0000 1.807713e+03
8401.2500 1.547160e+02
8402.5000 5.678633e+01
8403.7500 5.094495e+01
8405.0000 4.930478e+01
8406.2500 4.877423e+01
8407.5000 4.828843e+01
8408.7500 4.920339e+01
8410.0000 5.217532e+01
8411.2500 5.407897e+01
8412.5000 8.226453e+01
8413.7500 6.992612e+02
8415.0000 1.270206e+03
8416.2500 5.285751e+02
8417.5000 6.478038e+01
8418.7500 5.636877e+01
8420.0000 5.852419e+01
8421.2500 6.199605e+01
8422.5000 7.884644e+01
8423.7500 8.791654e+01
8425.0000 8.870950e+01
8426.2500 1.187034e+02
8427.5000 2.144926e+02
8428.7500 2.450604e+03
8430.0000 4.637287e+03
8431.2500 1.717494e+03
8432.5000 1.370743e+02
8433.7500 1.172680e+02
8435.0000 9.630376e+01
8436.2500 5.798571e+01
8437.5000 5.187861e+01
8438.7500 5.271667e+01
8440.0000 4.954935e+01
8441.2500 5.163295e+01
8442.5000 4.823032e+01
8443.7500 5.695506e+01
8445.0000 1.293417e+02
8446.2500 2.087754e+02
8447.5000 1.244389e+02
8448.7500 6.257007e+01
8450.0000 1.599696e+02
8451.2500 8.738337e+02
8452.5000 1.009429e+03
8453.7500 2.603288e+02
8455.0000 6.284563e+01
8456.2500 5.809883e+01
8457.5000 5.288306e+01
8458.7500 5.461906e+01
8460.0000 6.305177e+01
8461.2500 7.699593e+01
8462.5000 1.157910e+02
8463.7500 9.998779e+02
8465.0000 2.800956e+03
8466.2500 1.618246e+03
8467.5000 1.454348e+02
8468.7500 5.515523e+01
8470.0000 5.042009e+01
8471.2500 5.214810e+01
8472.5000 5.882113e+01
8473.7500 9.399730e+01
8475.0000 9.897149e+01
8476.2500 5.860470e+01
8477.5000 4.767205e+01
8478.7500 4.409827e+01
8480.0000 4.310827e+01
8481.2500 4.400704e+01
8482.5000 4.495389e+01
8483.7500 4.486604e+01
8485.0000 4.849869e+01
8486.2500 4.720695e+01
8487.5000 4.560336e+01
8488.7500 4.449285e+01
8490.0000 4.744244e+01
8491.2500 1.271511e+02
8492.5000 5.036389e+02
8493.7500 5.295364e+02
8495.0000 1.558652e+02
8496.2500 6.604162e+01
8497.5000 6.298699e+01
8498.7500 5.351769e+01
8500.0000 6.340068e+01
8501.2500 8.038422e+01
8502.5000 2.245862e+02
8503.7500 9.897605e+02
8505.0000 1.160037e+03
8506.2500 3.035333e+02
8507.5000 5.665594e+01
8508.7500 4.890878e+01
8510.0000 4.923198e+01
8511.2500 4.987376e+01
8512.5000 4.781971e+01
8513.7500 4.854644e+01
8515.0000 4.651759e+01
8516.2500 4.920594e+01
8517.5000 4.859845e+01
8518.7500 5.932550e+01
8520.0000 7.753724e+01
8521.2500 6.865276e+01
8522.5000 5.217582e+01
8523.7500 4.897971e+01
8525.0000 4.756897e+01
8526.2500 4.681798e+01
8527.5000 4.637605e+01
8528.7500 5.187075e+01
8530.0000 4.677995e+01
8531.2500 4.629425e+01
8532.5000 4.644116e+01
8533.7500 4.408913e+01
8535.0000 4.933443e+01
8536.2500 6.937846e+01
8537.5000 2.431330e+02
8538.7500 3.274487e+02
8540.0000 1.243985e+02
8541.2500 6.348103e+01
8542.5000 6.197046e+01
8543.7500 5.073277e+01
8545.0000 5.636996e+01
8546.2500 1.088688e+02
8547.5000 4.288464e+02
8548.7500 6.019684e+02
8550.0000 2.405994e+02
8551.2500 6.852961e+01
8552.5000 6.376515e+01
8553.7500 6.325566e+01
8555.0000 4.850314e+01
8556.2500 4.841567e+01
8557.5000 4.537522e+01
8558.7500 4.906361e+01
8560.0000 4.683739e+01
8561.2500 4.486204e+01
8562.5000 4.301749e+01
8563.7500 4.382934e+01
8565.0000 4.713147e+01
8566.2500 5.037838e+01
8567.5000 4.761120e+01
8568.7500 4.919191e+01
8570.0000 4.756186e+01
8571.2500 6.085305e+01
8572.5000 6.974368e+01
8573.7500 6.350918e+01
8575.0000 6.969230e+01
8576.2500 7.040981e+01
8577.5000 6.385860e+01
8578.7500 5.622095e+01
8580.0000 4.818305e+01
8581.2500 4.434523e+01
8582.5000 4.515465e+01
8583.7500 4.664407e+01
8585.0000 5.212229e+01
8586.2500 8.588112e+01
8587.5000 1.876239e+02
8588.7500 1.652220e+02
8590.0000 6.756532e+01
8591.2500 5.656946e+01
8592.5000 5.197575e+01
8593.7500 5.402034e+01
8595.0000 1.071021e+02
8596.2500 2.487745e+02
8597.5000 2.162915e+02
8598.7500 8.495965e+01
8600.0000 5.748937e+01
8601.2500 5.995789e+01
8602.5000 6.475900e+01
8603.7500 5.667244e+01
8605.0000 6.018980e+01
8606.2500 5.762751e+01
8607.5000 6.335642e+01
8608.7500 7.068706e+01
8610.0000 7.802064e+01
8611.2500 8.520737e+01
8612.5000 1.065606e+02
8613.7500 1.296243e+02
8615.0000 1.573117e+02
8616.2500 1.733224e+02
8617.5000 2.217963e+02
8618.7500 2.409680e+02
8620.0000 2.837327e+02
8621.2500 3.378638e+02
8622.5000 3.392724e+02
8623.7500 4.147404e+02
8625.0000 4.561828e+02
8626.2500 4.239460e+02
8627.5000 4.981454e+02
8628.7500 5.268848e+02
8630.0000 4.399429e+02
8631.2500 5.277823e+02
8632.5000 5.082330e+02
8633.7500 3.738219e+02
8635.0000 4.479039e+02
8636.2500 4.228822e+02
8637.5000 2.584424e+02
8638.7500 2.639305e+02
8640.0000 2.639286e+02
8641.2500 2.070354e+02
8642.5000 1.309712e+02
8643.7500 7.242349e+01
8645.0000 9.447144e+01
8646.2500 1.973187e+02
8647.5000 2.099933e+02
8648.7500 3.098889e+02
8650.0000 5.095866e+02
8651.2500 4.281982e+02
8652.5000 2.678176e+02
8653.7500 4.182492e+02
8655.0000 5.929965e+02
8656.2500 4.066422e+02
8657.5000 2.621037e+02
8658.7500 5.038588e+02
8660.0000 5.968944e+02
8661.2500 3.293271e+02
8662.5000 2.237199e+02
8663.7500 4.740657e+02
8665.0000 5.381322e+02
8666.2500 2.927212e+02
8667.5000 1.824672e+02
8668.7500 3.830409e+02
8670.0000 4.587645e+02
8671.2500 2.592050e+02
8672.5000 1.176727e+02
8673.7500 2.443153e+02
8675.0000 3.644943e+02
8676.2500 2.537030e+02
8677.5000 1.003234e+02
8678.7500 1.428697e+02
8680.0000 2.534761e+02
8681.2500 2.404193e+02
8682.5000 1.277848e+02
8683.7500 7.860107e+01
8685.0000 1.397719e+02
8686.2500 1.924716e+02
8687.5000 1.329789e+02
8688.7500 7.155168e+01
8690.0000 7.548990e+01
8691.2500 1.182120e+02
8692.5000 1.344615e+02
8693.7500 1.057541e+02
8695.0000 7.013276e+01
8696.2500 7.281133e+01
8697.5000 1.030829e+02
8698.7500 1.275680e+02
8700.0000 1.513086e+02
8701.2500 1.097739e+02
8702.5000 7.493105e+01
8703.7500 8.083661e+01
8705.0000 9.853201e+01
8706.2500 1.460610e+02
8707.5000 1.641891e+02
8708.7500 1.034869e+02
8710.0000 7.197390e+01
8711.2500 7.153319e+01
8712.5000 6.595000e+01
8713.7500 6.557027e+01
8715.0000 6.432426e+01
8716.2500 6.853560e+01
8717.5000 6.295629e+01
8718.7500 5.832579e+01
8720.0000 6.171314e+01
8721.2500 6.128361e+01
8722.5000 6.332061e+01
8723.7500 6.296275e+01
8725.0000 7.070901e+01
8726.2500 8.681387e+01
8727.5000 7.294714e+01
8728.7500 5.843460e+01
8730.0000 5.525994e+01
8731.2500 5.231718e+01
8732.5000 5.129996e+01
8733.7500 5.383011e+01
8735.0000 5.343362e+01
8736.2500 6.193093e+01
8737.5000 7.263499e+01
8738.7500 6.960664e+01
8740.0000 7.427155e+01
8741.2500 6.823885e+01
8742.5000 6.029480e+01
8743.7500 6.092259e+01
8745.0000 5.813588e+01
8746.2500 5.325999e+01
8747.5000 5.336074e+01
8748.7500 6.525724e+01
8750.0000 7.014941e+01
8751.2500 5.867921e+01
8752.5000 5.348801e+01
8753.7500 5.511100e+01
8755.0000 6.108975e+01
8756.2500 1.150006e+02
8757.5000 4.464413e+02
8758.7500 7.860318e+02
8760.0000 1.523638e+03
8761.2500 1.839700e+03
8762.5000 6.583480e+02
8763.7500 1.982478e+02
8765.0000 6.877925e+02
8766.2500 2.097547e+03
8767.5000 2.891562e+03
8768.7500 1.310013e+03
8770.0000 1.959523e+02
8771.2500 1.000230e+02
8772.5000 8.108791e+01
8773.7500 2.022042e+02
8775.0000 1.012180e+03
8776.2500 1.915206e+03
8777.5000 3.398796e+03
8778.7500 2.550014e+03
8780.0000 3.377394e+02
8781.2500 9.210319e+01
8782.5000 7.794425e+01
8783.7500 7.329321e+01
8785.0000 7.598087e+01
8786.2500 7.677841e+01
8787.5000 8.803864e+01
8788.7500 2.027195e+02
8790.0000 9.833732e+02
8791.2500 1.259490e+03
8792.5000 3.801974e+02
8793.7500 7.706615e+01
8795.0000 7.829892e+01
8796.2500 7.236601e+01
8797.5000 7.187114e+01
8798.7500 7.173949e+01
8800.0000 7.110979e+01
8801.2500 7.567627e+01
8802.5000 7.274345e+01
8803.7500 6.027808e+01
8805.0000 5.659379e+01
8806.2500 6.362658e+01
8807.5000 8.038580e+01
8808.7500 1.454498e+02
8810.0000 1.794136e+02
8811.2500 1.056338e+02
8812.5000 6.448337e+01
8813.7500 5.565135e+01
8815.0000 5.825357e+01
8816.2500 6.005688e+01
8817.5000 6.181433e+01
8818.7500 6.208087e+01
8820.0000 6.449786e+01
8821.2500 6.996626e+01
8822.5000 9.050935e+01
8823.7500 3.504841e+02
8825.0000 1.938466e+03
8826.2500 7.646009e+03
8827.5000 7.075035e+03
8828.7500 1.266982e+03
8830.0000 1.846508e+02
8831.2500 2.415935e+02
8832.5000 3.385424e+02
8833.7500 3.960002e+02
8835.0000 1.358394e+03
8836.2500 2.466827e+03
8837.5000 1.074374e+03
8838.7500 1.325864e+02
8840.0000 6.085653e+01
8841.2500 6.025003e+01
8842.5000 5.919764e+01
8843.7500 8.572918e+01
8845.0000 1.170466e+02
8846.2500 1.063646e+02
8847.5000 1.788167e+02
8848.7500 6.284902e+02
8850.0000 7.054105e+02
8851.2500 2.165944e+02
8852.5000 6.879745e+01
8853.7500 6.723439e+01
8855.0000 7.266277e+01
8856.2500 7.412357e+01
8857.5000 7.157993e+01
8858.7500 7.254179e+01
8860.0000 9.398579e+01
8861.2500 1.544548e+02
8862.5000 1.779603e+02
8863.7500 1.357633e+02
8865.0000 2.219472e+02
8866.2500 1.294056e+03
8867.5000 1.972527e+03
8868.7500 6.950236e+02
8870.0000 9.543016e+01
8871.2500 7.603962e+01
8872.5000 6.857866e+01
8873.7500 6.830762e+01
8875.0000 6.863721e+01
8876.2500 6.584648e+01
8877.5000 6.765853e+01
8878.7500 6.673400e+01
8880.0000 6.854276e+01
8881.2500 7.903539e+01
8882.5000 1.344235e+02
8883.7500 1.200954e+03
8885.0000 6.178930e+03
8886.2500 5.935527e+03
8887.5000 9.389556e+02
8888.7500 1.596318e+02
8890.0000 1.254521e+02
8891.2500 8.387975e+01
8892.5000 7.294201e+01
8893.7500 8.429343e+01
8895.0000 1.097946e+02
8896.2500 1.210780e+02
8897.5000 1.000430e+02
8898.7500 8.179569e+01
8900.0000 1.032295e+02
8901.2500 6.527867e+02
8902.5000 2.236530e+03
8903.7500 1.720492e+03
8905.0000 2.898554e+02
8906.2500 9.787384e+01
8907.5000 1.190980e+02
8908.7500 1.420628e+02
8910.0000 1.201664e+02
8911.2500 8.504532e+01
8912.5000 6.869128e+01
8913.7500 7.474622e+01
8915.0000 9.313910e+01
8916.2500 1.514272e+02
8917.5000 1.128595e+03
8918.7500 6.701368e+03
8920.0000 6.831021e+03
8921.2500 1.243559e+03
8922.5000 1.407229e+02
8923.7500 1.092412e+02
8925.0000 1.035740e+02
8926.2500 1.254961e+02
8927.5000 1.647766e+02
8928.7500 1.445363e+02
8930.0000 9.049001e+01
8931.2500 7.560993e+01
8932.5000 8.122330e+01
8933.7500 1.044469e+02
8935.0000 1.030956e+02
8936.2500 9.498881e+01
8937.5000 8.198009e+01
8938.7500 9.355712e+01
8940.0000 9.608617e+01
8941.2500 3.707120e+02
8942.5000 1.620155e+03
8943.7500 1.623644e+03
8945.0000 3.622318e+02
8946.2500 7.949554e+01
8947.5000 7.485177e+01
8948.7500 6.843899e+01
8950.0000 6.781505e+01
8951.2500 6.083210e+01
8952.5000 7.019839e+01
8953.7500 8.995230e+01
8955.0000 2.044379e+02
8956.2500 1.816406e+03
8957.5000 5.222361e+03
8958.7500 3.635522e+03
8960.0000 4.172035e+02
8961.2500 9.930859e+01
8962.5000 9.134112e+01
8963.7500 9.449991e+01
8965.0000 8.572054e+01
8966.2500 7.446140e+01
8967.5000 7.954402e+01
8968.7500 9.115916e+01
8970.0000 1.588540e+02
8971.2500 1.890435e+02
8972.5000 1.124328e+02
8973.7500 8.117938e+01
8975.0000 8.480173e+01
8976.2500 8.528459e+01
8977.5000 9.518784e+01
8978.7500 1.106564e+02
8980.0000 1.457884e+02
8981.2500 1.717633e+02
8982.5000 1.218614e+02
8983.7500 9.803342e+01
8985.0000 1.508663e+02
8986.2500 4.849469e+02
8987.5000 3.004008e+03
8988.7500 2.842664e+03
8990.0000 3.851996e+02
8991.2500 2.184082e+02
8992.5000 2.444768e+02
8993.7500 1.058918e+02
8995.0000 6.912068e+01
8996.2500 7.491751e+01
8997.5000 8.802676e+01
8998.7500 2.849669e+02
9000.0000 4.004447e+03
9001.2500 1.027525e+04
9002.5000 2.161410e+03
9003.7500 1.636731e+02
9005.0000 9.597893e+01
9006.2500 7.153484e+01
9007.5000 7.732607e+01
9008.7500 6.950725e+01
9010.0000 6.179214e+01
9011.2500 6.405233e+01
9012.5000 6.537169e+01
9013.7500 6.605999e+01
9015.0000 6.076469e+01
9016.2500 6.429535e+01
9017.5000 7.856418e+01
9018.7500 6.946027e+01
9020.0000 1.026798e+02
9021.2500 1.172378e+02
9022.5000 7.922976e+01
9023.7500 6.458965e+01
9025.0000 6.367336e+01
9026.2500 7.731214e+01
9027.5000 1.017657e+02
9028.7500 1.044778e+02
9030.0000 8.074197e+01
9031.2500 7.092017e+01
9032.5000 6.493516e+01
9033.7500 6.093689e+01
9035.0000 7.627632e+01
9036.2500 2.720947e+02
9037.5000 6.657415e+02
9038.7500 4.678206e+02
9040.0000 1.095678e+02
9041.2500 7.729047e+01
9042.5000 9.691127e+01
9043.7500 1.153435e+02
9045.0000 8.526325e+01
9046.2500 1.047302e+02
9047.5000 4.224654e+02
9048.7500 1.255630e+03
9050.0000 1.074269e+03
9051.2500 2.445588e+02
9052.5000 9.369627e+01
9053.7500 8.682503e+01
9055.0000 9.452682e+01
9056.2500 1.090623e+02
9057.5000 9.691811e+01
9058.7500 7.968422e+01
9060.0000 7.826271e+01
9061.2500 7.207127e+01
9062.5000 8.835539e+01
9063.7500 1.369287e+02
9065.0000 1.322879e+02
9066.2500 1.118646e+02
9067.5000 1.215961e+02
9068.7500 1.419125e+02
9070.0000 1.245547e+02
9071.2500 1.070131e+02
9072.5000 7.478872e+01
9073.7500 7.848016e+01
9075.0000 7.940506e+01
9076.2500 8.250224e+01
9077.5000 6.781049e+01
9078.7500 7.191331e+01
9080.0000 6.888976e+01
9081.2500 7.277959e+01
9082.5000 7.893584e+01
9083.7500 9.332473e+01
9085.0000 8.905035e+01
9086.2500 7.635843e+01
9087.5000 6.851078e+01
9088.7500 6.854778e+01
9090.0000 1.019952e+02
9091.2500 2.705905e+02
9092.5000 4.207061e+02
9093.7500 2.406280e+02
9095.0000 9.335729e+01
9096.2500 7.873275e+01
9097.5000 8.053345e+01
9098.7500 8.036700e+01
9100.0000 1.000809e+02
9101.2500 3.502300e+02
9102.5000 6.117078e+02
9103.7500 3.692411e+02
9105.0000 1.062296e+02
9106.2500 6.700311e+01
9107.5000 6.284837e+01
9108.7500 7.150408e+01
9110.0000 7.334669e+01
9111.2500 6.706899e+01
9112.5000 6.912228e+01
9113.7500 7.336417e+01
9115.0000 6.973370e+01
9116.2500 6.454985e+01
9117.5000 5.997406e+01
9118.7500 6.105624e+01
9120.0000 6.443012e+01
9121.2500 7.124950e+01
9122.5000 7.753059e+01
9123.7500 6.833636e+01
9125.0000 7.100423e+01
9126.2500 7.003191e+01
9127.5000 7.370857e+01
9128.7500 6.247670e+01
9130.0000 6.575980e+01
9131.2500 7.024551e+01
9132.5000 8.113951e+01
9133.7500 8.778114e+01
9135.0000 8.371798e+01
9136.2500 8.472395e+01
9137.5000 8.735443e+01
9138.7500 9.064037e+01
9140.0000 8.499672e+01
9141.2500 8.249654e+01
9142.5000 7.671745e+01
9143.7500 8.601173e+01
9145.0000 8.019012e+01
9146.2500 8.275410e+01
9147.5000 8.197375e+01
9148.7500 8.490280e+01
9150.0000 1.552574e+02
9151.2500 3.246986e+02
9152.5000 2.993488e+02
9153.7500 1.563965e+02
9155.0000 1.077182e+02
9156.2500 1.187164e+02
9157.5000 1.302030e+02
9158.7500 1.726016e+02
9160.0000 3.438847e+02
9161.2500 4.012831e+02
9162.5000 1.984096e+02
9163.7500 8.628209e+01
9165.0000 7.897823e+01
9166.2500 7.164779e+01
9167.5000 7.243603e+01
9168.7500 8.061607e+01
9170.0000 8.488813e+01
9171.2500 8.124822e+01
9172.5000 7.755450e+01
9173.7500 7.411119e+01
9175.0000 7.534750e+01
9176.2500 8.021471e+01
9177.5000 7.967529e+01
9178.7500 9.125753e+01
9180.0000 7.893179e+01
9181.2500 7.885375e+01
9182.5000 7.793826e+01
9183.7500 7.356530e+01
9185.0000 7.554580e+01
9186.2500 8.062698e+01
9187.5000 7.381619e+01
9188.7500 7.682771e+01
9190.0000 7.356597e+01
9191.2500 7.188997e+01
9192.5000 7.135846e+01
9193.7500 7.080558e+01
9195.0000 6.704739e+01
9196.2500 6.698562e+01
9197.5000 7.718023e+01
9198.7500 7.789188e+01
9200.0000 7.915340e+01
9201.2500 7.841635e+01
9202.5000 7.919163e+01
9203.7500 8.904143e+01
9205.0000 8.382855e+01
9206.2500 7.237186e+01
9207.5000 7.393249e+01
9208.7500 8.409615e+01
9210.0000 8.280054e+01
9211.2500 8.123511e+01
9212.5000 8.034882e+01
9213.7500 8.993169e+01
9215.0000 1.902812e+02
9216.2500 2.875091e+02
9217.5000 1.893796e+02
9218.7500 9.470840e+01
9220.0000 9.256819e+01
9221.2500 9.653675e+01
9222.5000 1.526698e+02
9223.7500 3.029780e+02
9225.0000 3.175500e+02
9226.2500 1.906990e+02
9227.5000 1.122379e+02
9228.7500 1.016934e+02
9230.0000 8.453529e+01
9231.2500 7.776109e+01
9232.5000 8.491512e+01
9233.7500 8.963699e+01
9235.0000 7.761564e+01
9236.2500 7.609055e+01
9237.5000 7.003052e+01
9238.7500 7.304948e+01
9240.0000 7.998349e+01
9241.2500 7.956113e+01
9242.5000 7.440672e+01
9243.7500 7.652264e+01
9245.0000 7.795715e+01
9246.2500 1.089198e+02
9247.5000 1.346698e+02
9248.7500 1.385400e+02
9250.0000 1.556692e+02
9251.2500 1.433688e+02
9252.5000 1.219643e+02
9253.7500 1.193449e+02
9255.0000 1.005676e+02
9256.2500 8.491582e+01
9257.5000 7.687370e+01
9258.7500 8.130386e+01
9260.0000 1.244915e+02
9261.2500 1.858545e+02
9262.5000 2.261335e+02
9263.7500 1.575968e+02
9265.0000 1.747196e+02
9266.2500 1.791154e+02
9267.5000 9.670341e+01
9268.7500 7.540811e+01
9270.0000 7.259368e+01
9271.2500 6.805095e+01
9272.5000 6.975237e+01
9273.7500 7.500296e+01
9275.0000 7.466200e+01
9276.2500 7.393453e+01
9277.5000 7.535590e+01
9278.7500 8.209025e+01
9280.0000 7.125579e+01
9281.2500 7.761373e+01
9282.5000 8.426987e+01
9283.7500 9.931703e+01
9285.0000 2.074786e+02
9286.2500 3.023967e+02
9287.5000 2.077972e+02
9288.7500 1.505497e+02
9290.0000 1.027820e+02
9291.2500 1.304175e+02
9292.5000 2.606125e+02
9293.7500 3.470833e+02
9295.0000 2.210861e+02
9296.2500 1.188450e+02
9297.5000 1.069653e+02
9298.7500 1.097263e+02
9300.0000 1.178541e+02
9301.2500 1.437449e+02
9302.5000 1.770551e+02
9303.7500 5.324478e+02
9305.0000 2.935089e+03
9306.2500 1.116251e+04
9307.5000 1.681593e+04
9308.7500 6.187329e+03
9310.0000 2.884103e+03
9311.2500 6.112446e+03
9312.5000 1.270755e+04
9313.7500 1.347819e+04
9315.0000 3.251744e+03
9316.2500 1.440003e+03
9317.5000 2.268022e+03
9318.7500 1.124127e+03
9320.0000 5.479420e+02
9321.2500 3.448618e+03
9322.5000 2.667829e+04
9323.7500 4.516752e+04
9325.0000 1.067944e+04
9326.2500 4.915894e+02
9327.5000 2.516548e+02
9328.7500 2.915818e+02
9330.0000 6.500070e+02
9331.2500 7.526376e+02
9332.5000 3.194080e+02
9333.7500 2.188649e+02
9335.0000 3.731172e+02
9336.2500 1.999311e+03
9337.5000 5.828691e+03
9338.7500 3.410989e+03
9340.0000 4.302160e+02
9341.2500 2.590290e+02
9342.5000 3.100306e+02
9343.7500 3.779432e+02
9345.0000 3.442148e+02
9346.2500 3.800017e+02
9347.5000 5.048803e+02
9348.7500 6.796163e+02
9350.0000 2.256022e+03
