4750.0000 8.408690e+02
4751.2500 4.799493e+02
4752.5000 4.477538e+02
4753.7500 3.689089e+02
4755.0000 3.300960e+02
4756.2500 3.113663e+02
4757.5000 2.700273e+02
4758.7500 2.344747e+02
4760.0000 2.475551e+02
4761.2500 2.166281e+02
4762.5000 1.931510e+02
4763.7500 2.002191e+02
4765.0000 1.929054e+02
4766.2500 1.783405e+02
4767.5000 1.922696e+02
4768.7500 1.868092e+02
4770.0000 1.874864e+02
4771.2500 2.059019e+02
4772.5000 2.033835e+02
4773.7500 2.034170e+02
4775.0000 2.001670e+02
4776.2500 1.817810e+02
4777.5000 2.009042e+02
4778.7500 1.881752e+02
4780.0000 1.846776e+02
4781.2500 1.837634e+02
4782.5000 1.764686e+02
4783.7500 1.773718e+02
4785.0000 1.830793e+02
4786.2500 1.916970e+02
4787.5000 1.838334e+02
4788.7500 1.951242e+02
4790.0000 1.730954e+02
4791.2500 1.940338e+02
4792.5000 1.946484e+02
4793.7500 1.891887e+02
4795.0000 1.989908e+02
4796.2500 1.807139e+02
4797.5000 1.807682e+02
4798.7500 1.711387e+02
4800.0000 1.730459e+02
4801.2500 1.714254e+02
4802.5000 1.653875e+02
4803.7500 1.760552e+02
4805.0000 1.666561e+02
4806.2500 1.582506e+02
4807.5000 1.398744e+02
4808.7500 1.538297e+02
4810.0000 1.457988e+02
4811.2500 1.411517e+02
4812.5000 1.646305e+02
4813.7500 1.667574e+02
4815.0000 1.586329e+02
4816.2500 1.761296e+02
4817.5000 1.797430e+02
4818.7500 1.892929e+02
4820.0000 1.918289e+02
4821.2500 1.969985e+02
4822.5000 1.951143e+02
4823.7500 1.730685e+02
4825.0000 2.001472e+02
4826.2500 1.822637e+02
4827.5000 1.941457e+02
4828.7500 1.874321e+02
4830.0000 2.062083e+02
4831.2500 1.985541e+02
4832.5000 1.996712e+02
4833.7500 1.916837e+02
4835.0000 1.876980e+02
4836.2500 1.988813e+02
4837.5000 1.915742e+02
4838.7500 1.977595e+02
4840.0000 1.932135e+02
4841.2500 1.932486e+02
4842.5000 1.853748e+02
4843.7500 1.922640e+02
4845.0000 1.886841e+02
4846.2500 1.852521e+02
4847.5000 1.792609e+02
4848.7500 1.569926e+02
4850.0000 1.589970e+02
4851.2500 1.608913e+02
4852.5000 1.654131e+02
4853.7500 1.542040e+02
4855.0000 1.343897e+02
4856.2500 1.362593e+02
4857.5000 1.378099e+02
4858.7500 1.337549e+02
4860.0000 1.687038e+02
4861.2500 2.234695e+02
4862.5000 1.987344e+02
4863.7500 1.517926e+02
4865.0000 1.466907e+02
4866.2500 1.530083e+02
4867.5000 1.471685e+02
4868.7500 1.482207e+02
4870.0000 1.501534e+02
4871.2500 1.484337e+02
4872.5000 1.451977e+02
4873.7500 1.613423e+02
4875.0000 1.672168e+02
4876.2500 1.598775e+02
4877.5000 1.770653e+02
4878.7500 1.634777e+02
4880.0000 1.666032e+02
4881.2500 1.750843e+02
4882.5000 1.674704e+02
4883.7500 1.856293e+02
4885.0000 1.671368e+02
4886.2500 1.573266e+02
4887.5000 1.754158e+02
4888.7500 1.638635e+02
4890.0000 1.616247e+02
4891.2500 1.490970e+02
4892.5000 1.598586e+02
4893.7500 1.590269e+02
4895.0000 1.824583e+02
4896.2500 1.689742e+02
4897.5000 1.666721e+02
4898.7500 1.602915e+02
4900.0000 1.658800e+02
4901.2500 1.693522e+02
4902.5000 1.573927e+02
4903.7500 1.597329e+02
4905.0000 1.593455e+02
4906.2500 1.579460e+02
4907.5000 1.639699e+02
4908.7500 1.440725e+02
4910.0000 1.368540e+02
4911.2500 1.328085e+02
4912.5000 1.449844e+02
4913.7500 1.374686e+02
4915.0000 1.437323e+02
4916.2500 1.502512e+02
4917.5000 1.292332e+02
4918.7500 1.228976e+02
4920.0000 1.224163e+02
4921.2500 1.408830e+02
4922.5000 1.420114e+02
4923.7500 1.583780e+02
4925.0000 1.561734e+02
4926.2500 1.501044e+02
4927.5000 1.471326e+02
4928.7500 1.542696e+02
4930.0000 1.493649e+02
4931.2500 1.485610e+02
4932.5000 1.625499e+02
4933.7500 1.433959e+02
4935.0000 1.521563e+02
4936.2500 1.606260e+02
4937.5000 1.586992e+02
4938.7500 1.466690e+02
4940.0000 1.589849e+02
4941.2500 1.536728e+02
4942.5000 1.567827e+02
4943.7500 1.460768e+02
4945.0000 1.430703e+02
4946.2500 1.428647e+02
4947.5000 1.566619e+02
4948.7500 1.573157e+02
4950.0000 1.562418e+02
4951.2500 1.524525e+02
4952.5000 1.720789e+02
4953.7500 1.668630e+02
4955.0000 1.536817e+02
4956.2500 1.401920e+02
4957.5000 1.478418e+02
4958.7500 1.367275e+02
4960.0000 1.556774e+02
4961.2500 1.437064e+02
4962.5000 1.466798e+02
4963.7500 1.413360e+02
4965.0000 1.414166e+02
4966.2500 1.417791e+02
4967.5000 1.498628e+02
4968.7500 1.422288e+02
4970.0000 1.345518e+02
4971.2500 1.392200e+02
4972.5000 1.427081e+02
4973.7500 1.430710e+02
4975.0000 1.353250e+02
4976.2500 1.354485e+02
4977.5000 1.302876e+02
4978.7500 1.405503e+02
4980.0000 1.444806e+02
4981.2500 1.321698e+02
4982.5000 1.335667e+02
4983.7500 1.209103e+02
4985.0000 1.263232e+02
4986.2500 1.421853e+02
4987.5000 1.526487e+02
4988.7500 1.513558e+02
4990.0000 1.489344e+02
4991.2500 1.498462e+02
4992.5000 1.547980e+02
4993.7500 1.600816e+02
4995.0000 1.561639e+02
4996.2500 1.468446e+02
4997.5000 1.533921e+02
4998.7500 1.417330e+02
5000.0000 1.359396e+02
5001.2500 1.291003e+02
5002.5000 1.386010e+02
5003.7500 1.351106e+02
5005.0000 1.332249e+02
5006.2500 1.456764e+02
5007.5000 1.356444e+02
5008.7500 1.389138e+02
5010.0000 1.319437e+02
5011.2500 1.302279e+02
5012.5000 1.242776e+02
5013.7500 1.261987e+02
5015.0000 1.328727e+02
5016.2500 1.266445e+02
5017.5000 1.295146e+02
5018.7500 1.277961e+02
5020.0000 1.288437e+02
5021.2500 1.286521e+02
5022.5000 1.221904e+02
5023.7500 1.215167e+02
5025.0000 1.228712e+02
5026.2500 1.171100e+02
5027.5000 1.160101e+02
5028.7500 1.181174e+02
5030.0000 1.197600e+02
5031.2500 1.213222e+02
5032.5000 1.225620e+02
5033.7500 1.302496e+02
5035.0000 1.244257e+02
5036.2500 1.175178e+02
5037.5000 1.280523e+02
5038.7500 1.295203e+02
5040.0000 1.162086e+02
5041.2500 1.135021e+02
5042.5000 1.248691e+02
5043.7500 1.389477e+02
5045.0000 1.344116e+02
5046.2500 1.281711e+02
5047.5000 1.344652e+02
5048.7500 1.281292e+02
5050.0000 1.284880e+02
5051.2500 1.288359e+02
5052.5000 1.341996e+02
5053.7500 1.370842e+02
5055.0000 1.351287e+02
5056.2500 1.348968e+02
5057.5000 1.397781e+02
5058.7500 1.363967e+02
5060.0000 1.336026e+02
5061.2500 1.394823e+02
5062.5000 1.302859e+02
5063.7500 1.272718e+02
5065.0000 1.222453e+02
5066.2500 1.320714e+02
5067.5000 1.362292e+02
5068.7500 1.297475e+02
5070.0000 1.272758e+02
5071.2500 1.310410e+02
5072.5000 1.153517e+02
5073.7500 1.226693e+02
5075.0000 1.295062e+02
5076.2500 1.252703e+02
5077.5000 1.261004e+02
5078.7500 1.145545e+02
5080.0000 1.126046e+02
5081.2500 1.182895e+02
5082.5000 1.137766e+02
5083.7500 1.079322e+02
5085.0000 1.164376e+02
5086.2500 1.200074e+02
5087.5000 1.113034e+02
5088.7500 1.166233e+02
5090.0000 1.130599e+02
5091.2500 1.135852e+02
5092.5000 1.155768e+02
5093.7500 1.200438e+02
5095.0000 1.158980e+02
5096.2500 1.085452e+02
5097.5000 1.080808e+02
5098.7500 1.051168e+02
5100.0000 1.132484e+02
5101.2500 1.178445e+02
5102.5000 1.186948e+02
5103.7500 1.196200e+02
5105.0000 1.225838e+02
5106.2500 1.194579e+02
5107.5000 1.150674e+02
5108.7500 1.154464e+02
5110.0000 1.125306e+02
5111.2500 1.271438e+02
5112.5000 1.308241e+02
5113.7500 1.335594e+02
5115.0000 1.215406e+02
5116.2500 1.211653e+02
5117.5000 1.207300e+02
5118.7500 1.298965e+02
5120.0000 1.175918e+02
5121.2500 1.266740e+02
5122.5000 1.115759e+02
5123.7500 1.159810e+02
5125.0000 1.131760e+02
5126.2500 1.191474e+02
5127.5000 1.251757e+02
5128.7500 1.219757e+02
5130.0000 1.286985e+02
5131.2500 1.282223e+02
5132.5000 1.241816e+02
5133.7500 1.237259e+02
5135.0000 1.311783e+02
5136.2500 1.258618e+02
5137.5000 1.229624e+02
5138.7500 1.146655e+02
5140.0000 1.175939e+02
5141.2500 1.175401e+02
5142.5000 1.169606e+02
5143.7500 1.129995e+02
5145.0000 1.189117e+02
5146.2500 1.131562e+02
5147.5000 1.089154e+02
5148.7500 1.071249e+02
5150.0000 1.075989e+02
5151.2500 1.086724e+02
5152.5000 1.058041e+02
5153.7500 1.132419e+02
5155.0000 1.094424e+02
5156.2500 1.081039e+02
5157.5000 1.064903e+02
5158.7500 1.150140e+02
5160.0000 1.100614e+02
5161.2500 1.160258e+02
5162.5000 1.091265e+02
5163.7500 1.018963e+02
5165.0000 1.047318e+02
5166.2500 9.607989e+01
5167.5000 8.959968e+01
5168.7500 9.464799e+01
5170.0000 1.060991e+02
5171.2500 9.559668e+01
5172.5000 9.373179e+01
5173.7500 9.807011e+01
5175.0000 1.105057e+02
5176.2500 1.155561e+02
5177.5000 1.081607e+02
5178.7500 1.176642e+02
5180.0000 1.194372e+02
5181.2500 1.116863e+02
5182.5000 9.837354e+01
5183.7500 9.865725e+01
5185.0000 1.040625e+02
5186.2500 1.232829e+02
5187.5000 1.464192e+02
5188.7500 1.288942e+02
5190.0000 1.227523e+02
5191.2500 1.105101e+02
5192.5000 1.066824e+02
5193.7500 1.126240e+02
5195.0000 1.097572e+02
5196.2500 1.315975e+02
5197.5000 1.858035e+02
5198.7500 1.761171e+02
5200.0000 1.569693e+02
5201.2500 1.530146e+02
5202.5000 1.419624e+02
5203.7500 1.240149e+02
5205.0000 1.030234e+02
5206.2500 1.063932e+02
5207.5000 1.051310e+02
5208.7500 1.052608e+02
5210.0000 1.043173e+02
5211.2500 9.771883e+01
5212.5000 9.751015e+01
5213.7500 9.532365e+01
5215.0000 1.006912e+02
5216.2500 9.584172e+01
5217.5000 1.048471e+02
5218.7500 1.019978e+02
5220.0000 1.050283e+02
5221.2500 1.037456e+02
5222.5000 1.155365e+02
5223.7500 1.230052e+02
5225.0000 1.110753e+02
5226.2500 8.603877e+01
5227.5000 9.131238e+01
5228.7500 9.446690e+01
5230.0000 9.483855e+01
5231.2500 1.058197e+02
5232.5000 1.102077e+02
5233.7500 9.220686e+01
5235.0000 9.546791e+01
5236.2500 1.066755e+02
5237.5000 1.244851e+02
5238.7500 1.464252e+02
5240.0000 1.227767e+02
5241.2500 1.122559e+02
5242.5000 1.015167e+02
5243.7500 1.061505e+02
5245.0000 1.043572e+02
5246.2500 1.052326e+02
5247.5000 1.072537e+02
5248.7500 1.181119e+02
5250.0000 1.222156e+02
5251.2500 1.150149e+02
5252.5000 1.090065e+02
5253.7500 1.192151e+02
5255.0000 1.375721e+02
5256.2500 1.482743e+02
5257.5000 1.178699e+02
5258.7500 1.124241e+02
5260.0000 1.057440e+02
5261.2500 1.048876e+02
5262.5000 9.991391e+01
5263.7500 9.880618e+01
5265.0000 8.891443e+01
5266.2500 9.246381e+01
5267.5000 1.002908e+02
5268.7500 1.013893e+02
5270.0000 1.002207e+02
5271.2500 1.015649e+02
5272.5000 1.030564e+02
5273.7500 1.094742e+02
5275.0000 1.230679e+02
5276.2500 1.099103e+02
5277.5000 1.133199e+02
5278.7500 9.652357e+01
5280.0000 9.317251e+01
5281.2500 9.741920e+01
5282.5000 9.126298e+01
5283.7500 9.897064e+01
5285.0000 9.471989e+01
5286.2500 9.666326e+01
5287.5000 9.394550e+01
5288.7500 9.546710e+01
5290.0000 9.427390e+01
5291.2500 9.480104e+01
5292.5000 9.171315e+01
5293.7500 9.319452e+01
5295.0000 9.884921e+01
5296.2500 9.390405e+01
5297.5000 9.753175e+01
5298.7500 1.032867e+02
5300.0000 1.002228e+02
5301.2500 9.184200e+01
5302.5000 9.694016e+01
5303.7500 9.641003e+01
5305.0000 1.042962e+02
5306.2500 1.053811e+02
5307.5000 1.007791e+02
5308.7500 1.043343e+02
5310.0000 1.054501e+02
5311.2500 1.074926e+02
5312.5000 1.122662e+02
5313.7500 1.090637e+02
5315.0000 1.059894e+02
5316.2500 1.027664e+02
5317.5000 1.038204e+02
5318.7500 1.059915e+02
5320.0000 1.086695e+02
5321.2500 1.101488e+02
5322.5000 1.054112e+02
5323.7500 1.074715e+02
5325.0000 1.125088e+02
5326.2500 1.068161e+02
5327.5000 1.013582e+02
5328.7500 1.160166e+02
5330.0000 1.329749e+02
5331.2500 1.264058e+02
5332.5000 1.136805e+02
5333.7500 1.144411e+02
5335.0000 1.100543e+02
5336.2500 1.143891e+02
5337.5000 1.106352e+02
5338.7500 1.071920e+02
5340.0000 9.887888e+01
5341.2500 9.818103e+01
5342.5000 1.060520e+02
5343.7500 1.031928e+02
5345.0000 9.910343e+01
5346.2500 1.024346e+02
5347.5000 1.042422e+02
5348.7500 1.031178e+02
5350.0000 1.099001e+02
5351.2500 1.034371e+02
5352.5000 9.464432e+01
5353.7500 1.011376e+02
5355.0000 1.003278e+02
5356.2500 9.553904e+01
5357.5000 9.746869e+01
5358.7500 9.242693e+01
5360.0000 9.193233e+01
5361.2500 9.225731e+01
5362.5000 8.572488e+01
5363.7500 8.917825e+01
5365.0000 8.661674e+01
5366.2500 8.709998e+01
5367.5000 9.431034e+01
5368.7500 8.561646e+01
5370.0000 8.132757e+01
5371.2500 8.843963e+01
5372.5000 8.789589e+01
5373.7500 9.341164e+01
5375.0000 9.338295e+01
5376.2500 9.232421e+01
5377.5000 8.933447e+01
5378.7500 9.215646e+01
5380.0000 9.466891e+01
5381.2500 9.230351e+01
5382.5000 9.286269e+01
5383.7500 9.270874e+01
5385.0000 9.242097e+01
5386.2500 9.826028e+01
5387.5000 9.251518e+01
5388.7500 9.547256e+01
5390.0000 9.090703e+01
5391.2500 9.438279e+01
5392.5000 9.901801e+01
5393.7500 9.595902e+01
5395.0000 9.613566e+01
5396.2500 9.469633e+01
5397.5000 9.777012e+01
5398.7500 9.834089e+01
5400.0000 9.828444e+01
5401.2500 9.425311e+01
5402.5000 9.719688e+01
5403.7500 8.845898e+01
5405.0000 9.087444e+01
5406.2500 9.578336e+01
5407.5000 1.041478e+02
5408.7500 9.656999e+01
5410.0000 9.421902e+01
5411.2500 9.530436e+01
5412.5000 1.079654e+02
5413.7500 9.902707e+01
5415.0000 1.006874e+02
5416.2500 9.672411e+01
5417.5000 1.034487e+02
5418.7500 1.045953e+02
5420.0000 9.885896e+01
5421.2500 9.781669e+01
5422.5000 9.754589e+01
5423.7500 9.465325e+01
5425.0000 9.522195e+01
5426.2500 1.021875e+02
5427.5000 9.861497e+01
5428.7500 9.236085e+01
5430.0000 9.173102e+01
5431.2500 9.451637e+01
5432.5000 9.106325e+01
5433.7500 9.553094e+01
5435.0000 9.422981e+01
5436.2500 9.350675e+01
5437.5000 9.407137e+01
5438.7500 9.275919e+01
5440.0000 9.055128e+01
5441.2500 9.097195e+01
5442.5000 8.930447e+01
5443.7500 8.772901e+01
5445.0000 8.410036e+01
5446.2500 7.904543e+01
5447.5000 8.363306e+01
5448.7500 8.380514e+01
5450.0000 8.748086e+01
5451.2500 9.328191e+01
5452.5000 8.891755e+01
5453.7500 8.536103e+01
5455.0000 8.366450e+01
5456.2500 8.399686e+01
5457.5000 9.472877e+01
5458.7500 9.314924e+01
5460.0000 1.005313e+02
5461.2500 9.907953e+01
5462.5000 9.342780e+01
5463.7500 9.123777e+01
5465.0000 9.140154e+01
5466.2500 9.194370e+01
5467.5000 9.632014e+01
5468.7500 9.631892e+01
5470.0000 1.000792e+02
5471.2500 9.911672e+01
5472.5000 9.454494e+01
5473.7500 1.008049e+02
5475.0000 1.019628e+02
5476.2500 9.640150e+01
5477.5000 9.281227e+01
5478.7500 1.040144e+02
5480.0000 1.014936e+02
5481.2500 1.024743e+02
5482.5000 1.034075e+02
5483.7500 1.056485e+02
5485.0000 1.068404e+02
5486.2500 1.079936e+02
5487.5000 9.531226e+01
5488.7500 9.092225e+01
5490.0000 9.995036e+01
5491.2500 1.011849e+02
5492.5000 1.012336e+02
5493.7500 1.028076e+02
5495.0000 9.900506e+01
5496.2500 1.020604e+02
5497.5000 1.085018e+02
5498.7500 1.043098e+02
5500.0000 1.041395e+02
5501.2500 9.466464e+01
5502.5000 9.868118e+01
5503.7500 9.631435e+01
5505.0000 9.544961e+01
5506.2500 9.817712e+01
5507.5000 9.875613e+01
5508.7500 1.029968e+02
5510.0000 9.537852e+01
5511.2500 9.865267e+01
5512.5000 9.991940e+01
5513.7500 9.341398e+01
5515.0000 9.247899e+01
5516.2500 9.410696e+01
5517.5000 9.664870e+01
5518.7500 9.063056e+01
5520.0000 9.130090e+01
5521.2500 9.269940e+01
5522.5000 9.208189e+01
5523.7500 9.010037e+01
5525.0000 9.045540e+01
5526.2500 8.660732e+01
5527.5000 8.189827e+01
5528.7500 7.904677e+01
5530.0000 8.494369e+01
5531.2500 8.445860e+01
5532.5000 8.293803e+01
5533.7500 8.667245e+01
5535.0000 8.666721e+01
5536.2500 8.324112e+01
5537.5000 8.353605e+01
5538.7500 8.558923e+01
5540.0000 8.819566e+01
5541.2500 1.035050e+02
5542.5000 1.045797e+02
5543.7500 1.154144e+02
5545.0000 1.084441e+02
5546.2500 9.237162e+01
5547.5000 9.136581e+01
5548.7500 9.635310e+01
5550.0000 9.849496e+01
5551.2500 9.176925e+01
5552.5000 8.630793e+01
5553.7500 9.097153e+01
5555.0000 8.598254e+01
5556.2500 9.241365e+01
5557.5000 9.157951e+01
5558.7500 9.483066e+01
5560.0000 9.742530e+01
5561.2500 1.044539e+02
5562.5000 1.281360e+02
5563.7500 1.541554e+02
5565.0000 1.359686e+02
5566.2500 1.008639e+02
5567.5000 1.164894e+02
5568.7500 1.165468e+02
5570.0000 1.142190e+02
5571.2500 1.109042e+02
5572.5000 1.159546e+02
5573.7500 1.403999e+02
5575.0000 9.404585e+02
5576.2500 6.846498e+03
5577.5000 9.890681e+03
5578.7500 2.805323e+03
5580.0000 2.373135e+02
5581.2500 1.306621e+02
5582.5000 1.178569e+02
5583.7500 1.044099e+02
5585.0000 1.022622e+02
5586.2500 9.414119e+01
5587.5000 1.096570e+02
5588.7500 1.408136e+02
5590.0000 1.277925e+02
5591.2500 1.052829e+02
5592.5000 9.389845e+01
5593.7500 9.338255e+01
5595.0000 9.712991e+01
5596.2500 1.107202e+02
5597.5000 1.136863e+02
5598.7500 1.033485e+02
5600.0000 9.451957e+01
5601.2500 8.899259e+01
5602.5000 9.331098e+01
5603.7500 1.240641e+02
5605.0000 1.445224e+02
5606.2500 1.124885e+02
5607.5000 9.532912e+01
5608.7500 9.414425e+01
5610.0000 8.406207e+01
5611.2500 8.661703e+01
5612.5000 9.009553e+01
5613.7500 8.652206e+01
5615.0000 7.748805e+01
5616.2500 8.594751e+01
5617.5000 8.957767e+01
5618.7500 8.341454e+01
5620.0000 8.013710e+01
5621.2500 8.146973e+01
5622.5000 9.977635e+01
5623.7500 1.088843e+02
5625.0000 9.331506e+01
5626.2500 7.626373e+01
5627.5000 8.165407e+01
5628.7500 7.886973e+01
5630.0000 8.119247e+01
5631.2500 7.531894e+01
5632.5000 7.874451e+01
5633.7500 8.051173e+01
5635.0000 7.823288e+01
5636.2500 7.648163e+01
5637.5000 8.052455e+01
5638.7500 9.157588e+01
5640.0000 8.584542e+01
5641.2500 8.201114e+01
5642.5000 7.886214e+01
5643.7500 9.232545e+01
5645.0000 1.041963e+02
5646.2500 1.015148e+02
5647.5000 8.765633e+01
5648.7500 8.306437e+01
5650.0000 8.427924e+01
5651.2500 9.028490e+01
5652.5000 9.038219e+01
5653.7500 9.051659e+01
5655.0000 8.709094e+01
5656.2500 8.950203e+01
5657.5000 8.842401e+01
5658.7500 8.770374e+01
5660.0000 9.257532e+01
5661.2500 9.890518e+01
5662.5000 9.739494e+01
5663.7500 1.029592e+02
5665.0000 1.120639e+02
5666.2500 1.012466e+02
5667.5000 1.064273e+02
5668.7500 1.110546e+02
5670.0000 1.099235e+02
5671.2500 1.082732e+02
5672.5000 1.071672e+02
5673.7500 1.079891e+02
5675.0000 1.062601e+02
5676.2500 1.094426e+02
5677.5000 1.110348e+02
5678.7500 1.122039e+02
5680.0000 1.086557e+02
5681.2500 1.075145e+02
5682.5000 1.074249e+02
5683.7500 1.106096e+02
5685.0000 1.102669e+02
5686.2500 1.075032e+02
5687.5000 1.101355e+02
5688.7500 1.091991e+02
5690.0000 1.136162e+02
5691.2500 1.109966e+02
5692.5000 1.189160e+02
5693.7500 1.095188e+02
5695.0000 1.030852e+02
5696.2500 1.078923e+02
5697.5000 1.054799e+02
5698.7500 9.781573e+01
5700.0000 1.014770e+02
5701.2500 1.021264e+02
5702.5000 1.001250e+02
5703.7500 1.033674e+02
5705.0000 9.931098e+01
5706.2500 1.009119e+02
5707.5000 9.330302e+01
5708.7500 8.613579e+01
5710.0000 8.952742e+01
5711.2500 8.675989e+01
5712.5000 8.936617e+01
5713.7500 9.135168e+01
5715.0000 8.325580e+01
5716.2500 8.631957e+01
5717.5000 8.956377e+01
5718.7500 8.403916e+01
5720.0000 8.332767e+01
5721.2500 8.123748e+01
5722.5000 8.120725e+01
5723.7500 8.294330e+01
5725.0000 7.958936e+01
5726.2500 7.940427e+01
5727.5000 8.000737e+01
5728.7500 7.664418e+01
5730.0000 7.599094e+01
5731.2500 7.891634e+01
5732.5000 7.718733e+01
5733.7500 8.109823e+01
5735.0000 8.154112e+01
5736.2500 7.630644e+01
5737.5000 8.006697e+01
5738.7500 7.672946e+01
5740.0000 7.516806e+01
5741.2500 7.941538e+01
5742.5000 8.137518e+01
5743.7500 8.155816e+01
5745.0000 8.203856e+01
5746.2500 8.334226e+01
5747.5000 8.107259e+01
5748.7500 7.775039e+01
5750.0000 8.248890e+01
5751.2500 8.947855e+01
5752.5000 8.217047e+01
5753.7500 8.658472e+01
5755.0000 8.588114e+01
5756.2500 8.621557e+01
5757.5000 8.772591e+01
5758.7500 9.861664e+01
5760.0000 8.929524e+01
5761.2500 9.123239e+01
5762.5000 8.904223e+01
5763.7500 9.306400e+01
5765.0000 9.366825e+01
5766.2500 1.019978e+02
5767.5000 1.005094e+02
5768.7500 9.921803e+01
5770.0000 9.697867e+01
5771.2500 9.967989e+01
5772.5000 1.020245e+02
5773.7500 1.013513e+02
5775.0000 9.660092e+01
5776.2500 1.016519e+02
5777.5000 1.061923e+02
5778.7500 1.016582e+02
5780.0000 1.059184e+02
5781.2500 9.644813e+01
5782.5000 9.993993e+01
5783.7500 9.915868e+01
5785.0000 9.880922e+01
5786.2500 9.949448e+01
5787.5000 1.041376e+02
5788.7500 1.063846e+02
5790.0000 1.058146e+02
5791.2500 1.013982e+02
5792.5000 1.100331e+02
5793.7500 1.058418e+02
5795.0000 1.057959e+02
5796.2500 1.041145e+02
5797.5000 9.328685e+01
5798.7500 9.923641e+01
5800.0000 9.958104e+01
5801.2500 9.981126e+01
5802.5000 1.048798e+02
5803.7500 9.433997e+01
5805.0000 1.032812e+02
5806.2500 9.541594e+01
5807.5000 1.003824e+02
5808.7500 9.581744e+01
5810.0000 9.694549e+01
5811.2500 9.717236e+01
5812.5000 9.163420e+01
5813.7500 9.254926e+01
5815.0000 9.241161e+01
5816.2500 8.990489e+01
5817.5000 9.408584e+01
5818.7500 8.901447e+01
5820.0000 9.350389e+01
5821.2500 8.558614e+01
5822.5000 8.990008e+01
5823.7500 8.492338e+01
5825.0000 8.266458e+01
5826.2500 7.972782e+01
5827.5000 8.084821e+01
5828.7500 7.746145e+01
5830.0000 7.714900e+01
5831.2500 7.853716e+01
5832.5000 8.054250e+01
5833.7500 7.611160e+01
5835.0000 7.744738e+01
5836.2500 7.405658e+01
5837.5000 7.311891e+01
5838.7500 7.108451e+01
5840.0000 6.972454e+01
5841.2500 7.001610e+01
5842.5000 7.050168e+01
5843.7500 7.050543e+01
5845.0000 6.662908e+01
5846.2500 6.780133e+01
5847.5000 6.742479e+01
5848.7500 6.741201e+01
5850.0000 6.885448e+01
5851.2500 6.822491e+01
5852.5000 6.736352e+01
5853.7500 7.060932e+01
5855.0000 7.604062e+01
5856.2500 6.855471e+01
5857.5000 6.915261e+01
5858.7500 7.079184e+01
5860.0000 7.176601e+01
5861.2500 7.584596e+01
5862.5000 7.819862e+01
5863.7500 9.169610e+01
5865.0000 1.397772e+02
5866.2500 1.760190e+02
5867.5000 1.747478e+02
5868.7500 1.465714e+02
5870.0000 1.075475e+02
5871.2500 9.448529e+01
5872.5000 1.016010e+02
5873.7500 1.038171e+02
5875.0000 1.011362e+02
5876.2500 9.124197e+01
5877.5000 9.430157e+01
5878.7500 9.303879e+01
5880.0000 9.132356e+01
5881.2500 9.390941e+01
5882.5000 9.019478e+01
5883.7500 9.757368e+01
5885.0000 1.032595e+02
5886.2500 1.389480e+02
5887.5000 2.829673e+02
5888.7500 6.250453e+02
5890.0000 8.232471e+02
5891.2500 4.110924e+02
5892.5000 1.360164e+02
5893.7500 1.926863e+02
5895.0000 4.598217e+02
5896.2500 5.039829e+02
5897.5000 2.065064e+02
5898.7500 1.107881e+02
5900.0000 1.084046e+02
5901.2500 1.104709e+02
5902.5000 1.183680e+02
5903.7500 1.218084e+02
5905.0000 1.286176e+02
5906.2500 1.499719e+02
5907.5000 1.330159e+02
5908.7500 1.092612e+02
5910.0000 1.080506e+02
5911.2500 1.055376e+02
5912.5000 1.085260e+02
5913.7500 1.709480e+02
5915.0000 2.668087e+02
5916.2500 1.893520e+02
5917.5000 1.067954e+02
5918.7500 1.056279e+02
5920.0000 1.046045e+02
5921.2500 1.034176e+02
5922.5000 1.100127e+02
5923.7500 1.571261e+02
5925.0000 1.530783e+02
5926.2500 1.137198e+02
5927.5000 1.030514e+02
5928.7500 9.905966e+01
5930.0000 1.051654e+02
5931.2500 1.813932e+02
5932.5000 2.859875e+02
5933.7500 1.914403e+02
5935.0000 1.028326e+02
5936.2500 9.358206e+01
5937.5000 9.355466e+01
5938.7500 9.073710e+01
5940.0000 9.060423e+01
5941.2500 8.801588e+01
5942.5000 9.092342e+01
5943.7500 9.807793e+01
5945.0000 1.250151e+02
5946.2500 1.250663e+02
5947.5000 8.901231e+01
5948.7500 8.335397e+01
5950.0000 8.231486e+01
5951.2500 1.091227e+02
5952.5000 1.861445e+02
5953.7500 1.750957e+02
5955.0000 9.988802e+01
5956.2500 8.046343e+01
5957.5000 8.004392e+01
5958.7500 8.057061e+01
5960.0000 7.738543e+01
5961.2500 7.356380e+01
5962.5000 8.062449e+01
5963.7500 7.548335e+01
5965.0000 7.422224e+01
5966.2500 7.255024e+01
5967.5000 7.278836e+01
5968.7500 8.896314e+01
5970.0000 1.001663e+02
5971.2500 8.939691e+01
5972.5000 7.551658e+01
5973.7500 7.413060e+01
5975.0000 8.430421e+01
5976.2500 1.211031e+02
5977.5000 1.232874e+02
5978.7500 8.787672e+01
5980.0000 7.484640e+01
5981.2500 7.497789e+01
5982.5000 7.349967e+01
5983.7500 7.491653e+01
5985.0000 7.787386e+01
5986.2500 7.543018e+01
5987.5000 7.257725e+01
5988.7500 7.552692e+01
5990.0000 7.552875e+01
5991.2500 7.746263e+01
5992.5000 7.570222e+01
5993.7500 7.802971e+01
5995.0000 7.950288e+01
5996.2500 8.491516e+01
5997.5000 9.379819e+01
5998.7500 9.074519e+01
6000.0000 7.953408e+01
6001.2500 8.164534e+01
6002.5000 9.556435e+01
6003.7500 1.158878e+02
6005.0000 1.025249e+02
6006.2500 7.928383e+01
6007.5000 7.640227e+01
6008.7500 8.035461e+01
6010.0000 8.531638e+01
6011.2500 8.407215e+01
6012.5000 8.342647e+01
6013.7500 8.489867e+01
6015.0000 7.993800e+01
6016.2500 8.466380e+01
6017.5000 8.379369e+01
6018.7500 8.453914e+01
6020.0000 8.244996e+01
6021.2500 7.982269e+01
6022.5000 8.436651e+01
6023.7500 8.806439e+01
6025.0000 8.870252e+01
6026.2500 9.187135e+01
6027.5000 1.022871e+02
6028.7500 1.036390e+02
6030.0000 9.107538e+01
6031.2500 8.926981e+01
6032.5000 9.682825e+01
6033.7500 1.143704e+02
6035.0000 1.066678e+02
6036.2500 8.920753e+01
6037.5000 8.632965e+01
6038.7500 9.409119e+01
6040.0000 9.533941e+01
6041.2500 9.498277e+01
6042.5000 9.278532e+01
6043.7500 9.146965e+01
6045.0000 9.254939e+01
6046.2500 9.370674e+01
6047.5000 9.045029e+01
6048.7500 8.759325e+01
6050.0000 9.064381e+01
6051.2500 9.032178e+01
6052.5000 8.944304e+01
6053.7500 9.269790e+01
6055.0000 9.655494e+01
6056.2500 8.797217e+01
6057.5000 8.406651e+01
6058.7500 8.707287e+01
6060.0000 8.798393e+01
6061.2500 9.148180e+01
6062.5000 9.583913e+01
6063.7500 8.736288e+01
6065.0000 8.126381e+01
6066.2500 8.653095e+01
6067.5000 9.198053e+01
6068.7500 8.515063e+01
6070.0000 8.063080e+01
6071.2500 7.718181e+01
6072.5000 7.943768e+01
6073.7500 7.773215e+01
6075.0000 7.367191e+01
6076.2500 7.852630e+01
6077.5000 7.431706e+01
6078.7500 7.693301e+01
6080.0000 7.174661e+01
6081.2500 7.019621e+01
6082.5000 7.363248e+01
6083.7500 7.392258e+01
6085.0000 6.971054e+01
6086.2500 6.986487e+01
6087.5000 6.942353e+01
6088.7500 6.797964e+01
6090.0000 6.710258e+01
6091.2500 6.680260e+01
6092.5000 6.654131e+01
6093.7500 7.112800e+01
6095.0000 6.596471e+01
6096.2500 6.877769e+01
6097.5000 6.735370e+01
6098.7500 6.698183e+01
6100.0000 6.803232e+01
6101.2500 6.598441e+01
6102.5000 6.995391e+01
6103.7500 6.698547e+01
6105.0000 7.138589e+01
6106.2500 6.961369e+01
6107.5000 6.666524e+01
6108.7500 6.703960e+01
6110.0000 7.037508e+01
6111.2500 7.109958e+01
6112.5000 6.880441e+01
6113.7500 6.686137e+01
6115.0000 6.843725e+01
6116.2500 7.062232e+01
6117.5000 7.291962e+01
6118.7500 7.039775e+01
6120.0000 7.074605e+01
6121.2500 6.409083e+01
6122.5000 6.807531e+01
6123.7500 6.625983e+01
6125.0000 6.582924e+01
6126.2500 6.883875e+01
6127.5000 6.770956e+01
6128.7500 6.686552e+01
6130.0000 7.272187e+01
6131.2500 6.971145e+01
6132.5000 7.140956e+01
6133.7500 7.369529e+01
6135.0000 7.748934e+01
6136.2500 8.072902e+01
6137.5000 8.350032e+01
6138.7500 9.832404e+01
6140.0000 9.350007e+01
6141.2500 7.817939e+01
6142.5000 8.230807e+01
6143.7500 1.037099e+02
6145.0000 9.793914e+01
6146.2500 7.841186e+01
6147.5000 7.003796e+01
6148.7500 7.126318e+01
6150.0000 7.725590e+01
6151.2500 7.833196e+01
6152.5000 7.262231e+01
6153.7500 7.194215e+01
6155.0000 8.168008e+01
6156.2500 9.799843e+01
6157.5000 9.725868e+01
6158.7500 8.941609e+01
6160.0000 7.817046e+01
6161.2500 7.042380e+01
6162.5000 6.876638e+01
6163.7500 7.111998e+01
6165.0000 7.224321e+01
6166.2500 7.350930e+01
6167.5000 7.328465e+01
6168.7500 9.910915e+01
6170.0000 1.427327e+02
6171.2500 1.301137e+02
6172.5000 8.261345e+01
6173.7500 7.854214e+01
6175.0000 8.905595e+01
6176.2500 9.925325e+01
6177.5000 8.565412e+01
6178.7500 7.498907e+01
6180.0000 7.281355e+01
6181.2500 7.672487e+01
6182.5000 7.992950e+01
6183.7500 8.299969e+01
6185.0000 8.439584e+01
6186.2500 7.511752e+01
6187.5000 8.114201e+01
6188.7500 8.466824e+01
6190.0000 7.532618e+01
6191.2500 8.409023e+01
6192.5000 9.167362e+01
6193.7500 8.499646e+01
6195.0000 7.730807e+01
6196.2500 7.312366e+01
6197.5000 7.568276e+01
6198.7500 7.142308e+01
6200.0000 7.268933e+01
6201.2500 1.048049e+02
6202.5000 1.288943e+02
6203.7500 1.030720e+02
6205.0000 6.776766e+01
6206.2500 7.191654e+01
6207.5000 7.322644e+01
6208.7500 6.939142e+01
6210.0000 7.192175e+01
6211.2500 7.671923e+01
6212.5000 8.598512e+01
6213.7500 8.476183e+01
6215.0000 7.142127e+01
6216.2500 6.627895e+01
6217.5000 6.509655e+01
6218.7500 6.632247e+01
6220.0000 8.951074e+01
6221.2500 1.231133e+02
6222.5000 1.060322e+02
6223.7500 6.768094e+01
6225.0000 6.140931e+01
6226.2500 6.573081e+01
6227.5000 6.348559e+01
6228.7500 6.485840e+01
6230.0000 6.093988e+01
6231.2500 6.589854e+01
6232.5000 9.644868e+01
6233.7500 1.777796e+02
6235.0000 2.613787e+02
6236.2500 2.420827e+02
6237.5000 1.476493e+02
6238.7500 9.137383e+01
6240.0000 1.064081e+02
6241.2500 1.140667e+02
6242.5000 1.108018e+02
6243.7500 9.933579e+01
6245.0000 7.255956e+01
6246.2500 6.513145e+01
6247.5000 7.304617e+01
6248.7500 6.857068e+01
6250.0000 6.260690e+01
6251.2500 5.751774e+01
6252.5000 6.073865e+01
6253.7500 6.049483e+01
6255.0000 6.968607e+01
6256.2500 1.535610e+02
6257.5000 2.901746e+02
6258.7500 2.157952e+02
6260.0000 8.600016e+01
6261.2500 7.438222e+01
6262.5000 7.834164e+01
6263.7500 9.934667e+01
6265.0000 1.345720e+02
6266.2500 1.039035e+02
6267.5000 8.215911e+01
6268.7500 7.888815e+01
6270.0000 6.610733e+01
6271.2500 6.418318e+01
6272.5000 6.623731e+01
6273.7500 6.968097e+01
6275.0000 8.662836e+01
6276.2500 9.718708e+01
6277.5000 1.103728e+02
6278.7500 1.041427e+02
6280.0000 7.205613e+01
6281.2500 6.356251e+01
6282.5000 6.903489e+01
6283.7500 7.009493e+01
6285.0000 7.865813e+01
6286.2500 1.969048e+02
6287.5000 2.568459e+02
6288.7500 1.536973e+02
6290.0000 8.467065e+01
6291.2500 6.617510e+01
6292.5000 6.158534e+01
6293.7500 6.710777e+01
6295.0000 7.302950e+01
6296.2500 1.106118e+02
6297.5000 1.805912e+02
6298.7500 7.374310e+02
6300.0000 1.781284e+03
6301.2500 1.316858e+03
6302.5000 1.409856e+02
6303.7500 7.953505e+01
6305.0000 1.298614e+02
6306.2500 3.115642e+02
6307.5000 3.142106e+02
6308.7500 1.173627e+02
6310.0000 7.528089e+01
6311.2500 7.186675e+01
6312.5000 7.386311e+01
6313.7500 7.234066e+01
6315.0000 6.828059e+01
6316.2500 6.914931e+01
6317.5000 6.691358e+01
6318.7500 7.675173e+01
6320.0000 1.163656e+02
6321.2500 1.462127e+02
6322.5000 1.052817e+02
6323.7500 7.117505e+01
6325.0000 6.913263e+01
6326.2500 7.238980e+01
6327.5000 8.608920e+01
6328.7500 2.169035e+02
6330.0000 2.733219e+02
6331.2500 1.318002e+02
6332.5000 7.257243e+01
6333.7500 6.802409e+01
6335.0000 6.545816e+01
6336.2500 6.535567e+01
6337.5000 6.767853e+01
6338.7500 6.880116e+01
6340.0000 6.864851e+01
6341.2500 7.318599e+01
6342.5000 7.312306e+01
6343.7500 7.468705e+01
6345.0000 7.068327e+01
6346.2500 7.259521e+01
6347.5000 1.113107e+02
6348.7500 1.238760e+02
6350.0000 7.920090e+01
6351.2500 6.981673e+01
6352.5000 6.580915e+01
6353.7500 7.004848e+01
6355.0000 1.493468e+02
6356.2500 1.980210e+02
6357.5000 1.122169e+02
6358.7500 6.698515e+01
6360.0000 7.388245e+01
6361.2500 9.543966e+01
6362.5000 3.542030e+02
6363.7500 5.274615e+02
6365.0000 2.221235e+02
6366.2500 7.013824e+01
6367.5000 6.360894e+01
6368.7500 6.094473e+01
6370.0000 6.202459e+01
6371.2500 6.029809e+01
6372.5000 6.276802e+01
6373.7500 6.394676e+01
6375.0000 6.263231e+01
6376.2500 6.076048e+01
6377.5000 7.034769e+01
6378.7500 8.755238e+01
6380.0000 8.176942e+01
6381.2500 6.106359e+01
6382.5000 6.320205e+01
6383.7500 6.287011e+01
6385.0000 9.347603e+01
6386.2500 1.168077e+02
6387.5000 8.274384e+01
6388.7500 5.941224e+01
6390.0000 5.658263e+01
6391.2500 5.510653e+01
6392.5000 5.276148e+01
6393.7500 5.278920e+01
6395.0000 5.507144e+01
6396.2500 5.685515e+01
6397.5000 5.720569e+01
6398.7500 5.408108e+01
6400.0000 5.153809e+01
6401.2500 5.274938e+01
6402.5000 5.252553e+01
6403.7500 5.282290e+01
6405.0000 4.919963e+01
6406.2500 4.885807e+01
6407.5000 4.741924e+01
6408.7500 4.803584e+01
6410.0000 4.881941e+01
6411.2500 4.873968e+01
6412.5000 5.711577e+01
6413.7500 6.203373e+01
6415.0000 5.333833e+01
6416.2500 4.794751e+01
6417.5000 5.002877e+01
6418.7500 5.985881e+01
6420.0000 7.111734e+01
6421.2500 6.124932e+01
6422.5000 4.744791e+01
6423.7500 4.944484e+01
6425.0000 4.989172e+01
6426.2500 5.026046e+01
6427.5000 5.060507e+01
6428.7500 4.848746e+01
6430.0000 4.554424e+01
6431.2500 4.581561e+01
6432.5000 4.644204e+01
6433.7500 4.834083e+01
6435.0000 4.928768e+01
6436.2500 4.775405e+01
6437.5000 4.619585e+01
6438.7500 4.602473e+01
6440.0000 4.737622e+01
6441.2500 4.863337e+01
6442.5000 4.663526e+01
6443.7500 4.848365e+01
6445.0000 5.018690e+01
6446.2500 4.936925e+01
6447.5000 4.959813e+01
6448.7500 5.183767e+01
6450.0000 5.098992e+01
6451.2500 5.838848e+01
6452.5000 5.891659e+01
6453.7500 5.979650e+01
6455.0000 5.765921e+01
6456.2500 5.871731e+01
6457.5000 6.441439e+01
6458.7500 6.093623e+01
6460.0000 5.181289e+01
6461.2500 5.319888e+01
6462.5000 8.651074e+01
6463.7500 1.114611e+02
6465.0000 1.391845e+02
6466.2500 1.393063e+02
6467.5000 8.178925e+01
6468.7500 7.253271e+01
6470.0000 1.377062e+02
6471.2500 1.415690e+02
6472.5000 7.761330e+01
6473.7500 5.675185e+01
6475.0000 5.206827e+01
6476.2500 6.158414e+01
6477.5000 7.892914e+01
6478.7500 7.216916e+01
6480.0000 5.284616e+01
6481.2500 5.451014e+01
6482.5000 5.070093e+01
6483.7500 4.793138e+01
6485.0000 5.087077e+01
6486.2500 4.991423e+01
6487.5000 4.937570e+01
6488.7500 4.952700e+01
6490.0000 4.717446e+01
6491.2500 4.925465e+01
6492.5000 5.287325e+01
6493.7500 5.177390e+01
6495.0000 5.119275e+01
6496.2500 7.028305e+01
6497.5000 2.055645e+02
6498.7500 2.891848e+02
6500.0000 1.481234e+02
6501.2500 5.733514e+01
6502.5000 5.959924e+01
6503.7500 9.534192e+01
6505.0000 1.226303e+02
6506.2500 7.994638e+01
6507.5000 5.321833e+01
6508.7500 5.303086e+01
6510.0000 5.100940e+01
6511.2500 5.254325e+01
6512.5000 5.985239e+01
6513.7500 7.162051e+01
6515.0000 6.338985e+01
6516.2500 5.147888e+01
6517.5000 5.028468e+01
6518.7500 4.974107e+01
6520.0000 5.642793e+01
6521.2500 8.883284e+01
6522.5000 1.084125e+02
6523.7500 7.258593e+01
6525.0000 5.940280e+01
6526.2500 6.157390e+01
6527.5000 5.706235e+01
6528.7500 5.301836e+01
6530.0000 5.448950e+01
6531.2500 1.126743e+02
6532.5000 2.476650e+02
6533.7500 1.989326e+02
6535.0000 7.050059e+01
6536.2500 5.618631e+01
6537.5000 5.463820e+01
6538.7500 5.471301e+01
6540.0000 6.269902e+01
6541.2500 6.278146e+01
6542.5000 9.286064e+01
6543.7500 1.306211e+02
6545.0000 9.675396e+01
6546.2500 5.863235e+01
6547.5000 5.973031e+01
6548.7500 6.248758e+01
6550.0000 6.012989e+01
6551.2500 7.128918e+01
6552.5000 2.188765e+02
6553.7500 2.783965e+02
6555.0000 1.165169e+02
6556.2500 5.489649e+01
6557.5000 5.312878e+01
6558.7500 5.292312e+01
6560.0000 5.409078e+01
6561.2500 1.421451e+02
6562.5000 3.032868e+02
6563.7500 2.407345e+02
6565.0000 8.076412e+01
6566.2500 5.682151e+01
6567.5000 8.449796e+01
6568.7500 1.070419e+02
6570.0000 7.654823e+01
6571.2500 5.768802e+01
6572.5000 5.390820e+01
6573.7500 5.168187e+01
6575.0000 6.707018e+01
6576.2500 1.719784e+02
6577.5000 1.992913e+02
6578.7500 8.839146e+01
6580.0000 5.144723e+01
6581.2500 4.951759e+01
6582.5000 6.259631e+01
6583.7500 8.296929e+01
6585.0000 6.950182e+01
6586.2500 5.098598e+01
6587.5000 4.831226e+01
6588.7500 4.867685e+01
6590.0000 5.170364e+01
6591.2500 5.260291e+01
6592.5000 4.732731e+01
6593.7500 4.860541e+01
6595.0000 6.874980e+01
6596.2500 9.020681e+01
6597.5000 7.195962e+01
6598.7500 5.187024e+01
6600.0000 4.986465e+01
6601.2500 5.017356e+01
6602.5000 7.988416e+01
6603.7500 1.285651e+02
6605.0000 9.680460e+01
6606.2500 5.171631e+01
6607.5000 4.682201e+01
6608.7500 4.689535e+01
6610.0000 5.196748e+01
6611.2500 4.787856e+01
6612.5000 4.866397e+01
6613.7500 4.500186e+01
6615.0000 4.775232e+01
6616.2500 4.722023e+01
6617.5000 4.619904e+01
6618.7500 4.855017e+01
6620.0000 4.809325e+01
6621.2500 4.651777e+01
6622.5000 4.878615e+01
6623.7500 4.742913e+01
6625.0000 4.675014e+01
6626.2500 5.691854e+01
6627.5000 6.481610e+01
6628.7500 5.612295e+01
6630.0000 4.860474e+01
6631.2500 4.830607e+01
6632.5000 5.834048e+01
6633.7500 7.815437e+01
6635.0000 6.611550e+01
6636.2500 4.960020e+01
6637.5000 4.851515e+01
6638.7500 5.047405e+01
6640.0000 5.001522e+01
6641.2500 4.884546e+01
6642.5000 4.639526e+01
6643.7500 4.291698e+01
6645.0000 4.492971e+01
6646.2500 4.447865e+01
6647.5000 4.560957e+01
6648.7500 4.577063e+01
6650.0000 4.941965e+01
6651.2500 4.710241e+01
6652.5000 4.713309e+01
6653.7500 4.707170e+01
6655.0000 4.757631e+01
6656.2500 4.959311e+01
6657.5000 4.775379e+01
6658.7500 4.932264e+01
6660.0000 4.953694e+01
6661.2500 5.420302e+01
6662.5000 4.991867e+01
6663.7500 4.581480e+01
6665.0000 4.722835e+01
6666.2500 5.477040e+01
6667.5000 5.880894e+01
6668.7500 5.382658e+01
6670.0000 4.603966e+01
6671.2500 4.423177e+01
6672.5000 4.366692e+01
6673.7500 4.607371e+01
6675.0000 4.466195e+01
6676.2500 4.369983e+01
6677.5000 4.329125e+01
6678.7500 4.279115e+01
6680.0000 4.336502e+01
6681.2500 4.610797e+01
6682.5000 4.490237e+01
6683.7500 4.561387e+01
6685.0000 4.686495e+01
6686.2500 4.673167e+01
6687.5000 4.559674e+01
6688.7500 4.577010e+01
6690.0000 4.305039e+01
6691.2500 4.349400e+01
6692.5000 4.334498e+01
6693.7500 4.229647e+01
6695.0000 4.376570e+01
6696.2500 4.526018e+01
6697.5000 5.100284e+01
6698.7500 5.296580e+01
6700.0000 5.278858e+01
6701.2500 4.470975e+01
6702.5000 4.638935e+01
6703.7500 5.266493e+01
6705.0000 4.765785e+01
6706.2500 4.728761e+01
6707.5000 4.357320e+01
6708.7500 4.704333e+01
6710.0000 4.276579e+01
6711.2500 4.332598e+01
6712.5000 4.323695e+01
6713.7500 4.294209e+01
6715.0000 4.820929e+01
6716.2500 6.589751e+01
6717.5000 6.650900e+01
6718.7500 4.884440e+01
6720.0000 4.400084e+01
6721.2500 4.244103e+01
6722.5000 4.294925e+01
6723.7500 4.337429e+01
6725.0000 4.151330e+01
6726.2500 4.108059e+01
6727.5000 4.144796e+01
6728.7500 4.037421e+01
6730.0000 5.152365e+01
6731.2500 5.891991e+01
6732.5000 5.295436e+01
6733.7500 4.513898e+01
6735.0000 4.155730e+01
6736.2500 4.236741e+01
6737.5000 4.247261e+01
6738.7500 4.412422e+01
6740.0000 4.535731e+01
6741.2500 4.588377e+01
6742.5000 4.577948e+01
6743.7500 4.857232e+01
6745.0000 4.846037e+01
6746.2500 4.467971e+01
6747.5000 4.392870e+01
6748.7500 4.250530e+01
6750.0000 4.353400e+01
6751.2500 4.131342e+01
6752.5000 3.994555e+01
6753.7500 4.291004e+01
6755.0000 4.389881e+01
6756.2500 4.039403e+01
6757.5000 4.188194e+01
6758.7500 4.082499e+01
6760.0000 4.020920e+01
6761.2500 4.368643e+01
6762.5000 4.054927e+01
6763.7500 3.921621e+01
6765.0000 3.912562e+01
6766.2500 4.134851e+01
6767.5000 4.174097e+01
6768.7500 4.194775e+01
6770.0000 4.054571e+01
6771.2500 3.965847e+01
6772.5000 3.947256e+01
6773.7500 3.929968e+01
6775.0000 3.995073e+01
6776.2500 4.226113e+01
6777.5000 3.981552e+01
6778.7500 4.052930e+01
6780.0000 4.022381e+01
6781.2500 4.041167e+01
6782.5000 4.104794e+01
6783.7500 4.484786e+01
6785.0000 4.047681e+01
6786.2500 4.132994e+01
6787.5000 4.367930e+01
6788.7500 4.106841e+01
6790.0000 4.155745e+01
6791.2500 4.044722e+01
6792.5000 3.971904e+01
6793.7500 3.869839e+01
6795.0000 3.945847e+01
6796.2500 3.780586e+01
6797.5000 4.024607e+01
6798.7500 3.996784e+01
6800.0000 3.784527e+01
6801.2500 4.004579e+01
6802.5000 4.089940e+01
6803.7500 4.022923e+01
6805.0000 3.816428e+01
6806.2500 3.773812e+01
6807.5000 3.741164e+01
6808.7500 3.814461e+01
6810.0000 3.916650e+01
6811.2500 4.053423e+01
6812.5000 4.079309e+01
6813.7500 3.987710e+01
6815.0000 3.970108e+01
6816.2500 3.815417e+01
6817.5000 3.926299e+01
6818.7500 3.820052e+01
6820.0000 3.783763e+01
6821.2500 3.904607e+01
6822.5000 3.844320e+01
6823.7500 3.859932e+01
6825.0000 4.387934e+01
6826.2500 9.772031e+01
6827.5000 1.875090e+02
6828.7500 2.776523e+02
6830.0000 2.318862e+02
6831.2500 9.315148e+01
6832.5000 1.345552e+02
6833.7500 2.769832e+02
6835.0000 2.150061e+02
6836.2500 6.814172e+01
6837.5000 4.199141e+01
6838.7500 4.758217e+01
6840.0000 6.410849e+01
6841.2500 9.548310e+01
6842.5000 8.536735e+01
6843.7500 4.430445e+01
6845.0000 3.697220e+01
6846.2500 3.727703e+01
6847.5000 3.871030e+01
6848.7500 4.120773e+01
6850.0000 4.650368e+01
6851.2500 4.317240e+01
6852.5000 4.002883e+01
6853.7500 3.828135e+01
6855.0000 3.883350e+01
6856.2500 3.977029e+01
6857.5000 3.872395e+01
6858.7500 3.776020e+01
6860.0000 4.161176e+01
6861.2500 7.555836e+01
6862.5000 3.019388e+02
6863.7500 5.402847e+02
6865.0000 2.953298e+02
6866.2500 6.448158e+01
6867.5000 6.069210e+01
6868.7500 8.259567e+01
6870.0000 1.540625e+02
6871.2500 1.726992e+02
6872.5000 8.718523e+01
6873.7500 5.553745e+01
6875.0000 5.284373e+01
6876.2500 5.378530e+01
6877.5000 5.515350e+01
6878.7500 5.880112e+01
6880.0000 9.769288e+01
6881.2500 1.027501e+02
6882.5000 6.682961e+01
6883.7500 5.111896e+01
6885.0000 5.192750e+01
6886.2500 6.027689e+01
6887.5000 1.031344e+02
6888.7500 2.500184e+02
6890.0000 2.156420e+02
6891.2500 7.182923e+01
6892.5000 5.783849e+01
6893.7500 7.013197e+01
6895.0000 6.486667e+01
6896.2500 5.014724e+01
6897.5000 4.938910e+01
6898.7500 7.119740e+01
6900.0000 2.168506e+02
6901.2500 2.152717e+02
6902.5000 6.968517e+01
6903.7500 4.968393e+01
6905.0000 4.658720e+01
6906.2500 3.960910e+01
6907.5000 3.898906e+01
6908.7500 4.245613e+01
6910.0000 5.025607e+01
6911.2500 1.197294e+02
6912.5000 2.057689e+02
6913.7500 1.237228e+02
6915.0000 4.194571e+01
6916.2500 3.869568e+01
6917.5000 3.874449e+01
6918.7500 3.876356e+01
6920.0000 4.275290e+01
6921.2500 9.445218e+01
6922.5000 2.991837e+02
6923.7500 3.097303e+02
6925.0000 7.967339e+01
6926.2500 4.245737e+01
6927.5000 4.353385e+01
6928.7500 4.370231e+01
6930.0000 4.059465e+01
6931.2500 4.101538e+01
6932.5000 3.915797e+01
6933.7500 3.698777e+01
6935.0000 3.898216e+01
6936.2500 4.011076e+01
6937.5000 5.901563e+01
6938.7500 1.488367e+02
6940.0000 1.532650e+02
6941.2500 6.343460e+01
6942.5000 4.272028e+01
6943.7500 3.629549e+01
6945.0000 3.750285e+01
6946.2500 4.451174e+01
6947.5000 1.651254e+02
6948.7500 3.698548e+02
6950.0000 2.408485e+02
6951.2500 5.937630e+01
6952.5000 4.433636e+01
6953.7500 4.055478e+01
6955.0000 4.437850e+01
6956.2500 4.741167e+01
6957.5000 4.666680e+01
6958.7500 4.424028e+01
6960.0000 4.313540e+01
6961.2500 4.251641e+01
6962.5000 4.364856e+01
6963.7500 4.411990e+01
6965.0000 4.632946e+01
6966.2500 4.901066e+01
6967.5000 4.883804e+01
6968.7500 9.368498e+01
6970.0000 1.208122e+02
6971.2500 7.205643e+01
6972.5000 4.398422e+01
6973.7500 4.148108e+01
6975.0000 4.343364e+01
6976.2500 6.219382e+01
6977.5000 1.898179e+02
6978.7500 2.186904e+02
6980.0000 8.396313e+01
6981.2500 4.350916e+01
6982.5000 4.468522e+01
6983.7500 4.308693e+01
6985.0000 4.557996e+01
6986.2500 4.677220e+01
6987.5000 4.323241e+01
6988.7500 4.120931e+01
6990.0000 4.229570e+01
6991.2500 4.219225e+01
6992.5000 4.205220e+01
6993.7500 4.061104e+01
6995.0000 4.215469e+01
6996.2500 4.885870e+01
6997.5000 4.757400e+01
6998.7500 4.383938e+01
7000.0000 4.537140e+01
7001.2500 5.099152e+01
7002.5000 6.894117e+01
7003.7500 8.903150e+01
7005.0000 6.056510e+01
7006.2500 4.044207e+01
7007.5000 3.800277e+01
7008.7500 4.203045e+01
7010.0000 8.440302e+01
7011.2500 1.297204e+02
7012.5000 8.202345e+01
7013.7500 4.067403e+01
7015.0000 3.680340e+01
7016.2500 3.716164e+01
7017.5000 3.677439e+01
7018.7500 3.835315e+01
7020.0000 4.227121e+01
7021.2500 3.820576e+01
7022.5000 3.658198e+01
7023.7500 3.790660e+01
7025.0000 3.786905e+01
7026.2500 3.813544e+01
7027.5000 3.826135e+01
7028.7500 4.274844e+01
7030.0000 4.407356e+01
7031.2500 4.018113e+01
7032.5000 3.671440e+01
7033.7500 3.715570e+01
7035.0000 3.687054e+01
7036.2500 3.902703e+01
7037.5000 3.776139e+01
7038.7500 3.984061e+01
7040.0000 5.206428e+01
7041.2500 6.323899e+01
7042.5000 4.985760e+01
7043.7500 3.994072e+01
7045.0000 4.845311e+01
7046.2500 6.841864e+01
7047.5000 1.063923e+02
7048.7500 9.459583e+01
7050.0000 6.509131e+01
7051.2500 5.898910e+01
7052.5000 5.580835e+01
7053.7500 5.356928e+01
7055.0000 5.009007e+01
7056.2500 4.468620e+01
7057.5000 4.137454e+01
7058.7500 4.201688e+01
7060.0000 4.616920e+01
7061.2500 4.812780e+01
7062.5000 5.328882e+01
7063.7500 5.308255e+01
7065.0000 5.270283e+01
7066.2500 5.994277e+01
7067.5000 5.477050e+01
7068.7500 5.040643e+01
7070.0000 6.059668e+01
7071.2500 4.983617e+01
7072.5000 4.699688e+01
7073.7500 5.792285e+01
7075.0000 5.069960e+01
7076.2500 4.406858e+01
7077.5000 5.233019e+01
7078.7500 5.338400e+01
7080.0000 4.425824e+01
7081.2500 5.917499e+01
7082.5000 6.521793e+01
7083.7500 5.093734e+01
7085.0000 4.021933e+01
7086.2500 4.660232e+01
7087.5000 6.401155e+01
7088.7500 7.443759e+01
7090.0000 5.683834e+01
7091.2500 4.769231e+01
7092.5000 4.497847e+01
7093.7500 4.258210e+01
7095.0000 4.009555e+01
7096.2500 4.054772e+01
7097.5000 4.231221e+01
7098.7500 4.176687e+01
7100.0000 4.186428e+01
7101.2500 4.088511e+01
7102.5000 4.306110e+01
7103.7500 4.300352e+01
7105.0000 4.114872e+01
7106.2500 3.935225e+01
7107.5000 4.231533e+01
7108.7500 4.191888e+01
7110.0000 4.198107e+01
7111.2500 4.245863e+01
7112.5000 4.400970e+01
7113.7500 3.864330e+01
7115.0000 3.943271e+01
7116.2500 4.235160e+01
7117.5000 4.284265e+01
7118.7500 4.063104e+01
7120.0000 4.031971e+01
7121.2500 3.873056e+01
7122.5000 3.973484e+01
7123.7500 3.860991e+01
7125.0000 4.120922e+01
7126.2500 5.021110e+01
7127.5000 5.667303e+01
7128.7500 4.697924e+01
7130.0000 4.097432e+01
7131.2500 4.727407e+01
7132.5000 5.663057e+01
7133.7500 5.222000e+01
7135.0000 4.002364e+01
7136.2500 3.942010e+01
7137.5000 4.115829e+01
7138.7500 4.037961e+01
7140.0000 4.338871e+01
7141.2500 5.294076e+01
7142.5000 6.509726e+01
7143.7500 6.795654e+01
7145.0000 6.653492e+01
7146.2500 6.224463e+01
7147.5000 5.874950e+01
7148.7500 5.393852e+01
7150.0000 4.779194e+01
7151.2500 4.542915e+01
7152.5000 4.137833e+01
7153.7500 3.923434e+01
7155.0000 4.171993e+01
7156.2500 4.657253e+01
7157.5000 4.885106e+01
7158.7500 5.080183e+01
7160.0000 4.943207e+01
7161.2500 5.426567e+01
7162.5000 5.363237e+01
7163.7500 4.774473e+01
7165.0000 5.311687e+01
7166.2500 5.679546e+01
7167.5000 4.941043e+01
7168.7500 5.564359e+01
7170.0000 6.299063e+01
7171.2500 5.399935e+01
7172.5000 5.419758e+01
7173.7500 7.337601e+01
7175.0000 7.654690e+01
7176.2500 7.644067e+01
7177.5000 7.758138e+01
7178.7500 7.436760e+01
7180.0000 7.465528e+01
7181.2500 6.939149e+01
7182.5000 5.886817e+01
7183.7500 5.499892e+01
7185.0000 5.015967e+01
7186.2500 4.740954e+01
7187.5000 4.856024e+01
7188.7500 4.676907e+01
7190.0000 4.287697e+01
7191.2500 4.047359e+01
7192.5000 4.307986e+01
7193.7500 4.182519e+01
7195.0000 4.128467e+01
7196.2500 3.922955e+01
7197.5000 3.917950e+01
7198.7500 4.376539e+01
7200.0000 4.521190e+01
7201.2500 4.528061e+01
7202.5000 4.125061e+01
7203.7500 4.078018e+01
7205.0000 3.804315e+01
7206.2500 4.103450e+01
7207.5000 4.245094e+01
7208.7500 4.004136e+01
7210.0000 3.719924e+01
7211.2500 3.713182e+01
7212.5000 3.673876e+01
7213.7500 3.854010e+01
7215.0000 3.967922e+01
7216.2500 3.585860e+01
7217.5000 3.503854e+01
7218.7500 3.834456e+01
7220.0000 4.305225e+01
7221.2500 4.834383e+01
7222.5000 4.852954e+01
7223.7500 4.736306e+01
7225.0000 4.527309e+01
7226.2500 4.293578e+01
7227.5000 4.413492e+01
7228.7500 5.229773e+01
7230.0000 4.490726e+01
7231.2500 4.334360e+01
7232.5000 5.496390e+01
7233.7500 6.008468e+01
7235.0000 5.117307e+01
7236.2500 5.743419e+01
7237.5000 2.084228e+02
7238.7500 5.432368e+02
7240.0000 8.256876e+02
7241.2500 5.665428e+02
7242.5000 2.182542e+02
7243.7500 5.818115e+02
7245.0000 8.521384e+02
7246.2500 3.405144e+02
7247.5000 1.002776e+02
7248.7500 5.720859e+01
7250.0000 5.789793e+01
7251.2500 9.580868e+01
7252.5000 2.123304e+02
7253.7500 1.844935e+02
7255.0000 9.366569e+01
7256.2500 7.583488e+01
7257.5000 4.741496e+01
7258.7500 4.909325e+01
7260.0000 5.029953e+01
7261.2500 4.753823e+01
7262.5000 5.261987e+01
7263.7500 4.974006e+01
7265.0000 5.038500e+01
7266.2500 6.064280e+01
7267.5000 7.161473e+01
7268.7500 7.066098e+01
7270.0000 5.992818e+01
7271.2500 5.230862e+01
7272.5000 5.558236e+01
7273.7500 1.604248e+02
7275.0000 1.011873e+03
7276.2500 1.939956e+03
7277.5000 7.143534e+02
7278.7500 6.658204e+01
7280.0000 7.060432e+01
7281.2500 8.484625e+01
7282.5000 1.569893e+02
7283.7500 4.242402e+02
7285.0000 3.630571e+02
7286.2500 1.000974e+02
7287.5000 4.807240e+01
7288.7500 5.046093e+01
7290.0000 6.222679e+01
7291.2500 6.277552e+01
7292.5000 5.410687e+01
7293.7500 6.082727e+01
7295.0000 1.469508e+02
7296.2500 1.500699e+02
7297.5000 5.968379e+01
7298.7500 3.932755e+01
7300.0000 4.066743e+01
7301.2500 5.575273e+01
7302.5000 2.224043e+02
7303.7500 3.253061e+02
7305.0000 1.208012e+02
7306.2500 5.553045e+01
7307.5000 4.847036e+01
7308.7500 4.648620e+01
7310.0000 6.747115e+01
7311.2500 7.166431e+01
7312.5000 4.965334e+01
7313.7500 8.523666e+01
7315.0000 6.703046e+02
7316.2500 1.026507e+03
7317.5000 3.454688e+02
7318.7500 5.129477e+01
7320.0000 4.389448e+01
7321.2500 4.173826e+01
7322.5000 4.024331e+01
7323.7500 3.912456e+01
7325.0000 4.018450e+01
7326.2500 4.318719e+01
7327.5000 1.863940e+02
7328.7500 4.072337e+02
7330.0000 2.460085e+02
7331.2500 6.162816e+01
7332.5000 4.851660e+01
7333.7500 4.330677e+01
7335.0000 3.955412e+01
7336.2500 4.054769e+01
7337.5000 4.730483e+01
7338.7500 2.099033e+02
7340.0000 1.051114e+03
7341.2500 1.034898e+03
7342.5000 1.761522e+02
7343.7500 5.294007e+01
7345.0000 5.752220e+01
7346.2500 5.051789e+01
7347.5000 5.155169e+01
7348.7500 4.726122e+01
7350.0000 5.769974e+01
7351.2500 6.342827e+01
7352.5000 5.580092e+01
7353.7500 4.753301e+01
7355.0000 4.706046e+01
7356.2500 7.120482e+01
7357.5000 2.774810e+02
7358.7500 3.563283e+02
7360.0000 1.228858e+02
7361.2500 5.042331e+01
7362.5000 4.671455e+01
7363.7500 4.964753e+01
7365.0000 5.280253e+01
7366.2500 5.594941e+01
7367.5000 2.702081e+02
7368.7500 8.563151e+02
7370.0000 6.315058e+02
7371.2500 9.302777e+01
7372.5000 5.226681e+01
7373.7500 6.555190e+01
7375.0000 5.190546e+01
7376.2500 4.287339e+01
7377.5000 4.645465e+01
7378.7500 5.043724e+01
7380.0000 4.493296e+01
7381.2500 4.241781e+01
7382.5000 4.690461e+01
7383.7500 4.605568e+01
7385.0000 4.169812e+01
7386.2500 4.451089e+01
7387.5000 4.727884e+01
7388.7500 5.309995e+01
7390.0000 8.404688e+01
7391.2500 2.327041e+02
7392.5000 2.465737e+02
7393.7500 7.804415e+01
7395.0000 4.409724e+01
7396.2500 4.286634e+01
7397.5000 4.128453e+01
7398.7500 4.822023e+01
7400.0000 1.778214e+02
7401.2500 5.267234e+02
7402.5000 3.871782e+02
7403.7500 6.931920e+01
7405.0000 4.250291e+01
7406.2500 4.019390e+01
7407.5000 4.050097e+01
7408.7500 3.727808e+01
7410.0000 3.975750e+01
7411.2500 5.188215e+01
7412.5000 5.540835e+01
7413.7500 4.767877e+01
7415.0000 4.749546e+01
7416.2500 4.825941e+01
7417.5000 4.612256e+01
7418.7500 4.249730e+01
7420.0000 4.004111e+01
7421.2500 4.234285e+01
7422.5000 4.806747e+01
7423.7500 4.306032e+01
7425.0000 3.937399e+01
7426.2500 4.073341e+01
7427.5000 5.214753e+01
7428.7500 1.413051e+02
7430.0000 1.623206e+02
7431.2500 6.339303e+01
7432.5000 4.054702e+01
7433.7500 4.026818e+01
7435.0000 3.996197e+01
7436.2500 7.106327e+01
7437.5000 2.465829e+02
7438.7500 2.690703e+02
7440.0000 8.765972e+01
7441.2500 4.087016e+01
7442.5000 3.863631e+01
7443.7500 4.156541e+01
7445.0000 4.067596e+01
7446.2500 3.967670e+01
7447.5000 4.129646e+01
7448.7500 3.878386e+01
7450.0000 3.948043e+01
7451.2500 4.202652e+01
7452.5000 3.957937e+01
7453.7500 4.056447e+01
7455.0000 3.948598e+01
7456.2500 4.169981e+01
7457.5000 5.027190e+01
7458.7500 5.030615e+01
7460.0000 4.776715e+01
7461.2500 6.947663e+01
7462.5000 7.753597e+01
7463.7500 6.659519e+01
7465.0000 8.369565e+01
7466.2500 1.200138e+02
7467.5000 8.627812e+01
7468.7500 5.631243e+01
7470.0000 1.131456e+02
7471.2500 1.549740e+02
7472.5000 1.888231e+02
7473.7500 1.978519e+02
7475.0000 8.816863e+01
7476.2500 5.271702e+01
7477.5000 9.008610e+01
7478.7500 1.969067e+02
7480.0000 1.934975e+02
7481.2500 1.046375e+02
7482.5000 2.063608e+02
7483.7500 2.383304e+02
7485.0000 7.956982e+01
7486.2500 4.900620e+01
7487.5000 5.245603e+01
7488.7500 4.534697e+01
7490.0000 4.080455e+01
7491.2500 4.451260e+01
7492.5000 8.502825e+01
7493.7500 1.095646e+02
7495.0000 5.888352e+01
7496.2500 3.959530e+01
7497.5000 3.979457e+01
7498.7500 4.616268e+01
7500.0000 4.717394e+01
7501.2500 4.277277e+01
7502.5000 4.429562e+01
7503.7500 4.018475e+01
7505.0000 3.673612e+01
7506.2500 3.743475e+01
7507.5000 4.084864e+01
7508.7500 4.107940e+01
7510.0000 3.911583e+01
7511.2500 3.787224e+01
7512.5000 3.986483e+01
7513.7500 3.912511e+01
7515.0000 4.224632e+01
7516.2500 7.071754e+01
7517.5000 8.532140e+01
7518.7500 5.502211e+01
7520.0000 4.480037e+01
7521.2500 8.169337e+01
7522.5000 3.463377e+02
7523.7500 6.860317e+02
7525.0000 3.737897e+02
7526.2500 6.153851e+01
7527.5000 5.482109e+01
7528.7500 8.128259e+01
7530.0000 1.888175e+02
7531.2500 1.792423e+02
7532.5000 5.290483e+01
7533.7500 3.982756e+01
7535.0000 4.055235e+01
7536.2500 4.317213e+01
7537.5000 4.297977e+01
7538.7500 5.659980e+01
7540.0000 8.333963e+01
7541.2500 6.742332e+01
7542.5000 4.317144e+01
7543.7500 3.891946e+01
7545.0000 4.034954e+01
7546.2500 4.305901e+01
7547.5000 4.307697e+01
7548.7500 3.827602e+01
7550.0000 3.800665e+01
7551.2500 4.128241e+01
7552.5000 4.670781e+01
7553.7500 4.503465e+01
7555.0000 4.169330e+01
7556.2500 1.063015e+02
7557.5000 1.531029e+02
7558.7500 8.152119e+01
7560.0000 4.158839e+01
7561.2500 4.193353e+01
7562.5000 4.116632e+01
7563.7500 3.931664e+01
7565.0000 3.900889e+01
7566.2500 5.527990e+01
7567.5000 6.964404e+01
7568.7500 5.726556e+01
7570.0000 1.619671e+02
7571.2500 4.376782e+02
7572.5000 3.439624e+02
7573.7500 9.865739e+01
7575.0000 6.471090e+01
7576.2500 4.217286e+01
7577.5000 3.727800e+01
7578.7500 4.141937e+01
7580.0000 3.911684e+01
7581.2500 4.235971e+01
7582.5000 4.159643e+01
7583.7500 5.865374e+01
7585.0000 2.089765e+02
7586.2500 2.983604e+02
7587.5000 1.107626e+02
7588.7500 5.964536e+01
7590.0000 5.753051e+01
7591.2500 5.661285e+01
7592.5000 5.629633e+01
7593.7500 6.667731e+01
7595.0000 8.811066e+01
7596.2500 2.282250e+02
7597.5000 9.552217e+02
7598.7500 1.115426e+03
7600.0000 3.725247e+02
7601.2500 1.829048e+02
7602.5000 2.278928e+02
7603.7500 2.739453e+02
7605.0000 2.527706e+02
7606.2500 2.436781e+02
7607.5000 2.242642e+02
7608.7500 2.250826e+02
7610.0000 1.951516e+02
7611.2500 1.619730e+02
7612.5000 1.286627e+02
7613.7500 1.021038e+02
7615.0000 7.919231e+01
7616.2500 1.331036e+02
7617.5000 2.411034e+02
7618.7500 1.510687e+02
7620.0000 7.795514e+01
7621.2500 1.070005e+02
7622.5000 1.323013e+02
7623.7500 1.095860e+02
7625.0000 9.804655e+01
7626.2500 1.471939e+02
7627.5000 5.908886e+02
7628.7500 7.173745e+02
7630.0000 2.502954e+02
7631.2500 1.059918e+02
7632.5000 1.161786e+02
7633.7500 8.494743e+01
7635.0000 7.566402e+01
7636.2500 8.765478e+01
7637.5000 7.836153e+01
7638.7500 7.524454e+01
7640.0000 8.130563e+01
7641.2500 9.467642e+01
7642.5000 7.297050e+01
7643.7500 6.634023e+01
7645.0000 7.536655e+01
7646.2500 6.956510e+01
7647.5000 6.086850e+01
7648.7500 6.016813e+01
7650.0000 7.156140e+01
7651.2500 8.119873e+01
7652.5000 1.345664e+02
7653.7500 1.422443e+02
7655.0000 7.212354e+01
7656.2500 5.341328e+01
7657.5000 4.472374e+01
7658.7500 4.722839e+01
7660.0000 7.632394e+01
7661.2500 2.365726e+02
7662.5000 2.033221e+02
7663.7500 8.181607e+01
7665.0000 4.563801e+01
7666.2500 4.753475e+01
7667.5000 4.139976e+01
7668.7500 3.845026e+01
7670.0000 4.133931e+01
7671.2500 4.931611e+01
7672.5000 5.250040e+01
7673.7500 3.887885e+01
7675.0000 3.930324e+01
7676.2500 3.929213e+01
7677.5000 4.311333e+01
7678.7500 4.151458e+01
7680.0000 4.539332e+01
7681.2500 5.919646e+01
7682.5000 5.617937e+01
7683.7500 4.581004e+01
7685.0000 5.164854e+01
7686.2500 6.842866e+01
7687.5000 6.884951e+01
7688.7500 5.344037e+01
7690.0000 5.517639e+01
7691.2500 7.945137e+01
7692.5000 7.046412e+01
7693.7500 4.983875e+01
7695.0000 4.888400e+01
7696.2500 4.808924e+01
7697.5000 6.446327e+01
7698.7500 1.094728e+02
7700.0000 1.000580e+02
7701.2500 5.383146e+01
7702.5000 4.371075e+01
7703.7500 4.426128e+01
7705.0000 4.237688e+01
7706.2500 3.954255e+01
7707.5000 4.144025e+01
7708.7500 4.497141e+01
7710.0000 9.740504e+01
7711.2500 7.132777e+02
7712.5000 1.034943e+03
7713.7500 4.696119e+02
7715.0000 5.516944e+02
7716.2500 1.075754e+03
7717.5000 8.671252e+02
7718.7500 2.445202e+02
7720.0000 6.309661e+01
7721.2500 5.850727e+01
7722.5000 1.330063e+02
7723.7500 1.811571e+02
7725.0000 2.585242e+02
7726.2500 2.569942e+02
7727.5000 9.513725e+01
7728.7500 5.679535e+01
7730.0000 5.518462e+01
7731.2500 5.608309e+01
7732.5000 5.745621e+01
7733.7500 8.325537e+01
7735.0000 1.068954e+02
7736.2500 8.278461e+01
7737.5000 5.413254e+01
7738.7500 5.384024e+01
7740.0000 6.364465e+01
7741.2500 6.190518e+01
7742.5000 4.681790e+01
7743.7500 4.716753e+01
7745.0000 5.892518e+01
7746.2500 6.431658e+01
7747.5000 9.138864e+01
7748.7500 5.340657e+02
7750.0000 1.912803e+03
7751.2500 1.404647e+03
7752.5000 1.769619e+02
7753.7500 5.290940e+01
7755.0000 5.443941e+01
7756.2500 8.959186e+01
7757.5000 1.002898e+02
7758.7500 4.015388e+02
7760.0000 6.311671e+02
7761.2500 2.391219e+02
7762.5000 4.819506e+01
7763.7500 4.688844e+01
7765.0000 4.532079e+01
7766.2500 4.318868e+01
7767.5000 4.766907e+01
7768.7500 6.033142e+01
7770.0000 8.091799e+01
7771.2500 2.293142e+02
7772.5000 3.968781e+02
7773.7500 3.919784e+02
7775.0000 2.161423e+02
7776.2500 8.582568e+01
7777.5000 4.996759e+01
7778.7500 1.507216e+02
7780.0000 3.825714e+02
7781.2500 2.595069e+02
7782.5000 6.113675e+01
7783.7500 5.507095e+01
7785.0000 6.502357e+01
7786.2500 6.798891e+01
7787.5000 5.659621e+01
7788.7500 6.576058e+01
7790.0000 1.052427e+02
7791.2500 1.235384e+02
7792.5000 4.746105e+02
7793.7500 1.337719e+03
7795.0000 7.978440e+02
7796.2500 8.521534e+01
7797.5000 5.234515e+01
7798.7500 4.857853e+01
7800.0000 4.229713e+01
7801.2500 3.980912e+01
7802.5000 4.514561e+01
7803.7500 4.732301e+01
7805.0000 4.810001e+01
7806.2500 9.220213e+01
7807.5000 3.979316e+02
7808.7500 4.692758e+02
7810.0000 1.485706e+02
7811.2500 6.325241e+01
7812.5000 6.173303e+01
7813.7500 6.619096e+01
7815.0000 7.163201e+01
7816.2500 6.121618e+01
7817.5000 5.440905e+01
7818.7500 9.880449e+01
7820.0000 6.626726e+02
7821.2500 1.532576e+03
7822.5000 7.628513e+02
7823.7500 8.370639e+01
7825.0000 5.130323e+01
7826.2500 4.513785e+01
7827.5000 5.786527e+01
7828.7500 6.689110e+01
7830.0000 5.248405e+01
7831.2500 4.025974e+01
7832.5000 4.619771e+01
7833.7500 5.581923e+01
7835.0000 4.889980e+01
7836.2500 3.889752e+01
7837.5000 4.004223e+01
7838.7500 6.183469e+01
7840.0000 2.890650e+02
7841.2500 4.406429e+02
7842.5000 1.772389e+02
7843.7500 4.246497e+01
7845.0000 4.137603e+01
7846.2500 4.018407e+01
7847.5000 6.278078e+01
7848.7500 1.543904e+02
7850.0000 1.799908e+02
7851.2500 3.378702e+02
7852.5000 1.316105e+03
7853.7500 1.316185e+03
7855.0000 2.625367e+02
7856.2500 8.869526e+01
7857.5000 1.699601e+02
7858.7500 2.578255e+02
7860.0000 5.421754e+02
7861.2500 4.106897e+02
7862.5000 8.028782e+01
7863.7500 4.376011e+01
7865.0000 4.919982e+01
7866.2500 1.480049e+02
7867.5000 2.638029e+02
7868.7500 2.770264e+02
7870.0000 6.367712e+02
7871.2500 5.400211e+02
7872.5000 1.035644e+02
7873.7500 4.625031e+01
7875.0000 4.399297e+01
7876.2500 6.249800e+01
7877.5000 2.458859e+02
7878.7500 3.535220e+02
7880.0000 2.479902e+02
7881.2500 3.013343e+02
7882.5000 1.947593e+02
7883.7500 7.349673e+01
7885.0000 7.393696e+01
7886.2500 8.014801e+01
7887.5000 1.408075e+02
7888.7500 6.022942e+02
7890.0000 7.586154e+02
7891.2500 2.407343e+02
7892.5000 8.073675e+01
7893.7500 8.052609e+01
7895.0000 7.211697e+01
7896.2500 6.232546e+01
7897.5000 6.750964e+01
7898.7500 6.017879e+01
7900.0000 4.093943e+01
7901.2500 5.057585e+01
7902.5000 6.784518e+01
7903.7500 6.088261e+01
7905.0000 6.116167e+01
7906.2500 6.778828e+01
7907.5000 5.850594e+01
7908.7500 5.953957e+01
7910.0000 1.019248e+02
7911.2500 3.148171e+02
7912.5000 1.605669e+03
7913.7500 2.124055e+03
7915.0000 5.952138e+02
7916.2500 7.459867e+01
7917.5000 1.157257e+02
7918.7500 1.951659e+02
7920.0000 6.664169e+02
7921.2500 8.120988e+02
7922.5000 2.357285e+02
7923.7500 7.389942e+01
7925.0000 5.602327e+01
7926.2500 4.913367e+01
7927.5000 6.910699e+01
7928.7500 1.102343e+02
7930.0000 3.663870e+02
7931.2500 5.619641e+02
7932.5000 2.659557e+02
7933.7500 7.624826e+01
7935.0000 5.485477e+01
7936.2500 4.564574e+01
7937.5000 4.766426e+01
7938.7500 4.998597e+01
7940.0000 5.184686e+01
7941.2500 5.347573e+01
7942.5000 5.700664e+01
7943.7500 6.538788e+01
7945.0000 8.914837e+01
7946.2500 8.480491e+01
7947.5000 1.861387e+02
7948.7500 4.339645e+02
7950.0000 2.932146e+02
7951.2500 6.639585e+01
7952.5000 5.651909e+01
7953.7500 4.604733e+01
7955.0000 4.355334e+01
7956.2500 4.166763e+01
7957.5000 3.908005e+01
7958.7500 4.270731e+01
7960.0000 4.221595e+01
7961.2500 4.925129e+01
7962.5000 2.324053e+02
7963.7500 1.294257e+03
7965.0000 1.359535e+03
7966.2500 2.793448e+02
7967.5000 1.236876e+02
7968.7500 1.099966e+02
7970.0000 5.552124e+01
7971.2500 4.943612e+01
7972.5000 5.084428e+01
7973.7500 4.932337e+01
7975.0000 6.275705e+01
7976.2500 1.614050e+02
7977.5000 2.382212e+02
7978.7500 4.740530e+02
7980.0000 4.880901e+02
7981.2500 1.382086e+02
7982.5000 4.129369e+01
7983.7500 4.025486e+01
7985.0000 4.553543e+01
7986.2500 5.620769e+01
7987.5000 6.139526e+01
7988.7500 6.060065e+01
7990.0000 6.500604e+01
7991.2500 3.191667e+02
7992.5000 1.489099e+03
7993.7500 1.407540e+03
7995.0000 2.572328e+02
7996.2500 6.803623e+01
7997.5000 7.335475e+01
7998.7500 6.989610e+01
8000.0000 6.117310e+01
8001.2500 6.287070e+01
8002.5000 6.010561e+01
8003.7500 5.410954e+01
8005.0000 4.925325e+01
8006.2500 4.391061e+01
8007.5000 4.599120e+01
8008.7500 4.881306e+01
8010.0000 5.006619e+01
8011.2500 6.852220e+01
8012.5000 2.369852e+02
8013.7500 4.580756e+02
8015.0000 2.559673e+02
8016.2500 6.596511e+01
8017.5000 5.613040e+01
8018.7500 8.930014e+01
8020.0000 1.124609e+02
8021.2500 7.281974e+01
8022.5000 5.991710e+01
8023.7500 2.665457e+02
8025.0000 1.052342e+03
8026.2500 9.244688e+02
8027.5000 2.280971e+02
8028.7500 1.408088e+02
8030.0000 9.181108e+01
8031.2500 7.955508e+01
8032.5000 6.453384e+01
8033.7500 5.890715e+01
8035.0000 5.837426e+01
8036.2500 4.694637e+01
8037.5000 4.603712e+01
8038.7500 4.906209e+01
8040.0000 5.598075e+01
8041.2500 5.660173e+01
8042.5000 4.799704e+01
8043.7500 4.622380e+01
8045.0000 4.578369e+01
8046.2500 4.784658e+01
8047.5000 4.914014e+01
8048.7500 7.313359e+01
8050.0000 1.318596e+02
8051.2500 3.022339e+02
8052.5000 2.427173e+02
8053.7500 6.853071e+01
8055.0000 4.855825e+01
8056.2500 5.032860e+01
8057.5000 4.893376e+01
8058.7500 5.042732e+01
8060.0000 1.255378e+02
8061.2500 5.324576e+02
8062.5000 5.550958e+02
8063.7500 1.403566e+02
8065.0000 5.378624e+01
8066.2500 5.486184e+01
8067.5000 5.005694e+01
8068.7500 4.740555e+01
8070.0000 4.719180e+01
8071.2500 4.764050e+01
8072.5000 4.742866e+01
8073.7500 5.888418e+01
8075.0000 5.981244e+01
8076.2500 7.003981e+01
8077.5000 7.088973e+01
8078.7500 5.480984e+01
8080.0000 4.617306e+01
8081.2500 4.870016e+01
8082.5000 5.752557e+01
8083.7500 7.299339e+01
8085.0000 8.905784e+01
8086.2500 6.791272e+01
8087.5000 4.428926e+01
8088.7500 4.448353e+01
8090.0000 4.282900e+01
8091.2500 5.194836e+01
8092.5000 1.214250e+02
8093.7500 1.582774e+02
8095.0000 8.736040e+01
8096.2500 4.813720e+01
8097.5000 4.498587e+01
8098.7500 5.086691e+01
8100.0000 6.448528e+01
8101.2500 1.829400e+02
8102.5000 2.596821e+02
8103.7500 1.348901e+02
8105.0000 6.108007e+01
8106.2500 5.452137e+01
8107.5000 5.475502e+01
8108.7500 5.601286e+01
8110.0000 4.905254e+01
8111.2500 5.114333e+01
8112.5000 4.799453e+01
8113.7500 4.692550e+01
8115.0000 4.657018e+01
8116.2500 4.322382e+01
8117.5000 4.095309e+01
8118.7500 4.271769e+01
8120.0000 4.443986e+01
8121.2500 4.779401e+01
8122.5000 4.970399e+01
8123.7500 4.486276e+01
8125.0000 4.722422e+01
8126.2500 5.121681e+01
8127.5000 5.434277e+01
8128.7500 4.682280e+01
8130.0000 5.031389e+01
8131.2500 5.775124e+01
8132.5000 5.396613e+01
8133.7500 4.957394e+01
8135.0000 5.715003e+01
8136.2500 5.825459e+01
8137.5000 7.812971e+01
8138.7500 1.041025e+02
8140.0000 8.852293e+01
8141.2500 5.460811e+01
8142.5000 4.451358e+01
8143.7500 4.360954e+01
8145.0000 7.501644e+01
8146.2500 1.360608e+02
8147.5000 1.174735e+02
8148.7500 5.875547e+01
8150.0000 4.290379e+01
8151.2500 4.571092e+01
8152.5000 4.552253e+01
8153.7500 4.538561e+01
8155.0000 4.440340e+01
8156.2500 4.243497e+01
8157.5000 4.197233e+01
8158.7500 4.393917e+01
8160.0000 4.509673e+01
8161.2500 4.803719e+01
8162.5000 4.832700e+01
8163.7500 4.800108e+01
8165.0000 4.606717e+01
8166.2500 4.530330e+01
8167.5000 4.157595e+01
8168.7500 4.311486e+01
8170.0000 4.869432e+01
8171.2500 4.754822e+01
8172.5000 4.530921e+01
8173.7500 4.419285e+01
8175.0000 4.494831e+01
8176.2500 4.515141e+01
8177.5000 5.219825e+01
8178.7500 4.837820e+01
8180.0000 4.368428e+01
8181.2500 4.488749e+01
8182.5000 4.217304e+01
8183.7500 4.444241e+01
8185.0000 4.571302e+01
8186.2500 5.085542e+01
8187.5000 7.517535e+01
8188.7500 7.758339e+01
8190.0000 5.302681e+01
8191.2500 4.512646e+01
8192.5000 4.622100e+01
8193.7500 6.813821e+01
8195.0000 8.666280e+01
8196.2500 6.616461e+01
8197.5000 4.738331e+01
8198.7500 4.433120e+01
8200.0000 4.387960e+01
8201.2500 4.502472e+01
8202.5000 4.567055e+01
8203.7500 4.992015e+01
8205.0000 5.020152e+01
8206.2500 5.155159e+01
8207.5000 5.887048e+01
8208.7500 5.599369e+01
8210.0000 4.959046e+01
8211.2500 4.548204e+01
8212.5000 5.061731e+01
8213.7500 5.464638e+01
8215.0000 5.549677e+01
8216.2500 5.194899e+01
8217.5000 4.959525e+01
8218.7500 5.098743e+01
8220.0000 4.870023e+01
8221.2500 4.856414e+01
8222.5000 5.996600e+01
8223.7500 6.227116e+01
8225.0000 6.342609e+01
8226.2500 6.014561e+01
8227.5000 6.155161e+01
8228.7500 6.830134e+01
8230.0000 6.891691e+01
8231.2500 6.568143e+01
8232.5000 6.799568e+01
8233.7500 7.289490e+01
8235.0000 7.211224e+01
8236.2500 7.277049e+01
8237.5000 7.004939e+01
8238.7500 7.032478e+01
8240.0000 7.766677e+01
8241.2500 9.034675e+01
8242.5000 8.005840e+01
8243.7500 6.250871e+01
8245.0000 5.940788e+01
8246.2500 7.087957e+01
8247.5000 8.636481e+01
8248.7500 6.842574e+01
8250.0000 5.245765e+01
8251.2500 4.940801e+01
8252.5000 4.964342e+01
8253.7500 5.695144e+01
8255.0000 6.506271e+01
8256.2500 5.832599e+01
8257.5000 5.050054e+01
8258.7500 5.066978e+01
8260.0000 5.155653e+01
8261.2500 4.760854e+01
8262.5000 4.826540e+01
8263.7500 4.824665e+01
8265.0000 4.617063e+01
8266.2500 4.554377e+01
8267.5000 4.795591e+01
8268.7500 5.065479e+01
8270.0000 4.909839e+01
8271.2500 4.922924e+01
8272.5000 4.915000e+01
8273.7500 5.015910e+01
8275.0000 5.605465e+01
8276.2500 1.212534e+02
8277.5000 3.830377e+02
8278.7500 4.405222e+02
8280.0000 5.179762e+02
8281.2500 1.027001e+03
8282.5000 7.107434e+02
8283.7500 1.368226e+02
8285.0000 2.126750e+02
8286.2500 4.572473e+02
8287.5000 1.449614e+03
8288.7500 2.003280e+03
8290.0000 4.728109e+02
8291.2500 9.903037e+01
8292.5000 5.401040e+01
8293.7500 7.563492e+01
8295.0000 3.621711e+02
8296.2500 5.646998e+02
8297.5000 9.927859e+02
8298.7500 1.598726e+03
8300.0000 7.297925e+02
8301.2500 1.089546e+02
8302.5000 1.038796e+02
8303.7500 8.445068e+01
8305.0000 7.250114e+01
8306.2500 5.239788e+01
8307.5000 5.488249e+01
8308.7500 1.517621e+02
8310.0000 4.637418e+02
8311.2500 4.043372e+02
8312.5000 9.321703e+01
8313.7500 4.362812e+01
8315.0000 4.373121e+01
8316.2500 5.648738e+01
8317.5000 8.323312e+01
8318.7500 7.948775e+01
8320.0000 5.509828e+01
8321.2500 4.537038e+01
8322.5000 4.939454e+01
8323.7500 4.418365e+01
8325.0000 3.975926e+01
8326.2500 3.935524e+01
8327.5000 4.096816e+01
8328.7500 4.315215e+01
8330.0000 4.244398e+01
8331.2500 4.156035e+01
8332.5000 4.068709e+01
8333.7500 4.300930e+01
8335.0000 4.380513e+01
8336.2500 5.961923e+01
8337.5000 8.470953e+01
8338.7500 7.353931e+01
8340.0000 6.269569e+01
8341.2500 1.982609e+02
8342.5000 1.142128e+03
8343.7500 4.386382e+03
8345.0000 3.565005e+03
8346.2500 4.604151e+02
8347.5000 7.277059e+01
8348.7500 1.311053e+02
8350.0000 1.648698e+02
8351.2500 6.585583e+02
8352.5000 1.379005e+03
8353.7500 6.876840e+02
8355.0000 8.357841e+01
8356.2500 5.645675e+01
8357.5000 5.233684e+01
8358.7500 6.298009e+01
8360.0000 1.156104e+02
8361.2500 1.348468e+02
8362.5000 1.550548e+02
8363.7500 4.340484e+02
8365.0000 4.589493e+02
8366.2500 1.562305e+02
8367.5000 6.169454e+01
8368.7500 5.299825e+01
8370.0000 4.835657e+01
8371.2500 5.061615e+01
8372.5000 5.481339e+01
8373.7500 5.524585e+01
8375.0000 5.607576e+01
8376.2500 6.112651e+01
8377.5000 5.619714e+01
8378.7500 1.049409e+02
8380.0000 2.196950e+02
8381.2500 7.645730e+02
8382.5000 9.662950e+02
8383.7500 2.702333e+02
8385.0000 5.602875e+01
8386.2500 5.766371e+01
8387.5000 5.388866e+01
8388.7500 6.141825e+01
8390.0000 7.895304e+01
8391.2500 7.663252e+01
8392.5000 5.891521e+01
8393.7500 4.886768e+01
8395.0000 5.647100e+01
8396.2500 9.868575e+01
8397.5000 1.165701e+03
8398.7500 3.733751e+03
8400.0000 2.231903e+03
8401.2500 1.660469e+02
8402.5000 5.734255e+01
8403.7500 4.932249e+01
8405.0000 4.530573e+01
8406.2500 4.828975e+01
8407.5000 4.835208e+01
8408.7500 4.793401e+01
8410.0000 5.083772e+01
8411.2500 5.016063e+01
8412.5000 7.235426e+01
8413.7500 5.056762e+02
8415.0000 1.131406e+03
8416.2500 5.819606e+02
8417.5000 6.587634e+01
8418.7500 4.832899e+01
8420.0000 4.879997e+01
8421.2500 4.926349e+01
8422.5000 6.169950e+01
8423.7500 6.877049e+01
8425.0000 6.922257e+01
8426.2500 9.183247e+01
8427.5000 2.050999e+02
8428.7500 1.815939e+03
8430.0000 3.718752e+03
8431.2500 1.575323e+03
8432.5000 1.270244e+02
8433.7500 9.569798e+01
8435.0000 8.046608e+01
8436.2500 4.922433e+01
8437.5000 4.279085e+01
8438.7500 4.093832e+01
8440.0000 4.238301e+01
8441.2500 4.459111e+01
8442.5000 4.146333e+01
8443.7500 4.630406e+01
8445.0000 1.128940e+02
8446.2500 1.721379e+02
8447.5000 1.001037e+02
8448.7500 5.348217e+01
8450.0000 1.655552e+02
8451.2500 7.747167e+02
8452.5000 8.199847e+02
8453.7500 1.976184e+02
8455.0000 5.157420e+01
8456.2500 4.972228e+01
8457.5000 4.733875e+01
8458.7500 4.615007e+01
8460.0000 5.452774e+01
8461.2500 6.537658e+01
8462.5000 1.141867e+02
8463.7500 1.189965e+03
8465.0000 2.714722e+03
8466.2500 1.280066e+03
8467.5000 1.049656e+02
8468.7500 5.385312e+01
8470.0000 4.459206e+01
8471.2500 4.708092e+01
8472.5000 6.036732e+01
8473.7500 1.039997e+02
8475.0000 1.043123e+02
8476.2500 5.723709e+01
8477.5000 4.647579e+01
8478.7500 4.976865e+01
8480.0000 4.764538e+01
8481.2500 4.555951e+01
8482.5000 4.698323e+01
8483.7500 5.034488e+01
8485.0000 5.127387e+01
8486.2500 5.146680e+01
8487.5000 4.813108e+01
8488.7500 4.507705e+01
8490.0000 4.996576e+01
8491.2500 1.226187e+02
8492.5000 5.659000e+02
8493.7500 6.344040e+02
8495.0000 1.746389e+02
8496.2500 7.222364e+01
8497.5000 6.977682e+01
8498.7500 5.682724e+01
8500.0000 6.865234e+01
8501.2500 8.732755e+01
8502.5000 1.861095e+02
8503.7500 9.785233e+02
8505.0000 1.277623e+03
8506.2500 3.897505e+02
8507.5000 5.344973e+01
8508.7500 4.804194e+01
8510.0000 4.660309e+01
8511.2500 4.328395e+01
8512.5000 4.524531e+01
8513.7500 4.490842e+01
8515.0000 4.231512e+01
8516.2500 4.070454e+01
8517.5000 4.213331e+01
8518.7500 4.665360e+01
8520.0000 6.483689e+01
8521.2500 6.150992e+01
8522.5000 4.219405e+01
8523.7500 3.846959e+01
8525.0000 4.434681e+01
8526.2500 4.020106e+01
8527.5000 3.978604e+01
8528.7500 4.054452e+01
8530.0000 3.973563e+01
8531.2500 3.903327e+01
8532.5000 3.798706e+01
8533.7500 3.934245e+01
8535.0000 3.954312e+01
8536.2500 6.010543e+01
8537.5000 2.048399e+02
8538.7500 2.575683e+02
8540.0000 1.012981e+02
8541.2500 5.020450e+01
8542.5000 4.683197e+01
8543.7500 4.168946e+01
8545.0000 4.535469e+01
8546.2500 9.608640e+01
8547.5000 3.759982e+02
8548.7500 5.013608e+02
8550.0000 1.930885e+02
8551.2500 6.103149e+01
8552.5000 5.697615e+01
8553.7500 5.040133e+01
8555.0000 4.483124e+01
8556.2500 4.077122e+01
8557.5000 4.193810e+01
8558.7500 4.165614e+01
8560.0000 4.302559e+01
8561.2500 4.330427e+01
8562.5000 4.186613e+01
8563.7500 4.283324e+01
8565.0000 4.419162e+01
8566.2500 4.525533e+01
8567.5000 4.510284e+01
8568.7500 4.667665e+01
8570.0000 5.070766e+01
8571.2500 6.239663e+01
8572.5000 7.029599e+01
8573.7500 6.602664e+01
8575.0000 7.204179e+01
8576.2500 7.397569e+01
8577.5000 6.222245e+01
8578.7500 5.548880e+01
8580.0000 4.664116e+01
8581.2500 4.629098e+01
8582.5000 4.828184e+01
8583.7500 4.801394e+01
8585.0000 4.773562e+01
8586.2500 7.589980e+01
8587.5000 1.893573e+02
8588.7500 1.689652e+02
8590.0000 6.366891e+01
8591.2500 5.570153e+01
8592.5000 5.038171e+01
8593.7500 5.252213e+01
8595.0000 9.718598e+01
8596.2500 2.349718e+02
8597.5000 2.178299e+02
8598.7500 8.080860e+01
8600.0000 4.799313e+01
8601.2500 5.152145e+01
8602.5000 5.166615e+01
8603.7500 4.991756e+01
8605.0000 4.587037e+01
8606.2500 4.638823e+01
8607.5000 5.048322e+01
8608.7500 5.528601e+01
8610.0000 6.246185e+01
8611.2500 7.016676e+01
8612.5000 8.980258e+01
8613.7500 1.078617e+02
8615.0000 1.322317e+02
8616.2500 1.468047e+02
8617.5000 1.838299e+02
8618.7500 2.066103e+02
8620.0000 2.370204e+02
8621.2500 2.819561e+02
8622.5000 2.938434e+02
8623.7500 3.511016e+02
8625.0000 3.791496e+02
8626.2500 3.621237e+02
8627.5000 4.299828e+02
8628.7500 4.467072e+02
8630.0000 3.940793e+02
8631.2500 4.582400e+02
8632.5000 4.264563e+02
8633.7500 3.276162e+02
8635.0000 3.914456e+02
8636.2500 3.497310e+02
8637.5000 2.215085e+02
8638.7500 2.412767e+02
8640.0000 2.420462e+02
8641.2500 1.847613e+02
8642.5000 1.207888e+02
8643.7500 6.297354e+01
8645.0000 9.783968e+01
8646.2500 2.028847e+02
8647.5000 2.016852e+02
8648.7500 3.300963e+02
8650.0000 5.259763e+02
8651.2500 4.206470e+02
8652.5000 2.544919e+02
8653.7500 4.410518e+02
8655.0000 6.324786e+02
8656.2500 4.159286e+02
8657.5000 2.657710e+02
8658.7500 5.393237e+02
8660.0000 6.567824e+02
8661.2500 3.587159e+02
8662.5000 2.143186e+02
8663.7500 4.922642e+02
8665.0000 6.048816e+02
8666.2500 3.303929e+02
8667.5000 1.665175e+02
8668.7500 3.869201e+02
8670.0000 5.131014e+02
8671.2500 2.913807e+02
8672.5000 1.063651e+02
8673.7500 2.270787e+02
8675.0000 3.697643e+02
8676.2500 2.783044e+02
8677.5000 1.058339e+02
8678.7500 1.183627e+02
8680.0000 2.223132e+02
8681.2500 2.339363e+02
8682.5000 1.328096e+02
8683.7500 6.584674e+01
8685.0000 1.156113e+02
8686.2500 1.553683e+02
8687.5000 1.301581e+02
8688.7500 7.105933e+01
8690.0000 6.215581e+01
8691.2500 9.064179e+01
8692.5000 1.100608e+02
8693.7500 8.723983e+01
8695.0000 5.996698e+01
8696.2500 5.849000e+01
8697.5000 8.105135e+01
8698.7500 9.851215e+01
8700.0000 1.125098e+02
8701.2500 8.728332e+01
8702.5000 5.849683e+01
8703.7500 5.769727e+01
8705.0000 7.158349e+01
8706.2500 1.082638e+02
8707.5000 1.197861e+02
8708.7500 7.635308e+01
8710.0000 5.903836e+01
8711.2500 5.436671e+01
8712.5000 5.248748e+01
8713.7500 5.183524e+01
8715.0000 5.054491e+01
8716.2500 5.321862e+01
8717.5000 5.300554e+01
8718.7500 5.221088e+01
8720.0000 5.184207e+01
8721.2500 5.111135e+01
8722.5000 5.107863e+01
8723.7500 5.177982e+01
8725.0000 6.139606e+01
8726.2500 7.433763e+01
8727.5000 6.745677e+01
8728.7500 5.137018e+01
8730.0000 4.912467e+01
8731.2500 5.030912e+01
8732.5000 4.954229e+01
8733.7500 5.035502e+01
8735.0000 5.151436e+01
8736.2500 6.469151e+01
8737.5000 7.074490e+01
8738.7500 7.306014e+01
8740.0000 7.707852e+01
8741.2500 6.888409e+01
8742.5000 6.554102e+01
8743.7500 6.607082e+01
8745.0000 6.093199e+01
8746.2500 5.869538e+01
8747.5000 5.841132e+01
8748.7500 6.727619e+01
8750.0000 7.985260e+01
8751.2500 6.607137e+01
8752.5000 5.783045e+01
8753.7500 5.453410e+01
8755.0000 6.110799e+01
8756.2500 9.913513e+01
8757.5000 4.150131e+02
8758.7500 7.696956e+02
8760.0000 1.405496e+03
8761.2500 1.957949e+03
8762.5000 8.133913e+02
8763.7500 1.817180e+02
8765.0000 5.482994e+02
8766.2500 1.748882e+03
8767.5000 2.863003e+03
8768.7500 1.498401e+03
8770.0000 2.102330e+02
8771.2500 9.362895e+01
8772.5000 7.742526e+01
8773.7500 1.563381e+02
8775.0000 7.736601e+02
8776.2500 1.597960e+03
8777.5000 2.822441e+03
8778.7500 2.363298e+03
8780.0000 4.105458e+02
8781.2500 7.742279e+01
8782.5000 6.183092e+01
8783.7500 5.935009e+01
8785.0000 5.646354e+01
8786.2500 6.103728e+01
8787.5000 6.345531e+01
8788.7500 1.616590e+02
8790.0000 7.440527e+02
8791.2500 9.576918e+02
8792.5000 3.116998e+02
8793.7500 6.018964e+01
8795.0000 5.743352e+01
8796.2500 5.874470e+01
8797.5000 5.689007e+01
8798.7500 5.899091e+01
8800.0000 5.936509e+01
8801.2500 6.290509e+01
8802.5000 5.915166e+01
8803.7500 5.154952e+01
8805.0000 4.841901e+01
8806.2500 5.241095e+01
8807.5000 6.786381e+01
8808.7500 1.363046e+02
8810.0000 1.585556e+02
8811.2500 9.291800e+01
8812.5000 5.859599e+01
8813.7500 5.181722e+01
8815.0000 5.334644e+01
8816.2500 5.318264e+01
8817.5000 5.640654e+01
8818.7500 5.699010e+01
8820.0000 5.776728e+01
8821.2500 6.642502e+01
8822.5000 8.872438e+01
8823.7500 3.488405e+02
8825.0000 1.910079e+03
8826.2500 8.057023e+03
8827.5000 7.270606e+03
8828.7500 1.098742e+03
8830.0000 1.929939e+02
8831.2500 2.360084e+02
8832.5000 3.420767e+02
8833.7500 3.916348e+02
8835.0000 1.300747e+03
8836.2500 2.512552e+03
8837.5000 1.119761e+03
8838.7500 1.230293e+02
8840.0000 5.942926e+01
8841.2500 5.483903e+01
8842.5000 5.660145e+01
8843.7500 7.698671e+01
8845.0000 1.154150e+02
8846.2500 1.039819e+02
8847.5000 1.586202e+02
8848.7500 5.535603e+02
8850.0000 6.650884e+02
8851.2500 2.187316e+02
8852.5000 6.128817e+01
8853.7500 5.769270e+01
8855.0000 6.623838e+01
8856.2500 6.370296e+01
8857.5000 6.318164e+01
8858.7500 6.469263e+01
8860.0000 8.269134e+01
8861.2500 1.263837e+02
8862.5000 1.513333e+02
8863.7500 1.127554e+02
8865.0000 1.921877e+02
8866.2500 1.136014e+03
8867.5000 1.771259e+03
8868.7500 6.476490e+02
8870.0000 8.794635e+01
8871.2500 6.724547e+01
8872.5000 6.185767e+01
8873.7500 6.170078e+01
8875.0000 5.989931e+01
8876.2500 5.678674e+01
8877.5000 5.880535e+01
8878.7500 5.656043e+01
8880.0000 6.263913e+01
8881.2500 7.245284e+01
8882.5000 1.201167e+02
8883.7500 1.015143e+03
8885.0000 5.771980e+03
8886.2500 5.640169e+03
8887.5000 8.649048e+02
8888.7500 1.487684e+02
8890.0000 1.174093e+02
8891.2500 8.588897e+01
8892.5000 6.680188e+01
8893.7500 7.413326e+01
8895.0000 1.029375e+02
8896.2500 1.148965e+02
8897.5000 8.689337e+01
8898.7500 7.420133e+01
8900.0000 9.490767e+01
8901.2500 5.320176e+02
8902.5000 2.061906e+03
8903.7500 1.702586e+03
8905.0000 2.804745e+02
8906.2500 8.327160e+01
8907.5000 1.043060e+02
8908.7500 1.276405e+02
8910.0000 1.045464e+02
8911.2500 7.308022e+01
8912.5000 5.680603e+01
8913.7500 6.266193e+01
8915.0000 7.412727e+01
8916.2500 1.289928e+02
8917.5000 9.980511e+02
8918.7500 5.408450e+03
8920.0000 5.699463e+03
8921.2500 1.124087e+03
8922.5000 1.144854e+02
8923.7500 8.996844e+01
8925.0000 9.014177e+01
8926.2500 1.125194e+02
8927.5000 1.447023e+02
8928.7500 1.188480e+02
8930.0000 7.640065e+01
8931.2500 6.240166e+01
8932.5000 6.674346e+01
8933.7500 8.029579e+01
8935.0000 8.628506e+01
8936.2500 8.181316e+01
8937.5000 7.402676e+01
8938.7500 8.074750e+01
8940.0000 9.567657e+01
8941.2500 3.973045e+02
8942.5000 1.613582e+03
8943.7500 1.499018e+03
8945.0000 2.706514e+02
8946.2500 7.829829e+01
8947.5000 7.472589e+01
8948.7500 6.822850e+01
8950.0000 6.132106e+01
8951.2500 6.300567e+01
8952.5000 7.433477e+01
8953.7500 8.683875e+01
8955.0000 1.911878e+02
8956.2500 1.940282e+03
8957.5000 5.897190e+03
8958.7500 3.990696e+03
8960.0000 3.884606e+02
8961.2500 1.017476e+02
8962.5000 9.833340e+01
8963.7500 1.007360e+02
8965.0000 8.645372e+01
8966.2500 7.851552e+01
8967.5000 8.174551e+01
8968.7500 8.802541e+01
8970.0000 1.488433e+02
8971.2500 2.029595e+02
8972.5000 1.112869e+02
8973.7500 7.599206e+01
8975.0000 7.554883e+01
8976.2500 7.330342e+01
8977.5000 8.121746e+01
8978.7500 1.003348e+02
8980.0000 1.291719e+02
8981.2500 1.541852e+02
8982.5000 1.025268e+02
8983.7500 8.151377e+01
8985.0000 1.212126e+02
8986.2500 3.850669e+02
8987.5000 2.484555e+03
8988.7500 2.846604e+03
8990.0000 4.303919e+02
8991.2500 1.675870e+02
8992.5000 1.920663e+02
8993.7500 8.881850e+01
8995.0000 5.468250e+01
8996.2500 5.768940e+01
8997.5000 7.131884e+01
8998.7500 2.841410e+02
9000.0000 3.416960e+03
9001.2500 7.107876e+03
9002.5000 1.677311e+03
9003.7500 1.382018e+02
9005.0000 6.821965e+01
9006.2500 5.890314e+01
9007.5000 5.723309e+01
9008.7500 5.177264e+01
9010.0000 5.356429e+01
9011.2500 5.140224e+01
9012.5000 5.037596e+01
9013.7500 5.203087e+01
9015.0000 5.609776e+01
9016.2500 5.688216e+01
9017.5000 6.388816e+01
9018.7500 6.952434e+01
9020.0000 1.043206e+02
9021.2500 1.109697e+02
9022.5000 7.050599e+01
9023.7500 6.543721e+01
9025.0000 6.739053e+01
9026.2500 7.846011e+01
9027.5000 1.096062e+02
9028.7500 1.000979e+02
9030.0000 7.634403e+01
9031.2500 8.014847e+01
9032.5000 7.052937e+01
9033.7500 6.911890e+01
9035.0000 7.976026e+01
9036.2500 2.880556e+02
9037.5000 7.341514e+02
9038.7500 5.309312e+02
9040.0000 1.096426e+02
9041.2500 8.004276e+01
9042.5000 9.837766e+01
9043.7500 1.078274e+02
9045.0000 8.514696e+01
9046.2500 9.427315e+01
9047.5000 3.343311e+02
9048.7500 1.182163e+03
9050.0000 1.163980e+03
9051.2500 2.832108e+02
9052.5000 8.193938e+01
9053.7500 7.832921e+01
9055.0000 8.344800e+01
9056.2500 9.331702e+01
9057.5000 8.392097e+01
9058.7500 6.545702e+01
9060.0000 6.293157e+01
9061.2500 6.261366e+01
9062.5000 6.924719e+01
9063.7500 1.056872e+02
9065.0000 1.073261e+02
9066.2500 7.895258e+01
9067.5000 9.549319e+01
9068.7500 1.051403e+02
9070.0000 1.000852e+02
9071.2500 8.177981e+01
9072.5000 5.618166e+01
9073.7500 5.777922e+01
9075.0000 5.778959e+01
9076.2500 5.435026e+01
9077.5000 5.132362e+01
9078.7500 5.208861e+01
9080.0000 5.491999e+01
9081.2500 5.506843e+01
9082.5000 6.364583e+01
9083.7500 7.008849e+01
9085.0000 7.415135e+01
9086.2500 6.453305e+01
9087.5000 5.209616e+01
9088.7500 6.244728e+01
9090.0000 9.401819e+01
9091.2500 2.652498e+02
9092.5000 3.812377e+02
9093.7500 1.957051e+02
9095.0000 8.566849e+01
9096.2500 7.816157e+01
9097.5000 7.655618e+01
9098.7500 7.053903e+01
9100.0000 1.042096e+02
9101.2500 3.849681e+02
9102.5000 6.338651e+02
9103.7500 3.422676e+02
9105.0000 8.609891e+01
9106.2500 6.725027e+01
9107.5000 6.943371e+01
9108.7500 6.915511e+01
9110.0000 6.771710e+01
9111.2500 6.951666e+01
9112.5000 6.831097e+01
9113.7500 6.462683e+01
9115.0000 6.990380e+01
9116.2500 6.986573e+01
9117.5000 6.211756e+01
9118.7500 5.892506e+01
9120.0000 6.402847e+01
9121.2500 7.007091e+01
9122.5000 6.836488e+01
9123.7500 6.788943e+01
9125.0000 6.414291e+01
9126.2500 6.136514e+01
9127.5000 6.024932e+01
9128.7500 6.188890e+01
9130.0000 5.561945e+01
9131.2500 5.734921e+01
9132.5000 6.698302e+01
9133.7500 7.346006e+01
9135.0000 7.136649e+01
9136.2500 6.877071e+01
9137.5000 6.918778e+01
9138.7500 7.202568e+01
9140.0000 7.658704e+01
9141.2500 6.678855e+01
9142.5000 6.056450e+01
9143.7500 6.992558e+01
9145.0000 6.772707e+01
9146.2500 7.106586e+01
9147.5000 6.874046e+01
9148.7500 6.984607e+01
9150.0000 1.275665e+02
9151.2500 2.741996e+02
9152.5000 2.575251e+02
9153.7500 1.237242e+02
9155.0000 8.863327e+01
9156.2500 9.724144e+01
9157.5000 1.106351e+02
9158.7500 1.480061e+02
9160.0000 3.162385e+02
9161.2500 3.360142e+02
9162.5000 1.615617e+02
9163.7500 7.431866e+01
9165.0000 6.806532e+01
9166.2500 6.692571e+01
9167.5000 6.675631e+01
9168.7500 7.003701e+01
9170.0000 6.886111e+01
9171.2500 7.048160e+01
9172.5000 6.392872e+01
9173.7500 6.470100e+01
9175.0000 6.710007e+01
9176.2500 7.220773e+01
9177.5000 7.476580e+01
9178.7500 7.593001e+01
9180.0000 7.525877e+01
9181.2500 7.348878e+01
9182.5000 6.886009e+01
9183.7500 7.294909e+01
9185.0000 7.562798e+01
9186.2500 7.372626e+01
9187.5000 7.305859e+01
9188.7500 7.031786e+01
9190.0000 6.843371e+01
9191.2500 7.117431e+01
9192.5000 6.739218e+01
9193.7500 6.630949e+01
9195.0000 7.192047e+01
9196.2500 6.640559e+01
9197.5000 7.173135e+01
9198.7500 7.232740e+01
9200.0000 7.554642e+01
9201.2500 7.694786e+01
9202.5000 7.432366e+01
9203.7500 8.306614e+01
9205.0000 7.982450e+01
9206.2500 7.087653e+01
9207.5000 7.232949e+01
9208.7500 7.909213e+01
9210.0000 8.302606e+01
9211.2500 7.738367e+01
9212.5000 7.069510e+01
9213.7500 8.405310e+01
9215.0000 1.789768e+02
9216.2500 2.717907e+02
9217.5000 1.784552e+02
9218.7500 8.640643e+01
9220.0000 7.836355e+01
9221.2500 8.351850e+01
9222.5000 1.324928e+02
9223.7500 2.545278e+02
9225.0000 2.822337e+02
9226.2500 1.639569e+02
9227.5000 9.086364e+01
9228.7500 8.141861e+01
9230.0000 7.808846e+01
9231.2500 6.774523e+01
9232.5000 7.314040e+01
9233.7500 7.002624e+01
9235.0000 6.356175e+01
9236.2500 6.292337e+01
9237.5000 6.146049e+01
9238.7500 6.161446e+01
9240.0000 6.393516e+01
9241.2500 6.410750e+01
9242.5000 6.709673e+01
9243.7500 6.707260e+01
9245.0000 6.545210e+01
9246.2500 8.501810e+01
9247.5000 1.213319e+02
9248.7500 1.141782e+02
9250.0000 1.266069e+02
9251.2500 1.285332e+02
9252.5000 1.102724e+02
9253.7500 1.096896e+02
9255.0000 9.050939e+01
9256.2500 6.861996e+01
9257.5000 7.590005e+01
9258.7500 8.423839e+01
9260.0000 1.152337e+02
9261.2500 1.992767e+02
9262.5000 2.237041e+02
9263.7500 1.502532e+02
9265.0000 1.810711e+02
9266.2500 1.822534e+02
9267.5000 9.239651e+01
9268.7500 7.923723e+01
9270.0000 7.422336e+01
9271.2500 7.493089e+01
9272.5000 6.943107e+01
9273.7500 7.136986e+01
9275.0000 7.536092e+01
9276.2500 7.612595e+01
9277.5000 8.083695e+01
9278.7500 8.300181e+01
9280.0000 7.081358e+01
9281.2500 7.684023e+01
9282.5000 7.730688e+01
9283.7500 9.417058e+01
9285.0000 1.914236e+02
9286.2500 3.037160e+02
9287.5000 2.162068e+02
9288.7500 1.409280e+02
9290.0000 9.738364e+01
9291.2500 1.100578e+02
9292.5000 2.209028e+02
9293.7500 3.146957e+02
9295.0000 1.919961e+02
9296.2500 9.785653e+01
9297.5000 8.767426e+01
9298.7500 9.208372e+01
9300.0000 9.978921e+01
9301.2500 1.116679e+02
9302.5000 1.460252e+02
9303.7500 4.624081e+02
9305.0000 2.469706e+03
9306.2500 9.869240e+03
9307.5000 1.344829e+04
9308.7500 5.018805e+03
9310.0000 2.388981e+03
9311.2500 5.189363e+03
9312.5000 1.081774e+04
9313.7500 1.133251e+04
9315.0000 2.293173e+03
9316.2500 1.348147e+03
9317.5000 1.920880e+03
9318.7500 8.346875e+02
9320.0000 5.368935e+02
9321.2500 3.848060e+03
9322.5000 2.853033e+04
9323.7500 3.753935e+04
9325.0000 6.691940e+03
9326.2500 4.104698e+02
9327.5000 2.245182e+02
9328.7500 3.191327e+02
9330.0000 7.079741e+02
9331.2500 7.581795e+02
9332.5000 3.075295e+02
9333.7500 2.301132e+02
9335.0000 4.236241e+02
9336.2500 2.411128e+03
9337.5000 6.684226e+03
9338.7500 3.617556e+03
9340.0000 3.912521e+02
9341.2500 2.878127e+02
9342.5000 3.383388e+02
9343.7500 3.892492e+02
9345.0000 3.624521e+02
9346.2500 3.911159e+02
9347.5000 5.508187e+02
9348.7500 7.351435e+02
9350.0000 1.922819e+03
