4750.0000 7.727867e+02
4751.2500 5.458724e+02
4752.5000 4.248058e+02
4753.7500 4.010077e+02
4755.0000 3.885348e+02
4756.2500 3.151069e+02
4757.5000 2.830400e+02
4758.7500 3.031215e+02
4760.0000 2.912540e+02
4761.2500 2.339837e+02
4762.5000 2.418580e+02
4763.7500 2.208884e+02
4765.0000 2.100220e+02
4766.2500 2.082555e+02
4767.5000 1.914495e+02
4768.7500 2.042456e+02
4770.0000 1.978235e+02
4771.2500 1.663243e+02
4772.5000 1.953181e+02
4773.7500 1.916371e+02
4775.0000 1.804097e+02
4776.2500 1.738522e+02
4777.5000 1.778157e+02
4778.7500 1.724374e+02
4780.0000 1.672760e+02
4781.2500 1.651600e+02
4782.5000 1.662999e+02
4783.7500 1.685893e+02
4785.0000 1.727298e+02
4786.2500 1.618249e+02
4787.5000 1.652533e+02
4788.7500 1.637097e+02
4790.0000 1.654843e+02
4791.2500 1.714456e+02
4792.5000 1.815261e+02
4793.7500 1.934308e+02
4795.0000 1.694485e+02
4796.2500 1.924755e+02
4797.5000 1.907675e+02
4798.7500 1.796207e+02
4800.0000 1.750087e+02
4801.2500 1.723807e+02
4802.5000 1.759875e+02
4803.7500 1.756084e+02
4805.0000 1.961928e+02
4806.2500 1.746630e+02
4807.5000 1.710624e+02
4808.7500 1.696896e+02
4810.0000 1.771275e+02
4811.2500 1.680076e+02
4812.5000 1.726515e+02
4813.7500 1.670381e+02
4815.0000 1.847509e+02
4816.2500 1.931752e+02
4817.5000 1.902482e+02
4818.7500 1.935648e+02
4820.0000 1.924984e+02
4821.2500 1.914129e+02
4822.5000 1.826525e+02
4823.7500 1.793653e+02
4825.0000 1.743959e+02
4826.2500 1.734983e+02
4827.5000 1.909790e+02
4828.7500 1.818238e+02
4830.0000 1.816170e+02
4831.2500 1.705475e+02
4832.5000 1.810187e+02
4833.7500 1.719755e+02
4835.0000 1.672282e+02
4836.2500 1.779645e+02
4837.5000 1.805316e+02
4838.7500 1.902504e+02
4840.0000 1.660905e+02
4841.2500 1.720310e+02
4842.5000 1.716498e+02
4843.7500 1.864239e+02
4845.0000 1.765217e+02
4846.2500 1.864143e+02
4847.5000 1.712023e+02
4848.7500 1.605658e+02
4850.0000 1.647167e+02
4851.2500 1.683776e+02
4852.5000 1.675932e+02
4853.7500 1.643861e+02
4855.0000 1.499733e+02
4856.2500 1.447294e+02
4857.5000 1.393730e+02
4858.7500 1.367811e+02
4860.0000 1.766351e+02
4861.2500 2.356826e+02
4862.5000 2.078989e+02
4863.7500 1.457454e+02
4865.0000 1.450639e+02
4866.2500 1.387961e+02
4867.5000 1.400622e+02
4868.7500 1.514251e+02
4870.0000 1.448796e+02
4871.2500 1.385411e+02
4872.5000 1.326796e+02
4873.7500 1.477457e+02
4875.0000 1.386717e+02
4876.2500 1.482464e+02
4877.5000 1.431047e+02
4878.7500 1.443724e+02
4880.0000 1.528476e+02
4881.2500 1.582575e+02
4882.5000 1.580404e+02
4883.7500 1.614554e+02
4885.0000 1.541201e+02
4886.2500 1.445598e+02
4887.5000 1.625034e+02
4888.7500 1.445037e+02
4890.0000 1.499350e+02
4891.2500 1.494622e+02
4892.5000 1.450323e+02
4893.7500 1.537671e+02
4895.0000 1.711920e+02
4896.2500 1.664600e+02
4897.5000 1.640915e+02
4898.7500 1.590597e+02
4900.0000 1.649540e+02
4901.2500 1.611716e+02
4902.5000 1.486620e+02
4903.7500 1.600559e+02
4905.0000 1.613830e+02
4906.2500 1.586985e+02
4907.5000 1.518149e+02
4908.7500 1.386842e+02
4910.0000 1.403075e+02
4911.2500 1.440492e+02
4912.5000 1.478344e+02
4913.7500 1.473419e+02
4915.0000 1.437753e+02
4916.2500 1.394476e+02
4917.5000 1.346705e+02
4918.7500 1.207599e+02
4920.0000 1.143865e+02
4921.2500 1.221861e+02
4922.5000 1.294202e+02
4923.7500 1.368230e+02
4925.0000 1.456836e+02
4926.2500 1.459653e+02
4927.5000 1.346628e+02
4928.7500 1.366435e+02
4930.0000 1.330439e+02
4931.2500 1.379042e+02
4932.5000 1.352000e+02
4933.7500 1.302814e+02
4935.0000 1.258070e+02
4936.2500 1.397739e+02
4937.5000 1.469841e+02
4938.7500 1.315799e+02
4940.0000 1.277975e+02
4941.2500 1.391042e+02
4942.5000 1.408905e+02
4943.7500 1.357864e+02
4945.0000 1.324996e+02
4946.2500 1.377304e+02
4947.5000 1.459116e+02
4948.7500 1.429893e+02
4950.0000 1.498442e+02
4951.2500 1.582828e+02
4952.5000 1.580244e+02
4953.7500 1.616716e+02
4955.0000 1.536332e+02
4956.2500 1.427152e+02
4957.5000 1.303685e+02
4958.7500 1.430048e+02
4960.0000 1.501466e+02
4961.2500 1.463094e+02
4962.5000 1.484930e+02
4963.7500 1.497022e+02
4965.0000 1.397198e+02
4966.2500 1.452772e+02
4967.5000 1.501979e+02
4968.7500 1.519701e+02
4970.0000 1.416652e+02
4971.2500 1.412584e+02
4972.5000 1.403394e+02
4973.7500 1.355743e+02
4975.0000 1.342788e+02
4976.2500 1.328757e+02
4977.5000 1.363789e+02
4978.7500 1.348157e+02
4980.0000 1.255590e+02
4981.2500 1.255696e+02
4982.5000 1.222519e+02
4983.7500 1.173101e+02
4985.0000 1.270722e+02
4986.2500 1.263652e+02
4987.5000 1.252285e+02
4988.7500 1.258609e+02
4990.0000 1.280164e+02
4991.2500 1.314279e+02
4992.5000 1.285750e+02
4993.7500 1.328217e+02
4995.0000 1.274718e+02
4996.2500 1.329374e+02
4997.5000 1.301744e+02
4998.7500 1.249888e+02
5000.0000 1.292924e+02
5001.2500 1.210662e+02
5002.5000 1.292245e+02
5003.7500 1.305565e+02
5005.0000 1.269939e+02
5006.2500 1.336060e+02
5007.5000 1.379466e+02
5008.7500 1.439196e+02
5010.0000 1.357409e+02
5011.2500 1.316719e+02
5012.5000 1.277306e+02
5013.7500 1.403127e+02
5015.0000 1.341838e+02
5016.2500 1.307870e+02
5017.5000 1.313942e+02
5018.7500 1.281972e+02
5020.0000 1.477904e+02
5021.2500 1.278979e+02
5022.5000 1.328652e+02
5023.7500 1.353539e+02
5025.0000 1.340604e+02
5026.2500 1.186327e+02
5027.5000 1.267764e+02
5028.7500 1.301338e+02
5030.0000 1.199651e+02
5031.2500 1.272516e+02
5032.5000 1.258800e+02
5033.7500 1.246186e+02
5035.0000 1.119997e+02
5036.2500 1.175315e+02
5037.5000 1.197356e+02
5038.7500 1.175010e+02
5040.0000 1.146702e+02
5041.2500 1.116211e+02
5042.5000 1.222977e+02
5043.7500 1.173528e+02
5045.0000 1.248365e+02
5046.2500 1.243322e+02
5047.5000 1.193626e+02
5048.7500 1.127691e+02
5050.0000 1.209260e+02
5051.2500 1.181865e+02
5052.5000 1.124608e+02
5053.7500 1.165886e+02
5055.0000 1.247315e+02
5056.2500 1.151620e+02
5057.5000 1.159645e+02
5058.7500 1.211852e+02
5060.0000 1.190274e+02
5061.2500 1.247218e+02
5062.5000 1.259046e+02
5063.7500 1.191854e+02
5065.0000 1.187565e+02
5066.2500 1.225542e+02
5067.5000 1.204763e+02
5068.7500 1.200537e+02
5070.0000 1.309354e+02
5071.2500 1.243293e+02
5072.5000 1.259978e+02
5073.7500 1.308258e+02
5075.0000 1.294725e+02
5076.2500 1.355613e+02
5077.5000 1.339649e+02
5078.7500 1.305822e+02
5080.0000 1.254471e+02
5081.2500 1.147975e+02
5082.5000 1.302796e+02
5083.7500 1.297209e+02
5085.0000 1.208739e+02
5086.2500 1.285772e+02
5087.5000 1.358618e+02
5088.7500 1.244585e+02
5090.0000 1.250329e+02
5091.2500 1.242404e+02
5092.5000 1.213384e+02
5093.7500 1.156674e+02
5095.0000 1.221529e+02
5096.2500 1.194757e+02
5097.5000 1.139950e+02
5098.7500 1.166370e+02
5100.0000 1.165596e+02
5101.2500 1.257278e+02
5102.5000 1.238074e+02
5103.7500 1.232410e+02
5105.0000 1.215150e+02
5106.2500 1.087332e+02
5107.5000 1.152184e+02
5108.7500 1.147136e+02
5110.0000 1.014515e+02
5111.2500 1.130059e+02
5112.5000 1.151651e+02
5113.7500 1.145793e+02
5115.0000 1.091184e+02
5116.2500 1.113632e+02
5117.5000 1.200709e+02
5118.7500 1.162882e+02
5120.0000 1.076598e+02
5121.2500 1.140025e+02
5122.5000 1.046875e+02
5123.7500 1.035448e+02
5125.0000 1.076935e+02
5126.2500 1.033441e+02
5127.5000 1.185121e+02
5128.7500 1.177160e+02
5130.0000 1.237365e+02
5131.2500 1.327911e+02
5132.5000 1.237978e+02
5133.7500 1.305664e+02
5135.0000 1.355738e+02
5136.2500 1.331688e+02
5137.5000 1.322900e+02
5138.7500 1.219732e+02
5140.0000 1.288596e+02
5141.2500 1.375262e+02
5142.5000 1.330980e+02
5143.7500 1.296991e+02
5145.0000 1.313521e+02
5146.2500 1.329445e+02
5147.5000 1.280369e+02
5148.7500 1.253258e+02
5150.0000 1.334963e+02
5151.2500 1.325185e+02
5152.5000 1.351920e+02
5153.7500 1.239582e+02
5155.0000 1.252600e+02
5156.2500 1.267938e+02
5157.5000 1.310430e+02
5158.7500 1.227547e+02
5160.0000 1.318449e+02
5161.2500 1.259924e+02
5162.5000 1.263892e+02
5163.7500 1.142388e+02
5165.0000 1.070051e+02
5166.2500 1.037405e+02
5167.5000 9.892145e+01
5168.7500 1.084229e+02
5170.0000 1.076775e+02
5171.2500 1.012905e+02
5172.5000 8.905454e+01
5173.7500 9.942616e+01
5175.0000 1.146101e+02
5176.2500 1.118555e+02
5177.5000 1.142031e+02
5178.7500 1.193603e+02
5180.0000 1.175704e+02
5181.2500 1.074718e+02
5182.5000 9.025664e+01
5183.7500 8.624456e+01
5185.0000 9.888308e+01
5186.2500 1.172446e+02
5187.5000 1.281015e+02
5188.7500 1.269691e+02
5190.0000 1.208084e+02
5191.2500 1.137463e+02
5192.5000 1.059971e+02
5193.7500 1.204389e+02
5195.0000 1.098116e+02
5196.2500 1.260676e+02
5197.5000 1.731469e+02
5198.7500 1.772186e+02
5200.0000 1.621837e+02
5201.2500 1.491571e+02
5202.5000 1.529547e+02
5203.7500 1.440662e+02
5205.0000 1.085902e+02
5206.2500 1.127026e+02
5207.5000 1.187614e+02
5208.7500 1.167335e+02
5210.0000 1.175443e+02
5211.2500 1.132232e+02
5212.5000 1.176206e+02
5213.7500 1.145487e+02
5215.0000 1.146532e+02
5216.2500 1.167258e+02
5217.5000 1.317640e+02
5218.7500 1.198667e+02
5220.0000 1.279789e+02
5221.2500 1.262237e+02
5222.5000 1.408667e+02
5223.7500 1.500933e+02
5225.0000 1.275377e+02
5226.2500 1.090302e+02
5227.5000 1.074576e+02
5228.7500 1.147214e+02
5230.0000 1.224104e+02
5231.2500 1.250631e+02
5232.5000 1.187647e+02
5233.7500 1.148096e+02
5235.0000 1.086385e+02
5236.2500 1.179067e+02
5237.5000 1.441203e+02
5238.7500 1.499140e+02
5240.0000 1.259847e+02
5241.2500 1.166437e+02
5242.5000 1.079869e+02
5243.7500 1.100878e+02
5245.0000 1.024977e+02
5246.2500 1.072803e+02
5247.5000 1.054328e+02
5248.7500 1.122584e+02
5250.0000 1.178261e+02
5251.2500 1.078335e+02
5252.5000 1.099932e+02
5253.7500 1.142556e+02
5255.0000 1.340662e+02
5256.2500 1.381144e+02
5257.5000 1.278315e+02
5258.7500 1.147988e+02
5260.0000 1.098745e+02
5261.2500 1.043109e+02
5262.5000 9.701207e+01
5263.7500 9.451500e+01
5265.0000 9.410331e+01
5266.2500 9.788445e+01
5267.5000 9.554337e+01
5268.7500 9.820667e+01
5270.0000 9.520394e+01
5271.2500 9.905595e+01
5272.5000 1.012417e+02
5273.7500 1.102728e+02
5275.0000 1.156148e+02
5276.2500 1.251229e+02
5277.5000 1.117427e+02
5278.7500 1.082457e+02
5280.0000 1.040609e+02
5281.2500 1.082210e+02
5282.5000 9.588566e+01
5283.7500 1.061465e+02
5285.0000 1.112998e+02
5286.2500 1.023452e+02
5287.5000 1.122238e+02
5288.7500 1.109574e+02
5290.0000 1.123150e+02
5291.2500 1.151790e+02
5292.5000 1.178215e+02
5293.7500 1.128721e+02
5295.0000 1.153537e+02
5296.2500 1.134048e+02
5297.5000 1.078403e+02
5298.7500 1.302176e+02
5300.0000 1.213045e+02
5301.2500 1.067403e+02
5302.5000 1.179340e+02
5303.7500 1.160622e+02
5305.0000 1.211832e+02
5306.2500 1.181844e+02
5307.5000 1.159310e+02
5308.7500 1.113342e+02
5310.0000 1.077200e+02
5311.2500 1.198061e+02
5312.5000 1.288152e+02
5313.7500 1.233859e+02
5315.0000 1.128948e+02
5316.2500 1.098310e+02
5317.5000 1.096714e+02
5318.7500 1.175774e+02
5320.0000 1.105056e+02
5321.2500 1.175928e+02
5322.5000 1.135615e+02
5323.7500 1.135288e+02
5325.0000 1.099459e+02
5326.2500 1.103064e+02
5327.5000 1.075910e+02
5328.7500 1.185734e+02
5330.0000 1.327513e+02
5331.2500 1.275244e+02
5332.5000 1.148476e+02
5333.7500 1.106362e+02
5335.0000 1.144271e+02
5336.2500 1.076101e+02
5337.5000 1.090830e+02
5338.7500 1.060882e+02
5340.0000 1.058915e+02
5341.2500 9.746662e+01
5342.5000 1.093803e+02
5343.7500 1.036768e+02
5345.0000 1.011827e+02
5346.2500 1.023839e+02
5347.5000 1.009334e+02
5348.7500 1.088832e+02
5350.0000 1.062641e+02
5351.2500 1.061364e+02
5352.5000 9.957824e+01
5353.7500 1.066834e+02
5355.0000 1.074349e+02
5356.2500 1.099676e+02
5357.5000 1.064418e+02
5358.7500 1.050417e+02
5360.0000 1.092639e+02
5361.2500 1.033128e+02
5362.5000 1.052149e+02
5363.7500 1.050404e+02
5365.0000 1.014850e+02
5366.2500 1.003622e+02
5367.5000 1.058810e+02
5368.7500 1.034602e+02
5370.0000 1.028198e+02
5371.2500 9.300309e+01
5372.5000 9.560356e+01
5373.7500 1.115971e+02
5375.0000 1.041726e+02
5376.2500 1.058805e+02
5377.5000 1.089055e+02
5378.7500 1.098892e+02
5380.0000 1.010504e+02
5381.2500 1.048357e+02
5382.5000 1.023222e+02
5383.7500 1.069417e+02
5385.0000 1.056539e+02
5386.2500 1.046392e+02
5387.5000 1.101925e+02
5388.7500 1.041581e+02
5390.0000 1.035188e+02
5391.2500 1.020292e+02
5392.5000 9.884766e+01
5393.7500 9.603756e+01
5395.0000 1.044011e+02
5396.2500 1.005179e+02
5397.5000 9.291084e+01
5398.7500 9.614915e+01
5400.0000 9.611976e+01
5401.2500 9.347224e+01
5402.5000 9.239982e+01
5403.7500 9.389175e+01
5405.0000 8.671062e+01
5406.2500 9.536031e+01
5407.5000 9.980825e+01
5408.7500 9.264249e+01
5410.0000 9.438002e+01
5411.2500 9.300816e+01
5412.5000 9.670566e+01
5413.7500 9.581761e+01
5415.0000 9.174720e+01
5416.2500 9.800903e+01
5417.5000 9.926592e+01
5418.7500 9.683611e+01
5420.0000 9.653687e+01
5421.2500 9.317193e+01
5422.5000 9.339931e+01
5423.7500 9.545284e+01
5425.0000 8.758282e+01
5426.2500 9.360123e+01
5427.5000 9.621714e+01
5428.7500 9.394904e+01
5430.0000 8.919559e+01
5431.2500 9.496827e+01
5432.5000 9.412860e+01
5433.7500 1.006890e+02
5435.0000 1.028794e+02
5436.2500 1.011053e+02
5437.5000 9.722256e+01
5438.7500 1.002575e+02
5440.0000 1.047479e+02
5441.2500 1.016270e+02
5442.5000 1.012830e+02
5443.7500 1.034322e+02
5445.0000 9.661069e+01
5446.2500 9.364764e+01
5447.5000 1.001684e+02
5448.7500 1.019171e+02
5450.0000 1.009922e+02
5451.2500 9.834804e+01
5452.5000 1.041773e+02
5453.7500 9.647211e+01
5455.0000 9.269336e+01
5456.2500 9.684996e+01
5457.5000 1.030848e+02
5458.7500 1.046487e+02
5460.0000 1.074983e+02
5461.2500 1.101877e+02
5462.5000 1.019934e+02
5463.7500 9.547659e+01
5465.0000 9.915134e+01
5466.2500 9.777541e+01
5467.5000 9.872687e+01
5468.7500 1.015001e+02
5470.0000 9.261574e+01
5471.2500 9.684609e+01
5472.5000 9.576653e+01
5473.7500 1.009373e+02
5475.0000 1.028609e+02
5476.2500 9.539294e+01
5477.5000 9.346832e+01
5478.7500 9.940131e+01
5480.0000 9.718480e+01
5481.2500 9.092351e+01
5482.5000 9.759859e+01
5483.7500 9.857002e+01
5485.0000 9.605144e+01
5486.2500 1.001738e+02
5487.5000 9.465987e+01
5488.7500 9.447389e+01
5490.0000 1.024819e+02
5491.2500 9.664989e+01
5492.5000 9.696750e+01
5493.7500 9.343677e+01
5495.0000 9.182385e+01
5496.2500 9.602156e+01
5497.5000 9.489980e+01
5498.7500 9.478428e+01
5500.0000 1.010709e+02
5501.2500 9.114314e+01
5502.5000 9.312475e+01
5503.7500 9.020388e+01
5505.0000 9.479980e+01
5506.2500 9.052509e+01
5507.5000 9.387849e+01
5508.7500 9.026431e+01
5510.0000 9.075180e+01
5511.2500 9.146053e+01
5512.5000 8.986082e+01
5513.7500 9.568995e+01
5515.0000 9.363963e+01
5516.2500 8.929759e+01
5517.5000 9.922356e+01
5518.7500 1.000834e+02
5520.0000 9.988736e+01
5521.2500 1.007131e+02
5522.5000 9.832608e+01
5523.7500 1.004048e+02
5525.0000 1.013708e+02
5526.2500 9.720677e+01
5527.5000 9.435081e+01
5528.7500 1.022420e+02
5530.0000 9.667123e+01
5531.2500 1.001612e+02
5532.5000 9.593254e+01
5533.7500 9.414275e+01
5535.0000 9.476390e+01
5536.2500 9.602666e+01
5537.5000 1.063380e+02
5538.7500 9.981117e+01
5540.0000 1.028817e+02
5541.2500 1.134764e+02
5542.5000 1.267094e+02
5543.7500 1.295658e+02
5545.0000 1.296898e+02
5546.2500 1.139046e+02
5547.5000 1.100483e+02
5548.7500 1.060484e+02
5550.0000 1.128801e+02
5551.2500 1.064707e+02
5552.5000 1.053621e+02
5553.7500 9.823514e+01
5555.0000 9.829685e+01
5556.2500 1.023812e+02
5557.5000 9.899483e+01
5558.7500 1.014227e+02
5560.0000 9.874701e+01
5561.2500 1.068432e+02
5562.5000 1.255770e+02
5563.7500 1.453735e+02
5565.0000 1.246779e+02
5566.2500 9.634209e+01
5567.5000 9.587662e+01
5568.7500 1.111122e+02
5570.0000 1.072293e+02
5571.2500 1.001706e+02
5572.5000 1.048699e+02
5573.7500 1.213586e+02
5575.0000 9.193208e+02
5576.2500 6.611062e+03
5577.5000 8.568679e+03
5578.7500 2.480054e+03
5580.0000 2.326000e+02
5581.2500 1.171281e+02
5582.5000 1.019864e+02
5583.7500 9.584658e+01
5585.0000 9.507339e+01
5586.2500 8.513896e+01
5587.5000 1.028239e+02
5588.7500 1.265385e+02
5590.0000 1.152363e+02
5591.2500 9.254335e+01
5592.5000 8.474183e+01
5593.7500 8.344549e+01
5595.0000 8.323714e+01
5596.2500 9.460390e+01
5597.5000 1.048737e+02
5598.7500 1.006353e+02
5600.0000 9.119818e+01
5601.2500 9.063470e+01
5602.5000 8.657879e+01
5603.7500 1.115805e+02
5605.0000 1.358518e+02
5606.2500 1.231721e+02
5607.5000 1.050440e+02
5608.7500 9.712388e+01
5610.0000 9.163636e+01
5611.2500 8.896561e+01
5612.5000 9.823998e+01
5613.7500 9.416779e+01
5615.0000 9.329204e+01
5616.2500 1.058773e+02
5617.5000 1.128748e+02
5618.7500 1.037945e+02
5620.0000 1.036244e+02
5621.2500 1.009937e+02
5622.5000 1.241176e+02
5623.7500 1.401553e+02
5625.0000 1.156675e+02
5626.2500 1.029202e+02
5627.5000 1.022197e+02
5628.7500 1.021112e+02
5630.0000 1.024289e+02
5631.2500 1.074547e+02
5632.5000 1.007671e+02
5633.7500 9.851883e+01
5635.0000 1.005252e+02
5636.2500 9.006129e+01
5637.5000 9.613531e+01
5638.7500 1.058016e+02
5640.0000 1.048501e+02
5641.2500 9.801732e+01
5642.5000 9.865833e+01
5643.7500 1.059748e+02
5645.0000 1.197984e+02
5646.2500 1.162032e+02
5647.5000 1.033656e+02
5648.7500 9.651289e+01
5650.0000 9.738042e+01
5651.2500 9.822326e+01
5652.5000 9.392485e+01
5653.7500 1.031275e+02
5655.0000 9.226935e+01
5656.2500 9.067809e+01
5657.5000 9.300262e+01
5658.7500 8.715435e+01
5660.0000 9.667892e+01
5661.2500 9.958355e+01
5662.5000 9.343186e+01
5663.7500 9.886125e+01
5665.0000 1.005261e+02
5666.2500 9.219478e+01
5667.5000 9.494566e+01
5668.7500 1.034139e+02
5670.0000 1.023181e+02
5671.2500 9.424847e+01
5672.5000 9.236075e+01
5673.7500 9.526425e+01
5675.0000 9.370480e+01
5676.2500 9.103421e+01
5677.5000 9.292055e+01
5678.7500 8.688630e+01
5680.0000 8.835386e+01
5681.2500 8.857039e+01
5682.5000 9.299951e+01
5683.7500 8.734649e+01
5685.0000 9.210672e+01
5686.2500 9.169498e+01
5687.5000 9.067004e+01
5688.7500 9.137401e+01
5690.0000 9.230803e+01
5691.2500 9.434649e+01
5692.5000 9.484821e+01
5693.7500 9.170725e+01
5695.0000 8.728800e+01
5696.2500 9.588576e+01
5697.5000 9.325912e+01
5698.7500 8.651694e+01
5700.0000 9.157533e+01
5701.2500 8.703921e+01
5702.5000 9.337187e+01
5703.7500 9.213242e+01
5705.0000 8.617634e+01
5706.2500 8.675519e+01
5707.5000 9.154427e+01
5708.7500 8.713783e+01
5710.0000 9.503366e+01
5711.2500 9.421111e+01
5712.5000 9.240596e+01
5713.7500 9.108913e+01
5715.0000 9.695455e+01
5716.2500 9.795131e+01
5717.5000 9.524250e+01
5718.7500 1.006918e+02
5720.0000 1.025947e+02
5721.2500 1.058261e+02
5722.5000 1.041208e+02
5723.7500 1.035715e+02
5725.0000 1.029070e+02
5726.2500 1.079915e+02
5727.5000 1.095190e+02
5728.7500 1.032008e+02
5730.0000 9.512495e+01
5731.2500 1.039980e+02
5732.5000 1.069354e+02
5733.7500 1.068657e+02
5735.0000 9.850191e+01
5736.2500 1.037172e+02
5737.5000 9.911758e+01
5738.7500 9.743670e+01
5740.0000 1.027490e+02
5741.2500 1.013221e+02
5742.5000 9.776893e+01
5743.7500 9.535288e+01
5745.0000 1.006963e+02
5746.2500 9.745662e+01
5747.5000 9.792907e+01
5748.7500 9.658694e+01
5750.0000 9.741470e+01
5751.2500 1.024220e+02
5752.5000 9.260065e+01
5753.7500 9.238879e+01
5755.0000 1.031194e+02
5756.2500 9.761855e+01
5757.5000 9.720679e+01
5758.7500 9.860762e+01
5760.0000 9.985842e+01
5761.2500 9.064896e+01
5762.5000 9.441994e+01
5763.7500 1.010784e+02
5765.0000 1.023142e+02
5766.2500 1.031431e+02
5767.5000 1.022492e+02
5768.7500 9.767752e+01
5770.0000 9.945993e+01
5771.2500 9.873575e+01
5772.5000 9.485751e+01
5773.7500 8.878499e+01
5775.0000 9.096186e+01
5776.2500 8.858846e+01
5777.5000 9.094627e+01
5778.7500 9.625356e+01
5780.0000 8.522436e+01
5781.2500 8.838670e+01
5782.5000 8.644253e+01
5783.7500 8.780962e+01
5785.0000 8.674283e+01
5786.2500 8.644850e+01
5787.5000 8.691907e+01
5788.7500 8.823254e+01
5790.0000 8.994448e+01
5791.2500 8.926520e+01
5792.5000 8.840810e+01
5793.7500 8.514578e+01
5795.0000 8.391021e+01
5796.2500 8.325138e+01
5797.5000 8.551040e+01
5798.7500 8.536852e+01
5800.0000 7.982815e+01
5801.2500 8.385777e+01
5802.5000 8.803138e+01
5803.7500 8.364179e+01
5805.0000 7.752327e+01
5806.2500 8.050751e+01
5807.5000 8.191280e+01
5808.7500 8.224396e+01
5810.0000 8.751531e+01
5811.2500 8.352313e+01
5812.5000 8.641170e+01
5813.7500 8.240161e+01
5815.0000 8.264114e+01
5816.2500 8.212612e+01
5817.5000 8.234834e+01
5818.7500 8.575398e+01
5820.0000 8.622330e+01
5821.2500 8.884705e+01
5822.5000 9.097987e+01
5823.7500 8.756065e+01
5825.0000 9.329934e+01
5826.2500 9.542970e+01
5827.5000 9.376455e+01
5828.7500 9.173895e+01
5830.0000 9.359426e+01
5831.2500 9.277999e+01
5832.5000 9.447960e+01
5833.7500 9.231619e+01
5835.0000 9.832269e+01
5836.2500 9.326837e+01
5837.5000 9.870207e+01
5838.7500 9.350560e+01
5840.0000 9.182860e+01
5841.2500 9.568439e+01
5842.5000 9.806362e+01
5843.7500 9.025163e+01
5845.0000 9.324670e+01
5846.2500 9.660048e+01
5847.5000 9.320480e+01
5848.7500 9.295874e+01
5850.0000 9.228311e+01
5851.2500 9.381497e+01
5852.5000 9.668299e+01
5853.7500 9.374482e+01
5855.0000 9.498256e+01
5856.2500 9.652503e+01
5857.5000 9.096881e+01
5858.7500 8.868663e+01
5860.0000 8.803874e+01
5861.2500 9.827460e+01
5862.5000 9.348862e+01
5863.7500 1.176707e+02
5865.0000 1.790247e+02
5866.2500 2.097486e+02
5867.5000 2.093366e+02
5868.7500 1.636868e+02
5870.0000 1.170272e+02
5871.2500 1.139700e+02
5872.5000 1.210870e+02
5873.7500 1.204392e+02
5875.0000 1.119820e+02
5876.2500 1.068548e+02
5877.5000 1.020415e+02
5878.7500 9.858381e+01
5880.0000 9.756644e+01
5881.2500 1.009922e+02
5882.5000 9.964209e+01
5883.7500 1.008733e+02
5885.0000 1.016290e+02
5886.2500 1.514559e+02
5887.5000 3.015771e+02
5888.7500 6.688224e+02
5890.0000 7.435520e+02
5891.2500 3.045384e+02
5892.5000 1.219911e+02
5893.7500 2.053251e+02
5895.0000 4.501146e+02
5896.2500 4.057899e+02
5897.5000 1.662611e+02
5898.7500 9.307276e+01
5900.0000 8.984348e+01
5901.2500 8.890486e+01
5902.5000 1.009460e+02
5903.7500 1.012238e+02
5905.0000 1.130989e+02
5906.2500 1.220959e+02
5907.5000 1.130851e+02
5908.7500 8.984013e+01
5910.0000 8.554513e+01
5911.2500 8.634058e+01
5912.5000 9.031863e+01
5913.7500 1.469423e+02
5915.0000 2.059198e+02
5916.2500 1.538622e+02
5917.5000 8.725968e+01
5918.7500 8.738367e+01
5920.0000 8.712891e+01
5921.2500 8.728237e+01
5922.5000 9.447902e+01
5923.7500 1.244370e+02
5925.0000 1.245548e+02
5926.2500 9.630593e+01
5927.5000 8.706796e+01
5928.7500 8.129627e+01
5930.0000 9.007041e+01
5931.2500 1.427470e+02
5932.5000 2.316712e+02
5933.7500 1.821718e+02
5935.0000 9.182707e+01
5936.2500 8.784109e+01
5937.5000 8.878076e+01
5938.7500 8.675694e+01
5940.0000 8.907826e+01
5941.2500 8.255721e+01
5942.5000 8.764476e+01
5943.7500 9.424455e+01
5945.0000 1.250596e+02
5946.2500 1.283009e+02
5947.5000 9.996677e+01
5948.7500 8.933907e+01
5950.0000 8.840354e+01
5951.2500 1.097520e+02
5952.5000 1.829048e+02
5953.7500 2.041458e+02
5955.0000 1.247141e+02
5956.2500 9.080627e+01
5957.5000 9.179632e+01
5958.7500 8.913754e+01
5960.0000 8.639666e+01
5961.2500 8.820987e+01
5962.5000 8.927935e+01
5963.7500 9.131220e+01
5965.0000 9.041833e+01
5966.2500 9.324375e+01
5967.5000 9.177614e+01
5968.7500 1.075843e+02
5970.0000 1.247807e+02
5971.2500 1.149026e+02
5972.5000 9.550997e+01
5973.7500 8.969807e+01
5975.0000 1.046164e+02
5976.2500 1.526049e+02
5977.5000 1.613988e+02
5978.7500 1.088443e+02
5980.0000 9.307596e+01
5981.2500 9.231068e+01
5982.5000 8.997717e+01
5983.7500 9.366265e+01
5985.0000 9.522744e+01
5986.2500 8.998256e+01
5987.5000 9.231613e+01
5988.7500 8.859017e+01
5990.0000 8.898331e+01
5991.2500 8.710021e+01
5992.5000 8.820632e+01
5993.7500 8.633871e+01
5995.0000 9.223431e+01
5996.2500 9.704706e+01
5997.5000 1.079030e+02
5998.7500 1.019703e+02
6000.0000 8.996458e+01
6001.2500 8.804715e+01
6002.5000 1.095518e+02
6003.7500 1.279825e+02
6005.0000 1.033877e+02
6006.2500 7.905113e+01
6007.5000 8.485368e+01
6008.7500 8.262843e+01
6010.0000 9.077996e+01
6011.2500 8.790985e+01
6012.5000 8.043155e+01
6013.7500 8.405499e+01
6015.0000 8.239886e+01
6016.2500 8.559060e+01
6017.5000 8.076893e+01
6018.7500 8.108076e+01
6020.0000 8.148751e+01
6021.2500 7.871484e+01
6022.5000 7.636732e+01
6023.7500 8.265660e+01
6025.0000 8.244980e+01
6026.2500 8.378737e+01
6027.5000 8.974673e+01
6028.7500 8.873186e+01
6030.0000 7.964902e+01
6031.2500 7.504435e+01
6032.5000 8.907040e+01
6033.7500 9.350283e+01
6035.0000 8.648443e+01
6036.2500 7.788584e+01
6037.5000 7.622186e+01
6038.7500 7.872634e+01
6040.0000 7.600109e+01
6041.2500 7.725011e+01
6042.5000 7.715325e+01
6043.7500 7.478807e+01
6045.0000 7.512180e+01
6046.2500 7.368640e+01
6047.5000 7.635471e+01
6048.7500 7.017322e+01
6050.0000 7.227122e+01
6051.2500 7.273878e+01
6052.5000 7.069336e+01
6053.7500 7.065451e+01
6055.0000 7.173766e+01
6056.2500 7.361905e+01
6057.5000 7.478757e+01
6058.7500 7.134042e+01
6060.0000 7.359851e+01
6061.2500 8.068752e+01
6062.5000 8.153381e+01
6063.7500 7.561247e+01
6065.0000 7.412920e+01
6066.2500 8.007630e+01
6067.5000 8.782923e+01
6068.7500 7.828460e+01
6070.0000 7.658593e+01
6071.2500 7.950552e+01
6072.5000 7.763396e+01
6073.7500 7.653168e+01
6075.0000 7.540273e+01
6076.2500 7.862799e+01
6077.5000 7.549821e+01
6078.7500 7.431937e+01
6080.0000 7.732825e+01
6081.2500 7.563148e+01
6082.5000 7.533820e+01
6083.7500 7.481749e+01
6085.0000 7.848397e+01
6086.2500 7.723177e+01
6087.5000 7.732006e+01
6088.7500 8.027163e+01
6090.0000 8.298667e+01
6091.2500 7.700635e+01
6092.5000 7.571880e+01
6093.7500 8.101496e+01
6095.0000 7.773875e+01
6096.2500 7.942377e+01
6097.5000 7.764453e+01
6098.7500 8.273862e+01
6100.0000 8.318571e+01
6101.2500 7.515495e+01
6102.5000 7.679553e+01
6103.7500 7.829876e+01
6105.0000 8.498494e+01
6106.2500 8.090086e+01
6107.5000 7.769569e+01
6108.7500 7.703025e+01
6110.0000 7.693996e+01
6111.2500 7.842087e+01
6112.5000 8.017831e+01
6113.7500 7.696946e+01
6115.0000 7.995730e+01
6116.2500 7.982626e+01
6117.5000 7.763018e+01
6118.7500 7.365298e+01
6120.0000 7.596442e+01
6121.2500 7.001328e+01
6122.5000 7.076287e+01
6123.7500 7.457549e+01
6125.0000 7.427104e+01
6126.2500 7.779552e+01
6127.5000 7.609872e+01
6128.7500 7.003135e+01
6130.0000 7.563525e+01
6131.2500 7.401755e+01
6132.5000 7.500880e+01
6133.7500 7.457262e+01
6135.0000 8.156575e+01
6136.2500 8.660249e+01
6137.5000 9.065119e+01
6138.7500 1.026969e+02
6140.0000 9.441009e+01
6141.2500 8.183765e+01
6142.5000 9.188673e+01
6143.7500 1.101066e+02
6145.0000 1.021065e+02
6146.2500 7.881155e+01
6147.5000 7.305119e+01
6148.7500 7.534585e+01
6150.0000 8.094671e+01
6151.2500 8.267359e+01
6152.5000 7.606938e+01
6153.7500 7.449537e+01
6155.0000 8.475806e+01
6156.2500 9.487332e+01
6157.5000 9.569162e+01
6158.7500 8.536557e+01
6160.0000 7.610303e+01
6161.2500 6.745930e+01
6162.5000 6.497382e+01
6163.7500 6.830788e+01
6165.0000 6.941168e+01
6166.2500 6.713589e+01
6167.5000 7.244024e+01
6168.7500 8.702380e+01
6170.0000 1.331124e+02
6171.2500 1.164236e+02
6172.5000 7.354086e+01
6173.7500 6.765532e+01
6175.0000 7.763725e+01
6176.2500 8.465240e+01
6177.5000 6.953476e+01
6178.7500 6.611392e+01
6180.0000 6.430767e+01
6181.2500 6.564215e+01
6182.5000 7.003606e+01
6183.7500 7.726025e+01
6185.0000 7.395960e+01
6186.2500 6.435695e+01
6187.5000 7.108860e+01
6188.7500 6.971851e+01
6190.0000 6.533115e+01
6191.2500 7.300832e+01
6192.5000 8.339307e+01
6193.7500 7.727743e+01
6195.0000 6.891403e+01
6196.2500 6.543311e+01
6197.5000 6.550676e+01
6198.7500 6.791695e+01
6200.0000 6.554828e+01
6201.2500 9.271672e+01
6202.5000 1.196134e+02
6203.7500 9.804844e+01
6205.0000 6.915372e+01
6206.2500 6.866273e+01
6207.5000 6.840060e+01
6208.7500 7.044614e+01
6210.0000 7.345271e+01
6211.2500 7.397596e+01
6212.5000 8.651040e+01
6213.7500 8.187474e+01
6215.0000 6.712701e+01
6216.2500 6.997459e+01
6217.5000 6.947198e+01
6218.7500 6.879649e+01
6220.0000 8.977694e+01
6221.2500 1.243741e+02
6222.5000 1.127291e+02
6223.7500 7.241494e+01
6225.0000 6.664306e+01
6226.2500 6.769981e+01
6227.5000 6.520048e+01
6228.7500 6.814771e+01
6230.0000 6.575554e+01
6231.2500 6.692585e+01
6232.5000 9.219989e+01
6233.7500 1.748187e+02
6235.0000 2.769648e+02
6236.2500 2.720390e+02
6237.5000 1.610475e+02
6238.7500 1.021446e+02
6240.0000 1.120492e+02
6241.2500 1.227974e+02
6242.5000 1.234568e+02
6243.7500 1.123443e+02
6245.0000 8.430807e+01
6246.2500 7.501143e+01
6247.5000 8.231838e+01
6248.7500 7.810864e+01
6250.0000 6.848440e+01
6251.2500 6.919247e+01
6252.5000 6.442844e+01
6253.7500 6.674010e+01
6255.0000 7.688750e+01
6256.2500 1.665254e+02
6257.5000 3.280305e+02
6258.7500 2.435640e+02
6260.0000 9.025613e+01
6261.2500 8.386259e+01
6262.5000 8.555408e+01
6263.7500 1.103707e+02
6265.0000 1.575715e+02
6266.2500 1.169499e+02
6267.5000 9.240915e+01
6268.7500 9.350816e+01
6270.0000 7.332187e+01
6271.2500 7.448675e+01
6272.5000 7.067593e+01
6273.7500 7.835846e+01
6275.0000 1.034547e+02
6276.2500 1.019685e+02
6277.5000 1.180335e+02
6278.7500 1.094603e+02
6280.0000 7.629759e+01
6281.2500 7.004164e+01
6282.5000 7.607461e+01
6283.7500 7.262009e+01
6285.0000 8.622995e+01
6286.2500 2.184783e+02
6287.5000 2.826343e+02
6288.7500 1.495000e+02
6290.0000 8.652845e+01
6291.2500 7.167159e+01
6292.5000 6.931665e+01
6293.7500 7.273258e+01
6295.0000 8.099891e+01
6296.2500 1.166434e+02
6297.5000 1.870216e+02
6298.7500 8.107990e+02
6300.0000 1.803822e+03
6301.2500 1.057746e+03
6302.5000 1.239021e+02
6303.7500 7.781931e+01
6305.0000 1.395950e+02
6306.2500 3.223982e+02
6307.5000 2.906717e+02
6308.7500 1.053748e+02
6310.0000 7.352945e+01
6311.2500 7.087185e+01
6312.5000 7.352179e+01
6313.7500 6.910907e+01
6315.0000 6.619092e+01
6316.2500 6.337954e+01
6317.5000 6.162121e+01
6318.7500 7.196432e+01
6320.0000 1.128988e+02
6321.2500 1.325787e+02
6322.5000 9.174536e+01
6323.7500 6.187352e+01
6325.0000 6.112134e+01
6326.2500 6.666322e+01
6327.5000 8.217460e+01
6328.7500 2.027459e+02
6330.0000 2.367330e+02
6331.2500 1.110857e+02
6332.5000 6.282981e+01
6333.7500 5.910358e+01
6335.0000 5.866836e+01
6336.2500 5.646256e+01
6337.5000 5.994247e+01
6338.7500 5.794933e+01
6340.0000 6.278309e+01
6341.2500 5.984905e+01
6342.5000 6.375375e+01
6343.7500 6.089713e+01
6345.0000 6.304338e+01
6346.2500 6.306383e+01
6347.5000 9.522043e+01
6348.7500 9.868839e+01
6350.0000 6.764732e+01
6351.2500 5.654814e+01
6352.5000 5.829325e+01
6353.7500 6.340006e+01
6355.0000 1.231953e+02
6356.2500 1.625555e+02
6357.5000 1.053595e+02
6358.7500 5.942612e+01
6360.0000 6.232329e+01
6361.2500 8.383633e+01
6362.5000 2.958230e+02
6363.7500 4.478997e+02
6365.0000 2.281153e+02
6366.2500 7.066108e+01
6367.5000 5.887820e+01
6368.7500 5.644612e+01
6370.0000 5.853359e+01
6371.2500 5.659203e+01
6372.5000 5.710291e+01
6373.7500 5.710824e+01
6375.0000 5.543069e+01
6376.2500 5.954977e+01
6377.5000 6.718852e+01
6378.7500 8.200522e+01
6380.0000 7.881044e+01
6381.2500 6.104509e+01
6382.5000 6.027592e+01
6383.7500 6.014913e+01
6385.0000 8.805501e+01
6386.2500 1.138824e+02
6387.5000 8.857543e+01
6388.7500 6.228778e+01
6390.0000 6.087129e+01
6391.2500 5.796954e+01
6392.5000 6.265066e+01
6393.7500 6.088967e+01
6395.0000 6.053592e+01
6396.2500 5.808008e+01
6397.5000 5.962294e+01
6398.7500 5.646452e+01
6400.0000 5.523198e+01
6401.2500 5.759843e+01
6402.5000 5.751108e+01
6403.7500 5.667123e+01
6405.0000 6.038235e+01
6406.2500 5.558460e+01
6407.5000 5.620937e+01
6408.7500 5.811453e+01
6410.0000 5.857029e+01
6411.2500 5.595781e+01
6412.5000 6.472704e+01
6413.7500 7.342158e+01
6415.0000 6.024187e+01
6416.2500 5.367000e+01
6417.5000 5.810826e+01
6418.7500 6.948811e+01
6420.0000 8.285354e+01
6421.2500 7.018275e+01
6422.5000 5.875452e+01
6423.7500 6.138325e+01
6425.0000 5.924827e+01
6426.2500 6.035645e+01
6427.5000 5.709593e+01
6428.7500 5.675752e+01
6430.0000 5.587656e+01
6431.2500 5.795322e+01
6432.5000 5.993345e+01
6433.7500 6.065742e+01
6435.0000 5.808953e+01
6436.2500 6.027520e+01
6437.5000 5.783445e+01
6438.7500 5.526725e+01
6440.0000 5.907248e+01
6441.2500 5.923612e+01
6442.5000 5.812484e+01
6443.7500 6.053063e+01
6445.0000 5.948031e+01
6446.2500 6.143073e+01
6447.5000 6.199378e+01
6448.7500 5.984016e+01
6450.0000 6.641199e+01
6451.2500 7.211146e+01
6452.5000 7.519119e+01
6453.7500 7.181605e+01
6455.0000 7.180932e+01
6456.2500 6.809038e+01
6457.5000 7.656426e+01
6458.7500 7.142862e+01
6460.0000 6.242004e+01
6461.2500 6.528908e+01
6462.5000 1.008564e+02
6463.7500 1.270597e+02
6465.0000 1.667468e+02
6466.2500 1.603506e+02
6467.5000 8.763769e+01
6468.7500 8.865747e+01
6470.0000 1.656646e+02
6471.2500 1.572820e+02
6472.5000 8.221387e+01
6473.7500 6.301862e+01
6475.0000 5.987782e+01
6476.2500 7.178262e+01
6477.5000 9.140717e+01
6478.7500 7.848000e+01
6480.0000 6.151443e+01
6481.2500 6.048200e+01
6482.5000 5.609260e+01
6483.7500 5.564451e+01
6485.0000 5.730785e+01
6486.2500 5.586172e+01
6487.5000 5.465900e+01
6488.7500 5.454396e+01
6490.0000 5.466368e+01
6491.2500 5.268017e+01
6492.5000 5.787373e+01
6493.7500 5.588493e+01
6495.0000 5.688566e+01
6496.2500 8.109748e+01
6497.5000 2.342236e+02
6498.7500 2.888360e+02
6500.0000 1.288617e+02
6501.2500 6.107848e+01
6502.5000 6.348194e+01
6503.7500 1.122430e+02
6505.0000 1.327303e+02
6506.2500 7.805831e+01
6507.5000 5.564010e+01
6508.7500 5.268403e+01
6510.0000 5.592030e+01
6511.2500 5.093087e+01
6512.5000 6.201821e+01
6513.7500 6.923491e+01
6515.0000 6.173775e+01
6516.2500 5.258472e+01
6517.5000 5.260712e+01
6518.7500 4.980389e+01
6520.0000 5.119951e+01
6521.2500 8.773528e+01
6522.5000 9.936729e+01
6523.7500 6.463150e+01
6525.0000 5.577635e+01
6526.2500 5.523946e+01
6527.5000 5.098538e+01
6528.7500 5.140710e+01
6530.0000 5.136061e+01
6531.2500 1.110292e+02
6532.5000 2.266343e+02
6533.7500 1.642910e+02
6535.0000 6.342210e+01
6536.2500 4.720865e+01
6537.5000 4.881976e+01
6538.7500 4.972091e+01
6540.0000 5.381081e+01
6541.2500 5.868317e+01
6542.5000 8.346669e+01
6543.7500 1.184520e+02
6545.0000 8.625075e+01
6546.2500 5.393716e+01
6547.5000 5.659614e+01
6548.7500 5.956614e+01
6550.0000 5.204086e+01
6551.2500 7.025715e+01
6552.5000 1.985880e+02
6553.7500 2.411479e+02
6555.0000 1.080223e+02
6556.2500 4.896675e+01
6557.5000 4.916196e+01
6558.7500 4.578400e+01
6560.0000 4.716247e+01
6561.2500 1.379856e+02
6562.5000 2.863763e+02
6563.7500 2.202081e+02
6565.0000 8.106145e+01
6566.2500 5.052198e+01
6567.5000 7.844897e+01
6568.7500 9.990578e+01
6570.0000 7.324859e+01
6571.2500 5.534391e+01
6572.5000 5.209727e+01
6573.7500 5.032684e+01
6575.0000 6.597800e+01
6576.2500 1.585319e+02
6577.5000 1.827652e+02
6578.7500 9.138683e+01
6580.0000 4.956784e+01
6581.2500 4.931469e+01
6582.5000 5.950061e+01
6583.7500 7.815445e+01
6585.0000 6.494107e+01
6586.2500 4.931422e+01
6587.5000 4.854128e+01
6588.7500 4.822298e+01
6590.0000 4.991228e+01
6591.2500 4.971094e+01
6592.5000 4.753288e+01
6593.7500 4.573273e+01
6595.0000 5.977424e+01
6596.2500 8.243513e+01
6597.5000 6.672594e+01
6598.7500 4.724768e+01
6600.0000 4.726186e+01
6601.2500 4.599576e+01
6602.5000 7.395511e+01
6603.7500 1.196864e+02
6605.0000 9.062606e+01
6606.2500 5.039703e+01
6607.5000 4.587161e+01
6608.7500 4.575484e+01
6610.0000 4.838084e+01
6611.2500 4.719873e+01
6612.5000 4.450631e+01
6613.7500 4.753387e+01
6615.0000 4.763921e+01
6616.2500 4.901897e+01
6617.5000 4.736767e+01
6618.7500 4.868308e+01
6620.0000 4.888297e+01
6621.2500 4.748214e+01
6622.5000 4.517445e+01
6623.7500 4.749686e+01
6625.0000 4.748789e+01
6626.2500 5.628914e+01
6627.5000 6.619907e+01
6628.7500 5.505139e+01
6630.0000 4.827176e+01
6631.2500 4.872294e+01
6632.5000 5.812174e+01
6633.7500 7.935974e+01
6635.0000 7.135979e+01
6636.2500 5.162870e+01
6637.5000 5.233471e+01
6638.7500 4.976797e+01
6640.0000 4.977031e+01
6641.2500 4.768397e+01
6642.5000 4.738930e+01
6643.7500 4.554639e+01
6645.0000 4.849607e+01
6646.2500 4.651524e+01
6647.5000 4.756366e+01
6648.7500 4.934209e+01
6650.0000 4.984703e+01
6651.2500 5.062321e+01
6652.5000 4.841084e+01
6653.7500 4.870437e+01
6655.0000 4.902057e+01
6656.2500 4.813446e+01
6657.5000 5.110203e+01
6658.7500 5.028025e+01
6660.0000 5.442687e+01
6661.2500 5.924228e+01
6662.5000 5.663419e+01
6663.7500 5.135040e+01
6665.0000 5.239494e+01
6666.2500 5.739099e+01
6667.5000 6.687836e+01
6668.7500 5.421022e+01
6670.0000 4.959309e+01
6671.2500 4.790754e+01
6672.5000 4.865927e+01
6673.7500 4.792962e+01
6675.0000 4.891727e+01
6676.2500 4.796419e+01
6677.5000 4.903412e+01
6678.7500 4.690590e+01
6680.0000 4.856198e+01
6681.2500 4.816534e+01
6682.5000 4.947946e+01
6683.7500 4.909668e+01
6685.0000 5.044201e+01
6686.2500 4.970073e+01
6687.5000 4.833175e+01
6688.7500 4.978838e+01
6690.0000 4.665699e+01
6691.2500 4.683248e+01
6692.5000 4.639312e+01
6693.7500 4.761536e+01
6695.0000 4.681807e+01
6696.2500 4.679181e+01
6697.5000 5.229957e+01
6698.7500 5.785691e+01
6700.0000 5.948458e+01
6701.2500 4.889202e+01
6702.5000 5.091142e+01
6703.7500 5.582588e+01
6705.0000 5.504328e+01
6706.2500 4.951982e+01
6707.5000 4.965504e+01
6708.7500 4.984947e+01
6710.0000 5.038828e+01
6711.2500 4.678032e+01
6712.5000 4.826396e+01
6713.7500 4.658365e+01
6715.0000 4.977784e+01
6716.2500 7.114269e+01
6717.5000 7.262268e+01
6718.7500 5.417812e+01
6720.0000 5.003003e+01
6721.2500 5.027108e+01
6722.5000 4.735585e+01
6723.7500 4.826036e+01
6725.0000 4.679950e+01
6726.2500 4.337962e+01
6727.5000 4.709394e+01
6728.7500 4.854377e+01
6730.0000 5.541689e+01
6731.2500 6.743621e+01
6732.5000 5.851824e+01
6733.7500 4.844824e+01
6735.0000 4.512291e+01
6736.2500 4.521899e+01
6737.5000 4.639746e+01
6738.7500 4.798467e+01
6740.0000 5.280110e+01
6741.2500 4.900058e+01
6742.5000 4.935826e+01
6743.7500 5.240086e+01
6745.0000 5.121692e+01
6746.2500 4.718095e+01
6747.5000 4.663132e+01
6748.7500 4.578948e+01
6750.0000 4.668480e+01
6751.2500 4.588585e+01
6752.5000 4.450576e+01
6753.7500 4.400280e+01
6755.0000 4.622313e+01
6756.2500 4.580895e+01
6757.5000 4.705168e+01
6758.7500 4.559221e+01
6760.0000 4.343604e+01
6761.2500 4.669877e+01
6762.5000 4.511097e+01
6763.7500 4.444668e+01
6765.0000 4.603410e+01
6766.2500 4.667455e+01
6767.5000 4.582495e+01
6768.7500 4.658829e+01
6770.0000 4.542495e+01
6771.2500 4.413950e+01
6772.5000 4.550019e+01
6773.7500 4.519127e+01
6775.0000 4.620167e+01
6776.2500 4.401360e+01
6777.5000 4.578648e+01
6778.7500 4.622641e+01
6780.0000 4.610906e+01
6781.2500 4.404263e+01
6782.5000 4.596855e+01
6783.7500 4.814753e+01
6785.0000 4.683584e+01
6786.2500 4.588141e+01
6787.5000 4.857487e+01
6788.7500 4.840055e+01
6790.0000 4.324483e+01
6791.2500 4.343128e+01
6792.5000 4.195370e+01
6793.7500 4.286013e+01
6795.0000 4.320450e+01
6796.2500 4.219111e+01
6797.5000 4.156655e+01
6798.7500 4.201880e+01
6800.0000 4.347378e+01
6801.2500 4.287355e+01
6802.5000 4.515004e+01
6803.7500 4.429899e+01
6805.0000 4.143858e+01
6806.2500 4.370353e+01
6807.5000 4.153787e+01
6808.7500 4.060494e+01
6810.0000 4.176332e+01
6811.2500 4.316896e+01
6812.5000 4.155674e+01
6813.7500 4.150252e+01
6815.0000 4.342108e+01
6816.2500 4.333439e+01
6817.5000 4.297984e+01
6818.7500 4.347232e+01
6820.0000 4.286016e+01
6821.2500 4.273666e+01
6822.5000 3.989811e+01
6823.7500 4.192642e+01
6825.0000 4.603964e+01
6826.2500 1.045749e+02
6827.5000 1.960421e+02
6828.7500 2.977328e+02
6830.0000 2.407704e+02
6831.2500 9.465353e+01
6832.5000 1.462262e+02
6833.7500 3.010482e+02
6835.0000 2.357104e+02
6836.2500 7.142165e+01
6837.5000 4.523853e+01
6838.7500 5.077879e+01
6840.0000 6.876933e+01
6841.2500 1.049233e+02
6842.5000 9.503968e+01
6843.7500 4.957818e+01
6845.0000 4.094057e+01
6846.2500 4.184629e+01
6847.5000 4.186824e+01
6848.7500 4.499723e+01
6850.0000 5.085939e+01
6851.2500 4.760693e+01
6852.5000 4.417254e+01
6853.7500 4.142142e+01
6855.0000 4.129973e+01
6856.2500 3.903123e+01
6857.5000 4.225090e+01
6858.7500 4.100665e+01
6860.0000 4.264674e+01
6861.2500 7.968039e+01
6862.5000 3.308627e+02
6863.7500 5.817209e+02
6865.0000 3.083184e+02
6866.2500 6.371672e+01
6867.5000 6.563924e+01
6868.7500 8.706743e+01
6870.0000 1.673463e+02
6871.2500 1.868585e+02
6872.5000 9.107908e+01
6873.7500 5.439572e+01
6875.0000 5.247238e+01
6876.2500 5.701482e+01
6877.5000 5.806006e+01
6878.7500 6.151756e+01
6880.0000 1.046603e+02
6881.2500 1.131575e+02
6882.5000 6.887524e+01
6883.7500 5.399020e+01
6885.0000 5.700872e+01
6886.2500 6.407550e+01
6887.5000 1.156477e+02
6888.7500 2.776944e+02
6890.0000 2.273305e+02
6891.2500 7.433494e+01
6892.5000 6.353713e+01
6893.7500 7.982884e+01
6895.0000 7.385479e+01
6896.2500 5.636635e+01
6897.5000 5.452461e+01
6898.7500 7.540588e+01
6900.0000 2.424863e+02
6901.2500 2.293612e+02
6902.5000 7.376910e+01
6903.7500 5.445383e+01
6905.0000 4.730816e+01
6906.2500 4.509886e+01
6907.5000 4.249408e+01
6908.7500 4.747492e+01
6910.0000 5.338920e+01
6911.2500 1.273251e+02
6912.5000 2.182333e+02
6913.7500 1.358207e+02
6915.0000 4.548326e+01
6916.2500 4.134061e+01
6917.5000 4.095373e+01
6918.7500 4.196333e+01
6920.0000 4.731881e+01
6921.2500 1.050917e+02
6922.5000 3.320641e+02
6923.7500 3.283896e+02
6925.0000 8.005267e+01
6926.2500 4.457811e+01
6927.5000 4.346903e+01
6928.7500 4.541340e+01
6930.0000 4.572058e+01
6931.2500 4.527223e+01
6932.5000 4.057076e+01
6933.7500 4.060954e+01
6935.0000 4.037017e+01
6936.2500 4.149687e+01
6937.5000 6.270216e+01
6938.7500 1.596515e+02
6940.0000 1.573945e+02
6941.2500 6.230479e+01
6942.5000 4.366374e+01
6943.7500 4.125914e+01
6945.0000 4.017975e+01
6946.2500 4.717599e+01
6947.5000 1.809344e+02
6948.7500 3.873151e+02
6950.0000 2.338052e+02
6951.2500 6.010618e+01
6952.5000 4.722166e+01
6953.7500 4.282685e+01
6955.0000 4.683791e+01
6956.2500 4.952552e+01
6957.5000 5.006190e+01
6958.7500 4.616437e+01
6960.0000 4.782409e+01
6961.2500 4.782751e+01
6962.5000 4.660418e+01
6963.7500 4.552480e+01
6965.0000 4.944855e+01
6966.2500 5.020356e+01
6967.5000 4.965662e+01
6968.7500 9.652968e+01
6970.0000 1.291066e+02
6971.2500 6.814091e+01
6972.5000 4.460174e+01
6973.7500 4.208088e+01
6975.0000 4.635106e+01
6976.2500 6.506084e+01
6977.5000 1.997789e+02
6978.7500 2.137455e+02
6980.0000 7.742394e+01
6981.2500 4.142302e+01
6982.5000 4.433437e+01
6983.7500 4.666581e+01
6985.0000 4.701506e+01
6986.2500 4.871684e+01
6987.5000 4.481831e+01
6988.7500 4.452438e+01
6990.0000 4.229227e+01
6991.2500 4.165820e+01
6992.5000 4.215624e+01
6993.7500 3.967728e+01
6995.0000 4.581305e+01
6996.2500 4.884739e+01
6997.5000 4.597570e+01
6998.7500 4.688264e+01
7000.0000 4.775333e+01
7001.2500 5.207923e+01
7002.5000 7.430013e+01
7003.7500 8.924481e+01
7005.0000 5.791160e+01
7006.2500 3.932518e+01
7007.5000 3.971023e+01
7008.7500 4.195468e+01
7010.0000 9.102036e+01
7011.2500 1.273347e+02
7012.5000 7.801108e+01
7013.7500 4.136227e+01
7015.0000 3.728360e+01
7016.2500 3.490167e+01
7017.5000 3.810221e+01
7018.7500 3.750684e+01
7020.0000 3.967720e+01
7021.2500 3.875989e+01
7022.5000 3.708587e+01
7023.7500 3.842183e+01
7025.0000 3.647456e+01
7026.2500 3.850146e+01
7027.5000 4.107168e+01
7028.7500 4.604832e+01
7030.0000 4.241303e+01
7031.2500 3.842117e+01
7032.5000 3.857690e+01
7033.7500 3.724205e+01
7035.0000 4.045566e+01
7036.2500 3.771247e+01
7037.5000 3.817379e+01
7038.7500 3.829870e+01
7040.0000 5.450051e+01
7041.2500 6.309280e+01
7042.5000 5.029954e+01
7043.7500 4.316120e+01
7045.0000 4.904410e+01
7046.2500 6.931390e+01
7047.5000 1.006240e+02
7048.7500 9.192309e+01
7050.0000 6.368615e+01
7051.2500 5.959494e+01
7052.5000 5.650441e+01
7053.7500 5.448015e+01
7055.0000 4.958532e+01
7056.2500 4.434857e+01
7057.5000 4.100800e+01
7058.7500 4.054429e+01
7060.0000 4.384236e+01
7061.2500 4.797951e+01
7062.5000 5.200023e+01
7063.7500 5.288770e+01
7065.0000 5.333545e+01
7066.2500 6.050894e+01
7067.5000 5.271071e+01
7068.7500 4.983650e+01
7070.0000 5.733029e+01
7071.2500 4.960076e+01
7072.5000 4.848226e+01
7073.7500 5.567504e+01
7075.0000 4.815832e+01
7076.2500 4.446871e+01
7077.5000 5.425117e+01
7078.7500 5.183067e+01
7080.0000 4.687755e+01
7081.2500 5.635587e+01
7082.5000 6.550916e+01
7083.7500 4.954445e+01
7085.0000 4.129067e+01
7086.2500 4.839244e+01
7087.5000 6.635291e+01
7088.7500 6.991584e+01
7090.0000 5.459487e+01
7091.2500 5.079566e+01
7092.5000 4.616884e+01
7093.7500 4.337413e+01
7095.0000 4.176628e+01
7096.2500 4.071397e+01
7097.5000 4.138279e+01
7098.7500 4.078401e+01
7100.0000 4.502594e+01
7101.2500 4.146425e+01
7102.5000 4.227815e+01
7103.7500 4.247641e+01
7105.0000 4.012087e+01
7106.2500 4.143741e+01
7107.5000 4.346894e+01
7108.7500 4.106458e+01
7110.0000 4.201393e+01
7111.2500 4.325547e+01
7112.5000 4.155210e+01
7113.7500 4.078636e+01
7115.0000 3.983503e+01
7116.2500 4.142818e+01
7117.5000 4.102900e+01
7118.7500 4.091220e+01
7120.0000 3.808604e+01
7121.2500 4.051023e+01
7122.5000 4.024118e+01
7123.7500 3.931842e+01
7125.0000 4.123824e+01
7126.2500 5.373589e+01
7127.5000 5.513170e+01
7128.7500 4.651687e+01
7130.0000 4.077381e+01
7131.2500 4.879868e+01
7132.5000 5.778658e+01
7133.7500 5.032103e+01
7135.0000 4.119362e+01
7136.2500 3.995242e+01
7137.5000 3.934732e+01
7138.7500 3.887519e+01
7140.0000 4.410752e+01
7141.2500 5.714350e+01
7142.5000 6.636667e+01
7143.7500 7.213541e+01
7145.0000 6.469611e+01
7146.2500 6.351288e+01
7147.5000 5.941288e+01
7148.7500 5.367677e+01
7150.0000 5.388499e+01
7151.2500 4.930343e+01
7152.5000 4.301548e+01
7153.7500 4.164077e+01
7155.0000 4.288275e+01
7156.2500 4.490143e+01
7157.5000 4.779388e+01
7158.7500 5.248331e+01
7160.0000 5.073597e+01
7161.2500 5.574486e+01
7162.5000 5.458989e+01
7163.7500 4.847992e+01
7165.0000 5.519848e+01
7166.2500 5.533368e+01
7167.5000 4.907284e+01
7168.7500 5.577541e+01
7170.0000 6.117041e+01
7171.2500 5.163014e+01
7172.5000 5.828779e+01
7173.7500 7.776608e+01
7175.0000 8.121054e+01
7176.2500 8.062235e+01
7177.5000 7.606321e+01
7178.7500 7.409467e+01
7180.0000 7.078056e+01
7181.2500 7.156139e+01
7182.5000 6.004065e+01
7183.7500 5.297054e+01
7185.0000 5.178095e+01
7186.2500 4.556565e+01
7187.5000 4.834063e+01
7188.7500 4.678447e+01
7190.0000 4.293166e+01
7191.2500 4.179635e+01
7192.5000 4.549048e+01
7193.7500 4.338197e+01
7195.0000 4.214535e+01
7196.2500 4.134058e+01
7197.5000 4.063251e+01
7198.7500 4.447840e+01
7200.0000 4.639062e+01
7201.2500 4.692104e+01
7202.5000 4.382146e+01
7203.7500 4.127116e+01
7205.0000 3.970065e+01
7206.2500 4.170223e+01
7207.5000 4.380960e+01
7208.7500 4.153624e+01
7210.0000 3.927517e+01
7211.2500 3.908161e+01
7212.5000 3.914274e+01
7213.7500 3.789181e+01
7215.0000 3.883743e+01
7216.2500 3.757471e+01
7217.5000 3.809448e+01
7218.7500 3.738474e+01
7220.0000 4.244520e+01
7221.2500 4.906790e+01
7222.5000 5.046246e+01
7223.7500 4.856702e+01
7225.0000 4.861734e+01
7226.2500 4.239624e+01
7227.5000 4.688401e+01
7228.7500 5.377364e+01
7230.0000 4.889797e+01
7231.2500 4.245484e+01
7232.5000 5.459283e+01
7233.7500 6.024360e+01
7235.0000 5.138768e+01
7236.2500 5.570575e+01
7237.5000 1.984412e+02
7238.7500 5.179197e+02
7240.0000 8.144502e+02
7241.2500 5.763694e+02
7242.5000 2.098727e+02
7243.7500 5.764438e+02
7245.0000 8.448569e+02
7246.2500 3.475202e+02
7247.5000 1.111729e+02
7248.7500 5.814854e+01
7250.0000 5.571366e+01
7251.2500 8.766420e+01
7252.5000 2.143029e+02
7253.7500 1.897253e+02
7255.0000 9.715765e+01
7256.2500 7.612626e+01
7257.5000 4.953105e+01
7258.7500 4.821447e+01
7260.0000 5.011463e+01
7261.2500 4.926280e+01
7262.5000 5.290324e+01
7263.7500 5.295375e+01
7265.0000 4.682442e+01
7266.2500 6.004158e+01
7267.5000 7.121294e+01
7268.7500 7.155709e+01
7270.0000 5.921925e+01
7271.2500 5.348006e+01
7272.5000 5.225705e+01
7273.7500 1.477729e+02
7275.0000 9.248198e+02
7276.2500 1.976327e+03
7277.5000 7.906038e+02
7278.7500 6.638809e+01
7280.0000 6.799937e+01
7281.2500 8.007593e+01
7282.5000 1.437932e+02
7283.7500 4.199629e+02
7285.0000 3.767596e+02
7286.2500 9.988009e+01
7287.5000 4.874873e+01
7288.7500 4.754976e+01
7290.0000 6.027449e+01
7291.2500 6.660888e+01
7292.5000 5.723904e+01
7293.7500 5.923531e+01
7295.0000 1.472205e+02
7296.2500 1.524425e+02
7297.5000 6.146442e+01
7298.7500 3.935710e+01
7300.0000 3.999769e+01
7301.2500 5.239365e+01
7302.5000 2.090873e+02
7303.7500 3.171757e+02
7305.0000 1.311646e+02
7306.2500 5.553905e+01
7307.5000 5.027897e+01
7308.7500 4.420315e+01
7310.0000 6.672841e+01
7311.2500 7.089499e+01
7312.5000 5.202860e+01
7313.7500 7.620478e+01
7315.0000 5.911871e+02
7316.2500 9.890457e+02
7317.5000 3.878733e+02
7318.7500 4.901729e+01
7320.0000 4.189268e+01
7321.2500 3.778033e+01
7322.5000 3.778091e+01
7323.7500 4.096479e+01
7325.0000 3.869902e+01
7326.2500 4.225843e+01
7327.5000 1.647377e+02
7328.7500 3.986623e+02
7330.0000 2.673524e+02
7331.2500 6.251491e+01
7332.5000 4.638684e+01
7333.7500 4.121967e+01
7335.0000 4.002306e+01
7336.2500 4.010309e+01
7337.5000 4.378340e+01
7338.7500 1.737010e+02
7340.0000 9.437589e+02
7341.2500 1.001418e+03
7342.5000 2.121739e+02
7343.7500 5.477448e+01
7345.0000 5.561049e+01
7346.2500 5.008386e+01
7347.5000 4.897961e+01
7348.7500 4.697806e+01
7350.0000 5.242474e+01
7351.2500 5.928603e+01
7352.5000 5.347146e+01
7353.7500 4.696886e+01
7355.0000 4.467014e+01
7356.2500 6.431182e+01
7357.5000 2.419413e+02
7358.7500 3.328939e+02
7360.0000 1.330815e+02
7361.2500 4.587130e+01
7362.5000 4.423494e+01
7363.7500 5.176447e+01
7365.0000 5.149984e+01
7366.2500 5.095330e+01
7367.5000 2.165483e+02
7368.7500 7.692982e+02
7370.0000 6.127170e+02
7371.2500 9.802376e+01
7372.5000 4.895838e+01
7373.7500 5.949808e+01
7375.0000 5.048066e+01
7376.2500 3.825920e+01
7377.5000 4.202117e+01
7378.7500 4.432143e+01
7380.0000 4.052472e+01
7381.2500 3.821469e+01
7382.5000 4.354210e+01
7383.7500 4.381466e+01
7385.0000 3.650185e+01
7386.2500 3.840521e+01
7387.5000 4.159847e+01
7388.7500 4.716643e+01
7390.0000 7.400362e+01
7391.2500 1.950585e+02
7392.5000 2.112903e+02
7393.7500 7.922092e+01
7395.0000 4.048316e+01
7396.2500 3.709365e+01
7397.5000 3.650436e+01
7398.7500 4.350460e+01
7400.0000 1.482852e+02
7401.2500 4.454156e+02
7402.5000 3.536448e+02
7403.7500 7.292706e+01
7405.0000 3.880100e+01
7406.2500 3.652674e+01
7407.5000 3.639453e+01
7408.7500 3.451082e+01
7410.0000 3.859492e+01
7411.2500 4.667077e+01
7412.5000 5.150729e+01
7413.7500 4.046749e+01
7415.0000 4.090056e+01
7416.2500 4.309591e+01
7417.5000 4.227904e+01
7418.7500 3.624769e+01
7420.0000 3.415505e+01
7421.2500 3.734591e+01
7422.5000 4.136094e+01
7423.7500 3.814772e+01
7425.0000 3.442635e+01
7426.2500 3.518702e+01
7427.5000 4.682314e+01
7428.7500 1.139814e+02
7430.0000 1.349649e+02
7431.2500 5.812299e+01
7432.5000 3.617247e+01
7433.7500 3.441209e+01
7435.0000 3.541948e+01
7436.2500 6.362363e+01
7437.5000 2.000376e+02
7438.7500 2.248988e+02
7440.0000 8.341795e+01
7441.2500 3.793944e+01
7442.5000 3.602255e+01
7443.7500 3.692100e+01
7445.0000 3.477822e+01
7446.2500 3.364594e+01
7447.5000 3.413929e+01
7448.7500 3.344360e+01
7450.0000 3.475298e+01
7451.2500 3.745798e+01
7452.5000 3.562680e+01
7453.7500 3.487017e+01
7455.0000 3.530552e+01
7456.2500 3.705245e+01
7457.5000 3.949554e+01
7458.7500 4.263428e+01
7460.0000 4.178668e+01
7461.2500 5.933095e+01
7462.5000 6.536386e+01
7463.7500 5.599303e+01
7465.0000 7.335920e+01
7466.2500 1.034282e+02
7467.5000 6.924493e+01
7468.7500 5.047238e+01
7470.0000 9.657439e+01
7471.2500 1.329929e+02
7472.5000 1.664112e+02
7473.7500 1.642249e+02
7475.0000 7.325401e+01
7476.2500 4.670988e+01
7477.5000 8.895352e+01
7478.7500 1.755145e+02
7480.0000 1.613656e+02
7481.2500 9.139040e+01
7482.5000 1.777295e+02
7483.7500 1.890971e+02
7485.0000 6.869105e+01
7486.2500 4.402021e+01
7487.5000 4.581982e+01
7488.7500 4.245673e+01
7490.0000 3.808639e+01
7491.2500 4.107873e+01
7492.5000 8.158539e+01
7493.7500 9.295063e+01
7495.0000 5.028787e+01
7496.2500 3.609675e+01
7497.5000 3.776283e+01
7498.7500 4.022857e+01
7500.0000 4.119158e+01
7501.2500 3.921803e+01
7502.5000 3.913828e+01
7503.7500 3.848907e+01
7505.0000 3.490026e+01
7506.2500 3.631812e+01
7507.5000 3.548037e+01
7508.7500 3.820943e+01
7510.0000 3.558117e+01
7511.2500 3.251151e+01
7512.5000 3.514772e+01
7513.7500 3.549508e+01
7515.0000 4.106662e+01
7516.2500 6.728816e+01
7517.5000 7.733443e+01
7518.7500 4.736214e+01
7520.0000 4.322978e+01
7521.2500 8.159512e+01
7522.5000 3.804979e+02
7523.7500 6.280277e+02
7525.0000 2.960360e+02
7526.2500 5.673069e+01
7527.5000 5.198116e+01
7528.7500 9.332460e+01
7530.0000 1.853974e+02
7531.2500 1.552354e+02
7532.5000 5.067579e+01
7533.7500 3.874919e+01
7535.0000 3.930908e+01
7536.2500 4.174922e+01
7537.5000 4.457895e+01
7538.7500 6.047023e+01
7540.0000 8.401494e+01
7541.2500 6.333998e+01
7542.5000 4.157120e+01
7543.7500 4.190179e+01
7545.0000 4.310755e+01
7546.2500 4.375643e+01
7547.5000 4.431559e+01
7548.7500 4.032152e+01
7550.0000 4.156315e+01
7551.2500 4.473114e+01
7552.5000 4.995592e+01
7553.7500 4.696320e+01
7555.0000 4.577451e+01
7556.2500 1.217127e+02
7557.5000 1.613866e+02
7558.7500 7.477697e+01
7560.0000 4.743710e+01
7561.2500 4.416397e+01
7562.5000 4.284227e+01
7563.7500 4.525960e+01
7565.0000 4.340867e+01
7566.2500 6.383311e+01
7567.5000 7.743347e+01
7568.7500 5.951543e+01
7570.0000 1.992400e+02
7571.2500 4.944036e+02
7572.5000 3.425206e+02
7573.7500 1.025090e+02
7575.0000 6.731280e+01
7576.2500 4.551598e+01
7577.5000 4.499858e+01
7578.7500 4.301107e+01
7580.0000 4.711635e+01
7581.2500 5.016821e+01
7582.5000 4.989473e+01
7583.7500 6.640887e+01
7585.0000 2.611505e+02
7586.2500 3.477210e+02
7587.5000 1.152187e+02
7588.7500 6.668208e+01
7590.0000 6.711378e+01
7591.2500 7.116824e+01
7592.5000 6.762826e+01
7593.7500 8.102473e+01
7595.0000 9.769762e+01
7596.2500 2.538245e+02
7597.5000 1.167944e+03
7598.7500 1.303949e+03
7600.0000 3.921128e+02
7601.2500 2.183967e+02
7602.5000 2.630323e+02
7603.7500 3.282649e+02
7605.0000 3.107370e+02
7606.2500 2.719514e+02
7607.5000 2.863360e+02
7608.7500 2.594418e+02
7610.0000 2.472098e+02
7611.2500 1.998315e+02
7612.5000 1.525034e+02
7613.7500 1.364337e+02
7615.0000 9.396687e+01
7616.2500 1.575660e+02
7617.5000 3.115007e+02
7618.7500 1.763333e+02
7620.0000 8.462009e+01
7621.2500 1.342930e+02
7622.5000 1.609983e+02
7623.7500 1.415597e+02
7625.0000 1.325147e+02
7626.2500 1.405642e+02
7627.5000 7.051223e+02
7628.7500 9.289861e+02
7630.0000 2.914772e+02
7631.2500 1.173349e+02
7632.5000 1.377590e+02
7633.7500 1.075242e+02
7635.0000 9.092342e+01
7636.2500 1.095948e+02
7637.5000 9.976502e+01
7638.7500 9.297440e+01
7640.0000 9.762318e+01
7641.2500 1.140447e+02
7642.5000 8.743491e+01
7643.7500 7.863139e+01
7645.0000 9.157013e+01
7646.2500 7.928124e+01
7647.5000 6.852928e+01
7648.7500 6.949993e+01
7650.0000 8.528755e+01
7651.2500 8.154817e+01
7652.5000 1.513057e+02
7653.7500 1.832120e+02
7655.0000 9.002442e+01
7656.2500 6.479388e+01
7657.5000 4.779476e+01
7658.7500 5.392590e+01
7660.0000 7.146844e+01
7661.2500 2.592712e+02
7662.5000 2.402504e+02
7663.7500 1.060988e+02
7665.0000 5.105964e+01
7666.2500 5.451387e+01
7667.5000 4.663675e+01
7668.7500 4.044350e+01
7670.0000 4.392873e+01
7671.2500 5.397313e+01
7672.5000 5.568358e+01
7673.7500 4.509409e+01
7675.0000 3.930684e+01
7676.2500 4.142336e+01
7677.5000 4.440518e+01
7678.7500 4.354995e+01
7680.0000 4.482324e+01
7681.2500 6.070071e+01
7682.5000 5.690777e+01
7683.7500 4.898901e+01
7685.0000 4.930198e+01
7686.2500 6.281684e+01
7687.5000 6.514587e+01
7688.7500 5.342897e+01
7690.0000 5.063382e+01
7691.2500 7.602219e+01
7692.5000 7.157285e+01
7693.7500 4.634221e+01
7695.0000 4.227835e+01
7696.2500 4.660332e+01
7697.5000 5.449826e+01
7698.7500 9.445264e+01
7700.0000 9.381625e+01
7701.2500 5.507336e+01
7702.5000 4.207758e+01
7703.7500 4.028426e+01
7705.0000 3.728503e+01
7706.2500 3.338095e+01
7707.5000 3.589080e+01
7708.7500 3.640494e+01
7710.0000 8.330627e+01
7711.2500 5.005861e+02
7712.5000 8.229295e+02
7713.7500 4.375970e+02
7715.0000 4.237870e+02
7716.2500 8.284756e+02
7717.5000 7.235665e+02
7718.7500 2.371102e+02
7720.0000 5.944467e+01
7721.2500 4.785211e+01
7722.5000 9.812895e+01
7723.7500 1.439205e+02
7725.0000 1.969674e+02
7726.2500 2.005499e+02
7727.5000 8.359917e+01
7728.7500 4.245975e+01
7730.0000 4.549950e+01
7731.2500 4.296223e+01
7732.5000 4.560077e+01
7733.7500 6.400240e+01
7735.0000 8.125590e+01
7736.2500 6.641513e+01
7737.5000 4.407151e+01
7738.7500 4.525423e+01
7740.0000 5.209451e+01
7741.2500 4.726775e+01
7742.5000 3.946200e+01
7743.7500 3.981147e+01
7745.0000 4.856981e+01
7746.2500 5.044451e+01
7747.5000 8.515556e+01
7748.7500 5.350295e+02
7750.0000 1.420352e+03
7751.2500 1.009717e+03
7752.5000 1.631855e+02
7753.7500 4.435134e+01
7755.0000 4.829044e+01
7756.2500 6.852892e+01
7757.5000 9.286298e+01
7758.7500 3.720442e+02
7760.0000 5.179320e+02
7761.2500 1.741963e+02
7762.5000 4.172873e+01
7763.7500 4.047810e+01
7765.0000 3.899530e+01
7766.2500 3.769922e+01
7767.5000 4.174758e+01
7768.7500 5.179692e+01
7770.0000 8.306917e+01
7771.2500 2.024041e+02
7772.5000 3.335453e+02
7773.7500 3.188523e+02
7775.0000 1.677240e+02
7776.2500 6.867039e+01
7777.5000 4.603567e+01
7778.7500 1.791579e+02
7780.0000 3.420670e+02
7781.2500 2.002811e+02
7782.5000 5.451037e+01
7783.7500 5.049679e+01
7785.0000 6.170152e+01
7786.2500 6.122324e+01
7787.5000 5.698426e+01
7788.7500 6.628242e+01
7790.0000 1.070074e+02
7791.2500 1.235905e+02
7792.5000 6.291945e+02
7793.7500 1.289539e+03
7795.0000 6.113424e+02
7796.2500 7.482229e+01
7797.5000 5.329742e+01
7798.7500 5.063725e+01
7800.0000 4.597925e+01
7801.2500 4.357281e+01
7802.5000 4.725110e+01
7803.7500 5.151950e+01
7805.0000 4.977815e+01
7806.2500 1.194299e+02
7807.5000 4.824391e+02
7808.7500 4.844322e+02
7810.0000 1.199312e+02
7811.2500 6.897115e+01
7812.5000 6.957598e+01
7813.7500 7.647392e+01
7815.0000 8.533764e+01
7816.2500 6.800830e+01
7817.5000 6.715477e+01
7818.7500 1.178699e+02
7820.0000 9.401855e+02
7821.2500 1.787066e+03
7822.5000 7.603668e+02
7823.7500 8.342435e+01
7825.0000 6.552900e+01
7826.2500 5.514565e+01
7827.5000 7.029340e+01
7828.7500 8.219981e+01
7830.0000 6.123936e+01
7831.2500 5.145168e+01
7832.5000 6.402517e+01
7833.7500 7.077364e+01
7835.0000 5.697054e+01
7836.2500 4.692941e+01
7837.5000 5.195335e+01
7838.7500 7.561342e+01
7840.0000 3.587340e+02
7841.2500 5.191166e+02
7842.5000 1.996938e+02
7843.7500 5.107801e+01
7845.0000 5.021637e+01
7846.2500 5.285058e+01
7847.5000 7.126163e+01
7848.7500 1.858247e+02
7850.0000 2.105222e+02
7851.2500 3.451825e+02
7852.5000 1.558408e+03
7853.7500 1.588711e+03
7855.0000 3.040467e+02
7856.2500 9.265565e+01
7857.5000 1.980218e+02
7858.7500 2.788491e+02
7860.0000 6.284869e+02
7861.2500 5.337476e+02
7862.5000 9.126883e+01
7863.7500 5.064630e+01
7865.0000 5.534085e+01
7866.2500 1.600137e+02
7867.5000 2.932762e+02
7868.7500 2.813946e+02
7870.0000 6.926636e+02
7871.2500 6.323564e+02
7872.5000 1.195547e+02
7873.7500 5.184082e+01
7875.0000 5.071015e+01
7876.2500 6.491973e+01
7877.5000 2.439147e+02
7878.7500 3.801190e+02
7880.0000 2.625243e+02
7881.2500 3.235434e+02
7882.5000 2.247121e+02
7883.7500 8.092770e+01
7885.0000 7.944659e+01
7886.2500 8.696821e+01
7887.5000 1.345108e+02
7888.7500 5.747098e+02
7890.0000 7.889150e+02
7891.2500 2.966225e+02
7892.5000 8.529380e+01
7893.7500 8.143821e+01
7895.0000 7.475555e+01
7896.2500 6.607309e+01
7897.5000 7.037505e+01
7898.7500 6.228290e+01
7900.0000 4.873767e+01
7901.2500 5.253023e+01
7902.5000 6.521795e+01
7903.7500 6.285479e+01
7905.0000 6.021737e+01
7906.2500 6.879388e+01
7907.5000 5.930704e+01
7908.7500 6.278938e+01
7910.0000 9.474328e+01
7911.2500 2.935237e+02
7912.5000 1.385437e+03
7913.7500 2.004619e+03
7915.0000 6.963253e+02
7916.2500 7.556802e+01
7917.5000 1.040741e+02
7918.7500 1.834288e+02
7920.0000 5.856702e+02
7921.2500 7.523812e+02
7922.5000 2.606633e+02
7923.7500 6.766202e+01
7925.0000 5.515964e+01
7926.2500 4.347226e+01
7927.5000 6.553276e+01
7928.7500 1.077451e+02
7930.0000 3.385267e+02
7931.2500 5.104974e+02
7932.5000 2.539603e+02
7933.7500 7.498238e+01
7935.0000 5.295418e+01
7936.2500 4.441286e+01
7937.5000 4.496220e+01
7938.7500 4.764712e+01
7940.0000 5.239107e+01
7941.2500 5.391506e+01
7942.5000 5.774337e+01
7943.7500 6.298800e+01
7945.0000 8.157702e+01
7946.2500 7.797694e+01
7947.5000 1.895526e+02
7948.7500 4.101304e+02
7950.0000 2.635367e+02
7951.2500 6.876349e+01
7952.5000 5.794350e+01
7953.7500 4.386821e+01
7955.0000 4.347191e+01
7956.2500 4.140747e+01
7957.5000 4.400681e+01
7958.7500 4.234531e+01
7960.0000 4.190879e+01
7961.2500 5.162112e+01
7962.5000 2.540139e+02
7963.7500 1.306880e+03
7965.0000 1.319374e+03
7966.2500 2.613168e+02
7967.5000 1.279330e+02
7968.7500 1.097465e+02
7970.0000 5.605978e+01
7971.2500 5.169188e+01
7972.5000 5.388293e+01
7973.7500 4.690373e+01
7975.0000 6.810371e+01
7976.2500 1.723852e+02
7977.5000 2.493390e+02
7978.7500 4.946127e+02
7980.0000 5.111604e+02
7981.2500 1.351801e+02
7982.5000 4.439492e+01
7983.7500 4.592062e+01
7985.0000 5.135775e+01
7986.2500 6.023902e+01
7987.5000 6.793578e+01
7988.7500 6.484142e+01
7990.0000 7.257767e+01
7991.2500 3.311567e+02
7992.5000 1.602664e+03
7993.7500 1.528571e+03
7995.0000 2.642792e+02
7996.2500 7.470849e+01
7997.5000 7.929693e+01
7998.7500 7.199947e+01
8000.0000 6.618114e+01
8001.2500 6.742817e+01
8002.5000 6.746803e+01
8003.7500 6.098745e+01
8005.0000 5.530535e+01
8006.2500 5.081969e+01
8007.5000 5.101616e+01
8008.7500 5.330416e+01
8010.0000 5.588580e+01
8011.2500 7.301388e+01
8012.5000 2.411421e+02
8013.7500 4.756252e+02
8015.0000 2.921416e+02
8016.2500 7.364507e+01
8017.5000 5.838811e+01
8018.7500 9.282774e+01
8020.0000 1.238044e+02
8021.2500 8.175858e+01
8022.5000 6.204971e+01
8023.7500 2.557635e+02
8025.0000 1.061169e+03
8026.2500 9.869979e+02
8027.5000 2.512021e+02
8028.7500 1.394597e+02
8030.0000 9.331770e+01
8031.2500 7.776949e+01
8032.5000 6.821373e+01
8033.7500 6.243836e+01
8035.0000 6.013278e+01
8036.2500 5.486661e+01
8037.5000 4.960690e+01
8038.7500 5.162847e+01
8040.0000 5.546193e+01
8041.2500 5.682307e+01
8042.5000 5.013091e+01
8043.7500 4.699697e+01
8045.0000 4.791251e+01
8046.2500 4.826406e+01
8047.5000 5.020002e+01
8048.7500 6.707673e+01
8050.0000 1.239380e+02
8051.2500 2.714568e+02
8052.5000 2.316900e+02
8053.7500 7.430412e+01
8055.0000 4.611535e+01
8056.2500 4.654794e+01
8057.5000 4.868697e+01
8058.7500 4.905753e+01
8060.0000 1.310131e+02
8061.2500 4.919107e+02
8062.5000 5.086292e+02
8063.7500 1.428250e+02
8065.0000 5.584910e+01
8066.2500 5.480202e+01
8067.5000 5.087144e+01
8068.7500 4.620483e+01
8070.0000 4.415502e+01
8071.2500 4.552454e+01
8072.5000 4.806148e+01
8073.7500 5.965978e+01
8075.0000 6.021078e+01
8076.2500 6.688605e+01
8077.5000 7.160287e+01
8078.7500 5.496809e+01
8080.0000 4.807681e+01
8081.2500 5.136706e+01
8082.5000 5.736277e+01
8083.7500 8.136240e+01
8085.0000 9.072353e+01
8086.2500 6.766694e+01
8087.5000 4.923811e+01
8088.7500 4.625903e+01
8090.0000 4.887782e+01
8091.2500 5.740955e+01
8092.5000 1.310135e+02
8093.7500 1.698257e+02
8095.0000 9.048744e+01
8096.2500 5.282904e+01
8097.5000 5.364098e+01
8098.7500 5.343243e+01
8100.0000 7.095139e+01
8101.2500 2.126245e+02
8102.5000 2.918059e+02
8103.7500 1.479347e+02
8105.0000 7.306127e+01
8106.2500 6.352260e+01
8107.5000 6.306441e+01
8108.7500 6.172140e+01
8110.0000 5.897186e+01
8111.2500 5.760623e+01
8112.5000 5.710498e+01
8113.7500 5.332927e+01
8115.0000 5.406006e+01
8116.2500 5.043086e+01
8117.5000 4.741269e+01
8118.7500 4.829943e+01
8120.0000 5.160466e+01
8121.2500 5.354736e+01
8122.5000 5.564729e+01
8123.7500 5.404004e+01
8125.0000 5.441551e+01
8126.2500 5.910613e+01
8127.5000 5.828967e+01
8128.7500 5.491623e+01
8130.0000 5.357877e+01
8131.2500 6.801605e+01
8132.5000 5.951432e+01
8133.7500 5.717996e+01
8135.0000 6.195395e+01
8136.2500 6.340083e+01
8137.5000 8.329602e+01
8138.7500 1.179451e+02
8140.0000 1.035700e+02
8141.2500 5.945586e+01
8142.5000 5.071113e+01
8143.7500 4.814865e+01
8145.0000 7.266904e+01
8146.2500 1.413685e+02
8147.5000 1.277773e+02
8148.7500 6.332470e+01
8150.0000 5.016304e+01
8151.2500 4.888995e+01
8152.5000 4.901625e+01
8153.7500 4.905258e+01
8155.0000 4.856331e+01
8156.2500 4.561801e+01
8157.5000 4.505608e+01
8158.7500 4.658035e+01
8160.0000 4.718897e+01
8161.2500 4.913685e+01
8162.5000 5.221062e+01
8163.7500 5.134209e+01
8165.0000 4.751686e+01
8166.2500 4.431523e+01
8167.5000 4.145279e+01
8168.7500 4.281430e+01
8170.0000 4.584968e+01
8171.2500 4.746309e+01
8172.5000 4.245538e+01
8173.7500 4.111796e+01
8175.0000 4.209810e+01
8176.2500 4.393541e+01
8177.5000 4.676665e+01
8178.7500 4.915917e+01
8180.0000 4.531193e+01
8181.2500 4.347206e+01
8182.5000 4.199910e+01
8183.7500 4.292050e+01
8185.0000 4.468710e+01
8186.2500 5.111111e+01
8187.5000 7.424023e+01
8188.7500 7.344306e+01
8190.0000 5.387443e+01
8191.2500 4.516167e+01
8192.5000 4.735225e+01
8193.7500 7.049233e+01
8195.0000 8.288354e+01
8196.2500 6.854169e+01
8197.5000 5.185199e+01
8198.7500 4.900859e+01
8200.0000 4.865283e+01
8201.2500 4.821062e+01
8202.5000 4.913517e+01
8203.7500 5.342435e+01
8205.0000 5.198870e+01
8206.2500 6.052672e+01
8207.5000 6.036361e+01
8208.7500 5.810468e+01
8210.0000 5.060873e+01
8211.2500 4.993108e+01
8212.5000 5.507830e+01
8213.7500 5.746025e+01
8215.0000 5.885644e+01
8216.2500 5.386455e+01
8217.5000 5.488332e+01
8218.7500 5.566092e+01
8220.0000 5.201413e+01
8221.2500 5.301166e+01
8222.5000 6.347756e+01
8223.7500 7.042001e+01
8225.0000 6.832567e+01
8226.2500 6.805350e+01
8227.5000 6.972852e+01
8228.7500 7.220807e+01
8230.0000 6.876741e+01
8231.2500 7.300472e+01
8232.5000 7.573269e+01
8233.7500 7.536545e+01
8235.0000 7.703316e+01
8236.2500 7.650023e+01
8237.5000 7.827782e+01
8238.7500 7.491090e+01
8240.0000 8.748440e+01
8241.2500 1.023119e+02
8242.5000 8.671727e+01
8243.7500 6.916476e+01
8245.0000 6.620561e+01
8246.2500 7.639047e+01
8247.5000 9.204734e+01
8248.7500 7.743903e+01
8250.0000 5.922853e+01
8251.2500 5.914833e+01
8252.5000 5.684911e+01
8253.7500 6.516278e+01
8255.0000 7.655399e+01
8256.2500 6.638234e+01
8257.5000 5.379955e+01
8258.7500 5.384648e+01
8260.0000 5.453684e+01
8261.2500 5.552608e+01
8262.5000 5.323363e+01
8263.7500 5.117213e+01
8265.0000 5.163326e+01
8266.2500 5.003487e+01
8267.5000 5.083603e+01
8268.7500 5.406879e+01
8270.0000 5.511848e+01
8271.2500 5.359800e+01
8272.5000 5.462691e+01
8273.7500 5.422884e+01
8275.0000 5.831446e+01
8276.2500 1.127112e+02
8277.5000 3.532219e+02
8278.7500 4.183740e+02
8280.0000 4.836825e+02
8281.2500 9.373948e+02
8282.5000 6.745758e+02
8283.7500 1.440244e+02
8285.0000 1.880902e+02
8286.2500 4.281817e+02
8287.5000 1.317330e+03
8288.7500 1.740753e+03
8290.0000 4.665370e+02
8291.2500 8.882945e+01
8292.5000 5.122758e+01
8293.7500 7.659019e+01
8295.0000 3.392650e+02
8296.2500 5.216580e+02
8297.5000 9.473911e+02
8298.7500 1.461269e+03
8300.0000 6.561069e+02
8301.2500 1.129095e+02
8302.5000 9.814673e+01
8303.7500 8.302511e+01
8305.0000 7.066891e+01
8306.2500 5.651103e+01
8307.5000 5.686591e+01
8308.7500 1.767614e+02
8310.0000 4.758190e+02
8311.2500 3.905340e+02
8312.5000 9.239497e+01
8313.7500 4.785100e+01
8315.0000 4.789556e+01
8316.2500 6.229549e+01
8317.5000 8.933662e+01
8318.7500 8.446702e+01
8320.0000 5.977768e+01
8321.2500 5.260765e+01
8322.5000 5.578130e+01
8323.7500 5.022849e+01
8325.0000 4.730017e+01
8326.2500 4.467065e+01
8327.5000 4.834839e+01
8328.7500 4.845092e+01
8330.0000 4.811887e+01
8331.2500 4.954399e+01
8332.5000 5.164589e+01
8333.7500 4.884029e+01
8335.0000 5.555563e+01
8336.2500 6.918572e+01
8337.5000 9.846278e+01
8338.7500 8.575896e+01
8340.0000 6.928634e+01
8341.2500 2.224063e+02
8342.5000 1.259310e+03
8343.7500 4.958469e+03
8345.0000 4.167028e+03
8346.2500 5.416207e+02
8347.5000 8.362127e+01
8348.7500 1.541512e+02
8350.0000 1.862429e+02
8351.2500 6.769913e+02
8352.5000 1.521376e+03
8353.7500 8.514340e+02
8355.0000 9.494605e+01
8356.2500 6.240882e+01
8357.5000 5.678811e+01
8358.7500 6.707520e+01
8360.0000 1.219721e+02
8361.2500 1.421445e+02
8362.5000 1.627261e+02
8363.7500 4.340067e+02
8365.0000 4.940401e+02
8366.2500 1.871407e+02
8367.5000 6.704671e+01
8368.7500 5.884476e+01
8370.0000 5.391732e+01
8371.2500 5.228404e+01
8372.5000 5.669442e+01
8373.7500 5.323150e+01
8375.0000 6.059367e+01
8376.2500 6.122725e+01
8377.5000 5.972007e+01
8378.7500 1.019635e+02
8380.0000 2.096480e+02
8381.2500 7.057562e+02
8382.5000 8.980867e+02
8383.7500 3.004772e+02
8385.0000 5.900714e+01
8386.2500 5.928292e+01
8387.5000 5.448836e+01
8388.7500 5.965822e+01
8390.0000 7.346934e+01
8391.2500 7.347713e+01
8392.5000 5.781601e+01
8393.7500 4.768025e+01
8395.0000 5.663652e+01
8396.2500 9.824448e+01
8397.5000 1.186896e+03
8398.7500 3.376247e+03
8400.0000 2.013400e+03
8401.2500 1.989322e+02
8402.5000 5.350909e+01
8403.7500 4.842188e+01
8405.0000 4.521295e+01
8406.2500 4.609122e+01
8407.5000 5.012447e+01
8408.7500 4.901631e+01
8410.0000 5.085070e+01
8411.2500 4.978180e+01
8412.5000 8.085420e+01
8413.7500 6.000890e+02
8415.0000 1.143253e+03
8416.2500 5.501550e+02
8417.5000 7.447646e+01
8418.7500 5.173615e+01
8420.0000 5.561053e+01
8421.2500 5.987539e+01
8422.5000 7.362253e+01
8423.7500 8.294653e+01
8425.0000 8.009074e+01
8426.2500 1.000361e+02
8427.5000 2.299080e+02
8428.7500 2.164465e+03
8430.0000 4.064507e+03
8431.2500 1.612315e+03
8432.5000 1.400557e+02
8433.7500 1.048866e+02
8435.0000 8.974555e+01
8436.2500 5.691299e+01
8437.5000 4.814699e+01
8438.7500 4.791886e+01
8440.0000 4.888723e+01
8441.2500 5.167906e+01
8442.5000 4.901482e+01
8443.7500 5.375328e+01
8445.0000 1.225463e+02
8446.2500 1.951889e+02
8447.5000 1.215448e+02
8448.7500 6.093268e+01
8450.0000 1.781387e+02
8451.2500 8.345308e+02
8452.5000 9.549255e+02
8453.7500 2.393166e+02
8455.0000 6.271196e+01
8456.2500 5.824726e+01
8457.5000 5.410677e+01
8458.7500 5.280116e+01
8460.0000 6.238916e+01
8461.2500 7.205185e+01
8462.5000 1.313808e+02
8463.7500 1.132641e+03
8465.0000 2.782319e+03
8466.2500 1.524728e+03
8467.5000 1.330174e+02
8468.7500 5.458640e+01
8470.0000 5.200175e+01
8471.2500 5.053577e+01
8472.5000 6.359238e+01
8473.7500 1.014753e+02
8475.0000 9.932108e+01
8476.2500 5.812424e+01
8477.5000 4.695432e+01
8478.7500 4.640936e+01
8480.0000 4.875315e+01
8481.2500 4.607695e+01
8482.5000 4.444210e+01
8483.7500 4.910410e+01
8485.0000 4.931708e+01
8486.2500 5.134328e+01
8487.5000 4.787505e+01
8488.7500 4.793930e+01
8490.0000 5.197713e+01
8491.2500 1.425703e+02
8492.5000 5.320065e+02
8493.7500 5.634241e+02
8495.0000 1.706458e+02
8496.2500 7.054752e+01
8497.5000 6.658683e+01
8498.7500 5.780819e+01
8500.0000 7.273476e+01
8501.2500 8.876767e+01
8502.5000 2.250632e+02
8503.7500 1.056478e+03
8505.0000 1.259090e+03
8506.2500 3.733401e+02
8507.5000 6.043149e+01
8508.7500 5.303486e+01
8510.0000 5.121602e+01
8511.2500 5.292339e+01
8512.5000 5.354995e+01
8513.7500 4.992968e+01
8515.0000 4.673721e+01
8516.2500 4.594586e+01
8517.5000 5.098422e+01
8518.7500 5.986507e+01
8520.0000 7.776748e+01
8521.2500 7.128458e+01
8522.5000 5.242851e+01
8523.7500 5.056822e+01
8525.0000 5.247747e+01
8526.2500 4.950451e+01
8527.5000 4.966853e+01
8528.7500 4.929087e+01
8530.0000 4.670427e+01
8531.2500 4.694480e+01
8532.5000 4.561591e+01
8533.7500 4.750103e+01
8535.0000 4.824254e+01
8536.2500 6.779899e+01
8537.5000 2.245556e+02
8538.7500 3.024144e+02
8540.0000 1.256679e+02
8541.2500 5.862613e+01
8542.5000 5.691911e+01
8543.7500 5.031469e+01
8545.0000 5.319813e+01
8546.2500 1.014597e+02
8547.5000 3.945359e+02
8548.7500 5.705343e+02
8550.0000 2.445771e+02
8551.2500 6.933256e+01
8552.5000 6.424986e+01
8553.7500 5.843400e+01
8555.0000 4.794354e+01
8556.2500 4.271869e+01
8557.5000 4.267124e+01
8558.7500 4.536235e+01
8560.0000 4.522565e+01
8561.2500 4.647425e+01
8562.5000 4.488565e+01
8563.7500 4.582078e+01
8565.0000 4.662911e+01
8566.2500 4.562195e+01
8567.5000 4.717748e+01
8568.7500 4.827382e+01
8570.0000 5.068936e+01
8571.2500 6.173536e+01
8572.5000 6.818227e+01
8573.7500 6.377377e+01
8575.0000 6.935677e+01
8576.2500 7.104424e+01
8577.5000 6.311898e+01
8578.7500 5.209696e+01
8580.0000 4.535253e+01
8581.2500 4.738783e+01
8582.5000 4.626734e+01
8583.7500 4.643591e+01
8585.0000 4.929303e+01
8586.2500 8.845808e+01
8587.5000 1.878352e+02
8588.7500 1.560604e+02
8590.0000 6.645231e+01
8591.2500 5.774942e+01
8592.5000 5.384664e+01
8593.7500 5.379761e+01
8595.0000 1.106287e+02
8596.2500 2.538742e+02
8597.5000 2.337371e+02
8598.7500 8.825924e+01
8600.0000 5.700750e+01
8601.2500 6.370791e+01
8602.5000 6.266576e+01
8603.7500 6.121024e+01
8605.0000 6.329092e+01
8606.2500 6.429169e+01
8607.5000 6.490363e+01
8608.7500 7.227402e+01
8610.0000 8.112601e+01
8611.2500 9.278369e+01
8612.5000 1.123847e+02
8613.7500 1.366488e+02
8615.0000 1.662491e+02
8616.2500 1.865336e+02
8617.5000 2.317342e+02
8618.7500 2.523863e+02
8620.0000 2.920479e+02
8621.2500 3.503621e+02
8622.5000 3.536079e+02
8623.7500 4.177553e+02
8625.0000 4.564249e+02
8626.2500 4.225708e+02
8627.5000 4.949093e+02
8628.7500 5.316269e+02
8630.0000 4.413795e+02
8631.2500 5.238901e+02
8632.5000 5.086511e+02
8633.7500 3.829500e+02
8635.0000 4.306540e+02
8636.2500 4.123268e+02
8637.5000 2.555804e+02
8638.7500 2.574518e+02
8640.0000 2.680701e+02
8641.2500 2.008970e+02
8642.5000 1.340852e+02
8643.7500 7.673013e+01
8645.0000 9.343001e+01
8646.2500 1.983918e+02
8647.5000 2.069137e+02
8648.7500 3.115139e+02
8650.0000 5.075257e+02
8651.2500 4.296040e+02
8652.5000 2.717298e+02
8653.7500 4.183565e+02
8655.0000 6.026471e+02
8656.2500 4.122192e+02
8657.5000 2.696013e+02
8658.7500 5.109383e+02
8660.0000 6.106712e+02
8661.2500 3.408832e+02
8662.5000 2.318974e+02
8663.7500 4.794549e+02
8665.0000 5.596959e+02
8666.2500 3.107741e+02
8667.5000 1.820223e+02
8668.7500 3.860739e+02
8670.0000 4.828721e+02
8671.2500 2.769027e+02
8672.5000 1.141436e+02
8673.7500 2.460867e+02
8675.0000 3.646756e+02
8676.2500 2.538798e+02
8677.5000 1.027516e+02
8678.7500 1.381725e+02
8680.0000 2.427690e+02
8681.2500 2.357582e+02
8682.5000 1.295147e+02
8683.7500 7.934185e+01
8685.0000 1.363702e+02
8686.2500 1.831261e+02
8687.5000 1.338435e+02
8688.7500 7.562289e+01
8690.0000 7.157262e+01
8691.2500 1.048899e+02
8692.5000 1.345996e+02
8693.7500 1.001211e+02
8695.0000 6.339284e+01
8696.2500 7.576623e+01
8697.5000 9.573327e+01
8698.7500 1.288188e+02
8700.0000 1.599251e+02
8701.2500 1.168821e+02
8702.5000 7.798607e+01
8703.7500 7.905410e+01
8705.0000 1.008196e+02
8706.2500 1.394705e+02
8707.5000 1.585113e+02
8708.7500 1.028642e+02
8710.0000 6.913125e+01
8711.2500 6.697661e+01
8712.5000 6.267160e+01
8713.7500 6.654702e+01
8715.0000 6.500929e+01
8716.2500 6.540482e+01
8717.5000 6.107747e+01
8718.7500 5.198344e+01
8720.0000 5.723782e+01
8721.2500 5.673607e+01
8722.5000 5.848252e+01
8723.7500 6.195835e+01
8725.0000 6.608148e+01
8726.2500 8.587579e+01
8727.5000 7.139465e+01
8728.7500 5.359684e+01
8730.0000 5.040300e+01
8731.2500 5.336049e+01
8732.5000 5.491232e+01
8733.7500 5.024680e+01
8735.0000 5.514371e+01
8736.2500 6.221933e+01
8737.5000 7.437141e+01
8738.7500 7.492149e+01
8740.0000 7.671484e+01
8741.2500 7.358184e+01
8742.5000 6.576236e+01
8743.7500 6.591512e+01
8745.0000 6.071852e+01
8746.2500 6.289466e+01
8747.5000 5.915983e+01
8748.7500 6.896427e+01
8750.0000 7.808134e+01
8751.2500 6.824920e+01
8752.5000 5.996915e+01
8753.7500 5.947198e+01
8755.0000 6.611777e+01
8756.2500 1.259379e+02
8757.5000 4.943460e+02
8758.7500 8.581154e+02
8760.0000 1.643595e+03
8761.2500 2.099171e+03
8762.5000 8.165812e+02
8763.7500 2.222412e+02
8765.0000 7.088633e+02
8766.2500 2.134950e+03
8767.5000 3.225669e+03
8768.7500 1.573575e+03
8770.0000 2.241470e+02
8771.2500 1.074745e+02
8772.5000 8.919267e+01
8773.7500 1.881665e+02
8775.0000 9.317518e+02
8776.2500 1.815789e+03
8777.5000 3.330150e+03
8778.7500 2.697357e+03
8780.0000 4.686612e+02
8781.2500 9.142950e+01
8782.5000 7.528138e+01
8783.7500 7.414210e+01
8785.0000 6.986050e+01
8786.2500 7.127322e+01
8787.5000 7.853419e+01
8788.7500 1.773801e+02
8790.0000 8.405429e+02
8791.2500 1.178370e+03
8792.5000 4.284594e+02
8793.7500 7.458154e+01
8795.0000 6.933405e+01
8796.2500 7.025253e+01
8797.5000 6.560298e+01
8798.7500 6.418698e+01
8800.0000 6.512749e+01
8801.2500 6.964342e+01
8802.5000 6.632668e+01
8803.7500 5.552131e+01
8805.0000 5.433021e+01
8806.2500 5.205841e+01
8807.5000 6.908054e+01
8808.7500 1.305577e+02
8810.0000 1.512253e+02
8811.2500 9.717213e+01
8812.5000 5.846026e+01
8813.7500 5.402769e+01
8815.0000 5.257626e+01
8816.2500 5.438025e+01
8817.5000 5.296298e+01
8818.7500 5.641920e+01
8820.0000 5.587117e+01
8821.2500 6.321447e+01
8822.5000 9.093351e+01
8823.7500 4.037516e+02
8825.0000 2.279997e+03
8826.2500 7.948689e+03
8827.5000 6.448203e+03
8828.7500 1.020531e+03
8830.0000 1.981683e+02
8831.2500 2.550446e+02
8832.5000 3.581180e+02
8833.7500 4.291234e+02
8835.0000 1.673563e+03
8836.2500 2.693715e+03
8837.5000 1.109538e+03
8838.7500 1.319746e+02
8840.0000 7.357914e+01
8841.2500 6.918377e+01
8842.5000 6.666691e+01
8843.7500 9.714957e+01
8845.0000 1.434299e+02
8846.2500 1.284689e+02
8847.5000 1.916122e+02
8848.7500 7.175090e+02
8850.0000 8.205933e+02
8851.2500 2.668968e+02
8852.5000 7.941923e+01
8853.7500 7.836481e+01
8855.0000 8.079218e+01
8856.2500 8.354210e+01
8857.5000 7.483819e+01
8858.7500 7.803585e+01
8860.0000 9.921637e+01
8861.2500 1.436994e+02
8862.5000 1.708851e+02
8863.7500 1.381863e+02
8865.0000 2.044994e+02
8866.2500 1.144921e+03
8867.5000 1.987977e+03
8868.7500 8.606891e+02
8870.0000 9.917177e+01
8871.2500 7.671561e+01
8872.5000 6.666476e+01
8873.7500 6.580604e+01
8875.0000 6.169495e+01
8876.2500 6.715003e+01
8877.5000 6.132377e+01
8878.7500 6.104810e+01
8880.0000 6.182810e+01
8881.2500 7.133217e+01
8882.5000 1.202493e+02
8883.7500 1.020356e+03
8885.0000 4.949583e+03
8886.2500 5.127508e+03
8887.5000 1.089551e+03
8888.7500 1.441422e+02
8890.0000 1.058501e+02
8891.2500 7.501362e+01
8892.5000 6.694810e+01
8893.7500 7.375433e+01
8895.0000 9.685888e+01
8896.2500 1.035270e+02
8897.5000 8.289871e+01
8898.7500 7.459940e+01
8900.0000 1.040400e+02
8901.2500 7.096315e+02
8902.5000 2.031262e+03
8903.7500 1.490720e+03
8905.0000 2.601200e+02
8906.2500 9.653747e+01
8907.5000 1.193114e+02
8908.7500 1.400910e+02
8910.0000 1.118154e+02
8911.2500 7.917194e+01
8912.5000 7.088785e+01
8913.7500 8.217409e+01
8915.0000 9.433262e+01
8916.2500 1.650214e+02
8917.5000 1.336842e+03
8918.7500 7.216416e+03
8920.0000 6.889674e+03
8921.2500 1.115950e+03
8922.5000 1.494960e+02
8923.7500 1.171594e+02
8925.0000 1.090433e+02
8926.2500 1.387214e+02
8927.5000 1.820628e+02
8928.7500 1.488834e+02
8930.0000 9.959322e+01
8931.2500 8.311103e+01
8932.5000 9.120708e+01
8933.7500 1.055292e+02
8935.0000 1.143498e+02
8936.2500 1.056252e+02
8937.5000 9.099392e+01
8938.7500 9.840069e+01
8940.0000 1.114616e+02
8941.2500 3.717236e+02
8942.5000 1.664477e+03
8943.7500 1.735058e+03
8945.0000 4.327616e+02
8946.2500 8.509966e+01
8947.5000 7.838840e+01
8948.7500 7.167671e+01
8950.0000 6.903783e+01
8951.2500 6.256191e+01
8952.5000 7.301743e+01
8953.7500 8.933519e+01
8955.0000 1.919475e+02
8956.2500 1.625489e+03
8957.5000 4.925024e+03
8958.7500 3.717758e+03
8960.0000 5.362081e+02
8961.2500 1.008122e+02
8962.5000 9.095290e+01
8963.7500 9.427689e+01
8965.0000 8.029981e+01
8966.2500 7.008597e+01
8967.5000 7.318238e+01
8968.7500 8.803635e+01
8970.0000 1.459659e+02
8971.2500 1.708245e+02
8972.5000 1.050976e+02
8973.7500 8.254073e+01
8975.0000 7.769112e+01
8976.2500 8.125310e+01
8977.5000 8.899313e+01
8978.7500 1.024677e+02
8980.0000 1.371851e+02
8981.2500 1.580049e+02
8982.5000 1.126516e+02
8983.7500 9.244501e+01
8985.0000 1.531365e+02
8986.2500 5.159976e+02
8987.5000 2.893994e+03
8988.7500 2.674554e+03
8990.0000 3.875157e+02
8991.2500 2.006168e+02
8992.5000 2.212608e+02
8993.7500 1.021191e+02
8995.0000 6.907564e+01
8996.2500 7.078836e+01
8997.5000 8.713659e+01
8998.7500 3.123887e+02
9000.0000 4.081691e+03
9001.2500 1.001370e+04
9002.5000 2.194326e+03
9003.7500 1.698639e+02
9005.0000 8.835159e+01
9006.2500 7.416110e+01
9007.5000 7.162946e+01
9008.7500 7.240658e+01
9010.0000 6.361064e+01
9011.2500 6.509615e+01
9012.5000 6.890026e+01
9013.7500 6.172598e+01
9015.0000 6.507262e+01
9016.2500 6.486968e+01
9017.5000 7.296072e+01
9018.7500 7.490361e+01
9020.0000 1.028905e+02
9021.2500 1.125175e+02
9022.5000 7.933841e+01
9023.7500 6.554283e+01
9025.0000 7.142120e+01
9026.2500 7.495912e+01
9027.5000 1.014844e+02
9028.7500 9.980595e+01
9030.0000 7.644928e+01
9031.2500 7.512147e+01
9032.5000 6.637268e+01
9033.7500 6.602120e+01
9035.0000 8.162965e+01
9036.2500 2.766084e+02
9037.5000 6.328834e+02
9038.7500 4.621693e+02
9040.0000 1.159748e+02
9041.2500 7.745582e+01
9042.5000 1.001648e+02
9043.7500 1.094989e+02
9045.0000 8.904041e+01
9046.2500 9.925302e+01
9047.5000 4.006172e+02
9048.7500 1.209202e+03
9050.0000 1.089230e+03
9051.2500 2.740327e+02
9052.5000 9.196500e+01
9053.7500 7.871729e+01
9055.0000 9.327300e+01
9056.2500 1.006331e+02
9057.5000 9.291134e+01
9058.7500 7.912008e+01
9060.0000 7.849068e+01
9061.2500 6.665222e+01
9062.5000 8.270757e+01
9063.7500 1.242610e+02
9065.0000 1.281914e+02
9066.2500 1.014412e+02
9067.5000 1.130195e+02
9068.7500 1.286755e+02
9070.0000 1.148284e+02
9071.2500 9.627187e+01
9072.5000 7.134280e+01
9073.7500 6.357209e+01
9075.0000 6.909919e+01
9076.2500 6.973135e+01
9077.5000 6.326379e+01
9078.7500 6.326995e+01
9080.0000 6.095121e+01
9081.2500 6.455609e+01
9082.5000 7.302982e+01
9083.7500 8.013863e+01
9085.0000 8.306484e+01
9086.2500 7.043253e+01
9087.5000 5.817823e+01
9088.7500 6.167366e+01
9090.0000 9.970940e+01
9091.2500 2.597578e+02
9092.5000 3.693349e+02
9093.7500 2.102374e+02
9095.0000 8.601416e+01
9096.2500 7.427463e+01
9097.5000 8.253865e+01
9098.7500 7.392258e+01
9100.0000 1.092037e+02
9101.2500 3.611055e+02
9102.5000 6.220536e+02
9103.7500 3.438275e+02
9105.0000 9.628447e+01
9106.2500 6.514434e+01
9107.5000 6.891654e+01
9108.7500 7.016113e+01
9110.0000 8.046098e+01
9111.2500 7.632420e+01
9112.5000 7.563396e+01
9113.7500 7.285791e+01
9115.0000 7.355372e+01
9116.2500 7.144033e+01
9117.5000 6.591730e+01
9118.7500 6.409843e+01
9120.0000 6.822066e+01
9121.2500 6.991254e+01
9122.5000 7.149898e+01
9123.7500 6.922442e+01
9125.0000 6.723312e+01
9126.2500 7.203089e+01
9127.5000 7.008718e+01
9128.7500 6.381456e+01
9130.0000 6.069915e+01
9131.2500 6.788920e+01
9132.5000 8.129848e+01
9133.7500 8.185643e+01
9135.0000 7.499583e+01
9136.2500 7.742442e+01
9137.5000 7.401171e+01
9138.7500 7.806641e+01
9140.0000 8.283580e+01
9141.2500 7.082176e+01
9142.5000 6.832547e+01
9143.7500 7.113794e+01
9145.0000 7.181042e+01
9146.2500 7.455536e+01
9147.5000 6.901787e+01
9148.7500 7.284045e+01
9150.0000 1.337907e+02
9151.2500 2.660924e+02
9152.5000 2.565577e+02
9153.7500 1.303327e+02
9155.0000 9.055241e+01
9156.2500 1.016125e+02
9157.5000 1.028335e+02
9158.7500 1.461928e+02
9160.0000 2.913604e+02
9161.2500 3.253149e+02
9162.5000 1.624207e+02
9163.7500 7.799461e+01
9165.0000 6.919918e+01
9166.2500 6.751051e+01
9167.5000 7.298432e+01
9168.7500 7.377519e+01
9170.0000 8.295589e+01
9171.2500 7.942747e+01
9172.5000 7.968253e+01
9173.7500 7.370240e+01
9175.0000 8.240959e+01
9176.2500 8.770005e+01
9177.5000 8.610070e+01
9178.7500 8.986617e+01
9180.0000 8.710502e+01
9181.2500 8.593559e+01
9182.5000 8.991575e+01
9183.7500 7.929479e+01
9185.0000 7.516340e+01
9186.2500 8.121249e+01
9187.5000 8.201540e+01
9188.7500 8.304707e+01
9190.0000 7.446949e+01
9191.2500 7.631091e+01
9192.5000 7.352495e+01
9193.7500 7.731253e+01
9195.0000 7.312608e+01
9196.2500 7.267001e+01
9197.5000 7.577829e+01
9198.7500 7.522211e+01
9200.0000 7.820121e+01
9201.2500 7.311124e+01
9202.5000 7.898194e+01
9203.7500 8.671911e+01
9205.0000 7.854447e+01
9206.2500 7.931522e+01
9207.5000 7.305271e+01
9208.7500 8.011733e+01
9210.0000 8.111937e+01
9211.2500 7.744111e+01
9212.5000 6.738603e+01
9213.7500 8.088577e+01
9215.0000 1.724379e+02
9216.2500 2.564500e+02
9217.5000 1.607116e+02
9218.7500 8.640652e+01
9220.0000 7.847624e+01
9221.2500 8.670705e+01
9222.5000 1.283384e+02
9223.7500 2.531486e+02
9225.0000 2.635816e+02
9226.2500 1.539984e+02
9227.5000 8.902222e+01
9228.7500 8.300871e+01
9230.0000 7.583815e+01
9231.2500 6.528358e+01
9232.5000 7.769083e+01
9233.7500 8.311777e+01
9235.0000 7.730499e+01
9236.2500 6.974542e+01
9237.5000 6.509039e+01
9238.7500 7.119472e+01
9240.0000 7.620906e+01
9241.2500 8.129986e+01
9242.5000 7.429967e+01
9243.7500 7.457994e+01
9245.0000 8.125751e+01
9246.2500 1.093138e+02
9247.5000 1.370818e+02
9248.7500 1.417240e+02
9250.0000 1.562164e+02
9251.2500 1.510415e+02
9252.5000 1.238327e+02
9253.7500 1.269916e+02
9255.0000 1.080697e+02
9256.2500 8.086548e+01
9257.5000 8.711073e+01
9258.7500 9.012395e+01
9260.0000 1.325060e+02
9261.2500 2.024949e+02
9262.5000 2.344276e+02
9263.7500 1.639942e+02
9265.0000 1.741168e+02
9266.2500 1.761938e+02
9267.5000 1.021663e+02
9268.7500 7.559554e+01
9270.0000 6.943284e+01
9271.2500 6.963689e+01
9272.5000 6.772176e+01
9273.7500 7.411512e+01
9275.0000 6.955997e+01
9276.2500 7.009808e+01
9277.5000 6.740376e+01
9278.7500 7.422655e+01
9280.0000 7.392919e+01
9281.2500 7.136292e+01
9282.5000 7.038983e+01
9283.7500 8.988364e+01
9285.0000 1.791657e+02
9286.2500 2.736273e+02
9287.5000 1.969735e+02
9288.7500 1.282539e+02
9290.0000 1.014820e+02
9291.2500 1.200097e+02
9292.5000 2.275092e+02
9293.7500 3.174580e+02
9295.0000 1.944460e+02
9296.2500 1.066426e+02
9297.5000 9.554840e+01
9298.7500 1.000556e+02
9300.0000 1.060889e+02
9301.2500 1.228747e+02
9302.5000 1.692430e+02
9303.7500 5.290437e+02
9305.0000 2.859788e+03
9306.2500 1.093733e+04
9307.5000 1.551632e+04
9308.7500 5.619640e+03
9310.0000 2.790080e+03
9311.2500 5.967602e+03
9312.5000 1.227892e+04
9313.7500 1.363337e+04
9315.0000 3.056963e+03
9316.2500 1.444734e+03
9317.5000 2.280678e+03
9318.7500 1.103226e+03
9320.0000 5.555497e+02
9321.2500 3.560470e+03
9322.5000 2.670531e+04
9323.7500 4.405929e+04
9325.0000 1.062594e+04
9326.2500 4.943450e+02
9327.5000 2.424420e+02
9328.7500 2.742908e+02
9330.0000 6.023716e+02
9331.2500 7.288818e+02
9332.5000 3.245531e+02
9333.7500 1.979970e+02
9335.0000 3.587232e+02
9336.2500 1.993133e+03
9337.5000 5.486600e+03
9338.7500 3.411155e+03
9340.0000 4.284436e+02
9341.2500 2.452209e+02
9342.5000 3.010339e+02
9343.7500 3.329478e+02
9345.0000 3.199066e+02
9346.2500 3.234245e+02
9347.5000 4.878686e+02
9348.7500 6.740936e+02
9350.0000 1.555532e+03
